1 23 23 388 33 30 1 24 29 30 96 36 29
2 23 37 183 14 36 9 20 31 29 42 36 29
3 23 67 247 15 26 97 22 28 25 78 36 29
4 23 1 107 20 26 9 21 21 13 46 36 29
5 23 20 199 26 30 9 27 32 39 71 36 29
6 23 57 170 22 35 32 27 19 28 67 36 29
7 23 68 231 23 48 115 27 28 29 87 36 29
8 23 39 166 20 23 38 22 28 27 93 36 29
9 23 53 155 42 20 1 27 34 29 91 36 29
10 23 32 204 15 36 1 24 24 37 85 36 29
11 23 25 208 34 22 63 25 26 30 67 36 29
12 23 50 450 34 33 43 21 28 26 76 36 29
13 23 1 400 24 25 15 25 30 32 46 36 29
14 23 71 191 21 28 11 24 23 23 55 36 29
15 23 1 388 22 22 46 23 21 25 53 35 29
16 23 52 150 25 26 18 25 30 23 90 36 29
17 23 54 180 31 34 63 24 25 27 61 36 29
18 23 82 408 25 35 57 23 25 32 66 36 29
19 23 58 301 34 28 45 23 17 18 76 36 29
20 23 37 251 46 31 33 25 34 34 97 36 29
21 23 43 233 28 36 1 28 20 36 79 36 29
22 23 2 208 21 34 1 23 45 30 56 36 29
23 22 1 138 35 28 44 23 17 28 50 35 29
24 23 31 230 21 25 13 22 19 28 77 36 29
25 23 1 268 35 24 1 24 25 38 60 36 29
26 23 2 320 32 29 1 27 39 27 80 36 29
27 23 28 215 24 31 23 25 27 26 51 36 29
28 23 39 151 30 27 1 25 36 23 57 36 29
29 23 39 227 44 68 29 23 38 28 78 36 29
30 23 53 176 19 44 19 23 20 24 77 36 29
31 23 11 249 42 27 55 22 53 25 80 36 29
32 23 11 537 42 33 98 22 29 29 80 36 29
33 23 37 292 28 34 1 16 23 30 70 36 29
34 23 30 293 26 39 100 19 20 28 49 36 29
35 23 62 225 16 38 1 26 39 29 61 36 29
36 23 40 372 19 46 129 21 30 31 48 36 29
37 23 1 131 23 37 3 17 26 23 45 36 29
38 23 31 179 34 34 91 27 15 27 65 36 29
39 23 27 269 31 28 1 26 28 25 85 36 29
40 23 24 216 32 28 1 26 17 31 66 36 29
41 23 52 174 24 37 65 23 40 26 145 36 29
42 23 55 277 34 41 122 22 21 27 131 36 29
43 23 28 240 20 38 1 29 21 28 57 36 29
44 23 29 227 14 42 1 23 22 31 34 36 29
45 23 21 172 37 22 35 17 27 42 67 36 29
46 23 40 140 32 37 1 25 31 25 63 36 29
47 23 38 215 51 23 37 30 35 27 97 36 29
48 23 1 438 40 26 11 26 37 29 148 35 29
49 23 64 140 28 33 86 23 23 24 66 36 29
50 23 25 198 34 25 1 24 44 31 79 36 29
51 23 42 235 19 41 40 29 34 28 71 36 29
52 23 45 136 30 35 67 25 28 31 89 36 29
53 23 1 169 38 18 36 27 30 27 58 35 29
54 23 29 137 17 33 1 25 27 31 53 36 29
55 23 62 219 15 29 1 25 19 28 70 36 29
56 23 50 139 35 31 1 25 28 33 62 36 29
57 23 30 364 45 30 1 23 37 33 77 36 29
58 23 27 1350 30 15 5 21 40 29 106 36 29
59 23 42 143 21 37 117 24 20 31 103 36 29
60 23 33 198 37 25 1 23 23 30 91 36 29
61 22 1 424 26 29 24 23 24 31 57 35 29
62 23 53 277 28 23 8 23 28 21 63 36 29
63 23 1 104 17 17 1 21 21 25 29 35 29
64 23 29 132 24 35 52 25 31 30 63 36 29
65 23 45 406 31 28 1 22 29 24 118 36 29
66 23 13 594 25 21 35 24 21 32 129 36 29
67 23 4 279 27 31 50 21 21 33 65 36 29
68 23 54 276 34 39 45 23 24 31 64 36 29
69 23 34 202 29 33 1 24 26 28 82 36 29
70 23 45 244 34 33 1 23 32 30 75 36 29
71 23 37 347 33 37 2 21 31 32 83 36 29
72 23 1 153 37 24 94 24 15 27 89 35 29
73 23 41 168 22 35 61 22 40 26 89 36 29
74 23 1 164 32 31 1 23 33 29 60 36 29
75 23 21 419 25 42 74 25 33 33 99 36 29
76 23 39 358 26 34 4 35 26 43 108 36 29
77 23 17 193 31 21 37 23 28 26 90 36 29
78 23 33 224 11 34 1 20 19 25 59 36 29
79 23 20 154 34 29 1 22 51 24 56 36 29
80 23 11 713 46 28 1 21 26 27 63 36 29
81 23 29 277 44 25 118 26 31 29 76 36 29
82 23 3 157 38 27 55 24 26 36 73 36 29
83 23 80 418 14 31 107 30 30 41 83 36 29
84 23 31 592 17 19 26 25 35 22 59 36 29
85 23 36 311 30 39 1 25 27 23 88 36 29
86 23 37 281 38 24 1 24 41 26 68 36 29
87 23 42 541 28 34 5 29 32 35 68 36 29
88 23 17 154 35 25 1 21 30 30 149 36 29
89 23 43 439 34 31 1 25 36 25 75 36 29
90 23 35 192 12 36 6 22 33 30 50 36 29
91 23 49 418 13 36 44 25 24 29 47 36 29
92 23 26 191 35 32 80 20 25 34 61 36 29
93 23 86 255 25 42 23 24 45 29 78 36 29
94 23 32 248 33 27 76 26 30 35 96 36 29
95 23 45 149 23 33 18 24 20 29 98 36 29
96 23 49 241 40 38 1 28 21 29 91 36 29
97 23 63 220 25 35 23 28 22 25 97 36 29
98 23 45 180 24 41 80 25 23 26 59 36 29
99 23 35 259 33 31 1 24 37 30 79 36 30
100 23 44 177 23 38 86 26 29 27 74 36 29
101 23 24 158 19 36 1 25 19 30 79 36 30
102 23 46 489 34 31 1 26 32 30 100 36 29
103 23 7 489 35 28 39 25 28 25 82 36 29
104 23 61 188 32 28 78 30 31 29 112 36 29
105 23 51 230 24 37 81 32 27 27 50 36 29
106 23 54 452 19 43 14 27 23 27 88 36 30
107 23 20 183 26 33 1 20 27 26 74 36 29
108 23 13 544 30 36 1 26 21 31 77 36 29
109 23 32 193 37 23 10 22 1 39 55 36 29
110 23 19 294 35 35 94 24 1 34 43 36 29
111 23 59 278 31 31 50 20 34 24 54 36 29
112 23 1 211 28 32 1 22 23 29 43 35 29
113 23 15 845 27 22 22 22 29 24 64 35 29
114 23 20 232 20 31 1 24 27 31 83 36 29
115 23 37 588 12 30 1 32 31 29 65 36 29
116 23 41 177 28 36 41 26 28 27 50 36 29
117 23 32 143 35 28 6 22 1 30 62 36 29
118 23 18 127 29 25 53 22 27 31 63 36 29
119 23 33 226 33 31 1 23 30 32 90 36 29
120 23 46 342 24 47 46 26 18 32 61 36 29
121 23 28 419 39 23 7 25 36 23 74 36 30
122 23 26 192 18 26 1 26 30 26 59 36 29
123 23 44 250 22 35 2 24 24 28 58 36 29
124 23 34 651 17 30 1 18 24 26 68 36 29
125 22 1 152 40 34 81 32 39 25 47 35 29
126 23 30 252 33 33 64 25 31 31 53 36 29
127 23 41 513 37 21 41 21 30 27 78 36 29
128 23 42 182 31 30 42 19 28 17 64 36 29
129 23 44 1081 12 30 23 27 23 27 61 36 29
130 23 45 199 21 38 24 25 21 32 60 36 29
131 23 53 381 23 33 1 27 41 29 67 36 29
132 23 32 254 14 38 31 26 25 35 85 36 29
133 22 1 185 37 26 53 24 25 29 65 35 29
134 23 68 163 23 34 21 22 25 30 65 36 29
135 23 53 1304 34 39 3 24 37 35 123 36 29
136 23 65 192 32 32 8 28 32 33 91 36 29
137 23 33 135 31 27 47 24 19 25 75 36 29
138 23 57 142 30 31 70 23 20 19 79 36 29
139 23 38 184 31 20 19 25 34 31 78 36 29
140 23 20 194 28 28 76 24 32 33 102 36 29
141 23 36 210 31 33 1 30 30 41 52 36 29
142 23 1 188 34 22 1 25 37 33 53 36 29
143 23 17 183 32 15 11 24 35 33 107 36 29
144 23 61 159 16 37 12 26 40 21 56 36 29
145 23 60 265 18 28 34 24 42 41 70 36 29
146 23 35 446 16 41 35 25 17 29 35 36 29
147 23 59 257 32 34 1 24 35 28 97 36 29
148 23 36 222 34 42 91 26 27 30 56 36 29
149 23 56 785 34 32 1 24 32 26 110 36 29
150 23 30 161 42 31 1 28 41 30 112 36 29
151 23 98 206 25 41 30 25 21 30 76 36 29
152 22 1 117 23 17 79 20 25 22 92 35 29
153 23 26 322 34 22 46 24 30 33 50 36 29
154 23 1 333 39 30 77 22 24 29 68 36 29
155 23 1 201 42 32 14 20 22 30 141 36 29
156 22 1 193 29 16 35 20 25 27 50 35 29
157 23 40 474 25 35 38 27 21 29 62 36 29
158 24 41 162 25 37 80 29 27 33 82 36 30
159 23 12 384 31 34 1 20 32 25 108 36 29
160 23 61 373 18 31 1 24 26 31 59 36 29
161 23 53 211 42 25 25 27 33 23 72 36 29
162 23 14 206 32 26 1 24 33 28 64 36 29
163 23 41 407 15 40 49 26 21 36 49 36 29
164 23 29 169 26 34 5 25 31 16 65 36 29
165 23 63 167 26 32 52 28 24 24 100 36 29
166 23 30 408 26 36 31 24 32 30 54 36 29
167 23 40 157 36 26 87 24 31 25 64 36 29
168 23 30 503 29 30 34 31 23 33 116 36 29
169 23 13 200 33 43 46 22 1 32 65 35 29
170 23 42 206 13 35 77 21 20 25 66 36 29
171 23 31 178 20 41 1 20 27 29 87 36 29
172 23 26 185 26 29 1 28 25 28 79 35 29
173 23 33 183 36 35 1 23 31 23 76 36 29
174 23 47 277 18 32 12 19 25 34 60 36 29
175 23 33 146 28 32 1 24 28 22 77 36 29
176 23 58 166 27 31 25 23 26 25 79 36 29
177 23 49 117 17 27 1 21 27 31 129 36 29
178 23 23 167 43 26 1 22 45 35 91 36 29
179 23 42 480 22 34 51 23 22 26 51 36 29
180 23 17 314 24 38 1 17 14 34 62 36 29
181 23 29 129 23 22 14 22 21 19 57 35 29
182 23 41 294 28 24 1 25 42 10 58 36 29
183 23 31 268 44 27 56 22 36 26 62 36 30
184 23 51 249 36 34 21 21 24 25 73 36 29
185 23 32 137 16 34 72 29 24 28 59 36 29
186 22 1 402 39 32 1 21 1 25 90 35 29
187 23 5 232 38 39 70 19 24 33 70 36 29
188 22 1 165 47 18 57 20 23 24 61 35 29
189 23 1 215 31 34 1 22 17 33 60 35 29
190 23 27 190 33 29 7 25 39 31 58 36 29
191 23 45 150 25 30 21 24 31 26 85 36 29
192 23 51 146 14 38 76 26 30 30 65 36 29
193 23 32 203 30 27 1 24 30 32 84 36 29
194 22 1 130 20 24 29 19 33 26 73 35 29
195 23 1 199 32 43 41 24 41 30 47 35 29
196 23 22 182 14 41 1 26 24 31 34 36 29
197 23 31 218 23 39 1 22 24 29 70 36 29
198 23 27 180 41 31 90 28 34 26 100 36 29
199 23 20 177 26 23 48 21 29 31 66 36 29
200 23 31 411 27 30 4 23 20 41 64 35 29
201 23 104 235 17 38 76 23 16 25 74 36 29
202 23 61 168 28 37 56 28 32 35 57 35 29
203 23 43 129 23 21 1 22 34 26 87 36 29
204 23 20 209 42 28 3 27 35 29 72 36 29
205 23 43 352 21 27 1 20 31 24 158 36 29
206 23 40 170 36 18 41 24 28 22 83 36 29
207 23 1 267 34 20 57 28 36 31 107 36 29
208 23 19 143 27 31 83 24 13 36 65 36 29
209 23 48 176 20 32 1 24 30 24 82 36 29
210 23 53 232 45 14 31 24 37 31 88 36 29
211 23 55 156 23 35 1 23 25 23 52 36 29
212 23 29 451 27 37 1 23 33 30 70 35 29
213 22 1 167 26 40 1 23 33 23 46 35 29
214 23 255 1112 97 34 379 31 27 24 102 36 29
215 23 34 200 31 26 28 22 18 28 96 36 29
216 23 65 228 25 27 47 30 41 27 82 36 29
217 23 80 776 27 33 93 29 19 30 57 36 29
218 23 59 235 31 33 61 26 41 33 95 36 29
219 23 42 153 26 28 59 24 23 33 118 36 29
220 23 1 161 32 32 1 21 33 34 108 36 29
221 23 25 171 29 26 9 24 22 30 52 36 29
222 23 31 157 30 30 28 25 27 41 58 36 29
223 23 36 317 27 33 3 22 29 24 57 36 29
224 23 49 211 23 35 41 23 16 28 49 36 29
225 23 40 294 29 30 39 19 31 24 63 36 29
226 22 1 139 25 26 81 18 1 30 59 35 29
227 23 18 158 27 31 45 27 24 37 58 36 29
228 23 30 232 38 31 44 27 17 26 56 36 29
229 23 36 191 32 29 51 24 21 27 63 36 29
230 23 65 167 33 26 12 28 1 34 76 36 29
231 23 79 186 9 47 1 23 19 29 73 36 29
232 23 21 317 24 40 1 26 24 29 60 36 29
233 22 1 761 33 30 76 24 21 24 54 35 29
234 23 36 170 42 32 79 22 1 28 80 36 29
235 23 20 329 37 27 1 27 34 28 88 36 29
236 23 27 498 18 36 1 26 40 29 92 36 29
237 23 29 167 36 44 1 25 33 30 99 36 29
238 23 44 231 33 34 44 27 1 31 46 36 29
239 23 43 184 38 29 57 28 39 32 62 36 29
240 23 31 349 39 36 73 27 29 33 64 36 29
241 23 32 157 38 25 60 23 32 28 111 36 29
242 23 32 164 38 32 40 22 27 30 85 36 29
243 23 41 328 27 31 38 24 25 33 60 36 29
244 23 7 176 50 14 46 25 35 27 98 36 29
245 23 38 170 41 27 1 27 37 26 91 36 29
246 23 1 306 31 23 43 26 24 28 69 36 29
247 23 21 232 40 26 76 26 19 36 60 36 29
248 23 41 177 17 28 21 28 20 27 79 36 29
249 23 30 568 22 37 12 23 26 29 65 36 29
250 23 12 235 38 35 6 26 39 33 62 36 29
251 22 1 201 35 17 55 24 36 27 83 35 29
252 23 18 200 12 43 56 23 30 20 42 36 29
253 23 1 201 32 31 54 24 28 28 52 35 29
254 23 70 241 31 30 72 26 20 26 91 36 29
255 23 39 251 30 28 101 28 36 33 58 36 29
256 22 1 252 47 22 1 25 31 25 104 35 29
257 23 34 163 18 34 1 22 1 34 49 35 29
258 23 17 197 27 31 48 25 14 23 43 36 29
259 23 41 337 32 51 1 23 28 35 68 36 29
260 23 13 242 32 18 1 26 1 31 68 35 29
261 23 34 311 35 30 98 20 23 29 80 36 29
262 23 47 342 33 40 1 26 36 24 70 36 29
263 23 4 338 38 19 40 25 28 30 71 36 29
264 23 26 161 43 18 27 25 31 33 123 36 29
265 23 30 240 26 27 6 30 23 29 101 36 29
266 23 51 213 21 47 59 21 15 24 47 36 29
267 23 26 241 36 23 60 31 33 29 75 36 29
268 23 9 353 39 24 1 26 40 35 96 36 29
269 23 33 231 49 22 1 26 31 26 75 36 29
270 23 53 188 23 29 39 20 28 20 59 36 29
271 23 40 196 26 36 1 25 35 30 70 36 29
272 23 28 173 33 30 47 18 1 21 66 35 29
273 23 35 208 30 32 1 18 27 31 69 36 29
274 23 39 158 22 34 1 23 24 37 62 36 30
275 23 28 213 30 24 51 21 28 28 60 36 29
276 23 7 192 26 36 28 31 29 35 50 36 29
277 23 31 133 25 35 14 27 23 28 81 36 29
278 23 34 183 28 23 3 25 20 24 106 36 29
279 23 31 209 32 28 59 24 25 29 114 36 29
280 23 29 211 25 30 17 27 29 31 79 36 29
281 23 32 168 24 33 50 29 29 34 86 36 29
282 23 38 136 31 45 46 22 1 32 60 35 29
283 23 1 202 30 27 43 27 26 36 60 35 29
284 23 41 265 31 38 1 28 49 29 78 36 29
285 23 43 355 26 33 58 22 29 31 62 36 29
286 23 22 488 21 30 1 26 31 29 82 36 29
287 23 56 199 23 39 12 27 34 26 72 36 29
288 23 45 149 21 42 96 23 25 31 66 36 29
289 23 33 239 31 20 20 22 37 23 81 36 29
290 23 31 170 25 28 41 24 22 32 68 36 29
291 23 42 196 9 43 25 22 11 23 45 36 29
292 23 40 314 1 35 28 25 32 22 52 36 29
293 22 1 958 402 92 731 29 35 36 100 35 29
294 23 20 287 30 28 1 26 37 39 85 36 29
295 23 1 275 38 32 52 27 1 37 89 36 29
296 23 21 131 16 17 14 23 17 26 141 36 29
297 23 74 505 28 40 49 25 26 31 49 36 29
298 23 74 154 9 28 21 26 26 34 64 36 29
299 23 23 270 42 28 30 25 27 26 61 36 29
300 23 68 173 22 42 1 22 22 26 71 36 29
301 23 26 381 28 32 2 22 31 21 111 36 30
302 22 1 141 45 17 2 15 14 26 51 35 29
303 23 40 210 22 35 1 25 19 26 68 36 29
304 23 33 385 42 25 1 27 37 35 83 36 29
305 23 32 151 29 35 36 28 23 29 59 36 29
306 23 42 738 19 26 1 27 33 27 69 36 29
307 23 19 376 31 30 132 26 35 33 58 36 29
308 23 45 163 19 35 4 24 13 27 65 36 29
309 23 47 250 19 38 1 24 28 30 65 36 29
310 23 61 201 20 20 5 29 32 33 115 36 29
311 23 27 290 41 24 1 27 34 31 83 36 30
312 23 54 175 39 26 1 24 37 28 78 36 29
313 23 31 253 16 39 45 24 20 27 74 36 29
314 23 17 414 44 29 1 19 30 27 79 36 29
315 23 33 172 19 36 27 25 29 32 110 36 29
316 23 46 166 22 40 42 25 20 30 57 36 29
317 23 49 189 37 25 1 24 16 32 59 35 29
318 23 89 200 30 32 19 23 24 26 93 36 29
319 23 40 298 19 37 55 25 14 26 49 36 29
320 23 34 166 24 41 1 27 17 34 83 36 29
321 23 37 257 31 21 1 24 35 28 68 35 29
322 23 25 176 20 35 1 22 31 25 42 35 29
323 23 71 742 24 36 39 30 26 27 94 36 30
324 23 38 460 27 28 19 21 27 31 106 35 29
325 23 13 201 45 23 35 24 37 31 85 36 29
326 23 73 345 12 29 1 21 27 19 63 36 29
327 23 19 337 28 37 20 22 19 26 43 35 29
328 23 20 205 20 34 1 24 28 37 59 36 29
329 23 20 273 18 26 1 21 20 30 60 35 29
330 23 49 174 15 32 44 28 30 27 66 36 29
331 23 1 250 42 27 68 23 30 27 50 35 29
332 23 69 224 30 33 11 22 28 29 85 36 29
333 23 69 730 30 26 1 24 47 25 70 35 29
334 23 34 1428 27 23 45 24 1 42 64 36 29
335 23 56 452 20 24 23 27 25 35 62 36 29
336 23 35 187 21 30 18 18 46 23 89 36 29
337 23 56 154 25 32 31 27 23 28 74 36 29
338 23 50 358 28 30 54 26 22 31 68 36 29
339 23 43 231 38 29 26 25 21 30 70 36 29
340 23 53 224 13 40 54 20 24 28 68 36 29
341 23 14 118 34 28 1 25 36 27 74 36 29
342 23 28 358 34 32 35 22 24 28 83 36 29
343 23 31 199 27 35 1 23 25 24 59 36 29
344 23 9 210 29 34 1 27 31 29 65 36 29
345 23 59 224 13 27 28 24 26 30 73 36 29
346 23 31 188 32 28 9 21 27 31 71 36 29
347 23 39 337 38 36 3 27 26 25 62 36 29
348 23 1 285 33 38 1 19 1 30 47 35 29
349 23 15 114 24 33 1 20 30 19 62 35 29
350 23 53 260 7 32 14 30 19 33 49 36 29
351 23 42 402 18 34 66 25 26 39 52 36 29
352 23 21 143 36 20 1 24 35 33 103 36 29
353 23 51 195 27 32 16 26 34 22 95 36 29
354 23 25 177 42 26 39 21 18 21 92 36 29
355 23 9 505 23 33 18 24 26 30 68 36 29
356 23 30 180 19 23 76 24 20 26 82 36 29
357 23 24 181 26 31 1 28 31 35 123 35 29
358 23 60 330 19 23 22 18 10 30 76 36 29
359 23 64 994 28 26 1 27 1 27 73 35 29
360 23 30 177 27 30 1 22 33 34 79 35 29
361 23 60 199 20 31 34 26 38 30 75 36 29
362 23 30 324 24 39 47 24 28 16 43 35 29
363 23 31 161 23 31 16 23 26 26 67 36 29
364 23 42 261 38 35 101 24 21 26 87 36 29
365 22 1 270 29 43 1 19 21 27 39 35 29
366 23 1 297 33 31 1 27 15 28 61 35 29
367 23 22 306 33 22 1 23 26 25 80 36 29
368 23 36 1096 32 37 63 22 29 34 127 36 29
369 22 1 115 26 30 1 25 22 26 44 35 28
370 23 45 220 41 29 49 21 30 16 58 36 29
371 23 29 170 21 34 9 24 23 87 51 36 29
372 23 22 216 32 30 1 27 22 31 67 35 29
373 22 1 220 33 24 51 28 27 35 46 35 29
374 23 37 215 16 39 8 26 24 29 69 36 29
375 23 1 253 36 26 28 23 33 25 55 35 29
376 23 1 277 38 34 1 20 27 30 128 36 29
377 23 36 174 28 28 1 29 41 27 73 36 29
378 23 35 305 44 27 25 26 32 39 107 36 29
379 23 106 1576 4 40 1 27 1 32 135 36 29
380 23 18 144 20 24 1 21 21 22 56 35 29
381 23 47 391 21 28 9 17 21 36 59 36 29
382 23 31 432 33 31 13 22 36 27 51 36 29
383 23 11 396 30 21 1 28 28 25 58 36 29
384 23 34 210 39 23 76 24 31 28 76 36 29
385 23 51 204 28 25 22 28 38 29 58 36 30
386 22 1 368 39 21 4 21 22 22 94 35 29
387 23 64 165 7 42 37 24 31 33 74 36 29
388 23 32 248 20 36 1 30 24 32 61 36 29
389 23 30 385 34 24 71 24 33 21 91 36 29
390 23 51 197 22 38 55 24 30 35 58 36 29
391 23 60 158 28 35 82 19 24 27 71 35 29
392 23 66 249 17 76 1 26 17 24 76 36 29
393 23 40 197 26 25 10 20 19 21 58 36 29
394 23 41 421 23 31 33 17 26 30 63 36 29
395 23 49 138 30 34 11 23 29 27 72 36 29
396 23 31 400 16 24 3 25 28 27 56 36 29
397 23 32 178 25 28 62 24 37 30 66 36 29
398 23 1 195 29 33 57 24 11 30 133 35 29
399 23 46 253 20 29 19 20 26 22 127 36 29
400 23 33 410 30 34 1 27 26 24 101 36 29
401 23 34 245 38 32 17 17 32 31 80 36 29
402 23 58 346 35 33 31 22 30 29 74 36 29
403 23 41 221 41 25 41 33 28 27 89 36 29
404 23 1 220 42 20 73 26 24 38 50 36 29
405 23 39 500 34 33 59 19 23 33 93 35 29
406 23 31 173 29 32 5 25 41 34 90 36 29
407 23 28 392 32 39 1 24 29 23 42 36 29
408 23 43 854 21 39 53 26 19 30 70 36 29
409 23 45 146 22 32 12 18 47 24 93 36 30
410 23 21 379 26 34 56 25 33 27 85 36 29
411 23 59 279 18 41 1 24 28 30 74 36 29
412 23 48 319 19 31 21 25 25 28 51 36 29
413 23 15 186 37 24 40 28 33 34 106 36 29
414 23 58 232 18 29 115 31 31 30 66 36 29
415 23 53 183 23 29 90 26 22 33 81 36 29
416 23 29 317 32 39 119 24 25 32 51 36 29
417 23 32 397 11 32 51 23 23 29 49 35 29
418 23 25 136 12 32 24 22 29 18 57 35 29
419 23 26 132 17 40 1 25 35 28 47 35 29
420 23 49 662 25 33 25 27 22 29 66 36 29
421 23 24 122 30 23 12 26 27 29 98 36 29
422 23 34 330 32 32 1 22 29 34 94 36 29
423 22 1 181 22 33 1 23 19 22 53 35 29
424 23 41 191 18 43 1 23 18 27 41 36 29
425 23 45 311 27 33 1 23 34 27 68 36 29
426 23 36 192 24 36 39 23 20 25 228 36 29
427 23 52 135 17 36 21 20 25 32 88 36 29
428 22 1 146 27 28 62 19 28 36 70 35 29
429 23 28 343 40 23 83 24 29 34 86 36 29
430 23 85 202 9 46 8 21 38 28 49 36 29
431 23 1 165 26 29 44 27 26 33 48 35 29
432 23 41 150 24 33 68 25 29 30 55 36 29
433 23 47 295 23 30 1 26 24 28 54 36 29
434 23 75 150 21 33 42 24 20 32 70 36 29
435 23 57 392 34 21 66 22 31 26 73 36 29
436 23 33 206 33 25 47 32 30 33 58 36 29
437 23 1 276 27 28 13 25 39 23 40 36 29
438 23 1 185 29 28 50 19 21 23 36 35 29
439 23 42 1230 43 34 21 21 42 35 79 36 29
440 23 51 146 27 28 6 20 23 30 54 36 29
441 23 36 168 21 33 1 13 25 18 82 36 29
442 23 42 204 20 38 68 25 29 33 96 36 29
443 23 45 262 27 32 48 23 24 26 62 36 29
444 23 27 263 35 36 87 22 32 32 74 35 29
445 22 1 141 34 23 1 26 32 26 71 35 29
446 23 48 498 14 32 1 23 35 20 59 36 29
447 23 133 1914 243 24 1 48 99 88 159 36 29
448 23 32 182 37 35 52 23 27 31 70 36 29
449 23 35 186 31 33 13 23 33 32 108 36 29
450 23 30 150 27 31 23 24 21 22 64 36 29
451 23 40 513 38 28 47 28 25 30 74 36 29
452 23 65 125 28 38 1 28 29 25 82 35 29
453 23 59 184 27 35 1 20 30 25 49 35 29
454 23 33 159 20 37 73 23 14 31 38 36 29
455 23 18 238 29 36 29 21 26 30 63 35 29
456 23 37 257 23 35 1 26 56 32 77 36 29
457 23 72 1110 27 37 90 29 28 36 91 36 29
458 22 1 229 36 24 1 21 15 19 64 35 29
459 23 1 177 23 25 1 25 29 27 56 35 29
460 23 55 208 29 33 1 21 1 37 61 35 29
461 23 27 308 31 26 14 25 30 22 90 35 29
462 23 48 164 29 26 5 20 23 20 96 36 29
463 23 5 173 35 30 35 27 33 37 71 36 29
464 23 18 227 37 36 67 25 34 29 60 36 29
465 23 39 242 33 41 114 24 1 42 63 36 30
466 23 55 223 29 30 98 26 29 31 54 36 29
467 23 22 210 30 31 64 28 33 27 66 36 29
468 23 108 390 24 41 1 23 27 27 72 36 29
469 23 1 146 36 23 1 22 31 33 68 35 29
470 23 16 253 46 35 129 27 27 40 103 36 29
471 23 30 346 37 38 55 25 27 31 63 36 29
472 23 21 117 32 29 40 28 13 35 98 36 29
473 23 22 242 14 30 1 24 24 26 89 35 29
474 23 27 225 30 24 1 25 37 27 71 35 29
475 22 1 134 29 24 24 20 27 27 69 35 29
476 23 12 208 31 27 22 22 24 30 46 35 29
477 23 53 318 30 44 57 21 27 18 62 36 29
478 22 1 496 38 19 23 18 19 31 70 35 29
479 23 44 277 22 43 30 28 12 51 63 35 29
480 23 23 1816 40 26 64 18 29 31 371 35 29
481 23 61 499 15 46 42 28 28 36 105 36 29
482 23 24 238 19 25 1 29 30 41 64 35 29
483 22 1 768 27 33 1 23 8 32 47 35 29
484 23 10 174 24 32 71 23 26 28 67 36 29
485 23 42 675 28 23 69 22 27 21 75 36 29
486 23 30 160 10 41 23 29 23 28 47 36 29
487 23 50 211 35 31 1 20 36 25 72 36 29
488 23 40 270 28 28 22 28 29 27 74 36 29
489 23 46 180 21 31 1 28 32 26 61 36 29
490 23 25 304 42 20 64 28 39 29 70 36 29
491 23 31 234 25 27 40 27 30 26 62 36 30
492 23 23 160 27 25 1 21 24 27 76 35 29
493 23 32 142 15 26 1 21 22 26 42 35 29
494 23 1 205 36 24 32 24 25 27 66 35 29
495 23 1 137 39 25 74 18 16 24 44 35 29
496 22 1 220 29 31 1 21 31 20 46 35 29
497 23 50 155 25 27 13 20 29 30 63 35 29
498 23 16 328 36 29 14 22 34 29 73 35 29
499 23 31 222 7 38 1 21 14 30 31 36 29
500 23 37 248 9 31 4 23 23 29 45 36 29
501 23 35 182 28 34 31 22 27 31 65 36 29
502 23 43 277 23 35 42 23 26 26 47 36 29
503 23 71 195 20 35 1 19 34 35 83 36 29
504 23 41 208 34 43 98 20 1 29 75 36 29
505 23 47 168 37 27 1 27 34 31 83 36 29
506 23 10 270 10 31 45 23 24 32 57 35 29
507 23 19 161 28 29 68 21 25 25 71 35 29
508 23 14 182 30 26 1 24 31 30 113 36 29
509 23 34 142 24 41 1 26 31 36 79 36 29
510 23 42 271 24 31 48 20 22 31 69 36 29
511 22 1 226 31 27 1 24 1 36 47 35 29
512 23 33 325 24 37 63 26 30 30 97 35 29
513 23 70 370 31 38 35 25 2 23 62 36 29
514 23 22 311 37 20 1 23 32 22 91 36 29
515 23 40 179 34 32 14 22 21 27 72 36 29
516 23 10 180 25 21 50 18 35 27 56 36 29
517 22 1 178 40 26 1 26 22 28 51 35 29
518 22 1 197 27 13 1 22 23 20 78 35 29
519 23 46 375 32 32 61 21 28 31 59 36 29
520 23 38 255 26 28 35 18 26 27 57 36 29
521 23 62 161 21 27 36 29 21 35 66 36 29
522 23 38 199 26 31 76 26 21 26 60 36 29
523 23 44 186 41 25 1 27 34 29 90 36 29
524 23 35 779 23 43 120 28 30 29 65 36 29
525 23 46 196 38 38 1 23 1 29 110 35 29
526 23 38 129 17 32 11 25 20 32 50 36 29
527 23 18 568 28 26 15 20 22 24 56 35 29
528 23 38 226 17 35 80 19 31 27 122 36 29
529 23 76 214 14 44 1 23 27 26 68 36 29
530 22 1 326 32 29 19 23 29 33 70 35 29
531 23 1 169 48 24 38 32 31 27 75 35 29
532 23 56 416 20 37 1 24 37 25 52 36 29
533 23 47 185 39 31 60 27 25 34 72 36 29
534 23 55 209 24 36 114 21 29 30 78 36 29
535 23 27 233 20 36 32 25 16 29 64 35 29
536 22 1 381 46 27 91 26 28 25 90 35 29
537 23 37 283 35 31 1 27 29 33 86 35 29
538 23 15 254 28 33 7 16 1 32 51 35 29
539 23 50 238 29 31 82 23 1 36 87 35 29
540 23 41 172 19 37 1 23 31 35 58 35 29
541 23 37 503 26 23 1 25 32 24 65 36 29
542 23 32 238 21 33 31 30 24 27 64 36 29
543 23 24 289 27 23 11 23 28 28 54 35 29
544 23 46 376 30 24 61 28 23 30 71 36 29
545 23 23 194 29 30 59 27 23 27 63 35 29
546 23 44 219 22 46 12 31 26 41 63 36 29
547 23 1 313 31 22 59 29 3 29 144 35 29
548 23 37 126 18 29 27 26 28 19 61 36 29
549 23 47 175 32 34 1 20 24 27 74 36 29
550 23 31 134 13 42 1 24 18 25 100 36 29
551 23 23 206 19 30 58 18 22 29 72 36 29
552 22 1 191 42 26 1 19 21 19 58 35 29
553 23 14 229 33 30 1 23 24 23 63 36 29
554 23 68 275 26 31 102 26 18 29 60 36 29
555 23 60 177 15 30 42 19 12 24 44 36 29
556 23 66 243 30 36 1 19 27 26 99 36 29
557 23 18 168 21 26 21 22 12 25 64 35 29
558 23 36 145 35 30 1 24 35 30 83 36 29
559 23 69 194 29 28 1 20 27 26 68 36 29
560 23 64 163 20 32 88 24 17 32 64 36 29
561 23 45 169 25 36 1 23 28 24 65 36 29
562 23 45 254 37 28 1 24 26 28 114 36 29
563 23 35 228 24 30 48 22 16 26 74 36 29
564 23 53 164 20 36 1 26 29 23 70 36 29
565 23 29 133 28 40 1 27 48 24 59 35 29
566 23 43 175 37 29 1 25 27 31 73 36 29
567 23 13 208 23 31 21 20 1 29 50 35 29
568 23 39 528 37 32 28 26 31 30 82 36 29
569 23 47 175 36 33 78 20 19 17 86 36 29
570 23 28 159 32 31 70 23 24 29 56 35 29
571 23 20 272 22 29 1 25 27 35 79 35 29
572 23 25 277 26 16 35 19 1 25 79 35 29
573 23 53 240 27 36 116 28 20 30 58 36 29
574 23 68 225 20 31 50 26 19 30 64 36 29
575 23 45 167 33 35 50 27 26 28 66 36 29
576 23 49 204 45 42 134 23 22 27 64 36 29
577 23 78 275 12 32 22 30 16 32 66 35 29
578 23 61 217 18 42 1 26 24 34 45 36 29
579 23 19 280 39 32 40 24 20 25 71 36 29
580 23 33 277 39 29 35 22 28 35 91 36 29
581 23 59 187 28 27 43 28 27 26 61 36 29
582 23 36 179 28 37 31 19 28 31 55 35 29
583 23 44 170 23 28 13 24 24 24 197 35 29
584 23 19 130 28 30 1 23 40 30 86 35 29
585 23 1 379 38 39 46 18 1 33 31 35 29
586 23 50 147 27 23 1 20 32 19 55 36 29
587 23 16 178 40 21 36 28 35 25 158 36 29
588 22 1 538 35 33 1 26 1 26 468 35 29
589 23 25 379 33 22 63 25 30 36 69 36 29
590 23 61 351 25 33 41 26 32 31 69 36 29
591 23 40 283 39 29 1 20 36 22 99 36 29
592 23 39 145 24 35 1 25 28 30 53 36 29
593 23 29 290 30 35 69 23 35 24 70 36 29
594 23 39 157 22 37 1 25 32 29 68 36 29
595 23 20 144 24 29 73 26 30 30 47 35 29
596 23 27 126 25 29 1 21 27 28 52 36 29
597 23 1 157 48 17 7 20 31 27 60 36 29
598 23 34 156 36 32 55 25 37 35 64 36 29
599 23 50 200 36 31 1 26 40 30 72 36 29
600 23 41 166 38 38 1 18 22 27 49 36 29
601 23 39 354 36 26 105 27 28 29 65 36 29
602 23 22 255 31 33 45 27 32 28 59 35 29
603 23 22 153 16 39 13 22 20 27 39 36 29
604 23 26 175 16 38 1 19 1 38 43 35 29
605 23 28 232 32 30 1 21 17 25 54 35 29
606 23 43 277 36 41 2 25 25 30 64 36 29
607 23 48 295 36 26 44 23 28 28 78 36 29
608 23 27 507 18 35 1 25 26 32 90 36 29
609 22 1 196 55 21 74 26 34 27 94 35 29
610 23 61 162 32 39 5 19 17 23 51 35 29
611 22 1 184 37 18 60 22 13 28 68 35 29
612 22 1 222 31 34 25 23 42 36 61 35 29
613 23 34 389 13 30 33 26 27 24 57 36 29
614 23 4 131 22 28 35 21 38 31 61 35 29
615 23 35 226 24 35 15 22 27 30 63 36 29
616 22 1 157 47 34 126 22 20 20 38 35 29
617 23 34 1222 31 30 51 27 36 30 53 36 29
618 23 51 209 21 27 10 30 27 29 77 36 29
619 23 15 274 39 21 56 28 43 23 71 36 29
620 23 19 180 26 27 1 27 23 26 59 35 29
621 23 82 155 11 40 16 25 20 30 92 36 29
622 23 36 172 24 33 1 24 30 28 52 36 29
623 23 58 232 19 35 1 24 25 26 67 35 29
624 23 41 184 25 43 85 26 21 33 84 36 29
625 23 24 164 34 30 1 22 25 32 83 35 29
626 23 35 299 22 24 1 29 30 33 109 36 29
627 23 73 154 25 33 46 24 32 28 66 36 29
628 23 36 235 34 17 45 29 29 29 88 35 29
629 23 35 350 32 42 1 26 32 38 65 36 29
630 23 24 264 26 30 32 26 24 38 73 35 29
631 23 18 222 34 20 65 24 50 24 62 36 29
632 23 33 248 21 39 33 25 31 31 63 35 29
633 23 1 171 33 18 5 22 28 23 65 35 29
634 23 36 172 40 33 1 24 29 35 82 36 29
635 23 51 216 24 39 52 25 30 30 53 35 29
636 23 17 340 20 31 13 24 17 26 168 35 29
637 22 1 215 52 15 90 27 15 28 58 35 29
638 23 8 190 15 28 1 23 19 30 63 35 29
639 22 1 1196 22 36 20 19 33 30 55 35 29
640 23 50 405 95 30 2 340 169 32 85 36 29
641 23 30 236 44 29 43 26 39 33 77 35 29
642 23 50 784 32 23 65 26 32 32 87 35 29
643 23 19 153 36 17 64 28 32 32 116 35 29
644 23 29 143 22 37 41 17 40 34 67 35 29
645 23 25 196 19 31 1 19 21 29 68 36 29
646 23 20 370 30 28 100 29 33 19 105 36 29
647 23 32 173 27 23 4 27 29 28 73 35 29
648 23 55 482 21 33 76 25 31 25 83 36 29
649 23 44 625 29 33 67 27 20 34 61 36 29
650 23 36 150 27 32 1 22 21 29 116 36 29
651 23 53 223 29 32 55 26 22 24 65 36 29
652 23 48 237 23 32 31 23 27 32 65 35 29
653 23 25 271 35 25 31 27 38 27 79 36 29
654 23 219 292 46 23 153 23 148 172 141 36 29
655 23 39 150 30 33 1 25 36 30 105 35 29
656 23 18 240 29 29 1 25 26 28 87 36 29
657 23 40 433 11 38 39 16 25 26 44 36 29
658 23 2 126 40 7 35 27 35 27 106 36 29
659 23 45 350 31 24 29 28 31 26 100 36 29
660 23 54 209 23 26 77 18 24 25 187 36 29
661 23 25 509 25 34 51 25 28 33 53 36 29
662 23 35 161 24 35 74 22 17 25 49 36 29
663 23 72 206 25 31 1 28 36 29 68 36 29
664 23 52 155 44 35 66 24 16 31 91 36 29
665 23 43 220 16 31 54 18 23 24 85 36 29
666 23 36 136 38 23 34 27 37 31 163 36 29
667 23 39 193 28 28 50 30 23 30 84 36 29
668 23 8 253 27 19 1 26 24 28 66 35 29
669 22 1 794 80 25 84 19 40 30 50 35 29
670 23 77 313 22 43 1 25 34 28 83 36 29
671 23 87 232 24 48 81 18 34 36 88 36 29
672 23 27 111 36 25 1 26 39 32 69 35 29
673 23 43 144 33 40 82 25 29 33 57 36 29
674 23 16 152 41 19 1 27 25 24 75 36 29
675 23 40 172 37 34 66 20 1 36 55 35 29
676 23 49 145 27 31 2 24 31 25 77 35 29
677 23 51 170 19 22 3 22 24 21 93 35 29
678 23 26 364 10 34 33 24 16 16 99 36 29
679 23 52 994 15 26 53 22 25 28 73 36 29
680 23 13 117 35 28 1 22 35 28 70 35 29
681 23 1 134 35 22 87 24 18 27 50 36 29
682 23 29 171 23 29 80 22 30 32 68 35 29
683 23 59 360 9 47 47 29 32 38 66 35 29
684 23 52 251 30 27 52 17 24 24 58 36 29
685 23 7 352 26 35 104 25 31 39 136 35 29
686 23 23 264 24 20 29 22 21 34 68 35 29
687 23 69 192 26 37 60 23 28 26 77 35 29
688 23 14 176 32 27 133 23 25 29 69 35 29
689 23 34 240 31 26 1 23 34 30 83 35 29
690 23 26 191 17 36 27 23 20 25 43 35 29
691 23 16 168 31 22 1 23 27 26 70 35 29
692 23 47 264 27 40 39 18 20 31 19 35 29
693 23 27 163 23 29 9 24 27 28 67 35 29
694 23 38 649 28 37 30 30 43 35 90 35 29
695 23 44 400 18 32 52 22 27 29 71 36 29
696 23 36 165 28 23 4 25 21 30 73 36 29
697 23 44 522 34 35 50 25 33 33 73 35 29
698 23 31 329 34 37 26 24 31 37 53 35 29
699 23 54 407 22 25 1 24 19 27 73 36 29
700 22 1 175 30 27 36 23 1 25 47 35 29
701 23 7 136 15 27 1 24 20 30 75 35 29
702 23 20 526 38 32 41 25 41 23 73 36 29
703 23 53 225 27 40 1 25 30 27 70 36 29
704 23 23 234 39 20 34 18 34 26 73 35 29
705 23 59 402 29 41 1 24 37 27 66 36 29
706 23 53 589 15 30 66 22 26 22 123 35 29
707 23 31 149 35 25 49 22 32 29 94 36 29
708 23 21 518 40 28 5 22 41 28 66 36 29
709 23 14 193 38 29 86 21 24 29 65 36 29
710 23 44 283 37 31 34 22 25 23 76 36 29
711 23 29 182 30 36 53 31 31 37 76 36 29
712 23 43 211 34 29 39 23 24 24 67 36 29
713 23 13 292 25 24 1 22 31 25 55 35 29
714 23 13 164 42 24 20 26 32 25 67 35 29
715 23 39 325 34 31 88 29 1 29 58 36 29
716 23 15 243 33 31 75 22 1 20 62 35 29
717 23 50 357 18 32 1 26 28 32 85 35 29
718 23 10 301 20 33 38 22 27 27 44 36 29
719 23 44 164 27 21 1 24 30 30 105 35 29
720 23 20 193 20 28 36 23 16 24 49 35 29
721 23 48 195 26 36 11 24 27 32 39 36 29
722 23 9 152 26 27 1 23 29 20 60 35 29
723 23 17 190 25 32 21 25 27 21 68 35 29
724 23 1 216 21 26 33 23 18 24 65 35 29
725 23 38 228 21 39 64 19 14 37 73 36 29
726 23 23 150 22 30 62 22 41 22 63 35 29
727 23 1 136 25 27 1 20 32 26 51 35 29
728 23 28 209 27 36 1 20 11 23 113 35 29
729 23 39 213 26 38 54 26 18 24 52 36 29
730 23 1 170 28 26 1 24 25 31 56 35 29
731 23 33 203 15 34 1 26 33 30 74 36 29
732 23 19 167 44 31 71 25 1 41 60 36 29
733 22 1 146 32 23 3 22 27 20 70 35 29
734 23 13 260 31 30 1 24 1 23 115 35 29
735 23 47 205 35 37 25 19 1 29 107 35 29
736 22 1 244 36 22 1 27 35 25 57 35 29
737 23 47 189 21 33 20 30 25 34 70 36 29
738 23 28 148 16 28 56 29 20 24 62 35 29
739 23 38 249 46 45 85 25 29 21 76 36 29
740 23 19 214 33 27 40 25 35 30 74 36 29
741 23 40 154 36 20 50 23 33 27 90 36 29
742 23 17 575 13 38 1 19 23 23 63 36 29
743 23 124 1479 25 34 412 33 96 899 69 36 29
744 23 1 175 25 31 13 25 29 30 59 35 29
745 22 1 194 37 22 123 17 26 25 51 35 29
746 23 48 196 37 32 40 25 31 28 84 36 29
747 23 11 284 35 34 33 24 21 25 114 36 29
748 23 25 261 37 28 6 24 38 26 71 36 29
749 23 35 169 14 38 26 24 22 29 73 36 29
750 23 32 173 42 35 25 27 25 27 129 36 29
751 23 20 184 34 30 27 29 30 28 73 35 29
752 23 52 209 26 34 6 22 51 35 107 35 29
753 23 30 218 41 24 1 24 38 25 129 35 29
754 23 48 278 21 31 21 19 28 28 68 36 29
755 22 1 250 47 35 1 18 16 23 80 35 29
756 23 25 178 20 42 1 23 19 27 37 35 29
757 23 60 459 18 34 78 26 38 30 134 36 29
758 23 20 197 40 22 1 25 34 26 105 36 29
759 23 31 191 35 37 15 23 22 32 73 35 29
760 23 47 274 28 37 1 21 15 24 64 36 29
761 23 43 198 20 36 1 25 19 35 75 36 29
762 23 30 155 29 40 22 21 37 33 61 35 29
763 23 59 145 25 40 30 26 28 34 63 36 29
764 23 32 266 18 42 62 20 23 30 110 35 29
765 23 44 212 27 22 1 22 24 34 85 36 29
766 23 35 315 20 41 50 25 24 28 42 36 29
767 23 24 230 23 33 1 25 28 27 55 35 29
768 23 9 177 35 27 1 23 29 33 88 35 29
769 23 47 402 20 32 28 24 20 29 72 36 29
770 23 47 218 13 29 32 18 17 28 67 36 29
771 23 28 157 18 35 1 22 29 27 104 36 29
772 23 41 297 28 35 17 25 30 25 103 35 29
773 23 88 209 27 39 30 26 42 24 81 36 29
774 22 1 126 25 36 95 22 30 31 41 35 29
775 23 43 287 20 42 21 23 23 35 89 36 29
776 23 18 520 31 25 3 26 26 26 73 36 29
777 23 38 431 22 31 1 23 30 26 81 35 29
778 23 34 210 46 33 79 19 30 29 127 36 29
779 23 45 176 28 38 84 25 22 32 58 36 29
780 23 15 314 35 29 35 26 24 31 69 36 29
781 23 31 164 25 33 46 23 30 30 58 36 29
782 23 65 244 17 33 1 21 15 26 72 36 29
783 23 1 126 22 31 13 18 22 31 59 36 29
784 23 45 311 35 28 48 22 37 25 67 36 29
785 23 37 231 46 22 33 28 43 27 82 36 29
786 23 19 179 32 27 13 20 32 21 65 36 29
787 23 41 274 29 36 97 24 24 32 87 36 29
788 23 1 111 35 26 19 23 29 29 75 36 29
789 23 8 207 26 32 69 21 30 30 58 35 29
790 23 24 443 34 33 84 27 17 35 73 36 29
791 22 1 183 23 26 60 25 28 37 57 35 29
792 23 24 273 31 16 72 29 32 30 76 36 29
793 23 41 195 29 37 1 25 36 22 69 36 29
794 23 27 154 22 28 1 25 21 19 99 36 29
795 22 1 175 43 29 72 22 18 25 61 35 29
796 23 73 212 40 41 1 28 33 27 79 36 29
797 23 42 221 10 41 1 22 24 26 50 36 29
798 23 39 142 18 32 1 22 29 26 48 36 29
799 23 54 129 23 35 56 21 25 28 57 36 29
800 23 36 177 39 26 22 25 31 28 80 35 29
801 23 44 319 32 31 26 20 18 28 95 35 29
802 23 29 252 31 32 48 27 29 31 93 35 29
803 23 46 208 35 31 1 28 42 32 74 36 29
804 23 46 185 31 34 78 25 21 32 109 36 29
805 23 38 172 23 35 1 25 31 31 60 35 29
806 23 41 229 30 38 73 20 29 24 95 36 29
807 23 59 198 21 38 1 22 28 22 60 35 29
808 23 18 396 29 30 2 27 23 31 57 35 29
809 23 55 488 30 27 51 25 31 26 73 36 29
810 23 18 355 21 28 1 27 23 30 90 35 29
811 23 29 171 34 28 20 19 27 24 106 36 29
812 23 37 280 29 33 67 27 21 27 52 36 29
813 23 15 166 31 28 1 22 28 33 62 36 29
814 23 24 228 39 30 29 26 30 29 111 35 29
815 23 63 428 35 41 129 23 19 34 55 36 29
816 23 47 556 17 35 30 28 21 28 124 36 29
817 22 1 200 29 17 43 28 28 37 82 35 29
818 23 1 256 17 42 1 21 24 28 50 36 29
819 23 50 172 24 40 71 21 31 33 71 35 29
820 23 30 160 25 35 53 23 30 33 101 35 29
821 23 53 262 19 41 1 27 28 32 56 36 29
822 23 22 183 20 44 100 25 19 33 72 35 29
823 23 5 189 30 22 42 29 29 30 72 36 29
824 23 28 156 37 28 1 28 41 26 81 36 29
825 22 1 208 32 25 8 21 21 24 34 35 29
826 23 35 661 29 36 42 22 32 30 158 36 29
827 23 34 145 32 25 62 24 23 32 78 36 29
828 23 19 177 22 33 1 25 31 28 60 35 29
829 23 18 330 32 15 47 28 25 28 82 36 29
830 23 20 325 26 33 12 24 21 31 63 36 29
831 23 31 257 23 38 39 22 21 25 44 35 29
832 23 47 213 34 32 100 25 33 23 70 36 29
833 23 28 169 29 25 11 29 26 23 67 35 29
834 23 22 268 35 28 42 21 26 25 47 35 29
835 23 53 253 20 30 50 25 12 32 75 36 29
836 23 91 175 13 36 15 24 27 23 75 36 29
837 23 17 156 34 30 1 21 23 24 61 35 29
838 23 5 168 38 15 24 27 34 35 108 36 29
839 22 1 165 31 34 1 23 32 30 43 35 29
840 22 1 142 28 19 57 28 23 27 45 35 29
841 23 29 209 36 21 20 24 31 31 108 35 29
842 23 62 196 19 35 1 19 1 24 77 35 29
843 22 1 182 31 34 55 19 31 29 61 35 29
844 22 1 119 28 16 1 19 27 33 60 35 29
845 23 56 243 21 30 46 24 20 36 63 35 29
846 23 13 251 30 32 42 27 27 30 59 35 29
847 23 57 370 35 30 3 23 29 38 109 35 29
848 23 50 183 21 43 77 22 20 25 47 36 29
849 23 54 139 9 35 1 22 37 34 58 35 29
850 23 19 159 29 32 34 27 19 31 90 35 29
851 23 9 223 28 37 31 19 18 29 101 35 29
852 23 52 252 20 32 1 27 27 30 122 35 29
853 23 37 174 20 35 40 26 26 27 58 35 29
854 23 1 161 21 30 67 23 29 25 64 35 29
855 23 31 165 30 35 70 23 29 31 58 35 29
856 23 75 311 28 35 1 27 31 29 81 35 29
857 23 21 132 30 26 30 27 1 32 73 35 29
858 23 38 139 30 36 1 26 33 26 78 35 29
859 23 25 154 38 19 53 26 28 28 66 35 29
860 23 30 133 29 27 16 26 32 44 75 35 29
861 23 24 263 42 28 1 27 38 33 68 35 29
862 23 37 453 40 41 1 29 22 28 67 35 29
863 23 49 364 34 30 56 25 33 33 105 35 29
864 23 17 326 36 29 1 20 32 18 100 35 29
865 23 26 198 20 42 25 26 23 30 41 35 29
866 23 10 306 44 18 73 28 21 31 105 35 29
867 23 53 218 28 30 56 23 41 22 105 35 29
868 23 18 119 19 36 52 23 1 29 53 35 29
869 22 1 247 34 20 55 29 45 18 85 35 29
870 23 19 279 20 15 1 27 20 26 59 35 29
871 23 80 350 24 36 8 27 17 29 76 35 29
872 23 44 499 24 33 64 26 9 35 100 35 29
873 23 29 152 31 33 1 25 23 28 51 35 29
874 23 39 136 26 26 63 20 24 22 59 35 29
875 23 36 306 20 44 44 28 21 42 186 35 29
876 23 46 181 16 41 1 24 20 24 55 35 29
877 23 40 225 42 27 67 23 30 28 101 35 29
878 23 56 196 23 32 55 24 22 27 81 36 29
879 23 62 248 31 33 46 23 26 32 104 35 29
880 23 14 129 20 38 1 24 21 18 51 35 29
881 23 60 161 25 44 1 21 1 37 63 35 29
882 23 45 154 25 34 1 26 20 25 69 35 29
883 22 1 159 35 30 1 27 34 30 60 35 29
884 22 1 187 24 27 1 26 31 29 68 35 29
885 23 28 410 36 29 1 24 42 29 75 36 29
886 23 9 397 31 30 32 26 35 32 63 35 29
887 23 28 164 29 31 39 26 20 25 59 35 29
888 23 40 569 22 28 12 22 22 25 117 35 29
889 23 13 178 34 32 7 23 1 29 46 35 29
890 23 33 307 28 27 38 28 30 27 109 35 29
891 23 66 171 33 21 7 24 29 30 100 35 29
892 23 23 516 33 32 1 28 27 27 57 35 29
893 23 34 283 22 36 56 21 32 28 46 36 29
894 23 32 328 16 32 39 24 20 26 57 35 29
895 23 28 201 30 30 86 21 31 32 58 35 29
896 23 1 162 25 37 29 22 18 29 67 35 29
897 23 43 279 21 35 33 26 18 31 52 36 29
898 23 36 184 18 37 1 26 42 27 83 36 29
899 23 48 162 10 35 85 23 21 27 49 35 29
900 23 29 267 34 29 1 30 36 26 108 36 29
901 23 41 365 35 29 1 25 27 28 62 35 29
902 23 15 230 26 30 75 25 34 23 61 36 29
903 23 14 208 27 40 1 24 23 26 57 36 29
904 23 582 2003 439 235 1881 21 50 44 108 36 29
905 23 897 2003 662 406 2003 728 170 307 316 36 29
906 23 53 262 29 37 1 24 24 27 57 36 29
907 23 39 216 18 42 7 23 25 36 70 36 29
908 23 44 273 28 34 45 19 16 21 34 36 29
909 23 40 161 31 37 73 28 29 36 153 36 29
910 23 45 177 26 37 64 21 27 29 73 36 29
911 23 17 253 18 38 1 24 26 32 45 35 29
912 23 56 176 29 26 68 25 24 26 90 36 29
913 23 50 144 17 31 1 21 29 28 71 36 29
914 23 26 177 18 37 1 29 18 30 113 35 29
915 23 21 275 21 31 1 21 23 32 56 36 29
916 23 1 290 39 27 33 26 1 46 75 35 29
917 22 1 268 35 35 107 19 30 29 60 35 29
918 23 39 145 31 24 84 23 30 30 66 36 29
919 23 44 346 18 25 1 30 28 37 81 35 29
920 23 47 534 28 29 1 18 24 10 98 36 29
921 23 62 290 23 49 75 22 33 29 70 35 29
922 23 57 349 9 39 116 28 32 36 60 36 29
923 23 44 162 24 34 51 22 26 28 71 36 29
924 23 81 249 24 42 1 23 40 22 63 36 29
925 22 1 147 38 21 31 20 22 30 59 35 29
926 23 72 244 39 37 1 27 27 32 126 36 29
927 23 32 377 26 33 24 24 24 35 82 36 29
928 23 52 135 25 34 59 20 30 21 74 35 29
929 23 32 144 24 29 1 24 31 33 64 35 29
930 23 31 122 17 27 3 17 1 27 57 35 29
931 23 44 304 23 34 1 22 19 33 72 36 29
932 23 36 172 20 36 1 18 28 22 123 35 29
933 23 25 241 22 43 25 27 33 31 60 36 29
934 23 39 149 31 21 33 25 34 30 94 35 29
935 23 61 199 24 35 93 29 32 32 68 36 29
936 23 57 128 35 34 18 25 26 16 103 36 29
937 23 39 379 31 44 64 24 35 29 85 36 29
938 23 6 403 37 31 19 21 20 31 57 35 29
939 23 8 257 40 28 88 26 32 24 83 35 29
940 23 25 160 24 36 34 29 30 34 65 35 29
941 23 10 183 29 36 1 25 35 22 46 36 29
942 23 15 225 36 21 19 24 27 29 74 36 29
943 23 1 146 27 33 1 18 1 27 58 35 29
944 23 29 337 25 47 33 21 31 25 48 35 29
945 23 40 162 27 33 16 21 26 22 56 36 29
946 23 1 148 33 23 1 16 13 21 58 36 29
947 23 78 206 14 38 1 25 41 32 90 36 29
948 23 71 491 19 42 73 22 24 27 62 36 29
949 23 31 133 14 34 1 25 21 27 66 35 29
950 23 24 312 40 26 69 23 35 30 79 35 29
951 22 1 712 37 26 64 24 34 27 66 35 29
952 23 44 167 39 35 1 19 35 32 95 36 29
953 22 1 141 47 29 33 22 25 26 96 35 29
954 23 21 340 25 28 9 20 26 34 81 35 29
955 23 25 231 31 26 55 24 27 42 63 35 29
956 23 25 541 38 26 44 25 1 31 80 36 29
957 23 38 265 20 30 1 28 25 29 50 36 29
958 22 1 269 23 23 1 24 21 18 48 35 29
959 23 17 696 27 21 1 24 25 23 68 35 29
960 23 50 219 29 49 40 29 29 30 76 35 29
961 23 49 252 15 40 1 22 30 30 38 35 29
962 23 70 576 33 33 65 27 30 34 78 36 29
963 22 1 177 3 36 1 26 23 21 43 35 29
964 23 62 441 21 30 14 24 22 29 64 35 29
965 23 53 233 14 42 55 24 37 29 92 36 29
966 23 40 144 28 21 1 27 30 26 100 36 29
967 23 1 143 31 23 9 19 25 38 121 35 29
968 23 22 125 9 34 1 23 20 30 48 36 29
969 23 37 181 27 33 1 19 32 37 107 35 29
970 23 30 298 19 41 89 21 27 31 71 36 29
971 23 59 166 35 22 4 24 32 32 78 36 29
972 22 1 678 24 31 21 22 30 23 56 35 29
973 23 2 170 23 16 3 27 32 32 73 35 29
974 23 44 256 37 26 61 23 28 29 75 36 29
975 23 33 235 21 39 87 23 27 33 103 36 29
976 23 45 185 35 32 82 30 26 29 115 35 29
977 23 37 181 25 32 82 25 22 36 60 36 30
978 23 60 358 29 30 1 22 23 32 94 35 29
979 23 36 433 11 36 55 21 22 29 90 36 29
980 23 34 190 10 38 32 20 26 30 83 36 29
981 23 28 201 32 29 23 17 18 27 40 36 29
982 23 31 150 16 32 47 27 25 32 58 35 29
983 23 11 294 17 30 35 24 23 24 53 36 29
984 23 39 146 25 24 41 24 27 26 62 36 29
985 23 41 399 23 29 31 25 40 32 64 36 29
986 23 54 301 8 38 1 23 27 32 52 36 29
987 23 40 151 25 33 1 27 33 33 96 36 29
988 23 40 201 30 28 26 24 33 33 110 36 29
989 23 14 259 36 24 23 22 31 20 53 36 29
990 23 30 203 20 28 93 19 26 21 58 35 29
991 23 35 156 35 31 7 23 28 34 78 35 29
992 23 38 184 30 28 68 24 27 22 66 36 29
993 22 1 208 40 35 39 26 24 30 64 35 29
994 23 32 218 45 28 1 26 34 29 112 36 29
995 23 29 275 45 21 3 27 33 25 94 36 29
996 23 54 181 24 48 1 21 30 23 67 36 29
997 23 32 164 32 32 51 31 29 34 58 36 29
998 23 18 219 25 24 60 24 31 29 79 36 29
999 23 1 229 27 34 1 18 25 17 43 35 29
1000 23 24 225 44 17 20 24 41 30 81 36 29
