1 23 451 2004 1576 103 453 283 55 1201 229 36 30
2 23 14 26 33 29 124 23 33 31 94 36 29
3 23 17 42 43 33 212 25 45 28 72 36 30
4 23 25 24 26 31 148 20 30 36 86 36 30
5 23 1 22 34 24 177 27 1 32 72 35 29
6 23 55 27 15 33 100 23 22 27 67 36 30
7 23 12 27 39 22 106 24 33 35 66 36 29
8 23 49 29 35 25 79 24 23 31 94 36 30
9 23 25 30 32 25 390 23 35 29 56 36 29
10 23 39 27 32 25 171 23 36 34 90 36 29
11 23 30 44 43 32 335 23 23 31 112 36 29
12 23 32 21 17 33 147 24 22 30 34 36 29
13 23 38 26 19 33 209 23 17 23 70 36 30
14 23 34 28 30 30 184 27 17 22 61 36 30
15 23 22 29 18 38 185 24 20 27 21 35 30
16 23 1 26 36 29 170 30 30 31 72 36 29
17 23 3 34 32 29 161 27 19 24 79 36 29
18 23 37 43 40 31 160 27 34 32 116 36 30
19 23 17 32 29 26 192 25 27 31 94 36 29
20 23 64 40 27 36 317 20 25 25 65 36 30
21 23 44 31 21 36 95 22 18 31 52 36 29
22 23 47 30 28 28 301 17 24 25 88 36 29
23 23 37 39 39 27 431 27 17 17 55 36 30
24 23 42 36 15 37 76 21 42 29 60 36 30
25 23 40 22 23 24 85 24 25 25 47 36 29
26 23 28 25 19 28 174 30 31 35 64 36 30
27 23 8 32 38 31 130 22 20 25 82 36 30
28 23 37 27 21 37 64 24 30 33 69 36 30
29 23 16 23 27 33 210 22 27 23 63 36 29
30 23 19 22 27 30 63 26 36 23 64 36 29
31 23 1 23 31 20 176 22 31 25 54 36 29
32 23 86 36 12 44 119 24 33 31 84 36 30
33 23 8 23 33 22 126 29 30 26 72 36 29
34 23 44 44 31 36 57 31 28 24 75 36 30
35 23 78 48 21 44 292 19 30 25 58 36 29
36 23 53 37 39 29 156 29 1 32 68 36 30
37 23 19 23 25 31 131 19 30 28 84 36 29
38 23 58 33 28 30 85 29 23 28 69 36 30
39 23 14 20 27 21 158 22 11 31 89 36 29
40 23 28 31 31 32 227 20 30 21 61 36 30
41 23 77 41 35 34 171 27 1 36 78 36 30
42 23 44 30 26 28 138 22 20 21 77 36 30
43 23 77 23 11 32 26 20 29 29 55 36 30
44 23 34 17 9 34 156 17 36 30 69 36 29
45 23 43 24 29 30 58 25 30 22 48 36 29
46 23 1 23 36 24 88 22 33 25 81 36 29
47 23 68 48 40 38 295 25 41 34 87 36 30
48 23 25 28 23 29 89 28 37 32 84 36 29
49 23 47 44 42 28 67 24 36 31 67 36 30
50 23 53 28 27 29 112 26 32 27 105 36 30
51 23 17 24 36 22 145 25 35 29 74 36 29
52 23 1 21 35 90 243 28 36 23 86 36 29
53 23 42 29 37 25 109 28 29 38 83 36 30
54 23 32 33 36 24 116 28 36 29 70 36 30
55 23 56 48 36 39 52 17 26 34 48 36 30
56 23 63 37 24 31 216 22 22 28 54 36 30
57 23 12 35 34 32 180 20 31 31 77 36 30
58 23 60 47 37 35 134 26 23 23 80 36 30
59 23 62 41 19 36 107 24 19 34 61 36 30
60 23 22 27 19 35 103 20 29 31 45 36 29
61 23 40 27 29 26 131 22 29 31 66 36 30
62 23 25 44 37 38 177 26 31 27 62 36 30
63 23 25 16 23 24 49 28 29 30 78 36 29
64 23 39 33 15 41 116 24 31 36 44 36 29
65 23 30 24 19 33 109 20 34 33 75 36 29
66 23 66 35 20 32 200 29 34 20 81 36 30
67 23 32 26 25 28 208 27 34 29 137 36 29
68 22 1 21 44 24 282 29 14 34 71 35 29
69 23 72 42 16 41 49 26 32 30 84 36 29
70 23 19 38 41 35 23 24 28 29 61 36 29
71 23 33 29 23 36 250 26 29 32 47 36 29
72 23 1 33 31 43 195 24 31 34 88 36 29
73 23 34 35 34 22 232 26 39 35 133 36 29
74 23 1 30 33 29 175 23 26 25 39 36 29
75 23 7 24 24 31 124 26 33 26 102 36 29
76 23 54 32 28 28 186 28 36 31 70 36 30
77 23 21 24 26 28 101 30 28 27 44 36 29
78 23 1 35 38 36 235 24 19 22 62 36 29
79 23 23 21 12 35 122 26 19 30 53 36 29
80 23 1 22 32 29 1 28 25 28 50 35 29
81 23 32 22 20 27 224 22 28 29 93 36 29
82 23 46 27 20 30 177 21 36 27 86 36 29
83 23 25 26 30 27 192 23 28 25 75 36 29
84 23 53 33 19 25 290 18 33 37 86 36 29
85 23 50 30 35 29 110 22 25 31 106 36 29
86 23 57 33 27 30 199 28 31 28 77 36 30
87 23 38 41 31 38 110 25 25 31 63 36 29
88 23 60 33 10 46 145 21 33 40 64 36 29
89 23 50 35 28 34 266 26 28 21 73 36 30
90 23 7 20 19 36 119 25 23 24 52 36 29
91 23 52 30 14 32 105 22 2 32 64 36 29
92 23 51 35 16 45 348 28 29 22 55 36 29
93 23 43 39 39 24 174 27 24 23 66 36 29
94 23 56 23 15 26 341 26 14 21 81 36 29
95 23 17 29 28 27 197 25 32 28 74 36 29
96 23 7 15 18 30 125 28 22 37 57 36 29
97 23 61 33 24 28 139 27 26 29 64 36 29
98 23 54 32 33 29 214 21 39 35 83 36 29
99 23 26 28 25 33 289 27 22 24 136 36 29
100 23 48 29 17 29 111 24 31 27 50 36 29
101 23 51 48 45 28 204 30 31 27 144 36 29
102 23 81 45 29 29 147 26 34 29 73 36 30
103 23 103 40 13 38 253 22 33 33 75 36 29
104 23 29 36 59 35 192 26 24 26 43 36 29
105 23 62 36 16 39 226 21 26 32 96 36 30
106 23 44 23 13 33 57 27 25 30 53 36 30
107 23 32 30 27 31 154 22 24 30 52 36 29
108 23 20 20 22 21 92 29 22 32 55 36 29
109 23 28 19 22 31 1 29 36 20 56 36 29
110 23 19 35 43 28 131 24 37 33 73 36 29
111 23 46 24 28 25 7 26 41 24 74 36 29
112 23 10 32 31 26 368 24 24 35 81 36 30
113 23 20 29 34 27 114 23 35 24 74 36 30
114 23 50 24 31 18 165 27 30 22 68 36 30
115 23 83 44 25 28 276 30 29 28 95 36 29
116 23 1 23 23 25 91 27 30 25 55 36 29
117 23 1 10 30 23 478 28 25 22 41 35 29
118 23 25 39 33 37 3 29 28 29 61 36 29
119 23 17 28 32 28 218 32 38 27 90 36 30
120 23 47 25 17 34 123 17 22 34 56 36 29
121 23 49 36 17 31 154 31 29 38 61 36 29
122 23 34 46 36 43 386 26 28 25 62 36 29
123 23 32 36 30 33 205 26 27 33 59 36 30
124 23 1 18 30 28 140 30 19 24 73 35 29
125 23 35 45 35 29 107 27 17 38 116 36 29
126 23 43 39 35 35 188 24 23 22 86 36 29
127 23 1 22 41 23 124 24 21 29 50 36 29
128 23 1 18 46 19 149 26 1 38 46 36 29
129 23 63 30 5 49 222 25 24 36 56 36 29
130 23 58 38 26 32 307 19 26 35 76 36 30
131 23 4 21 30 28 333 24 16 23 71 36 29
132 23 16 41 47 27 277 27 26 38 70 36 29
133 23 34 28 12 39 78 26 29 36 71 36 29
134 23 20 37 43 27 88 20 18 30 67 36 29
135 23 25 14 27 21 196 26 28 27 58 36 29
136 23 40 47 37 36 268 28 33 34 81 36 29
137 23 33 29 29 35 259 27 36 19 83 36 29
138 23 41 36 37 29 111 21 31 22 132 36 30
139 23 55 26 27 28 89 25 32 29 62 36 30
140 23 45 44 28 42 251 23 36 31 88 36 29
141 23 2 80 27 35 130 23 25 33 78 36 29
142 23 40 38 32 32 164 27 24 22 86 36 30
143 23 65 41 23 36 183 26 32 36 66 36 29
144 23 36 43 47 28 130 22 33 36 102 36 30
145 23 46 23 19 36 53 24 15 20 76 36 29
146 23 87 37 12 45 72 24 30 28 57 36 29
147 23 36 25 25 30 140 25 33 29 77 36 29
148 23 17 14 15 31 104 29 27 26 69 36 29
149 23 13 22 34 20 159 24 38 29 135 36 29
150 23 63 44 15 41 249 23 29 30 53 36 29
151 23 36 19 26 21 113 30 30 24 69 36 29
152 23 20 25 21 24 128 26 27 37 73 36 29
153 23 51 45 42 27 244 24 30 29 65 36 30
154 23 78 42 23 34 187 24 34 23 58 36 30
155 23 42 23 20 32 269 23 22 30 51 36 29
156 23 38 35 40 30 178 23 33 33 91 36 30
157 23 58 26 23 19 136 23 15 26 78 36 29
158 23 35 27 13 47 175 24 18 19 70 36 29
159 23 61 28 18 29 282 24 29 29 56 36 29
160 23 4 24 29 31 63 24 33 32 59 36 29
161 23 20 31 33 28 154 24 29 23 63 36 29
162 23 27 26 21 30 208 22 25 27 51 36 29
163 23 41 20 10 36 216 24 31 32 62 36 29
164 23 29 24 26 23 156 30 26 26 92 36 30
165 23 42 34 27 31 293 30 6 42 64 36 29
166 24 30 26 41 23 29 25 32 27 79 36 30
167 23 2 23 44 24 290 17 25 31 65 36 29
168 23 5 24 22 27 81 28 25 36 44 36 29
169 23 52 32 24 31 168 26 26 31 65 36 30
170 23 46 25 17 19 153 28 24 27 90 36 30
171 23 39 25 33 15 134 26 31 30 83 36 29
172 23 1 25 35 28 233 21 23 29 49 35 29
173 23 39 27 25 29 207 30 35 31 67 36 29
174 23 33 24 31 20 130 29 37 30 71 36 29
175 23 26 31 22 36 389 21 13 28 67 36 29
176 23 1 10 29 24 102 25 15 31 48 36 29
177 23 1 21 29 22 65 26 20 31 84 35 29
178 23 14 25 21 41 225 27 22 24 72 36 29
179 23 63 34 18 35 145 21 23 30 59 36 29
180 22 1 29 40 33 153 26 24 31 71 36 29
181 23 1 14 18 35 108 26 19 30 10 35 29
182 23 51 43 27 43 144 25 18 24 113 36 29
183 23 30 31 32 32 158 18 25 23 76 36 29
184 23 25 35 38 30 114 20 25 27 68 36 29
185 23 27 32 22 35 386 25 32 27 48 36 29
186 23 48 37 43 25 133 22 24 26 72 36 29
187 23 26 23 25 36 356 23 17 22 52 36 29
188 23 59 25 28 12 87 24 31 31 71 36 29
189 23 17 32 29 31 177 24 54 32 102 36 29
190 23 55 43 25 40 41 25 33 37 78 36 30
191 23 43 46 44 32 111 22 36 37 79 36 30
192 22 1 20 42 22 71 22 17 32 82 36 29
193 23 49 30 26 38 53 25 28 38 55 36 29
194 23 71 45 26 40 163 24 26 30 60 36 29
195 23 57 26 22 30 166 18 32 28 72 36 29
196 23 61 22 11 36 294 21 26 26 106 36 29
197 23 47 27 32 23 272 21 40 31 69 36 29
198 23 51 40 26 33 258 30 24 28 52 36 30
199 23 20 29 36 25 239 26 27 34 83 36 29
200 23 36 28 41 26 49 23 41 29 70 36 29
201 23 17 38 41 28 54 23 21 26 69 36 29
202 23 46 35 21 27 239 24 33 31 67 36 29
203 23 38 29 38 25 142 24 28 20 128 36 29
204 23 30 41 49 30 21 20 33 27 95 36 30
205 23 46 36 22 41 111 27 32 31 53 36 29
206 23 27 32 29 28 260 29 28 31 59 36 29
207 23 49 38 38 23 261 27 20 26 74 36 29
208 23 81 42 19 37 149 24 22 30 75 36 29
209 23 66 28 24 22 148 25 32 24 96 36 29
210 23 42 29 26 29 1 25 34 24 90 36 30
211 23 1 20 28 29 212 28 37 31 56 36 29
212 23 50 35 29 30 165 24 22 28 74 36 29
213 23 51 26 15 34 173 23 16 30 140 36 29
214 23 1 21 37 23 178 14 20 24 45 36 29
215 23 44 29 31 29 244 32 26 30 78 36 30
216 23 75 35 25 34 152 24 26 34 68 36 29
217 23 38 50 43 39 30 28 25 24 62 36 29
218 23 37 42 40 30 238 23 32 26 126 36 29
219 23 1 25 32 24 23 25 23 21 56 35 29
220 23 2 22 26 33 148 24 34 34 71 36 29
221 23 30 31 19 41 159 25 21 24 61 36 29
222 23 58 33 18 26 202 23 44 31 75 36 29
223 23 1 31 41 25 129 28 36 24 123 36 29
224 23 5 25 24 29 143 25 29 29 51 36 29
225 23 60 39 31 35 234 23 33 26 49 36 29
226 23 32 33 32 26 121 26 31 30 78 36 29
227 23 24 36 32 28 218 27 28 23 68 36 29
228 23 39 37 43 28 221 28 23 25 70 36 29
229 23 24 20 29 19 148 26 32 33 69 36 29
230 23 11 37 42 31 149 26 37 34 166 36 30
231 23 1 25 44 28 115 29 24 21 64 36 29
232 23 28 34 30 34 180 25 25 27 71 36 29
233 23 57 37 9 44 199 21 26 30 88 36 29
234 23 34 25 20 30 192 25 23 28 60 36 29
235 23 1 24 37 26 1 27 38 33 51 36 30
236 23 63 30 23 31 212 26 34 33 67 36 29
237 23 50 43 24 37 244 20 27 28 75 36 29
238 23 27 45 45 30 249 28 19 29 87 36 29
239 23 7 30 27 36 120 24 29 37 81 36 29
240 23 1 25 40 26 170 24 26 32 53 35 29
241 23 27 31 26 31 165 21 32 34 107 36 29
242 23 62 52 34 39 609 29 45 43 71 36 29
243 23 96 46 19 37 157 23 32 38 96 36 29
244 23 94 44 19 41 146 15 27 34 80 36 29
245 23 62 41 30 33 139 23 29 30 66 36 30
246 23 1 15 21 22 368 25 28 26 143 36 29
247 23 28 20 11 31 299 26 29 29 44 36 29
248 23 5 28 34 22 90 28 38 29 69 36 30
249 23 41 26 21 24 160 27 32 36 75 36 29
250 23 31 31 18 33 415 19 22 35 43 36 29
251 23 69 43 16 40 125 26 36 32 73 36 29
252 23 28 25 34 26 557 32 39 30 98 36 29
253 23 67 39 31 35 153 19 32 34 83 36 29
254 23 13 25 26 31 136 19 32 32 39 36 29
255 23 26 23 22 18 173 29 23 28 133 36 29
256 23 36 32 20 42 136 22 23 33 78 36 29
257 23 78 38 17 44 79 24 31 32 118 36 29
258 23 36 29 33 27 168 31 20 19 71 36 29
259 23 1 20 32 28 186 25 1 33 45 35 29
260 23 61 40 25 33 119 25 35 28 61 36 29
261 23 26 23 20 35 154 21 42 37 99 36 29
262 23 29 18 8 40 204 22 29 29 31 36 29
263 23 85 37 23 42 49 24 11 44 75 36 29
264 23 21 19 33 17 107 26 24 24 99 35 29
265 23 91 26 13 37 165 24 1 28 53 36 29
266 23 32 44 28 40 389 31 19 25 72 36 29
267 23 6 18 20 37 397 20 21 31 45 36 29
268 23 1 18 34 29 142 24 1 28 50 36 29
269 23 36 28 25 27 258 25 24 31 58 36 29
270 23 55 46 35 35 351 22 28 26 63 36 29
271 23 28 22 30 26 35 24 25 28 74 36 29
272 23 19 31 25 33 98 22 25 28 67 36 30
273 23 25 36 41 24 212 19 30 26 72 36 29
274 23 1 5 11 31 98 29 31 33 64 36 29
275 23 33 34 42 29 109 21 19 23 111 36 30
276 23 8 28 32 28 229 21 35 27 67 36 29
277 23 8 32 32 31 214 24 32 27 117 36 29
278 23 50 42 20 48 216 29 41 30 65 36 30
279 23 46 34 31 32 120 22 33 28 58 36 29
280 23 23 28 43 19 111 27 37 24 82 36 30
281 23 48 41 14 42 155 25 25 33 51 36 29
282 23 42 43 32 29 239 23 33 30 61 36 30
283 23 1 28 41 28 108 24 27 23 36 36 29
284 23 37 24 28 28 1 24 32 21 78 36 29
285 23 1 21 29 27 195 21 33 34 60 35 29
286 23 38 41 28 38 158 19 25 23 62 36 30
287 23 54 44 25 29 268 28 25 30 76 36 30
288 23 20 35 34 32 95 26 1 28 84 36 29
289 23 22 31 29 35 133 27 32 26 163 36 29
290 23 35 29 35 27 112 26 12 24 110 36 29
291 23 69 36 22 31 198 17 35 38 98 36 30
292 23 28 43 29 33 194 27 30 36 55 36 30
293 23 39 37 39 28 103 29 25 29 104 36 30
294 23 26 28 19 31 88 26 19 35 60 36 29
295 23 54 31 38 24 90 33 37 30 97 36 30
296 23 47 31 18 30 200 25 26 29 50 36 29
297 23 52 56 44 40 390 20 28 26 80 36 30
298 23 50 41 43 36 235 20 35 33 82 36 29
299 23 37 24 31 25 325 25 31 26 55 36 29
300 23 9 35 40 28 161 24 30 31 82 36 29
301 23 40 54 43 39 119 19 35 33 64 36 30
302 23 26 36 27 36 35 23 29 28 70 36 29
303 23 51 34 34 33 56 24 24 33 59 36 29
304 23 29 30 31 28 200 20 29 38 103 36 29
305 23 62 32 22 41 150 18 34 21 54 36 29
306 23 1 16 29 14 86 24 26 21 65 36 29
307 23 53 24 18 27 77 29 25 25 131 36 29
308 23 36 28 22 35 61 22 27 29 51 36 29
309 23 22 27 21 31 342 24 18 26 45 36 29
310 23 44 35 31 22 225 27 36 24 39 36 29
311 23 76 44 30 40 473 21 32 17 132 36 29
312 23 39 31 32 31 139 17 29 26 71 36 29
313 23 34 34 31 30 224 26 38 27 69 36 29
314 23 28 30 20 26 177 25 19 43 50 36 29
315 23 22 39 46 25 162 28 25 30 91 36 29
316 23 22 39 37 31 130 23 29 22 66 36 29
317 23 27 10 16 23 198 28 26 24 49 36 29
318 23 31 41 31 34 83 23 20 29 71 36 29
319 23 50 51 50 33 279 20 32 37 95 36 29
320 23 58 26 26 28 87 29 23 26 60 36 29
321 23 18 19 16 31 226 27 29 25 68 36 29
322 23 29 20 25 26 112 31 38 33 88 36 29
323 23 14 18 25 29 42 31 29 28 74 36 29
324 23 31 33 25 32 215 20 31 26 97 36 29
325 23 67 42 27 38 161 22 30 28 78 36 30
326 23 53 30 25 28 126 27 32 32 81 36 30
327 23 31 38 27 41 134 25 34 32 59 36 29
328 23 21 35 29 31 154 24 46 24 143 36 29
329 23 23 23 27 26 85 26 27 27 53 36 30
330 23 31 36 28 34 196 23 47 26 93 36 30
331 23 45 47 29 35 279 34 24 42 66 36 30
332 23 52 38 36 26 111 21 33 32 74 36 30
333 23 45 22 30 17 293 25 16 24 81 36 29
334 23 25 28 31 33 252 25 35 30 83 36 29
335 23 33 32 32 30 125 24 27 24 139 36 29
336 23 55 23 16 29 155 28 27 26 59 36 29
337 23 1 20 40 22 94 24 32 26 72 36 29
338 23 78 46 22 39 170 24 12 29 74 36 30
339 22 1 22 35 28 250 25 29 21 42 35 29
340 23 20 36 40 31 179 25 33 28 75 36 29
341 23 19 40 38 26 336 23 35 36 73 36 29
342 23 19 23 15 42 46 22 25 21 78 36 29
343 23 1 23 30 23 81 27 27 30 68 35 29
344 22 1 22 37 26 154 23 32 27 54 35 29
345 23 24 25 36 27 62 19 27 33 115 36 30
346 23 63 47 32 30 125 23 27 29 59 36 30
347 23 33 30 37 24 77 24 30 31 74 36 29
348 23 14 22 24 24 350 27 31 29 67 36 29
349 23 25 23 34 14 140 25 30 26 79 36 29
350 23 56 38 30 30 123 23 27 21 59 36 29
351 23 22 40 21 45 232 29 25 27 46 36 29
352 23 60 40 15 44 219 26 42 37 70 36 29
353 23 74 32 2 39 219 31 19 21 54 36 29
354 23 50 36 35 27 188 26 25 29 142 36 30
355 23 1 17 26 26 142 24 32 28 42 36 29
356 23 39 20 8 32 114 20 29 30 72 36 29
357 23 55 36 24 33 208 24 19 31 85 36 29
358 23 18 33 26 37 239 26 22 29 58 36 29
359 23 79 23 14 18 227 24 23 34 110 36 29
360 23 22 31 33 31 711 26 30 20 106 36 29
361 23 42 22 17 28 245 24 21 30 60 36 29
362 23 29 28 34 22 140 22 29 26 62 36 29
363 23 54 30 16 35 68 28 34 26 67 36 29
364 23 72 48 25 37 169 26 20 30 82 36 30
365 23 37 32 35 31 103 28 30 30 73 36 29
366 23 55 35 30 30 311 22 34 27 56 36 29
367 23 48 17 15 27 225 23 23 29 51 36 29
368 23 29 33 24 38 202 20 28 29 94 36 29
369 23 1 24 33 18 59 24 29 30 51 36 29
370 23 31 35 41 26 76 24 26 25 111 36 30
371 23 1 26 34 27 108 27 24 30 74 36 29
372 23 45 28 12 38 94 22 23 26 48 36 29
373 23 33 31 19 40 46 22 24 25 44 36 30
374 23 1 19 25 29 204 20 37 28 92 36 29
375 23 50 40 32 35 150 27 32 31 56 36 30
376 23 42 41 43 24 157 23 30 25 94 36 29
377 23 1 41 40 31 344 29 38 26 69 36 29
378 23 56 29 18 30 115 26 25 31 89 36 29
379 23 20 26 19 35 258 27 20 23 73 35 29
380 23 9 39 37 30 520 21 27 29 59 36 29
381 23 22 31 28 27 221 22 27 37 112 36 29
382 23 34 33 45 22 100 24 42 34 73 36 29
383 23 18 29 39 25 180 34 43 27 109 36 29
384 23 38 33 15 42 185 20 19 29 50 36 29
385 23 38 28 22 35 116 22 28 28 42 36 29
386 23 40 35 18 39 147 21 21 31 24 35 29
387 23 43 27 15 36 32 28 43 29 68 36 29
388 23 38 20 28 24 262 20 33 24 55 36 29
389 23 18 35 31 32 286 26 45 37 80 36 29
390 23 24 16 28 25 104 29 36 26 72 36 29
391 23 16 41 55 23 240 26 32 19 63 36 29
392 23 1 27 24 25 358 21 26 24 53 35 29
393 23 3 37 41 33 211 22 31 37 78 36 30
394 23 20 22 30 28 356 24 23 39 62 36 29
395 23 1 29 35 26 159 25 18 34 72 36 29
396 23 41 22 20 28 174 32 14 30 69 36 29
397 23 43 36 34 33 119 25 30 31 62 36 29
398 23 1 26 32 29 135 28 23 29 78 35 29
399 23 39 39 32 24 237 20 16 33 72 36 29
400 23 39 31 19 35 325 21 32 25 127 36 29
401 23 1 24 42 33 89 21 22 25 93 36 29
402 23 1 34 38 35 166 27 27 21 86 36 29
403 23 63 31 17 37 115 19 10 23 52 36 29
404 23 1 22 33 27 316 26 27 34 99 36 29
405 23 1 32 46 19 149 20 23 28 70 35 29
406 23 40 37 40 26 97 24 38 33 71 36 30
407 23 1 20 28 26 108 27 41 23 51 35 29
408 23 52 32 24 32 200 23 22 29 74 36 29
409 23 74 37 22 31 296 29 29 32 58 36 29
410 23 34 26 24 27 33 31 31 28 113 36 29
411 23 49 32 13 45 70 27 25 34 92 36 29
412 23 17 32 25 31 153 23 1 37 105 36 29
413 23 5 31 26 29 160 24 16 28 73 36 30
414 23 34 27 29 24 223 25 26 31 60 36 30
415 23 40 40 25 39 55 25 29 30 106 36 29
416 23 36 37 31 31 104 27 30 22 99 36 30
417 23 35 28 27 27 200 25 24 33 81 36 29
418 23 22 22 26 26 174 23 20 33 73 36 30
419 23 11 32 31 36 138 23 28 30 108 36 29
420 23 8 19 34 19 128 27 31 29 70 36 29
421 23 4 34 30 34 268 25 28 33 46 36 29
422 23 40 30 14 36 113 23 24 28 27 35 29
423 23 51 38 31 34 157 24 30 27 52 36 29
424 23 17 26 34 30 124 26 17 26 65 36 30
425 23 11 35 32 36 156 27 32 27 78 36 29
426 23 34 39 46 23 369 25 34 30 83 36 29
427 23 40 34 25 32 204 24 19 27 41 36 30
428 23 47 52 43 38 133 22 32 38 87 36 29
429 23 24 32 25 32 188 20 21 25 66 36 29
430 23 71 30 22 37 155 21 24 20 64 36 29
431 23 2 34 34 29 254 24 40 56 60 36 29
432 23 56 42 26 35 465 24 33 27 73 36 29
433 23 34 23 29 24 173 23 28 32 76 36 29
434 23 38 35 36 23 177 23 31 34 101 36 29
435 23 58 37 29 35 143 25 32 30 106 36 29
436 23 46 28 12 39 42 27 9 27 82 36 29
437 23 54 20 13 38 219 17 1 34 56 36 29
438 24 28 29 27 27 147 30 27 34 58 36 30
439 23 32 53 53 29 83 26 36 25 67 36 29
440 23 36 32 14 35 76 26 21 23 47 36 29
441 23 40 31 20 37 73 25 25 28 73 36 29
442 23 47 25 28 30 47 25 36 29 64 36 30
443 23 56 25 7 35 97 23 26 21 65 36 29
444 23 19 25 31 25 150 27 32 30 95 36 29
445 23 50 28 28 25 211 22 36 28 63 36 30
446 23 51 26 17 25 260 26 27 31 73 36 29
447 23 9 23 33 25 293 25 35 19 232 36 29
448 23 33 27 26 25 291 26 2 25 59 36 29
449 23 37 30 35 25 68 27 30 32 70 36 30
450 23 38 29 11 39 500 20 19 25 57 36 29
451 23 47 34 26 24 104 26 31 33 54 36 30
452 23 40 35 31 32 216 23 39 31 72 36 29
453 23 71 37 27 29 59 25 25 23 75 36 29
454 23 38 22 30 30 158 19 26 32 62 36 29
455 23 22 26 23 35 173 25 31 22 52 36 29
456 23 1 31 30 19 186 24 28 21 60 36 29
457 23 17 27 36 18 161 24 34 25 74 36 29
458 23 76 25 13 31 112 27 24 33 58 36 29
459 24 29 25 26 28 83 22 1 30 44 36 29
460 23 1 16 7 39 363 27 27 13 28 35 29
461 23 493 2004 815 607 1837 73 317 69 138 36 30
462 23 1 44 43 32 170 26 18 32 48 36 29
463 23 51 33 17 51 1 20 1 33 40 36 29
464 23 18 24 28 35 80 27 23 34 59 36 29
465 23 48 29 18 35 209 19 31 33 200 36 29
466 23 45 31 35 34 128 24 34 32 76 36 29
467 23 14 26 43 28 220 21 27 26 80 36 29
468 23 53 48 32 38 185 26 18 30 66 36 29
469 23 31 36 35 32 140 25 22 26 76 36 29
470 23 15 35 32 34 199 27 41 30 64 36 29
471 23 44 40 24 40 228 27 19 23 65 36 29
472 23 18 27 31 22 161 28 40 28 54 36 29
473 23 39 31 23 31 158 21 33 31 89 36 29
474 23 32 33 28 33 1 22 27 24 57 36 29
475 23 31 25 30 21 146 23 30 30 62 36 29
476 23 46 32 23 33 273 31 33 32 56 36 29
477 23 23 24 34 26 175 26 34 32 74 36 29
478 23 72 45 19 42 260 24 29 31 79 36 29
479 23 44 27 18 34 131 28 31 27 78 36 29
480 23 37 31 36 31 39 27 34 28 69 36 30
481 23 30 25 23 28 239 22 21 30 65 36 29
482 23 57 28 15 27 109 24 28 28 74 36 29
483 23 88 37 16 39 115 20 33 22 58 36 30
484 23 32 25 13 39 18 23 32 30 114 36 29
485 23 23 29 25 26 170 28 20 25 62 36 29
486 23 1 22 40 24 50 25 43 35 51 36 29
487 23 44 35 22 40 175 25 28 26 41 36 29
488 23 46 30 23 22 209 26 27 32 72 36 29
489 23 1 29 45 28 71 20 34 38 56 36 29
490 23 14 28 37 24 377 28 41 27 64 36 29
491 23 46 31 36 18 127 22 32 23 69 36 29
492 23 78 51 23 42 209 25 40 29 77 36 29
493 23 44 31 30 32 175 28 29 27 87 36 30
494 23 45 30 14 41 102 25 24 36 62 36 29
495 23 60 35 20 32 163 21 27 32 51 36 30
496 23 71 24 6 37 56 25 31 29 62 36 29
497 23 40 15 10 36 197 25 10 31 40 36 29
498 23 54 34 19 34 218 23 14 28 98 36 29
499 23 30 22 21 25 71 23 22 28 50 36 29
500 23 1 22 25 28 258 28 29 30 58 36 29
501 23 27 33 27 24 160 26 18 41 61 36 29
502 23 20 25 11 37 166 22 19 27 66 36 30
503 23 28 21 18 26 285 21 22 31 93 36 30
504 23 43 45 20 41 160 30 33 38 59 36 30
505 23 63 34 20 36 172 20 26 28 48 36 29
506 23 33 40 36 37 54 22 33 28 76 36 30
507 23 63 21 6 31 67 27 16 32 108 36 29
508 23 52 43 45 29 672 22 36 25 100 36 30
509 23 90 26 13 35 74 29 19 29 69 36 29
510 23 72 44 23 39 227 18 22 34 82 36 29
511 23 53 39 27 39 376 22 22 23 107 36 29
512 23 25 42 51 25 178 24 30 29 75 36 29
513 23 43 46 32 36 202 23 32 38 58 36 29
514 23 17 29 29 26 308 27 30 25 84 36 30
515 23 22 31 40 24 87 31 29 30 79 36 30
516 23 40 34 41 21 214 23 27 20 61 36 29
517 23 53 41 31 32 293 25 30 29 69 36 30
518 23 26 26 24 29 95 25 28 28 99 36 29
519 24 29 32 36 28 56 26 30 22 54 36 30
520 23 1 25 34 22 83 24 24 32 51 36 29
521 23 9 48 55 28 174 26 34 37 75 36 29
522 23 35 23 16 33 252 27 23 28 41 36 29
523 23 1 13 22 21 128 26 15 26 62 36 29
524 23 50 37 23 45 2 24 24 27 64 36 30
525 23 26 37 32 39 195 19 25 31 74 36 30
526 23 34 22 19 36 176 26 19 24 49 36 29
527 23 1 39 33 39 75 29 27 23 68 36 29
528 23 34 35 22 42 525 25 34 34 117 36 29
529 23 50 21 13 37 144 18 24 32 113 36 29
530 23 43 33 30 27 179 20 23 20 62 36 29
531 23 48 37 30 27 181 26 31 36 69 36 30
532 23 34 30 28 27 388 19 20 28 46 36 29
533 23 1 22 45 22 192 28 26 33 64 36 29
534 23 71 39 17 41 98 28 24 29 90 36 29
535 23 60 27 19 28 93 27 29 27 60 36 29
536 23 31 33 28 27 190 25 20 26 85 36 30
537 23 35 19 25 24 227 26 43 27 78 36 29
538 23 52 35 19 32 230 27 18 24 51 36 29
539 23 16 30 35 28 199 28 29 31 84 36 30
540 23 27 33 36 22 230 25 25 26 66 36 29
541 23 26 26 31 16 176 24 26 24 64 36 29
542 23 19 34 26 33 221 24 39 23 47 36 29
543 23 49 29 30 25 121 29 26 35 70 36 29
544 23 13 28 32 28 30 29 27 24 64 36 29
545 23 25 24 28 29 104 26 9 26 79 36 29
546 23 1 42 55 22 172 25 22 32 76 36 29
547 23 37 36 31 26 142 24 24 33 56 36 29
548 23 1 22 22 34 560 26 25 22 49 36 29
549 23 20 31 33 39 86 23 34 28 55 36 29
550 23 1 28 41 23 287 27 1 31 98 36 29
551 23 11 20 40 14 110 28 32 28 75 36 29
552 23 21 36 26 39 186 18 24 36 75 36 30
553 23 1 20 25 26 192 26 27 26 65 36 29
554 23 66 52 35 32 201 27 38 32 174 36 30
555 23 64 37 14 29 79 25 21 32 59 36 29
556 23 50 39 32 32 302 21 27 36 54 36 29
557 23 52 32 21 33 127 23 33 28 143 36 30
558 23 1 26 45 27 325 26 26 30 42 35 29
559 23 31 32 29 33 258 27 26 32 54 36 30
560 23 52 30 18 33 145 31 20 29 62 36 29
561 23 31 29 38 29 248 23 24 33 122 36 29
562 23 1 36 26 30 182 27 33 29 99 36 29
563 23 48 36 27 31 81 28 19 23 83 36 29
564 23 42 47 41 34 246 28 32 28 56 36 30
565 23 11 28 33 30 113 24 22 27 96 36 29
566 23 78 35 11 38 111 25 24 36 75 36 29
567 23 33 29 37 22 152 28 26 26 126 36 29
568 23 45 47 26 37 190 28 30 36 79 36 29
569 23 1 18 33 27 193 25 25 33 53 35 29
570 23 1 7 19 24 134 27 31 24 74 36 29
571 23 1 26 27 34 1 23 25 21 38 35 29
572 23 53 37 21 38 163 23 17 26 44 36 29
573 24 76 37 23 38 325 25 24 25 78 36 30
574 23 32 44 39 38 375 27 24 35 66 36 30
575 23 58 30 31 21 82 25 27 22 92 36 29
576 23 108 38 15 34 134 19 30 32 62 36 29
577 23 6 34 32 37 41 21 25 37 59 36 29
578 23 5 29 22 39 121 17 27 34 39 36 30
579 23 48 32 30 24 316 30 44 29 78 36 30
580 23 23 37 39 32 375 24 28 31 104 36 29
581 23 1 25 32 34 203 17 29 29 28 35 29
582 23 37 39 50 26 95 26 30 28 123 36 30
583 23 47 21 14 31 147 30 26 27 59 36 29
584 23 79 38 17 42 122 26 20 32 75 36 29
585 23 49 37 34 43 59 22 35 33 65 36 29
586 23 34 13 18 32 37 18 15 35 60 36 29
587 23 25 38 30 35 192 21 24 32 76 36 30
588 23 41 30 33 29 225 26 22 23 85 36 29
589 23 49 43 33 37 412 25 33 31 89 36 29
590 23 36 43 25 37 183 25 22 29 45 36 29
591 23 61 47 33 36 495 22 25 32 182 36 29
592 23 1 22 41 13 129 25 18 22 52 35 29
593 23 20 38 33 27 159 25 23 27 78 36 29
594 23 41 44 41 20 242 24 40 28 91 36 29
595 23 39 45 39 35 210 24 29 21 81 36 29
596 23 25 30 43 23 68 22 31 27 109 36 29
597 23 38 37 24 37 157 27 27 30 58 36 30
598 23 30 30 27 29 163 24 32 26 63 36 30
599 23 17 31 30 33 99 22 24 30 56 36 29
600 23 35 33 27 31 241 26 27 32 55 36 29
601 23 36 40 34 36 460 27 25 31 74 36 29
602 23 52 35 29 33 129 23 23 27 69 36 29
603 23 83 37 10 42 19 23 24 33 61 36 29
604 23 25 43 41 35 224 25 32 28 59 36 30
605 23 35 27 20 39 40 29 24 28 119 36 30
606 23 31 23 17 37 1 27 1 32 53 36 29
607 23 1 36 47 26 165 22 27 26 52 36 29
608 23 67 47 26 47 338 28 22 30 95 36 29
609 23 31 20 17 30 96 21 13 33 68 36 30
610 23 45 17 25 21 77 23 24 27 72 36 29
611 23 28 35 33 32 126 24 10 30 47 36 30
612 23 28 22 28 24 128 21 28 29 49 36 29
613 24 55 42 17 46 93 26 23 25 52 36 29
614 23 43 27 21 33 90 21 25 33 61 36 29
615 23 40 24 17 34 126 22 25 31 57 36 29
616 23 34 31 27 26 187 28 32 23 57 36 29
617 23 24 39 42 27 180 22 30 34 89 36 29
618 23 40 35 21 39 51 20 24 28 46 36 29
619 23 42 40 24 43 174 19 27 24 59 36 29
620 23 1 24 26 27 390 24 29 28 51 36 29
621 23 22 30 19 32 397 25 32 32 147 36 29
622 23 68 50 36 36 189 23 21 28 62 36 30
623 23 35 28 22 28 96 28 30 29 78 36 29
624 23 24 31 26 30 441 25 1 38 67 35 29
625 23 51 20 15 34 183 24 26 34 45 36 29
626 23 65 28 23 23 350 22 23 16 68 36 29
627 23 38 47 31 40 103 30 33 32 58 36 29
628 23 20 38 28 29 228 23 22 29 42 36 29
629 23 26 40 31 37 220 23 32 27 52 36 29
630 23 20 37 27 33 151 24 29 34 73 36 29
631 23 24 28 29 30 1 20 27 25 70 36 29
632 23 50 35 38 25 224 23 39 26 73 36 29
633 23 6 32 38 25 93 29 26 32 92 36 29
634 23 53 36 20 36 190 24 37 31 62 36 29
635 23 25 31 41 27 133 29 45 24 67 36 30
636 23 45 27 23 20 76 22 28 26 76 36 29
637 23 1 38 49 22 200 23 23 21 42 36 29
638 23 60 39 38 26 415 25 37 32 60 36 29
639 23 28 31 32 32 175 19 26 23 67 36 29
640 23 42 28 23 28 466 22 31 26 138 36 29
641 23 41 38 28 35 198 27 25 32 89 36 29
642 23 79 23 10 28 839 20 26 26 162 36 29
643 23 70 39 29 31 155 26 27 31 65 36 29
644 23 47 39 35 29 214 24 32 28 51 36 29
645 23 34 36 35 26 122 26 7 29 76 36 29
646 23 25 38 50 18 245 26 26 34 98 36 29
647 23 31 29 29 28 244 23 37 27 88 36 29
648 23 33 23 19 33 139 19 24 28 48 36 29
649 23 62 46 37 32 284 18 34 22 76 36 30
650 23 8 31 27 35 191 28 27 27 53 36 29
651 23 40 25 23 31 371 27 28 35 57 36 29
652 23 22 31 37 24 296 23 27 26 58 36 29
653 23 37 29 29 29 103 24 34 27 78 36 29
654 23 40 25 29 28 99 24 29 23 92 36 29
655 23 41 23 6 42 65 20 30 32 42 36 29
656 23 52 45 31 30 181 27 9 25 56 36 29
657 23 49 32 26 34 261 24 30 34 68 36 29
658 23 38 33 18 31 150 23 24 22 105 36 29
659 23 65 54 45 34 392 25 29 38 98 36 29
660 23 42 21 6 39 99 18 19 26 31 36 29
661 23 47 24 26 19 202 23 25 25 80 36 29
662 23 18 27 34 24 448 28 34 25 101 36 30
663 23 29 23 20 32 42 23 26 29 78 36 29
664 23 67 32 18 29 168 19 15 19 80 36 29
665 23 38 41 46 29 228 25 38 24 75 36 29
666 23 1 31 35 35 145 19 33 31 66 36 29
667 23 90 39 8 40 566 26 21 23 82 36 29
668 23 22 32 25 38 209 22 26 31 48 36 29
669 23 44 24 29 31 66 29 21 22 64 36 30
670 23 21 20 25 32 239 22 6 40 81 36 30
671 23 80 41 23 36 170 30 28 37 81 36 29
672 23 1 13 32 26 247 24 22 23 56 36 29
673 23 32 36 39 29 257 26 27 27 62 36 30
674 23 33 24 31 23 72 25 32 27 126 36 29
675 23 15 38 55 14 205 22 29 27 108 36 29
676 23 68 49 29 37 181 26 28 30 61 36 30
677 23 27 35 40 26 98 23 33 24 78 36 30
678 23 55 34 20 30 139 27 26 23 46 36 29
679 23 39 26 26 34 49 25 25 30 68 36 29
680 23 47 32 29 30 86 22 33 24 97 36 29
681 23 16 35 31 36 220 24 34 36 72 36 29
682 23 1 22 33 22 189 27 1 29 90 35 29
683 23 66 45 37 29 145 24 26 22 64 36 30
684 23 1 22 37 18 155 25 22 23 76 35 29
685 23 59 35 30 40 25 17 33 29 51 36 30
686 23 23 9 23 18 89 24 34 32 64 36 29
687 23 41 29 17 33 225 23 27 29 67 36 29
688 23 43 21 12 35 152 25 29 27 50 36 29
689 23 29 27 39 21 92 23 26 31 48 36 29
690 23 58 31 29 36 132 22 26 31 82 36 29
691 23 8 31 42 34 190 24 30 23 71 36 29
692 23 35 34 41 26 73 27 21 24 68 36 29
693 23 25 31 23 38 134 22 31 27 56 36 29
694 23 45 41 30 34 140 26 26 35 97 36 30
695 23 24 17 19 27 161 26 20 35 45 36 29
696 23 60 46 39 28 167 23 24 24 73 36 29
697 23 11 20 27 21 186 21 17 36 72 36 29
698 23 22 19 20 29 53 24 30 28 112 36 29
699 23 1 22 36 18 235 31 41 26 66 36 29
700 23 11 23 29 20 152 24 34 22 110 36 29
701 23 24 21 24 31 109 20 22 28 127 36 29
702 23 1 30 42 31 239 21 26 26 49 36 29
703 23 34 32 31 25 160 27 35 33 64 36 29
704 23 78 37 15 40 255 28 27 32 81 36 30
705 23 78 37 28 32 337 17 29 23 69 36 30
706 23 8 12 17 17 116 26 24 33 99 36 29
707 23 57 30 21 37 45 23 19 26 54 36 30
708 23 22 31 31 32 49 24 31 32 52 36 29
709 23 11 30 36 25 256 27 29 25 103 36 29
710 23 1 25 32 27 95 26 26 24 37 35 29
711 23 48 29 25 27 279 27 31 27 129 36 29
712 23 105 50 16 38 165 21 23 28 61 36 29
713 23 30 29 16 38 290 26 26 28 39 36 29
714 23 88 52 25 30 231 24 18 31 75 36 29
715 23 34 30 29 31 149 18 25 18 71 36 29
716 23 1 29 34 27 109 25 38 32 72 36 29
717 23 27 15 18 31 229 19 25 35 73 36 29
718 23 9 24 23 24 155 31 26 26 74 36 29
719 23 40 48 33 42 283 22 37 31 83 36 29
720 23 25 41 35 36 228 22 25 28 73 36 29
721 23 60 39 15 37 150 28 27 24 59 36 29
722 23 22 31 23 35 125 24 30 25 65 36 30
723 23 57 36 34 32 215 28 24 26 72 36 30
724 23 21 43 43 34 69 28 43 29 72 36 29
725 23 17 26 28 21 102 25 25 29 70 36 29
726 23 1 24 38 27 64 26 1 33 55 35 29
727 23 60 32 27 29 120 22 35 30 69 36 29
728 23 46 39 31 30 134 30 27 26 80 36 29
729 23 20 27 28 35 122 22 30 26 50 36 29
730 23 46 47 41 33 324 27 22 22 60 36 29
731 23 1 36 40 31 165 26 50 34 67 36 29
732 23 54 35 22 28 196 23 34 27 111 36 29
733 23 16 38 35 37 116 24 28 28 70 36 29
734 23 38 24 37 19 122 22 25 23 75 36 29
735 23 27 22 15 42 76 26 31 33 56 36 29
736 23 34 28 30 29 247 26 34 31 58 36 29
737 23 1 24 36 20 153 20 26 28 64 36 29
738 23 7 25 29 16 184 29 27 34 124 36 29
739 23 24 26 32 30 234 30 24 27 86 36 29
740 23 32 38 30 30 164 24 39 33 72 36 30
741 23 74 47 30 32 245 17 25 30 109 36 30
742 23 31 34 20 40 203 25 18 29 64 36 29
743 23 31 43 29 30 484 22 16 22 67 36 29
744 23 30 34 39 29 135 24 19 26 76 36 30
745 23 40 27 24 32 90 24 33 23 80 36 29
746 23 1 28 30 33 1 23 35 28 65 36 29
747 24 49 33 17 40 237 28 18 26 60 36 30
748 23 42 32 19 38 100 28 33 22 35 36 29
749 23 54 41 39 24 139 29 24 29 69 36 30
750 23 27 29 16 38 153 23 23 23 35 36 29
751 23 33 39 39 24 233 26 20 27 72 36 30
752 23 54 37 26 26 321 31 23 24 79 36 29
753 23 17 35 35 36 150 19 23 30 44 36 29
754 23 37 30 29 26 138 26 30 32 80 36 29
755 23 23 31 26 39 123 22 21 29 42 36 29
756 23 53 23 14 39 123 25 28 33 42 36 29
757 23 8 21 25 28 127 22 24 29 70 36 29
758 23 16 26 27 19 119 29 34 29 73 36 29
759 23 56 30 24 26 151 29 20 22 59 36 29
760 24 38 35 38 37 104 24 33 28 79 36 30
761 23 56 44 21 33 167 27 22 18 80 36 30
762 23 32 30 23 31 196 26 38 24 97 36 29
763 23 41 22 20 30 39 33 32 25 68 36 29
764 23 18 23 31 34 72 21 28 31 42 36 29
765 23 22 36 27 32 131 30 21 33 76 36 29
766 23 23 19 5 40 94 21 28 29 40 36 29
767 23 27 23 12 33 434 26 26 31 55 36 29
768 23 1 17 27 29 51 23 22 30 57 36 29
769 23 1 31 34 33 53 20 26 18 55 36 29
770 23 48 28 19 34 165 26 30 23 79 36 29
771 23 1 28 35 22 66 29 31 25 72 36 29
772 23 67 37 29 23 126 25 23 43 95 36 29
773 23 39 43 36 29 200 19 26 35 113 36 29
774 23 26 41 32 26 172 23 24 24 169 36 29
775 23 27 23 33 34 1 22 25 27 59 36 29
776 23 68 52 33 37 123 25 32 32 87 36 30
777 23 75 37 4 46 199 20 32 41 75 36 30
778 23 34 39 22 41 308 23 31 33 55 36 29
779 23 30 43 45 32 191 21 30 29 102 36 30
780 23 64 32 36 23 115 22 39 27 61 36 29
781 23 15 18 22 27 114 26 26 26 51 36 29
782 23 41 42 30 41 150 25 18 27 101 36 30
783 23 49 26 19 28 166 29 35 29 90 36 29
784 23 50 36 24 32 223 31 29 34 63 36 29
785 23 1 46 44 37 46 32 30 32 50 36 29
786 23 28 37 30 25 238 26 1 31 74 36 29
787 23 72 44 34 31 233 21 35 25 104 36 30
788 23 43 35 36 24 185 28 34 27 81 36 29
789 23 27 38 37 36 212 20 24 34 62 36 30
790 23 1 22 27 27 206 30 34 33 55 35 29
791 23 29 35 42 25 291 27 29 31 58 36 29
792 23 57 31 20 34 70 24 31 30 71 36 29
793 23 35 26 34 21 229 29 27 24 91 36 29
794 23 34 16 13 30 220 29 16 34 44 36 29
795 23 46 33 20 33 143 25 29 23 56 36 30
796 23 1 15 26 27 282 30 35 27 79 36 29
797 23 26 29 24 39 74 23 20 34 120 36 30
798 23 1 16 32 17 216 26 24 30 70 36 29
799 23 32 39 36 29 237 24 29 35 81 36 30
800 23 48 30 22 24 252 30 13 25 46 36 29
801 23 1 24 35 16 42 27 35 32 108 36 29
802 23 56 23 10 40 221 21 29 26 66 36 29
803 23 32 29 32 33 105 25 29 27 65 36 30
804 23 37 27 12 38 222 24 25 28 47 36 29
805 23 20 35 30 37 203 27 38 26 59 36 29
806 23 1 21 39 16 173 24 26 19 35 35 29
807 23 42 26 11 41 97 19 14 27 50 36 29
808 23 65 40 19 45 74 29 27 26 42 36 29
809 23 53 38 22 41 545 20 30 27 109 36 29
810 23 81 51 23 38 212 24 27 34 95 36 29
811 23 5 21 19 33 115 28 29 37 61 36 29
812 23 38 37 36 31 141 20 28 27 58 36 29
813 23 47 42 24 28 223 25 26 23 69 36 29
814 23 1 25 42 24 93 23 43 31 50 36 29
815 23 40 30 39 22 183 24 32 31 84 36 29
816 23 39 38 26 36 175 26 21 26 59 36 29
817 23 38 22 22 23 224 25 40 23 54 36 29
818 23 15 32 28 28 79 26 30 33 92 36 29
819 23 1 19 33 26 113 27 32 26 38 36 29
820 23 11 22 22 30 4 22 26 31 59 36 29
821 23 1 22 18 25 139 22 28 27 55 36 29
822 23 28 25 26 34 111 23 34 27 61 36 29
823 23 33 31 39 20 126 27 25 27 90 36 29
824 23 26 36 44 23 112 26 36 29 97 36 29
825 23 26 39 44 27 205 23 31 28 122 36 29
826 23 33 18 21 27 132 25 17 25 47 36 29
827 23 63 36 26 29 294 25 34 24 86 36 30
828 23 35 25 22 30 134 22 27 37 110 36 30
829 23 28 18 24 24 208 28 21 33 62 36 29
830 23 26 30 21 27 145 22 18 32 142 36 29
831 23 13 25 25 27 146 28 25 27 65 36 29
832 23 71 48 33 34 126 24 27 32 75 36 29
833 23 66 45 37 40 49 23 32 38 91 36 30
834 23 15 20 24 22 105 21 30 30 105 36 29
835 23 23 24 10 39 210 30 28 33 67 36 29
836 23 37 35 22 37 103 25 34 30 70 36 29
837 23 54 25 24 31 281 21 22 27 111 36 29
838 23 7 33 32 29 143 18 31 33 57 36 29
839 23 28 48 35 46 209 29 11 36 57 36 30
840 23 40 30 34 30 82 21 36 30 71 36 30
841 23 1 29 41 19 168 21 1 36 48 35 29
842 23 45 25 29 23 65 24 33 29 74 36 29
843 23 1 16 16 37 325 21 20 23 47 35 29
844 23 44 29 19 37 134 32 37 30 73 36 29
845 23 41 36 37 28 193 26 33 29 70 36 29
846 23 18 13 26 25 102 23 23 27 100 36 29
847 23 62 37 23 30 255 24 30 28 78 36 29
848 23 12 23 25 27 178 25 31 21 47 36 29
849 23 58 45 28 33 328 28 21 32 84 36 29
850 23 53 31 19 41 186 26 21 24 47 36 30
851 23 28 27 11 42 154 25 22 27 53 36 29
852 23 1 30 40 24 142 22 25 32 67 36 29
853 23 53 31 34 15 324 26 24 31 149 36 29
854 23 47 42 37 34 156 28 23 29 62 36 30
855 23 42 28 35 18 142 28 22 26 133 36 29
856 23 55 36 34 29 202 23 26 22 92 36 29
857 23 56 40 28 30 272 23 17 31 117 36 30
858 23 11 17 18 24 173 29 40 38 52 36 29
859 23 1 16 28 28 111 25 18 29 42 36 29
860 23 20 22 25 27 111 23 40 27 96 36 29
861 23 1 16 17 24 251 30 40 24 57 36 29
862 23 35 40 34 34 244 25 12 34 48 36 30
863 23 48 30 25 31 307 25 25 26 54 36 29
864 23 55 44 18 42 165 26 20 32 65 36 29
865 23 1 11 27 27 78 27 27 39 56 36 29
866 23 29 32 36 24 159 30 51 23 74 36 30
867 23 55 26 21 22 104 23 19 24 175 36 29
868 23 1 15 27 33 71 23 28 24 50 36 30
869 23 6 30 24 36 102 26 30 31 90 36 29
870 23 50 35 24 32 316 24 24 25 105 36 29
871 23 8 39 40 25 109 28 20 23 72 36 30
872 23 38 36 40 28 575 25 31 30 84 36 29
873 23 55 37 15 34 188 26 29 38 66 36 29
874 23 23 33 22 35 187 29 24 38 86 36 29
875 23 41 27 20 30 97 20 28 33 58 36 29
876 23 43 37 30 35 93 25 30 32 87 36 29
877 23 33 25 30 22 181 29 46 30 81 36 30
878 23 42 38 28 37 140 16 32 33 52 36 29
879 23 17 26 27 37 27 21 1 42 55 36 30
880 23 27 40 36 39 76 27 31 29 74 36 29
881 23 37 37 42 23 164 31 35 32 91 36 29
882 23 1 22 26 29 117 28 26 35 52 36 29
883 24 46 29 18 34 1 27 32 29 100 36 30
884 23 34 32 22 36 277 18 21 31 53 36 29
885 23 22 40 35 34 239 22 24 32 53 36 29
886 23 1 18 35 23 79 21 31 26 51 36 29
887 23 51 36 32 33 180 19 24 33 140 36 30
888 23 28 33 22 33 164 25 19 23 30 36 29
889 23 69 35 24 21 183 20 1 36 72 36 29
890 23 46 26 34 22 206 30 24 21 59 36 29
891 23 16 34 23 23 282 21 25 29 78 36 29
892 23 59 19 20 29 108 24 28 32 61 36 29
893 23 37 31 32 26 42 27 25 34 69 36 30
894 23 1 18 26 26 223 26 24 29 59 36 29
895 23 75 19 14 40 7 23 38 29 36 36 29
896 23 15 41 38 39 92 34 25 22 61 36 30
897 23 21 43 44 23 134 24 23 28 70 36 29
898 23 1 30 32 38 206 27 22 27 102 36 29
899 23 1 17 19 36 222 24 35 18 43 35 29
900 23 31 30 37 34 217 22 27 29 51 36 29
901 23 1 38 37 41 162 26 28 21 53 36 29
902 23 42 28 12 44 128 26 23 26 34 36 29
903 23 36 24 29 19 116 21 25 26 59 36 29
904 23 28 36 40 31 78 22 33 25 76 36 30
905 23 1 24 37 11 146 29 19 28 58 35 29
906 23 36 47 53 22 129 24 30 34 71 36 29
907 23 10 25 19 34 177 22 27 36 63 36 29
908 23 41 32 23 38 136 20 30 32 103 36 29
909 23 46 36 22 33 208 21 1 29 52 36 29
910 23 29 24 22 29 208 22 29 18 93 36 29
911 23 47 35 33 27 131 29 28 38 68 36 30
912 23 1 33 42 39 163 31 28 34 64 36 29
913 23 7 30 46 33 81 18 35 27 70 36 29
914 23 39 25 6 42 206 22 22 19 220 36 29
915 23 48 30 3 39 191 25 16 32 44 36 29
916 23 32 18 20 18 122 22 23 28 55 36 29
917 23 52 25 16 26 127 25 27 31 65 36 30
918 23 27 29 36 25 103 27 29 36 142 36 30
919 23 34 27 6 40 126 23 22 30 44 36 29
920 23 16 22 22 27 108 32 23 29 44 36 29
921 23 23 29 24 34 602 27 25 28 63 36 29
922 23 1 34 38 33 304 23 25 25 52 36 29
923 23 42 31 16 35 139 24 24 30 100 36 29
924 23 24 27 22 28 107 27 24 26 98 36 29
925 23 50 34 23 36 150 23 29 30 75 36 29
926 23 77 25 9 33 184 20 27 23 58 36 29
927 23 23 25 25 28 256 27 27 35 73 36 29
928 23 58 38 27 40 166 28 21 25 52 36 29
929 23 1 31 48 26 148 26 34 25 88 36 29
930 23 59 49 36 38 174 24 37 31 67 36 29
931 23 23 25 30 28 78 23 37 30 97 36 29
932 23 48 38 32 32 128 24 35 34 91 36 29
933 23 58 29 1 32 134 28 31 29 66 36 29
934 23 33 29 14 34 142 28 12 24 84 36 29
935 23 29 31 15 44 52 26 30 29 31 36 29
936 23 1 17 37 27 26 29 32 28 44 36 29
937 23 27 35 28 27 200 22 21 34 58 36 29
938 23 53 29 28 29 159 24 26 19 54 36 29
939 23 35 21 9 40 65 23 27 35 43 36 29
940 23 1 26 40 35 82 25 20 22 64 36 29
941 23 25 35 38 31 182 25 27 27 56 36 29
942 23 46 12 21 8 188 26 2 38 116 36 29
943 23 35 18 19 27 100 21 34 27 44 36 29
944 23 1 26 39 19 134 25 22 34 55 36 29
945 23 37 33 38 34 57 19 26 28 78 36 29
946 23 26 38 33 36 94 24 30 29 67 36 30
947 23 34 43 33 32 522 23 24 42 78 36 29
948 23 27 28 33 24 90 25 21 26 62 36 29
949 23 49 32 24 31 249 19 26 28 61 36 29
950 23 50 27 31 28 20 22 29 23 67 36 29
951 23 33 28 27 32 63 23 27 34 129 36 29
952 23 76 18 6 33 69 33 24 26 69 36 29
953 23 26 35 40 25 166 33 37 31 96 36 29
954 23 76 31 28 25 266 23 36 29 60 36 29
955 23 51 39 16 32 341 28 27 30 66 36 29
956 23 93 44 19 38 412 28 37 22 60 36 29
957 23 1 35 34 32 141 18 24 31 60 36 29
958 23 39 21 36 27 247 26 27 27 73 36 29
959 23 51 30 14 37 129 19 38 29 75 36 29
960 23 52 40 31 38 102 31 26 43 62 36 29
961 23 58 27 20 35 151 18 26 33 78 36 29
962 23 14 29 25 32 191 26 22 32 64 36 29
963 23 24 30 28 36 118 23 31 35 57 36 29
964 23 1 25 34 34 117 29 20 25 80 36 29
965 23 14 41 34 36 124 19 36 27 65 36 29
966 23 27 36 39 22 133 26 28 37 81 36 29
967 23 52 42 33 33 167 25 29 22 78 36 29
968 23 37 35 24 33 193 19 26 26 52 36 29
969 23 40 39 29 23 215 32 37 26 47 36 29
970 23 61 40 33 30 331 20 24 34 69 36 29
971 23 40 29 32 28 92 29 40 31 76 36 29
972 23 27 39 34 34 227 25 38 29 63 36 29
973 23 35 32 25 38 287 29 28 28 159 36 29
974 23 53 50 29 44 330 28 29 28 48 36 29
975 23 45 37 42 24 129 23 33 26 77 36 29
976 23 43 33 16 39 401 26 23 33 47 36 29
977 23 66 36 21 32 133 21 30 28 87 36 29
978 23 38 25 11 39 136 30 21 30 60 36 29
979 23 32 30 14 38 278 24 22 33 95 36 29
980 23 28 29 20 28 151 31 21 29 86 36 29
981 23 44 26 11 47 228 25 22 28 53 36 29
982 23 44 28 17 31 145 18 24 28 84 36 29
983 23 48 27 11 39 326 25 21 37 74 36 29
984 23 39 44 35 34 118 21 34 25 68 36 29
985 23 28 29 41 15 135 21 31 29 87 36 29
986 23 11 11 104 21 118 22 28 35 67 36 29
987 23 34 29 26 37 311 27 34 29 81 36 29
988 23 69 39 26 33 133 25 24 29 71 36 29
989 23 59 47 24 41 180 23 1 33 60 36 29
990 23 79 33 15 34 214 28 29 32 100 36 30
991 23 20 26 21 37 132 23 27 35 60 36 29
992 23 29 41 38 35 247 23 29 30 110 36 29
993 23 29 25 10 39 175 24 31 30 72 36 30
994 23 40 38 43 23 118 33 32 23 96 36 30
995 23 26 33 29 40 182 27 26 29 78 36 29
996 23 29 25 30 30 240 29 29 27 78 36 29
997 24 70 30 14 44 608 16 21 22 59 36 30
998 23 21 28 41 21 91 27 27 32 91 36 29
999 23 36 20 21 21 112 21 11 40 86 36 29
1000 23 24 19 16 24 165 31 29 29 78 36 29
