1 23 28 37 133 28 58 27 32 25 88 36 29
2 23 32 29 135 41 4 117 253 35 88 36 29
3 23 23 16 106 28 5 20 27 23 79 36 29
4 23 34 33 126 28 52 24 26 36 70 36 29
5 23 37 38 181 36 55 23 24 31 77 36 29
6 23 1 20 188 24 1 23 31 27 237 35 29
7 23 47 38 181 39 88 22 29 29 118 36 29
8 23 58 27 207 29 17 20 16 31 73 36 29
9 23 16 39 140 25 92 25 31 43 73 36 29
10 23 43 33 357 37 60 30 1 30 46 36 29
11 23 30 36 139 23 94 23 30 29 76 36 29
12 23 37 46 97 34 101 20 31 27 87 36 29
13 23 36 27 158 23 44 27 23 28 68 36 29
14 23 30 35 122 31 89 23 31 26 85 36 29
15 23 1 12 199 16 16 26 33 28 56 36 29
16 23 40 25 87 37 1 24 32 20 57 36 29
17 23 49 30 115 27 81 20 25 33 142 36 29
18 23 43 35 407 38 16 26 30 33 74 36 29
19 23 38 41 157 29 2 27 40 26 89 36 29
20 23 48 31 117 29 34 22 27 24 73 36 29
21 23 33 22 118 23 1 24 36 33 81 36 29
22 23 35 37 88 34 42 32 25 30 63 36 29
23 23 39 42 538 39 1 27 30 23 48 36 29
24 23 46 32 427 27 14 27 30 40 66 36 29
25 23 66 43 170 43 80 24 20 28 56 36 29
26 23 21 27 369 29 38 22 28 26 93 36 29
27 23 65 26 83 35 32 24 25 27 96 36 29
28 23 40 42 193 36 85 27 30 24 58 36 29
29 23 23 36 149 25 55 27 36 28 71 36 29
30 23 52 36 218 40 1 23 27 27 57 36 29
31 23 24 31 97 27 61 29 23 35 69 36 29
32 23 37 36 177 33 52 23 19 32 54 36 29
33 23 15 27 226 41 15 24 27 27 41 36 29
34 23 24 24 177 29 29 22 15 28 40 36 29
35 23 27 26 81 41 1 21 19 28 57 36 29
36 23 39 31 160 32 47 25 20 33 132 36 29
37 23 60 33 90 23 34 28 33 28 86 36 29
38 23 66 32 55 45 1 27 26 23 62 36 29
39 23 39 35 90 33 109 22 26 25 80 36 29
40 23 44 48 260 31 74 21 24 28 64 36 29
41 23 1 20 88 32 58 28 29 37 90 36 29
42 23 47 38 135 36 1 21 28 24 60 36 29
43 23 16 27 177 22 4 24 29 36 120 36 29
44 23 38 24 159 22 1 31 36 32 115 36 29
45 23 18 34 119 29 90 24 31 34 53 36 29
46 23 26 32 152 36 6 22 28 28 60 36 29
47 23 38 43 150 35 1 23 32 32 63 36 29
48 23 1 29 111 28 1 19 26 17 58 35 29
49 23 39 36 181 38 1 23 27 23 35 36 29
50 23 1 25 300 25 89 20 38 21 86 36 29
51 23 68 42 164 31 46 23 31 21 104 36 29
52 23 1 37 117 24 1 26 32 39 56 35 29
53 23 29 33 257 25 18 26 41 29 77 36 29
54 23 23 37 109 23 47 24 30 34 74 36 29
55 23 77 49 300 33 82 25 22 25 61 36 29
56 23 48 25 94 29 12 26 23 29 76 36 29
57 23 35 17 142 27 8 27 4 27 69 36 29
58 23 53 46 113 39 1 21 27 26 54 36 29
59 23 15 16 136 30 7 22 29 27 37 36 29
60 23 41 36 632 21 17 30 35 27 141 36 29
61 23 4 21 162 23 21 25 28 32 54 36 29
62 23 33 35 125 20 19 25 39 35 77 36 29
63 23 1 25 178 27 69 24 18 27 61 35 29
64 23 21 26 245 24 15 27 26 24 64 36 29
65 23 35 27 117 38 11 23 22 20 52 36 29
66 23 9 17 111 23 3 24 41 31 130 36 29
67 23 50 35 130 27 1 29 34 36 74 36 29
68 23 20 34 197 30 27 30 28 29 116 36 29
69 23 51 17 162 31 36 22 19 29 33 36 29
70 23 25 34 192 38 45 24 28 24 54 36 29
71 23 17 21 358 29 49 19 22 31 112 36 29
72 23 42 32 108 40 73 27 27 33 41 36 29
73 22 1 28 114 26 1 19 30 26 79 35 29
74 23 1 26 429 35 1 23 28 28 127 36 29
75 23 60 37 109 37 65 25 22 21 207 36 29
76 23 44 20 120 33 1 20 29 19 30 36 29
77 23 42 38 120 38 55 23 18 22 67 36 29
78 23 82 28 131 31 1 24 34 25 54 36 29
79 23 30 34 97 42 1 20 21 28 47 35 29
80 23 25 27 122 21 22 25 32 25 63 35 29
81 23 1 33 110 33 102 19 28 32 58 36 29
82 23 31 25 105 36 1 27 23 27 59 35 29
83 23 29 33 113 37 46 26 26 30 127 36 29
84 23 39 40 1550 33 115 24 1 38 148 36 29
85 23 50 39 190 39 61 25 21 30 45 36 29
86 23 15 27 200 30 1 23 27 32 63 36 29
87 23 37 44 79 36 62 20 30 24 84 36 29
88 23 50 45 142 36 77 22 1 37 58 35 29
89 23 1 20 213 23 1 24 26 32 56 36 29
90 23 65 38 138 39 64 23 35 26 107 36 29
91 23 17 34 110 22 21 22 26 30 65 36 29
92 23 14 32 114 37 91 23 22 40 55 36 29
93 23 29 41 141 32 15 24 21 32 46 36 29
94 23 14 34 100 31 1 28 27 33 57 36 29
95 23 1 17 110 37 1 23 19 24 31 35 29
96 23 1 30 120 26 1 26 32 29 66 35 29
97 23 56 42 121 28 38 22 30 25 67 36 29
98 23 51 34 454 24 99 25 31 31 116 36 29
99 23 44 38 107 42 29 27 35 26 43 36 29
100 23 39 27 84 36 1 28 27 29 62 36 29
101 23 33 31 146 24 31 27 24 28 106 36 29
102 23 9 28 215 27 19 24 21 24 59 36 29
103 23 35 34 177 33 6 235 32 23 63 36 29
104 23 39 23 197 29 38 27 26 34 94 36 29
105 23 34 33 249 24 59 21 14 28 45 36 29
106 23 11 16 113 18 1 23 25 25 58 35 29
107 23 34 31 112 26 54 24 31 21 93 36 29
108 23 64 44 97 40 90 22 31 25 94 36 29
109 23 47 33 147 33 1 20 28 36 69 36 29
110 23 70 50 239 44 65 23 31 31 83 36 29
111 23 61 36 107 28 94 24 29 25 51 36 29
112 23 51 34 152 26 1 22 26 33 80 36 29
113 23 55 34 107 22 36 27 32 23 62 36 29
114 23 31 38 137 40 91 24 32 34 37 36 29
115 23 29 32 271 38 108 28 38 25 53 36 29
116 23 57 43 91 33 1 21 30 31 84 36 29
117 23 49 35 157 23 17 21 30 23 71 36 29
118 23 32 42 141 32 114 27 32 31 57 36 29
119 23 59 44 96 40 100 28 25 33 52 36 29
120 23 11 23 96 19 2 22 39 30 57 36 29
121 23 23 19 232 44 1 13 22 33 43 36 29
122 23 60 36 104 37 75 20 26 25 55 36 29
123 23 34 33 547 36 51 26 34 31 56 36 29
124 23 42 29 102 36 1 29 16 30 60 36 29
125 23 46 35 308 38 16 25 31 30 71 36 29
126 23 29 26 341 22 1 24 32 21 73 35 29
127 23 33 32 88 42 38 31 23 33 54 36 29
128 22 1 16 428 28 14 21 29 32 51 35 29
129 23 24 34 155 35 43 25 24 22 58 36 29
130 23 91 28 148 37 45 21 26 32 59 36 29
131 23 66 37 116 39 6 25 1 33 75 36 29
132 23 22 41 179 26 34 25 24 26 105 36 29
133 23 61 51 119 38 140 27 21 35 81 36 29
134 23 25 31 156 29 22 25 30 27 71 35 29
135 23 34 31 145 26 1 28 30 30 87 36 29
136 23 37 35 131 30 1 28 43 30 111 36 29
137 23 53 30 170 34 1 19 28 33 44 36 29
138 23 1 37 359 37 48 25 21 32 88 36 29
139 23 1 14 183 27 1 25 30 23 62 35 29
140 23 57 36 136 24 27 27 25 27 99 36 29
141 23 24 33 122 33 1 54 29 37 73 36 29
142 23 7 22 132 29 86 23 27 36 62 36 29
143 23 28 29 124 33 63 26 18 35 81 35 29
144 23 45 32 420 26 25 26 33 30 67 36 29
145 23 22 32 293 37 86 24 34 22 49 36 29
146 23 52 36 93 34 23 209 223 36 52 36 30
147 23 3 36 125 26 1 24 24 29 72 36 29
148 23 50 34 157 30 66 26 27 29 78 36 29
149 23 65 28 96 33 59 18 28 22 78 36 29
150 23 27 29 141 26 4 26 37 35 69 36 29
151 23 26 21 263 18 12 17 27 32 67 36 29
152 23 37 48 275 45 149 25 17 28 64 36 29
153 23 35 25 110 33 19 23 40 25 74 36 29
154 23 81 37 270 34 66 22 32 34 77 36 29
155 23 1 38 127 30 51 29 34 24 70 36 29
156 23 30 22 168 24 49 28 28 37 146 36 29
157 23 92 53 120 42 18 32 32 38 92 36 29
158 23 24 20 177 32 1 23 24 34 49 35 29
159 23 43 29 101 41 24 22 26 31 44 36 29
160 23 54 43 98 37 106 21 26 27 83 36 29
161 23 1 10 299 28 1 25 143 29 77 35 29
162 23 48 36 160 49 22 24 24 26 139 36 29
163 23 40 38 121 23 11 24 39 27 73 36 29
164 23 88 44 124 39 95 22 23 30 55 36 29
165 22 1 23 166 19 73 23 28 34 53 35 29
166 23 23 26 104 27 2 26 28 31 51 36 29
167 23 24 42 129 39 69 23 31 28 83 36 29
168 23 38 22 151 24 24 24 30 32 77 36 29
169 22 1 34 121 24 51 27 26 26 87 35 29
170 23 47 38 91 37 73 477 25 27 58 36 30
171 23 33 26 106 32 1 28 32 25 80 36 29
172 23 1 38 269 31 68 24 1 26 59 35 29
173 23 35 17 126 31 51 23 33 29 45 36 29
174 23 24 31 213 29 54 25 29 34 66 36 30
175 23 44 41 265 25 57 22 31 32 96 36 30
176 23 20 25 778 29 6 23 23 27 138 36 29
177 23 56 33 83 29 63 25 24 23 77 36 30
178 23 39 26 151 23 1 23 33 25 81 36 29
179 23 1 22 109 20 57 23 32 25 57 36 29
180 23 35 34 110 35 126 24 23 29 77 36 30
181 23 34 18 105 39 1 18 23 29 42 36 29
182 23 51 42 202 42 1 24 30 28 50 36 29
183 23 5 22 167 30 1 24 24 24 64 35 29
184 23 52 44 306 34 66 26 30 33 72 36 29
185 23 45 43 129 34 61 29 22 27 72 36 29
186 24 34 39 201 33 58 19 28 25 65 36 30
187 23 12 23 106 30 6 23 18 215 56 36 29
188 23 52 36 124 25 22 23 25 32 76 36 30
189 23 29 28 141 27 1 26 24 28 132 36 29
190 23 43 43 99 32 1 28 30 31 97 36 30
191 23 9 18 195 32 1 26 24 35 40 36 29
192 23 47 37 143 45 1 28 27 27 70 36 30
193 23 11 29 135 34 89 26 36 28 91 36 30
194 23 35 21 87 30 26 24 31 26 42 36 29
195 23 28 30 140 38 24 23 29 33 60 36 29
196 23 30 32 111 41 23 23 29 27 65 36 29
197 23 1 30 129 32 87 28 33 18 68 36 29
198 23 38 26 149 26 37 27 34 25 71 36 29
199 23 45 41 164 28 110 27 33 27 85 36 29
200 23 39 36 109 25 52 28 34 34 68 36 29
201 23 1 29 209 25 56 23 49 29 88 35 29
202 23 46 25 206 22 43 24 27 27 72 36 29
203 23 31 33 157 27 48 24 39 26 75 36 29
204 23 20 24 90 35 1 23 30 33 63 36 29
205 23 12 29 215 24 28 28 30 36 79 36 29
206 23 51 35 115 36 2 21 34 21 75 36 29
207 23 21 31 176 24 67 19 34 26 77 36 29
208 23 61 30 337 35 10 22 27 34 77 36 29
209 23 1 29 95 35 109 22 20 26 34 35 29
210 23 44 32 168 34 1 25 33 32 66 36 30
211 23 44 33 406 41 1 26 22 25 60 36 29
212 23 43 39 137 27 7 20 37 28 75 36 29
213 23 47 41 106 35 51 29 33 23 69 36 29
214 23 1 19 123 35 23 25 21 29 53 36 29
215 23 55 43 266 40 1 24 1 35 88 36 29
216 23 70 30 2003 29 1 19 32 30 72 36 29
217 23 40 38 198 25 57 28 26 32 70 36 29
218 23 18 39 84 34 43 20 27 28 60 36 29
219 23 20 28 115 42 51 26 27 27 53 36 29
220 23 43 36 70 43 26 23 21 30 38 36 29
221 23 1 35 234 30 89 29 1 38 54 36 29
222 23 23 36 234 36 1 23 28 27 47 36 29
223 23 37 34 83 30 1 21 28 28 69 36 29
224 23 32 27 109 40 1 27 27 29 51 36 29
225 23 46 39 101 42 17 22 35 26 54 36 29
226 23 35 45 153 21 72 24 30 26 62 36 29
227 23 20 16 116 34 1 26 24 25 46 36 29
228 23 1 13 170 23 14 24 25 28 78 35 29
229 23 34 29 88 36 84 23 29 26 33 36 29
230 23 35 25 149 30 50 26 34 32 78 36 29
231 23 35 34 133 37 56 20 18 29 55 36 29
232 23 37 39 130 32 38 23 1 31 74 36 29
233 23 16 39 299 21 91 20 25 32 96 36 29
234 23 34 38 172 41 32 21 25 24 66 36 29
235 23 36 42 113 39 5 23 25 23 59 36 29
236 23 45 27 131 26 1 27 31 33 79 36 29
237 23 36 28 160 33 1 24 28 26 143 36 29
238 23 49 41 158 41 22 27 25 30 45 36 29
239 23 34 34 118 31 1 22 31 24 85 36 29
240 23 41 46 126 32 72 28 30 30 57 36 29
241 23 16 15 175 30 1 20 37 34 66 36 29
242 23 75 44 215 43 97 22 25 25 66 36 29
243 23 9 28 139 24 8 25 32 36 70 36 29
244 23 51 43 197 35 69 23 25 32 71 36 29
245 23 53 30 114 28 27 22 33 26 58 36 29
246 23 20 29 150 29 27 30 21 34 182 36 29
247 23 28 8 93 26 1 19 23 24 57 36 29
248 23 48 45 154 32 52 28 37 38 82 36 29
249 23 14 24 83 35 59 19 24 21 40 36 29
250 23 1 21 438 26 57 27 1 27 42 35 29
251 23 52 34 138 30 52 26 27 24 71 36 29
252 23 27 24 112 30 44 22 20 30 59 36 29
253 23 27 22 153 34 1 25 28 29 81 36 29
254 23 82 42 166 43 98 27 22 23 68 36 29
255 23 34 24 99 36 5 30 25 32 66 36 29
256 23 26 43 261 36 69 23 24 27 64 36 29
257 23 1 24 303 26 76 23 25 29 64 36 29
258 23 16 42 270 25 1 32 35 32 77 36 29
259 24 27 28 128 32 1 23 32 32 60 36 30
260 23 1 30 118 27 72 22 28 27 47 36 29
261 23 1 31 196 33 1 22 36 21 56 36 29
262 23 51 34 149 33 48 24 17 21 59 36 29
263 23 8 40 194 37 116 191 38 29 55 36 29
264 23 74 42 82 33 84 29 24 32 65 36 29
265 23 42 38 91 38 93 20 22 25 81 36 29
266 23 33 36 331 35 29 25 63 25 51 36 29
267 23 1 24 111 27 44 20 21 25 54 36 29
268 23 1 15 187 19 12 24 25 22 64 36 29
269 23 18 34 423 20 100 21 29 27 64 36 29
270 23 32 22 194 30 8 26 31 29 72 36 29
271 23 66 38 161 39 64 26 16 32 73 36 29
272 23 22 34 114 36 1 31 22 34 49 36 29
273 23 63 23 192 27 1 23 29 35 81 36 29
274 23 1 31 156 37 85 23 22 32 37 35 29
275 23 22 20 110 26 1 20 23 31 45 36 29
276 23 62 32 266 33 21 22 24 34 87 36 29
277 23 73 43 142 30 1 28 29 35 103 36 29
278 23 38 29 246 34 30 24 23 29 58 36 29
279 23 31 36 168 35 67 28 35 33 77 36 29
280 23 57 36 97 41 1 28 34 34 70 36 29
281 23 32 25 134 34 1 19 20 30 88 36 29
282 23 37 32 90 29 1 23 24 32 56 36 29
283 23 61 36 259 40 1 22 1 25 68 36 29
284 23 36 31 139 21 34 24 29 30 66 36 29
285 23 42 44 156 33 1 22 32 35 59 36 29
286 23 32 18 191 24 1 26 28 34 81 36 29
287 23 1 13 179 25 1 25 1 40 57 35 29
288 23 31 27 152 38 43 22 21 26 41 36 29
289 23 1 21 125 33 10 21 20 27 84 35 29
290 23 29 35 137 21 78 21 64 29 68 36 29
291 23 20 30 89 27 1 25 35 22 97 36 29
292 23 18 38 152 38 56 24 1 38 75 36 29
293 23 30 32 132 41 38 28 34 35 58 36 29
294 23 21 25 167 32 1 26 17 31 50 35 29
295 23 50 31 385 31 25 27 46 27 72 36 29
296 23 46 32 212 34 20 27 26 33 65 36 29
297 23 40 26 87 25 42 26 19 31 80 36 29
298 23 38 35 207 34 1 27 27 29 281 36 29
299 23 58 45 101 34 60 27 25 36 75 36 29
300 23 56 33 118 34 21 25 22 26 62 36 29
301 23 79 38 89 39 1 28 1 30 106 36 29
302 23 30 37 225 44 1 25 27 29 42 36 29
303 23 48 37 260 27 16 25 24 36 87 36 29
304 23 27 34 210 37 7 26 25 23 72 36 29
305 23 30 28 242 32 15 24 30 34 42 36 29
306 23 45 40 174 38 57 24 19 33 132 36 29
307 23 51 36 120 36 1 24 34 28 72 36 29
308 23 55 35 203 40 7 22 28 28 95 36 29
309 23 34 21 211 37 50 20 25 27 36 36 29
310 23 24 26 229 34 35 26 27 29 61 36 29
311 23 45 30 95 39 15 26 20 35 74 36 29
312 23 21 37 148 28 34 25 40 26 70 36 29
313 23 51 37 99 38 77 22 32 30 57 36 29
314 22 1 19 136 22 24 25 26 28 111 35 29
315 23 63 33 154 38 1 26 27 20 104 36 29
316 23 93 54 333 44 24 23 26 23 80 36 29
317 23 42 22 99 29 1 22 34 26 59 36 29
318 23 33 21 384 36 1 24 25 29 97 36 29
319 23 30 28 167 20 1 24 28 37 88 36 29
320 23 15 32 103 31 1 29 41 40 57 36 29
321 23 1 23 201 22 21 22 1 41 85 35 29
322 23 22 20 324 34 1 27 36 38 52 36 29
323 23 40 37 136 30 80 27 1 38 96 36 29
324 23 1 23 112 22 1 20 38 28 68 36 29
325 23 73 48 124 35 141 29 22 28 62 36 29
326 23 37 45 113 33 100 22 36 25 105 36 29
327 23 44 27 262 32 1 26 25 29 70 36 29
328 23 14 15 110 26 25 27 22 29 67 36 29
329 23 21 40 221 34 1 27 42 41 89 36 29
330 23 25 37 114 29 52 25 29 36 128 36 29
331 23 20 12 157 10 1 30 36 26 97 36 29
332 23 31 18 148 32 44 23 25 24 42 36 29
333 23 1 29 122 22 48 24 1 29 51 35 29
334 23 36 45 212 34 53 23 9 34 101 36 29
335 23 5 24 113 20 1 26 42 23 67 36 29
336 23 22 23 357 13 35 26 38 32 72 36 29
337 22 1 19 133 16 38 19 1 25 103 35 29
338 23 16 35 235 39 1 23 24 27 97 36 29
339 23 37 44 73 46 1 19 27 36 148 36 29
340 23 35 30 166 34 21 21 21 35 56 36 29
341 23 26 21 208 25 1 18 22 25 49 36 29
342 23 1 1 107 21 1 28 21 22 57 35 29
343 23 38 32 106 32 34 22 51 36 73 36 29
344 23 47 30 102 34 1 26 30 30 97 36 29
345 23 53 33 171 32 56 20 31 31 50 36 29
346 23 37 37 123 30 49 25 30 34 87 36 29
347 23 45 37 101 31 84 23 27 30 57 36 29
348 23 30 29 337 37 84 20 33 36 128 36 30
349 23 23 33 95 29 88 21 37 32 42 36 29
350 23 17 25 239 21 1 23 34 31 67 36 29
351 23 20 35 95 34 26 17 28 29 75 36 29
352 23 37 34 189 22 19 27 31 26 79 36 29
353 23 39 45 117 46 126 28 32 26 56 36 29
354 23 1 39 126 29 28 20 34 26 82 35 29
355 23 37 28 116 24 57 27 23 38 58 36 29
356 23 32 41 113 34 69 23 29 23 46 36 29
357 23 60 41 402 31 51 26 24 30 99 36 29
358 23 11 16 315 26 1 20 32 27 95 36 29
359 23 38 34 135 31 1 22 35 31 83 36 29
360 22 1 25 109 32 104 28 24 20 94 35 29
361 23 28 33 108 37 1 23 27 33 46 36 29
362 23 39 29 112 23 52 22 23 26 55 36 29
363 22 1 26 154 22 1 23 22 31 60 35 29
364 23 22 33 360 25 29 24 28 30 81 36 29
365 23 43 37 150 37 66 20 16 30 151 36 29
366 23 68 36 94 40 71 26 24 29 45 36 29
367 23 11 29 97 31 76 27 22 34 62 36 29
368 23 21 39 330 32 101 24 34 31 113 36 29
369 23 1 14 178 35 1 18 28 17 35 35 29
370 23 1 22 128 24 56 19 26 24 59 36 29
371 23 42 28 171 28 69 27 32 30 70 35 29
372 23 28 37 135 39 92 23 29 26 67 36 29
373 23 41 39 149 35 10 23 36 27 63 36 29
374 23 38 32 96 34 10 22 29 28 84 36 29
375 23 1 42 239 35 115 24 30 30 56 36 29
376 23 29 26 136 19 1 21 31 26 114 36 29
377 23 37 38 419 36 40 26 29 30 125 36 29
378 23 1 36 105 26 1 25 28 31 51 35 29
379 23 32 34 102 17 47 25 26 35 70 36 29
380 23 43 42 101 26 20 24 27 25 135 36 29
381 23 45 49 139 30 98 24 28 28 64 36 29
382 23 40 31 98 34 1 25 30 33 72 36 29
383 23 47 33 312 22 109 23 29 33 104 36 29
384 23 51 33 482 38 1 28 26 31 56 36 29
385 23 37 34 98 39 80 24 30 30 54 36 29
386 23 88 54 95 43 109 25 25 35 68 36 29
387 23 14 28 109 21 3 27 23 31 61 36 29
388 22 1 25 181 26 24 21 22 27 60 35 29
389 23 41 19 105 39 18 24 27 27 47 36 29
390 23 12 22 249 26 11 25 30 28 75 35 29
391 23 55 27 100 23 20 27 30 26 77 35 29
392 23 47 37 315 38 67 25 13 275 40 36 29
393 23 44 25 110 29 26 28 20 30 60 36 29
394 23 24 35 197 32 31 23 27 39 76 36 29
395 23 46 30 311 21 8 29 26 24 109 36 29
396 23 23 36 190 25 58 26 30 30 73 36 29
397 23 9 31 175 24 64 27 1 30 44 36 29
398 23 48 25 94 34 1 22 24 19 65 36 29
399 23 52 33 137 30 56 22 17 22 56 36 29
400 23 57 35 133 25 54 21 30 23 83 36 29
401 23 63 44 95 37 10 19 26 30 85 36 29
402 23 42 36 208 34 48 24 39 26 62 36 29
403 23 30 48 150 27 51 27 33 26 180 36 29
404 23 42 38 105 36 46 22 27 21 68 36 29
405 23 31 27 115 28 1 22 24 21 65 35 29
406 23 28 35 104 32 49 21 27 31 93 36 29
407 23 35 36 145 29 48 30 30 25 65 36 29
408 23 19 26 80 29 70 26 23 31 77 35 29
409 23 29 37 102 31 62 28 35 33 57 36 29
410 23 71 37 77 32 1 18 32 28 84 36 29
411 23 37 20 100 27 9 25 37 31 78 36 29
412 23 24 33 205 27 77 27 23 36 69 36 29
413 23 34 12 148 31 1 23 29 29 40 36 29
414 22 1 22 185 24 69 23 32 32 68 35 29
415 23 43 30 129 33 74 25 31 26 56 36 29
416 23 23 23 74 28 4 22 34 29 55 35 29
417 23 48 40 97 30 53 19 26 25 55 36 29
418 23 46 30 239 25 54 22 28 32 60 36 29
419 23 24 36 107 34 105 25 37 31 46 36 29
420 23 49 33 79 34 28 28 31 29 56 36 29
421 23 30 186 174 17 22 25 35 29 103 36 29
422 22 1 21 136 29 61 22 22 25 56 35 29
423 23 16 29 223 24 13 21 50 30 62 35 29
424 23 29 35 129 24 47 22 33 26 67 35 29
425 23 4 31 116 39 34 21 18 30 45 36 29
426 23 34 22 134 21 1 23 34 27 113 36 29
427 23 1 25 81 32 11 25 23 31 43 35 29
428 23 1 13 274 24 1 19 18 17 38 35 29
429 23 57 35 109 29 43 29 16 25 79 36 29
430 23 1 13 154 27 1 23 28 20 63 35 29
431 23 33 33 136 32 50 25 31 30 59 36 29
432 23 53 41 106 35 36 30 25 31 91 36 29
433 23 29 35 241 44 23 28 30 36 45 36 29
434 23 45 28 84 34 1 17 18 48 101 36 29
435 23 1 32 222 43 1 23 15 28 55 36 29
436 23 28 33 250 19 60 19 37 25 67 35 29
437 22 1 35 111 29 33 23 39 28 66 35 29
438 23 31 30 213 23 1 31 36 24 74 35 29
439 23 38 24 108 27 58 21 31 21 61 36 29
440 23 54 39 105 36 11 26 1 43 72 36 29
441 23 19 43 137 30 88 29 27 34 89 36 29
442 22 1 21 164 25 71 27 27 28 77 35 29
443 23 49 28 324 36 1 19 31 30 55 36 29
444 23 25 27 128 30 1 24 36 29 102 35 29
445 23 22 32 101 29 1 28 29 35 85 35 29
446 23 14 23 152 24 36 20 27 23 44 35 29
447 23 74 51 206 45 103 27 35 30 56 36 29
448 23 28 24 125 26 41 18 27 27 109 35 29
449 23 1 17 225 27 34 19 50 20 59 36 29
450 23 24 31 102 47 1 24 30 37 123 36 29
451 23 17 23 103 17 22 20 30 25 93 35 29
452 23 26 22 122 17 15 25 22 28 80 35 29
453 23 17 38 71 38 49 24 35 30 100 36 29
454 23 39 24 109 36 99 26 17 31 72 36 29
455 23 62 46 162 39 80 29 27 27 69 36 29
456 23 34 28 167 40 2 23 19 22 103 36 29
457 22 1 20 155 30 11 18 24 27 52 35 29
458 22 1 33 168 32 110 18 30 26 35 35 29
459 23 37 28 158 37 7 29 26 34 45 36 29
460 23 30 18 104 27 24 27 22 29 79 35 29
461 23 20 37 90 26 82 21 26 26 50 36 29
462 23 1 22 206 29 1 22 26 33 94 36 29
463 23 65 44 115 37 30 21 22 31 90 36 29
464 23 17 26 87 33 51 30 22 35 58 36 29
465 23 54 24 178 32 1 25 21 27 105 36 29
466 23 37 40 131 38 42 18 24 28 54 36 29
467 23 44 38 167 40 56 25 35 24 54 36 29
468 23 43 41 140 28 1 28 34 23 110 36 29
469 23 23 32 169 31 39 23 35 27 63 35 29
470 22 1 17 762 27 7 24 15 22 49 35 29
471 23 75 41 114 33 12 24 43 26 71 36 29
472 22 1 25 110 33 58 27 23 35 48 35 29
473 23 55 19 108 25 5 20 28 33 141 35 29
474 22 1 29 226 27 107 21 26 27 44 35 29
475 23 34 18 461 22 12 24 28 32 88 35 29
476 23 69 42 100 31 1 20 25 36 73 36 29
477 23 54 44 108 39 63 23 18 25 51 36 29
478 23 45 36 103 34 52 25 20 30 60 36 29
479 23 33 18 1262 28 15 24 34 36 74 35 29
480 23 33 43 297 23 19 32 33 29 86 36 29
481 23 22 33 125 34 1 24 37 32 52 35 29
482 23 20 28 451 31 68 25 38 28 56 35 29
483 23 82 57 126 43 1 26 35 33 80 36 29
484 23 13 24 126 25 1 25 32 32 90 35 29
485 23 20 30 181 35 10 23 30 19 56 36 29
486 23 47 40 230 46 17 21 28 20 56 36 29
487 23 52 43 115 30 82 270 29 29 58 36 29
488 23 31 35 114 30 27 16 28 25 58 36 29
489 23 30 25 99 32 70 25 33 33 47 36 29
490 23 28 38 142 36 121 26 25 30 57 36 29
491 23 58 40 328 33 30 33 35 36 67 36 29
492 23 41 21 254 30 57 25 29 25 80 36 29
493 23 40 31 90 33 12 27 32 28 75 36 29
494 23 54 46 109 35 1 22 5 30 63 36 29
495 23 88 56 96 39 31 20 28 34 84 36 29
496 23 40 30 251 43 1 26 1 33 96 35 29
497 23 33 24 167 44 1 24 25 32 35 36 29
498 23 28 28 153 34 15 25 30 20 73 36 29
499 23 54 28 209 28 12 23 19 34 120 35 29
500 23 1 35 1052 32 47 22 49 29 140 36 29
501 23 50 17 205 30 1 21 27 21 67 36 29
502 23 21 31 94 39 1 24 44 29 57 36 29
503 23 23 30 173 39 42 24 21 28 77 36 29
504 23 36 43 112 34 3 27 15 28 81 36 29
505 23 37 19 149 25 13 32 35 23 64 36 29
506 23 17 26 117 38 19 20 23 33 48 35 29
507 23 33 26 151 21 81 19 25 19 71 36 29
508 23 21 34 125 36 1 28 30 29 66 36 29
509 23 37 30 123 29 1 25 23 33 71 36 29
510 23 50 31 74 29 104 21 24 23 39 36 29
511 23 27 34 207 31 34 26 22 33 51 35 29
512 23 48 36 74 38 1 29 43 30 58 36 30
513 23 41 25 109 27 30 25 27 33 76 36 29
514 23 41 37 110 31 1 26 32 23 65 36 29
515 23 38 45 645 40 87 24 25 29 147 36 29
516 23 9 18 111 20 30 24 39 29 85 35 29
517 23 24 33 104 32 12 29 30 32 96 36 29
518 23 22 32 223 28 1 21 30 25 79 35 29
519 23 34 38 131 32 30 26 29 32 63 36 29
520 23 21 36 118 31 86 21 27 26 59 36 29
521 23 20 27 127 30 78 23 32 28 60 36 29
522 23 32 31 254 26 50 23 26 27 86 36 29
523 23 9 18 92 28 1 22 35 36 81 35 29
524 23 37 31 214 25 53 22 18 30 48 36 29
525 23 44 23 180 17 43 26 25 33 57 36 29
526 23 32 17 139 21 1 21 33 26 61 36 29
527 23 45 25 250 27 16 28 25 28 53 36 29
528 23 23 39 169 32 10 29 26 26 54 35 29
529 23 50 41 252 33 1 316 87 24 70 36 29
530 23 20 31 173 30 35 25 35 24 68 36 29
531 23 24 20 156 26 38 26 21 24 67 35 29
532 23 16 25 149 29 1 23 39 34 66 35 29
533 23 67 29 154 20 35 23 37 28 67 36 29
534 23 39 37 136 24 39 25 33 25 80 36 29
535 23 3 33 110 40 128 18 16 26 60 35 29
536 23 26 36 544 33 36 24 10 26 85 35 29
537 23 36 29 205 21 53 25 28 26 80 36 29
538 23 42 46 98 38 85 18 25 27 73 36 29
539 23 34 32 168 33 51 27 43 31 82 36 29
540 23 18 35 202 39 37 29 34 22 68 36 29
541 23 5 14 80 34 20 22 17 29 45 36 29
542 23 13 25 196 35 1 26 27 25 58 36 29
543 23 30 42 165 37 100 21 23 31 42 36 29
544 23 29 28 113 30 13 23 27 28 108 36 29
545 23 42 38 168 39 1 22 30 27 69 36 29
546 23 31 28 250 29 1 22 45 37 76 35 29
547 23 76 39 128 39 64 23 25 28 84 36 29
548 23 44 25 114 30 34 18 28 32 80 36 29
549 22 1 25 542 27 1 23 27 26 48 35 29
550 23 17 29 114 21 49 20 17 27 95 36 29
551 23 68 35 95 39 33 26 39 29 69 36 29
552 23 17 19 177 31 1 21 38 26 48 36 29
553 23 45 23 235 20 54 22 23 26 54 36 29
554 23 31 21 93 25 1 26 32 26 81 35 29
555 23 41 22 187 36 27 24 31 25 104 36 29
556 23 3 33 122 29 106 26 17 34 111 36 29
557 23 39 26 157 35 1 22 19 25 71 36 29
558 23 41 25 340 24 1 24 32 30 73 36 29
559 23 1 21 174 22 29 30 30 28 73 36 29
560 23 31 31 241 26 24 29 30 29 76 36 29
561 23 32 43 216 33 89 24 39 28 78 36 29
562 23 28 29 223 19 14 24 38 26 79 36 29
563 23 41 34 156 26 54 19 26 27 64 36 29
564 23 28 41 158 35 60 23 22 32 52 36 29
565 23 36 32 130 29 19 23 26 25 110 36 29
566 23 39 42 148 21 66 24 32 31 233 36 29
567 23 38 39 170 24 34 27 32 34 83 36 29
568 23 29 24 124 20 1 23 30 27 79 36 29
569 23 34 33 117 28 32 18 22 24 48 36 29
570 23 39 42 130 34 89 22 30 36 84 36 29
571 23 59 43 212 33 1 24 30 37 79 36 29
572 23 19 42 161 36 105 24 15 23 65 36 29
573 23 53 36 103 36 55 21 25 32 60 36 29
574 23 75 40 114 31 14 29 42 30 94 36 29
575 23 34 36 187 28 1 23 28 31 89 36 29
576 23 23 40 218 20 1 21 28 32 88 36 29
577 23 1 9 112 29 1 21 30 25 54 35 29
578 23 66 24 186 31 1 16 26 16 41 36 29
579 23 42 29 80 40 1 21 19 18 43 36 29
580 23 47 35 109 29 10 25 34 32 80 36 29
581 23 42 28 151 26 1 21 34 28 107 36 29
582 23 56 39 98 45 27 26 21 29 44 36 29
583 23 36 29 145 28 13 20 22 31 84 36 29
584 23 38 41 260 33 75 26 28 27 49 36 29
585 23 1 25 159 24 1 25 26 31 98 35 29
586 23 45 40 137 31 85 31 26 38 100 36 29
587 23 31 24 215 38 1 24 28 30 88 36 29
588 23 1 35 117 31 6 20 28 35 61 35 29
589 23 22 27 120 21 26 20 29 29 65 36 29
590 23 41 37 127 32 1 24 35 21 70 36 29
591 23 2 32 127 36 1 24 18 44 72 36 29
592 23 42 40 185 40 1 22 28 29 46 36 29
593 23 1 16 174 26 46 35 1 33 33 35 29
594 23 44 24 168 26 1 27 29 22 62 36 29
595 23 32 30 112 26 43 28 20 29 138 36 29
596 23 39 28 120 26 12 21 181 29 68 36 29
597 23 35 29 183 30 1 28 30 24 72 36 29
598 23 40 27 95 20 36 21 31 28 88 36 29
599 23 42 34 103 32 1 27 30 31 134 36 29
600 23 38 32 99 34 15 23 28 37 76 36 29
601 23 14 28 115 39 1 26 29 25 65 36 29
602 23 1 21 169 30 1 33 49 34 58 36 29
603 23 13 19 111 33 1 24 26 33 76 36 29
604 23 15 25 99 31 15 24 28 27 61 36 29
605 23 34 41 187 27 69 22 24 27 56 36 29
606 23 15 26 125 34 12 19 30 34 56 36 29
607 23 1 26 233 15 25 18 30 30 64 35 29
608 23 56 24 191 28 5 28 27 31 105 36 29
609 23 25 19 109 32 9 22 18 31 82 36 29
610 23 20 37 103 29 11 29 35 41 76 36 29
611 23 43 42 199 43 83 26 22 31 64 36 29
612 23 56 26 186 33 1 22 33 25 117 36 29
613 23 76 53 167 32 49 26 31 34 81 36 29
614 23 54 32 86 37 45 22 20 29 59 36 29
615 23 22 20 79 31 30 18 22 22 55 35 29
616 23 27 36 192 25 1 28 33 33 74 35 29
617 23 20 21 119 37 40 26 18 35 74 36 29
618 23 30 41 149 32 54 28 27 23 74 36 29
619 23 70 48 337 34 73 32 44 38 106 36 29
620 23 17 26 347 32 1 24 29 29 76 36 29
621 23 36 31 90 41 37 17 18 19 35 36 29
622 23 31 41 170 38 27 20 32 27 49 36 29
623 23 28 37 223 25 73 28 27 27 91 36 29
624 23 21 35 125 30 46 23 34 24 67 36 29
625 23 21 31 139 32 1 24 37 30 91 36 29
626 23 10 21 279 21 3 21 25 22 98 36 29
627 23 23 33 107 26 105 27 35 25 92 36 29
628 23 27 31 181 36 37 23 19 26 81 36 29
629 23 25 37 139 35 45 24 30 19 66 36 29
630 23 27 21 117 15 17 20 31 21 84 36 29
631 23 39 17 129 21 34 16 31 24 69 36 29
632 23 64 41 165 31 2 27 27 30 75 36 29
633 23 54 40 205 48 1 23 34 33 52 36 29
634 23 45 42 208 33 38 42 33 31 83 36 29
635 23 65 34 846 37 1 26 249 210 92 36 29
636 23 42 34 134 27 5 22 33 26 55 36 29
637 23 43 37 348 29 49 28 40 31 61 36 29
638 23 52 35 387 47 1 25 31 25 44 36 29
639 23 1 13 210 33 17 18 26 24 32 35 29
640 23 44 41 240 43 71 24 19 30 63 36 29
641 23 31 35 298 28 1 24 33 23 77 36 29
642 23 34 24 104 40 18 28 25 33 51 36 29
643 23 61 41 108 36 38 21 21 31 104 36 30
644 23 47 30 103 25 49 24 25 27 83 36 29
645 23 8 29 264 31 70 22 37 30 52 36 29
646 23 55 48 101 31 77 22 29 32 81 36 29
647 23 33 27 127 24 1 22 38 28 85 36 29
648 23 17 19 118 34 28 23 34 27 43 36 29
649 23 76 55 257 37 79 25 25 30 80 36 29
650 23 59 29 138 30 28 26 28 27 74 36 29
651 23 59 26 89 30 77 23 25 31 76 36 29
652 23 1 28 130 33 1 21 29 29 57 36 29
653 22 1 20 134 29 30 28 21 33 50 35 29
654 23 53 25 296 25 1 27 36 27 75 36 29
655 23 31 29 113 24 66 29 1 31 70 36 29
656 23 1 19 212 33 47 25 28 26 57 35 29
657 23 43 25 104 32 1 26 16 28 53 36 29
658 23 63 31 124 23 41 29 37 33 106 36 29
659 23 19 36 199 31 1 28 23 24 52 36 29
660 23 33 40 102 24 43 33 26 28 75 36 29
661 23 41 25 228 26 1 19 22 26 46 36 29
662 23 31 29 113 37 49 26 18 27 51 36 29
663 23 43 31 94 35 15 23 182 153 80 36 29
664 23 19 33 151 30 1 24 36 27 66 36 29
665 23 21 18 171 18 1 20 33 21 389 36 29
666 23 1 23 133 28 1 23 14 32 115 35 29
667 23 31 36 103 38 32 20 22 28 94 36 29
668 23 65 34 191 31 1 25 23 27 89 36 29
669 23 23 24 185 22 17 18 29 24 52 36 29
670 23 25 40 311 35 24 20 32 29 75 36 29
671 23 36 37 133 44 1 23 33 30 54 36 29
672 23 39 39 127 27 30 27 35 33 62 36 29
673 23 16 35 132 16 48 25 29 28 53 36 29
674 23 32 37 217 29 71 27 40 31 84 36 29
675 23 63 36 116 35 1 23 27 21 42 36 29
676 22 1 30 121 37 66 20 20 23 105 35 29
677 23 54 36 181 28 37 22 36 30 85 36 29
678 23 47 32 136 38 1 21 30 40 70 36 29
679 23 31 50 109 28 72 24 29 357 86 36 29
680 23 40 32 99 32 18 24 40 37 62 36 29
681 23 62 44 127 40 86 21 29 21 131 36 29
682 23 27 38 100 28 76 28 18 31 55 36 29
683 23 23 34 109 34 111 22 20 26 71 36 29
684 23 63 27 83 32 1 23 27 29 51 36 29
685 23 50 32 199 34 46 30 26 26 64 36 29
686 23 1 20 144 30 22 24 24 30 38 35 29
687 23 15 36 186 19 50 30 39 31 100 36 29
688 23 25 29 118 36 33 23 36 33 75 36 29
689 23 14 25 166 18 60 41 30 21 78 36 29
690 23 29 26 386 21 2 23 32 29 71 36 29
691 23 52 25 73 28 13 19 21 19 56 36 29
692 23 11 33 117 24 1 23 33 26 80 35 29
693 23 23 25 175 25 31 24 41 24 59 36 29
694 23 1 8 147 15 31 25 21 30 43 35 29
695 23 83 44 116 35 62 23 33 28 64 36 30
696 23 46 38 166 27 32 27 25 27 57 36 29
697 23 46 42 312 38 78 22 1 26 64 36 29
698 23 27 27 138 36 30 24 31 29 69 36 29
699 23 30 27 301 19 9 24 27 25 68 36 29
700 23 21 42 111 35 60 23 21 33 105 36 29
701 23 13 19 230 17 1 24 25 31 105 36 29
702 23 35 40 302 41 47 24 35 27 63 36 29
703 22 1 18 265 19 39 39 20 27 59 35 29
704 23 16 27 133 29 32 29 25 31 88 36 29
705 23 1 13 133 22 1 23 25 23 57 35 29
706 23 23 26 132 17 47 21 15 35 78 36 29
707 23 43 28 152 36 18 732 182 30 52 36 29
708 23 14 35 172 40 1 21 24 34 60 36 29
709 23 31 39 150 29 59 32 22 32 66 36 29
710 23 13 33 113 19 3 27 26 39 108 36 29
711 23 35 38 134 34 6 28 1 30 111 36 29
712 23 24 30 88 29 1 26 32 28 76 36 29
713 23 31 23 105 23 25 27 21 65 91 36 29
714 23 43 36 158 37 23 20 30 29 59 36 29
715 23 45 39 102 32 19 27 34 22 74 36 29
716 23 1 12 99 21 28 25 39 27 50 36 29
717 23 41 33 104 35 27 26 23 26 61 36 29
718 23 9 17 134 26 11 23 21 25 78 36 29
719 23 40 29 117 38 1 17 28 22 50 36 29
720 23 30 13 92 23 1 26 26 28 65 36 29
721 23 20 24 127 32 3 21 1 28 56 36 29
722 23 7 33 1325 34 8 26 28 40 166 36 29
723 23 61 26 70 40 1 22 1 31 94 36 29
724 23 21 34 206 32 1 26 1 39 79 36 29
725 23 15 16 92 28 14 21 35 27 49 36 29
726 23 83 34 100 27 26 22 33 27 66 36 29
727 23 66 37 372 32 10 25 33 28 102 36 29
728 23 72 43 244 30 66 24 32 25 96 36 29
729 23 40 46 169 29 1 20 39 34 79 36 29
730 23 20 42 294 42 57 27 33 26 40 36 29
731 23 65 26 236 29 1 25 28 28 88 36 29
732 23 22 45 118 40 48 27 22 26 46 36 29
733 23 47 24 89 30 1 24 27 32 60 36 29
734 23 55 27 135 28 77 19 30 28 70 36 29
735 23 23 15 163 25 1 17 16 29 61 36 29
736 23 1 29 294 28 87 19 1 18 45 35 29
737 23 19 31 159 35 1 23 14 28 60 36 29
738 23 1 30 110 27 57 20 1 36 39 35 29
739 23 52 38 116 28 30 26 30 32 66 36 29
740 23 37 37 123 35 85 26 26 31 77 36 29
741 23 13 23 122 22 1 23 37 32 99 36 29
742 23 40 33 121 40 8 29 29 31 46 36 29
743 23 73 26 140 44 1 22 20 23 63 36 29
744 23 46 39 119 29 40 29 32 33 73 36 29
745 23 48 42 119 25 111 35 30 32 87 36 29
746 23 81 38 125 28 13 22 16 22 86 36 29
747 23 21 26 252 34 1 19 35 29 61 36 29
748 23 66 36 195 31 60 22 1 34 62 36 29
749 23 48 43 160 37 62 25 27 31 55 36 29
750 23 33 32 183 31 38 26 14 38 159 36 29
751 23 11 17 129 33 1 23 25 21 44 36 29
752 23 52 40 82 26 34 25 31 27 141 36 29
753 23 34 33 104 29 21 25 23 32 73 36 29
754 23 1 27 126 29 1 23 19 27 88 35 29
755 23 17 40 467 38 85 26 1 39 103 36 29
756 23 43 40 126 32 40 29 38 35 76 36 29
757 23 27 30 121 16 23 25 37 24 74 36 29
758 23 18 31 127 32 1 17 29 31 69 36 30
759 23 82 44 100 29 85 28 22 31 64 36 29
760 23 51 33 86 35 1 23 25 32 49 36 29
761 23 24 30 114 26 1 22 29 27 54 36 29
762 23 22 49 128 39 82 26 33 31 82 36 29
763 23 34 22 186 32 21 23 38 29 85 35 29
764 23 30 30 132 22 45 27 34 34 80 36 29
765 23 32 28 94 20 18 22 34 30 76 36 29
766 23 40 23 146 24 12 28 27 30 47 36 29
767 23 29 32 126 27 31 23 39 31 101 35 29
768 23 50 26 130 25 1 24 18 36 102 36 29
769 23 38 39 114 23 1 24 38 35 83 36 29
770 23 36 34 129 32 74 25 15 31 61 36 29
771 23 41 33 88 42 1 20 14 31 57 36 29
772 23 11 23 138 30 1 27 32 35 132 36 29
773 23 43 26 340 28 14 29 31 30 64 36 29
774 23 36 34 118 41 15 28 1 31 45 36 29
775 23 43 24 112 36 8 21 22 32 45 36 29
776 23 1 29 122 30 41 27 25 32 52 35 29
777 23 24 34 152 34 19 26 25 26 65 36 29
778 23 53 29 145 29 1 27 33 27 85 36 29
779 23 22 28 234 29 75 24 157 36 60 36 29
780 23 27 17 143 14 14 28 27 29 78 36 29
781 23 29 32 120 34 1 26 35 34 71 36 29
782 23 22 27 125 35 36 25 35 38 88 36 29
783 23 51 34 240 30 38 27 34 18 75 36 29
784 23 59 37 182 29 32 26 30 36 67 36 29
785 23 36 26 105 19 19 24 26 36 97 36 29
786 23 34 33 144 31 18 26 30 26 63 36 29
787 23 31 41 299 32 80 26 26 31 89 36 29
788 23 42 26 220 30 29 21 28 30 65 36 29
789 23 23 30 98 32 1 18 27 27 70 36 29
790 23 21 27 201 20 1 26 28 29 87 36 29
791 23 44 24 233 39 1 20 29 35 49 36 29
792 23 5 32 401 23 55 26 22 31 78 36 29
793 23 1 14 113 31 13 22 15 27 44 35 29
794 23 26 37 148 39 1 25 16 36 54 36 29
795 23 34 31 104 17 12 23 20 34 73 36 29
796 23 42 29 118 28 19 29 45 28 58 36 29
797 23 69 42 97 36 25 25 24 31 134 36 29
798 22 1 19 136 31 1 27 34 30 74 35 29
799 23 24 28 130 23 37 18 39 35 124 36 29
800 23 39 26 79 33 9 20 22 23 38 36 29
801 23 23 27 188 32 22 27 25 34 59 36 29
802 23 7 12 198 31 1 23 27 32 71 36 29
803 23 25 30 164 26 1 26 37 29 97 36 29
804 23 40 45 174 40 23 22 19 20 52 36 29
805 23 41 42 140 38 66 27 22 23 93 36 29
806 23 46 36 102 31 26 22 27 34 81 36 29
807 23 12 27 199 20 62 31 35 32 143 36 29
808 23 18 43 176 35 21 25 21 24 60 36 29
809 23 24 32 100 38 1 22 34 26 48 36 29
810 23 29 20 138 26 29 21 26 27 49 36 29
811 23 60 28 139 29 21 25 42 29 77 36 30
812 23 30 28 126 35 1 25 23 30 66 36 29
813 23 5 38 108 30 66 27 28 28 80 36 29
814 23 1 12 184 26 40 27 24 25 66 36 29
815 23 50 42 231 35 1 25 26 28 66 36 29
816 23 23 32 125 32 21 24 33 28 93 36 29
817 22 1 28 124 22 68 27 22 30 75 35 29
818 23 29 33 121 36 51 30 29 30 77 36 29
819 23 1 17 180 29 13 21 52 26 64 35 29
820 23 23 28 213 24 49 26 42 30 87 36 29
821 23 35 23 110 23 1 24 40 25 99 36 29
822 23 1 29 149 24 84 20 24 27 71 35 29
823 23 14 27 136 27 82 26 25 37 61 36 29
824 23 33 22 173 28 1 19 26 27 64 36 29
825 23 10 34 106 37 1 23 35 29 50 36 29
826 23 1 13 110 28 1 26 27 34 59 36 29
827 23 25 8 132 19 3 18 34 23 67 36 29
828 23 31 39 204 31 61 24 34 29 54 36 29
829 23 25 22 109 24 14 28 34 27 124 36 29
830 23 20 43 237 37 88 28 31 43 75 36 29
831 23 25 31 658 35 1 20 32 33 59 36 29
832 23 1 31 180 19 53 20 24 32 45 36 29
833 23 33 27 346 36 5 22 34 21 54 36 29
834 23 47 31 165 37 1 25 34 31 60 36 29
835 23 9 30 148 21 60 17 28 35 68 36 29
836 23 29 32 229 27 50 20 25 31 72 36 29
837 23 47 32 115 29 1 28 25 28 74 36 29
838 23 1 16 127 22 1 30 43 36 63 35 29
839 23 41 14 118 25 12 22 29 21 93 36 29
840 23 34 28 128 34 31 23 21 29 70 36 29
841 23 66 40 104 29 84 22 30 28 66 36 29
842 23 31 31 170 24 1 27 27 36 59 36 29
843 23 81 45 133 38 51 29 1 31 165 36 29
844 23 3 37 171 34 1 26 22 23 48 36 29
845 23 15 26 103 31 1 22 21 22 54 36 29
846 23 32 36 223 38 1 24 27 38 98 36 29
847 23 32 25 370 36 48 22 32 32 38 36 29
848 23 1 24 143 28 27 29 28 27 72 35 29
849 23 17 24 196 41 6 25 29 33 59 36 29
850 23 54 35 492 28 104 21 28 20 59 36 29
851 23 35 36 103 26 12 23 37 30 98 36 29
852 23 49 40 179 27 104 27 33 30 70 36 29
853 23 30 25 90 34 1 27 28 28 51 36 29
854 23 63 35 71 32 38 26 20 31 60 36 29
855 23 1 18 187 26 19 22 31 34 102 35 29
856 23 19 23 115 12 43 21 38 25 63 36 29
857 23 43 35 84 35 38 26 29 32 69 36 29
858 23 24 39 167 27 3 26 32 30 64 36 29
859 23 32 40 143 33 13 22 38 28 78 36 29
860 23 8 17 96 35 1 21 22 37 77 36 29
861 23 46 31 99 31 66 22 27 29 83 36 29
862 23 47 29 84 28 1 23 23 29 75 36 29
863 23 12 14 133 24 1 26 27 35 64 36 29
864 23 83 40 131 39 1 29 34 33 74 36 29
865 23 26 28 150 27 1 21 25 31 86 36 29
866 23 32 43 110 39 104 25 24 26 59 36 29
867 23 57 32 123 36 25 25 20 21 69 36 29
868 23 76 35 102 39 1 23 22 30 63 36 29
869 23 32 40 212 29 72 25 22 29 63 36 29
870 23 52 24 98 24 12 21 34 35 75 36 29
871 23 29 36 106 35 48 24 23 28 61 36 29
872 23 24 29 178 31 68 24 20 21 44 36 29
873 23 21 33 147 20 41 29 38 30 93 36 29
874 23 37 36 121 33 48 26 26 33 67 36 29
875 23 65 30 111 30 1 17 14 31 40 36 29
876 23 45 37 270 35 96 24 24 31 81 36 29
877 23 4 34 135 36 56 23 31 47 91 36 29
878 23 1 25 274 27 37 26 25 29 35 35 29
879 23 91 34 106 42 1 22 25 22 89 36 29
880 23 43 32 105 36 57 28 21 33 59 36 29
881 23 56 37 181 34 1 19 20 27 86 36 29
882 23 20 32 101 35 1 21 125 502 110 36 29
883 23 59 44 184 44 58 26 26 27 68 36 29
884 23 22 24 140 18 13 21 37 27 72 36 29
885 23 4 28 180 24 47 23 38 25 80 36 30
886 23 15 36 125 24 39 27 25 26 89 36 29
887 23 24 34 214 35 62 22 27 30 64 36 29
888 23 1 12 133 29 1 25 27 33 48 35 29
889 23 33 36 292 32 11 22 34 24 88 36 29
890 23 1 29 220 18 67 25 38 25 39 35 29
891 23 44 22 87 20 8 25 33 30 72 36 29
892 23 1 24 189 25 1 21 24 26 352 35 29
893 23 28 24 197 21 29 25 28 34 228 36 29
894 23 44 43 151 36 43 22 23 34 57 36 29
895 22 1 25 125 29 76 23 29 27 65 35 29
896 23 31 32 161 28 67 23 1 28 68 36 29
897 23 32 33 241 26 5 25 32 31 91 36 29
898 23 1 43 127 37 23 22 23 29 65 36 29
899 23 6 37 169 35 47 30 18 26 67 36 29
900 23 31 39 99 43 76 26 26 26 67 36 29
901 23 4 42 226 29 128 22 25 27 54 36 29
902 23 40 35 300 41 40 27 26 27 42 36 29
903 23 36 36 239 44 37 27 29 33 103 36 29
904 23 29 26 142 23 1 23 32 28 88 36 29
905 23 42 27 226 25 1 40 135 830 107 36 29
906 23 35 25 167 23 1 28 38 27 69 36 29
907 23 14 28 123 28 1 23 20 33 72 36 29
908 23 53 36 275 24 21 25 30 31 69 36 29
909 23 30 45 123 38 89 30 28 42 86 36 29
910 23 59 42 124 42 46 27 25 30 47 36 29
911 23 13 25 92 34 49 23 20 24 107 36 29
912 23 46 40 213 26 74 28 27 26 71 36 29
913 23 26 25 90 24 49 27 22 27 66 36 29
914 23 43 44 131 21 42 23 40 24 71 36 29
915 23 45 35 198 26 61 25 4 30 63 36 29
916 23 46 31 197 38 43 37 24 27 54 36 29
917 22 1 19 296 23 59 24 23 29 69 35 29
918 23 41 36 105 42 1 26 31 28 58 36 29
919 23 30 50 203 35 86 21 23 32 57 36 29
920 23 1 25 264 16 31 25 48 29 84 36 29
921 23 79 50 231 32 83 31 33 26 108 36 29
922 23 42 30 233 24 1 23 33 26 120 36 29
923 23 55 37 245 27 84 24 13 31 59 36 29
924 23 45 34 121 34 101 25 23 28 64 36 29
925 23 35 41 96 29 1 31 29 37 78 36 29
926 23 41 42 193 42 1 19 17 29 82 36 29
927 23 36 36 83 45 1 19 40 31 105 36 29
928 23 47 22 104 26 1 24 22 22 86 36 29
929 23 44 42 112 31 53 20 37 28 104 36 29
930 23 33 32 115 33 1 23 30 22 74 36 29
931 23 76 70 183 80 255 28 33 30 73 36 29
932 23 44 46 354 37 61 23 28 20 166 36 29
933 23 30 34 125 28 45 25 34 24 59 36 29
934 23 1 41 176 29 61 508 29 29 54 36 29
935 23 1 16 168 33 28 23 21 36 64 36 29
936 23 35 43 142 28 67 29 36 32 71 36 29
937 23 25 12 105 25 1 19 25 28 103 36 29
938 23 1 12 235 27 1 24 31 29 54 35 29
939 23 44 28 167 26 1 25 37 28 80 36 29
940 23 17 29 103 29 10 23 29 28 93 36 29
941 23 58 44 121 45 9 20 18 28 75 36 29
942 23 1 16 115 32 1 23 29 38 110 35 29
943 23 32 36 306 29 1 26 30 22 97 36 29
944 23 13 33 214 36 17 23 141 28 51 36 29
945 23 18 21 121 39 1 216 18 31 39 35 29
946 23 40 27 146 26 1 29 34 21 80 35 29
947 23 65 35 202 34 110 24 29 27 57 36 29
948 23 13 18 431 32 62 30 30 30 70 36 29
949 23 1 35 171 29 53 24 28 29 60 36 29
950 23 12 22 99 28 2 19 27 27 75 36 29
951 23 38 46 136 39 10 24 33 29 80 36 29
952 23 33 39 197 21 60 24 33 32 76 36 29
953 23 6 35 132 39 5 24 25 31 110 36 29
954 23 1 22 512 84 13 29 1 34 57 35 29
955 23 46 31 119 29 22 23 29 32 58 36 29
956 23 36 35 99 32 41 16 15 32 71 35 29
957 23 62 39 150 27 1 19 33 22 69 36 29
958 23 12 23 99 29 42 26 26 31 79 36 29
959 23 32 35 589 30 95 21 27 26 75 36 29
960 23 39 25 98 36 1 28 31 27 108 36 29
961 23 65 36 141 33 103 26 24 28 71 36 29
962 23 34 41 261 39 59 23 32 30 44 36 29
963 23 33 38 122 31 36 27 36 22 67 36 29
964 23 52 40 99 35 20 27 30 24 84 36 29
965 23 51 40 147 38 1 22 27 24 83 36 29
966 23 1 32 129 30 1 24 20 28 74 35 29
967 23 58 35 163 30 1 29 42 32 69 36 29
968 23 29 35 120 40 38 25 21 27 64 36 29
969 23 46 25 191 41 20 21 25 25 150 36 29
970 23 51 40 142 28 21 23 18 27 65 36 29
971 23 38 24 127 32 1 27 38 27 76 36 29
972 23 27 33 113 30 69 22 27 184 42 36 29
973 23 29 28 189 30 12 24 26 30 82 35 29
974 23 78 42 89 37 1 29 19 33 89 36 29
975 23 46 27 183 29 26 26 23 30 85 36 29
976 23 19 31 591 33 37 26 35 25 138 36 29
977 23 73 41 104 38 28 29 25 34 61 36 29
978 23 33 34 159 26 1 26 26 31 72 36 29
979 23 40 35 170 33 33 30 27 34 46 36 29
980 23 49 40 289 30 18 25 18 25 112 36 29
981 23 20 25 99 25 1 21 26 29 75 36 29
982 23 21 32 155 32 1 26 32 29 50 36 29
983 23 38 37 122 36 39 28 24 28 64 36 29
984 23 1 34 188 28 1 25 30 31 87 36 29
985 23 1 9 141 13 33 18 1 35 65 35 29
986 23 43 28 96 36 1 20 33 23 56 36 29
987 23 40 21 124 19 32 26 28 36 68 36 29
988 23 43 42 179 39 1 25 19 27 47 36 29
989 23 53 44 381 27 1 25 36 30 90 36 29
990 23 1 29 133 23 30 26 29 31 75 36 29
991 23 31 24 76 29 1 25 30 34 94 36 29
992 23 80 37 92 43 1 20 36 29 51 36 29
993 23 79 38 99 32 15 23 36 23 79 36 29
994 23 1 40 213 28 29 26 25 31 94 36 29
995 23 26 27 167 30 52 20 28 31 60 36 29
996 23 32 23 156 37 39 22 26 27 92 36 29
997 23 53 33 97 34 35 22 23 26 46 36 29
998 23 84 25 62 35 6 20 13 22 75 36 29
999 23 28 31 113 20 1 25 44 25 86 36 29
1000 23 45 48 134 36 94 27 28 31 79 36 29
