1 1777301277 3547 163 3662 3642 3579 3620 3621 3589 40 4061 4061 4061 4061 4061 4061 4061
2 1777301278 3547 151 3662 3643 3579 3621 3621 3589 40 4061 4061 4061 4061 4061 4061 4061
3 1777301278 3547 162 3662 3643 3579 3622 3622 3590 40 4061 4061 4061 4061 4061 4061 4061
4 1777301278 3546 146 3662 3643 3580 3622 3622 3590 40 4061 4060 4060 4060 4060 4060 4060
5 1777301278 3547 151 3662 3643 3579 3621 3621 3590 40 4061 4060 4060 4060 4060 4060 4060
6 1777301278 3547 161 3663 3644 3579 3622 3622 3591 40 4061 4060 4060 4060 4060 4060 4060
7 1777301278 3547 157 3662 3643 3579 3622 3622 3590 40 4061 4061 4061 4061 4061 4061 4061
8 1777301278 3547 163 3661 3643 3579 3621 3621 3590 40 4061 4060 4060 4060 4060 4060 4060
9 1777301278 3548 158 3663 3644 3580 3622 3622 3590 40 4061 4061 4061 4061 4061 4061 4061
10 1777301279 3548 142 3663 3644 3580 3622 3622 3590 40 4061 4060 4060 4060 4060 4060 4060
11 1777301279 3548 136 3664 3644 3580 3622 3622 3591 40 4061 4060 4060 4060 4060 4060 4060
12 1777301279 3547 119 3662 3643 3580 3622 3622 3590 40 4061 4061 4061 4061 4061 4061 4061
13 1777301279 3548 124 3663 3644 3580 3623 3623 3591 40 4061 4060 4060 4060 4060 4060 4060
14 1777301279 3547 152 3663 3644 3580 3622 3622 3590 40 4061 4060 4060 4060 4060 4060 4060
15 1777301279 3547 135 3662 3643 3580 3622 3622 3590 40 4061 4061 4061 4061 4061 4061 4061
16 1777301279 3547 161 3663 3643 3579 3622 3622 3590 40 4061 4060 4060 4060 4060 4060 4060
17 1777301279 3548 157 3664 3645 3581 3624 3623 3591 40 4061 4061 4061 4061 4061 4061 4061
18 1777301279 3548 133 3663 3644 3580 3622 3622 3590 40 4061 4061 4061 4061 4061 4061 4061
19 1777301279 3547 137 3663 3643 3580 3622 3622 3590 40 4061 4060 4060 4060 4060 4060 4060
20 1777301280 3547 144 3663 3643 3579 3621 3622 3590 40 4061 4060 4060 4060 4060 4060 4060
21 1777301280 3548 161 3663 3644 3580 3622 3622 3590 40 4061 4061 4061 4061 4061 4061 4061
22 1777301280 3548 142 3663 3644 3581 3622 3623 3590 40 4061 4060 4060 4060 4060 4060 4060
23 1777301280 3548 151 3663 3644 3580 3622 3622 3590 40 4061 4061 4061 4061 4061 4061 4061
24 1777301281 3548 150 3663 3643 3580 3622 3622 3590 40 4061 4061 4061 4061 4061 4061 4061
25 1777301281 3548 113 3663 3643 3580 3622 3622 3590 40 4061 4060 4060 4060 4060 4060 4060
26 1777301281 3548 152 3663 3645 3581 3623 3623 3591 40 4061 4061 4061 4061 4061 4061 4061
27 1777301281 3549 127 3664 3644 3580 3622 3623 3591 40 4061 4061 4061 4061 4061 4061 4061
28 1777301281 3547 146 3662 3643 3579 3620 3621 3589 40 4061 4060 4060 4060 4060 4060 4060
29 1777301281 3547 147 3662 3643 3580 3622 3621 3590 40 4061 4061 4061 4061 4061 4061 4061
30 1777301282 3548 170 3663 3645 3581 3623 3623 3591 40 4061 4061 4061 4061 4061 4061 4061
31 1777301282 3548 150 3664 3645 3581 3623 3623 3591 40 4061 4061 4061 4061 4061 4061 4061
32 1777301282 3548 129 3663 3644 3580 3622 3622 3590 40 4061 4060 4060 4060 4060 4060 4060
33 1777301282 3548 141 3663 3644 3580 3622 3623 3590 40 4061 4061 4061 4061 4061 4061 4061
34 1777301282 3548 137 3663 3645 3581 3622 3623 3591 40 4061 4060 4060 4060 4060 4060 4060
35 1777301282 3547 139 3662 3644 3580 3622 3622 3590 40 4061 4061 4061 4061 4061 4061 4061
36 1777301283 3547 138 3663 3644 3580 3622 3621 3590 40 4061 4061 4061 4061 4061 4061 4061
37 1777301283 3548 149 3663 3644 3581 3622 3623 3591 40 4061 4060 4060 4060 4060 4060 4060
38 1777301283 3548 157 3663 3644 3580 3622 3622 3590 40 4061 4061 4061 4061 4061 4061 4061
39 1777301283 3549 146 3664 3645 3581 3623 3624 3591 40 4061 4060 4060 4060 4060 4060 4060
40 1777301283 3549 128 3664 3645 3581 3623 3623 3591 40 4061 4061 4061 4061 4061 4061 4061
41 1777301283 3548 167 3663 3644 3580 3622 3623 3591 40 4061 4060 4060 4060 4060 4060 4060
42 1777301283 3549 159 3664 3645 3581 3623 3623 3591 40 4061 4060 4060 4060 4060 4060 4060
43 1777301283 3548 139 3663 3644 3580 3622 3622 3591 40 4061 4061 4061 4061 4061 4061 4061
44 1777301283 3548 126 3663 3644 3580 3621 3622 3590 40 4061 4061 4061 4061 4061 4061 4061
45 1777301283 3548 151 3664 3645 3581 3623 3623 3591 40 4061 4061 4061 4061 4061 4061 4061
46 1777301284 3548 164 3663 3644 3580 3623 3623 3591 40 4061 4061 4061 4061 4061 4061 4061
47 1777301284 3549 156 3664 3645 3582 3624 3624 3592 40 4063 4062 4062 4062 4062 4062 4062
48 1777301284 3548 154 3664 3645 3581 3623 3623 3592 40 4061 4061 4061 4061 4061 4061 4061
49 1777301284 3548 152 3663 3644 3580 3622 3623 3591 40 4061 4061 4061 4061 4061 4061 4061
50 1777301284 3547 144 3663 3644 3580 3622 3623 3591 40 4061 4060 4060 4060 4060 4060 4060
51 1777301284 3547 156 3663 3643 3579 3621 3622 3590 40 4061 4060 4060 4060 4060 4060 4060
52 1777301284 3547 168 3663 3644 3581 3623 3622 3591 40 4061 4061 4061 4061 4061 4061 4061
53 1777301284 3549 150 3665 3645 3582 3624 3624 3592 40 4061 4060 4060 4060 4060 4060 4060
54 1777301285 3548 152 3663 3644 3580 3622 3622 3591 40 4061 4060 4060 4060 4060 4060 4060
55 1777301285 3550 146 3666 3646 3582 3624 3625 3593 40 4061 4060 4060 4060 4060 4060 4060
56 1777301285 3549 156 3665 3645 3581 3624 3624 3592 40 4061 4061 4061 4061 4061 4061 4061
57 1777301285 3548 134 3664 3644 3581 3623 3623 3591 40 4061 4060 4060 4060 4060 4060 4060
58 1777301285 3548 136 3664 3645 3581 3623 3623 3591 40 4061 4061 4061 4061 4061 4061 4061
59 1777301285 3548 166 3664 3644 3580 3623 3623 3591 40 4061 4061 4061 4061 4061 4061 4061
60 1777301286 3547 164 3663 3644 3580 3622 3622 3590 40 4063 4062 4062 4062 4062 4062 4062
61 1777301286 3548 142 3663 3644 3581 3623 3623 3591 40 4061 4061 4061 4061 4061 4061 4061
62 1777301286 3548 142 3663 3644 3580 3622 3622 3590 40 4061 4060 4060 4060 4060 4060 4060
63 1777301286 3548 176 3664 3644 3581 3622 3623 3591 40 4061 4061 4061 4061 4061 4061 4061
64 1777301286 3548 152 3664 3645 3581 3623 3623 3591 40 4061 4061 4061 4061 4061 4061 4061
65 1777301287 3548 159 3664 3645 3581 3623 3624 3592 40 4061 4061 4061 4061 4061 4061 4061
66 1777301287 3549 145 3664 3646 3582 3624 3624 3592 40 4061 4060 4060 4060 4060 4060 4060
67 1777301287 3549 146 3664 3645 3580 3623 3623 3591 40 4061 4060 4060 4060 4060 4060 4060
68 1777301287 3549 122 3664 3646 3582 3624 3624 3592 40 4061 4060 4060 4060 4060 4060 4060
69 1777301287 3547 149 3664 3644 3581 3623 3623 3591 40 4061 4061 4061 4061 4061 4061 4061
70 1777301287 3548 128 3664 3645 3581 3624 3624 3591 40 4061 4061 4061 4061 4061 4061 4061
71 1777301287 3549 133 3664 3645 3581 3623 3624 3591 40 4061 4060 4060 4060 4060 4060 4060
72 1777301288 3548 166 3664 3645 3581 3624 3624 3592 40 4061 4060 4060 4060 4060 4060 4060
73 1777301288 3548 160 3664 3644 3581 3622 3623 3591 40 4063 4062 4062 4062 4062 4062 4062
74 1777301288 3549 130 3665 3645 3581 3623 3623 3591 40 4061 4060 4060 4060 4060 4060 4060
75 1777301288 3547 147 3662 3644 3580 3622 3622 3591 40 4061 4061 4061 4061 4061 4061 4061
76 1777301288 3549 155 3664 3645 3581 3623 3623 3591 40 4061 4061 4061 4061 4061 4061 4061
77 1777301288 3548 158 3664 3644 3580 3622 3622 3591 40 4061 4060 4060 4060 4060 4060 4060
78 1777301288 3548 156 3663 3645 3581 3622 3623 3591 40 4061 4060 4060 4060 4060 4060 4060
79 1777301288 3548 159 3664 3645 3581 3623 3623 3592 40 4061 4061 4061 4061 4061 4061 4061
80 1777301289 3549 130 3665 3646 3581 3624 3624 3592 40 4061 4060 4060 4060 4060 4060 4060
81 1777301289 3549 142 3664 3645 3582 3624 3623 3592 40 4061 4061 4061 4061 4061 4061 4061
82 1777301289 3549 174 3664 3645 3581 3623 3624 3592 40 4061 4060 4060 4060 4060 4060 4060
83 1777301289 3550 128 3665 3646 3582 3624 3624 3593 40 4061 4061 4061 4061 4061 4061 4061
84 1777301289 3549 104 3664 3645 3581 3623 3623 3592 40 4061 4060 4060 4060 4060 4060 4060
85 1777301289 3549 158 3664 3646 3582 3624 3624 3592 40 4061 4060 4060 4060 4060 4060 4060
86 1777301289 3548 135 3664 3645 3581 3623 3624 3592 40 4061 4061 4061 4061 4061 4061 4061
87 1777301290 3548 123 3664 3645 3580 3622 3622 3591 40 4061 4061 4061 4061 4061 4061 4061
88 1777301290 3549 178 3665 3646 3582 3624 3624 3592 40 4061 4060 4060 4060 4060 4060 4060
89 1777301290 3549 129 3664 3645 3582 3624 3624 3592 40 4061 4061 4061 4061 4061 4061 4061
90 1777301290 3549 174 3664 3645 3581 3623 3623 3591 40 4061 4060 4060 4060 4060 4060 4060
91 1777301290 3548 109 3664 3644 3580 3623 3623 3591 40 4061 4060 4060 4060 4060 4060 4060
92 1777301290 3548 154 3664 3645 3581 3623 3623 3591 40 4061 4060 4060 4060 4060 4060 4060
93 1777301290 3549 146 3664 3645 3581 3623 3623 3592 40 4061 4061 4061 4061 4061 4061 4061
94 1777301290 3549 152 3663 3646 3582 3624 3624 3592 40 4061 4060 4060 4060 4060 4060 4060
95 1777301290 3549 200 3665 3645 3581 3623 3623 3592 40 4061 4060 4060 4060 4060 4060 4060
96 1777301290 3549 158 3665 3645 3582 3624 3624 3592 40 4061 4061 4061 4061 4061 4061 4061
97 1777301290 3549 159 3664 3645 3581 3624 3624 3591 40 4060 4060 4060 4060 4060 4060 4060
98 1777301291 3549 146 3665 3645 3582 3623 3623 3591 40 4061 4061 4061 4061 4061 4061 4061
99 1777301291 3549 139 3664 3645 3581 3623 3623 3592 40 4061 4060 4060 4060 4060 4060 4060
100 1777301291 3549 166 3665 3645 3582 3624 3624 3592 40 4061 4061 4061 4061 4061 4061 4061
101 1777301291 3548 173 3663 3644 3580 3622 3623 3591 40 4061 4060 4060 4060 4060 4060 4060
102 1777301291 3548 142 3663 3645 3581 3623 3623 3591 40 4061 4061 4061 4061 4061 4061 4061
103 1777301291 3549 143 3664 3645 3581 3623 3623 3591 40 4061 4060 4060 4060 4060 4060 4060
104 1777301291 3549 162 3665 3646 3582 3624 3624 3592 40 4061 4061 4061 4061 4061 4061 4061
105 1777301291 3550 143 3665 3646 3582 3624 3624 3592 40 4061 4060 4060 4060 4060 4060 4060
106 1777301291 3549 154 3664 3645 3582 3624 3624 3592 40 4061 4060 4060 4060 4060 4060 4060
107 1777301291 3549 152 3665 3646 3582 3624 3625 3593 40 4061 4060 4060 4060 4060 4060 4060
108 1777301291 3549 142 3665 3645 3581 3623 3623 3591 40 4060 4060 4060 4060 4060 4060 4060
109 1777301291 3550 135 3666 3646 3583 3625 3625 3593 40 4061 4060 4060 4060 4060 4060 4060
110 1777301292 3549 128 3665 3646 3582 3623 3624 3592 40 4061 4060 4060 4060 4060 4060 4060
111 1777301292 3549 134 3664 3644 3581 3623 3623 3591 40 4061 4060 4060 4060 4060 4060 4060
112 1777301292 3548 146 3663 3645 3581 3623 3624 3591 40 4061 4060 4060 4060 4060 4060 4060
113 1777301292 3549 129 3664 3645 3581 3623 3623 3591 40 4061 4061 4061 4061 4061 4061 4061
114 1777301292 3549 156 3665 3645 3582 3624 3623 3592 40 4061 4061 4061 4061 4061 4061 4061
115 1777301292 3549 131 3664 3645 3581 3623 3624 3591 40 4061 4060 4060 4060 4060 4060 4060
116 1777301292 3548 125 3665 3646 3582 3624 3624 3592 40 4061 4061 4061 4061 4061 4061 4061
117 1777301292 3548 165 3664 3645 3582 3623 3623 3592 40 4061 4060 4060 4060 4060 4060 4060
118 1777301292 3550 161 3665 3646 3583 3624 3625 3593 40 4061 4061 4061 4061 4061 4061 4061
119 1777301292 3549 161 3664 3645 3582 3624 3624 3592 40 4061 4061 4061 4061 4061 4061 4061
120 1777301292 3549 142 3665 3646 3582 3625 3625 3593 40 4061 4060 4060 4060 4060 4060 4060
121 1777301293 3551 133 3666 3647 3584 3626 3625 3593 40 4061 4060 4060 4060 4060 4060 4060
122 1777301293 3549 148 3664 3645 3581 3623 3624 3591 40 4061 4061 4061 4061 4061 4061 4061
123 1777301293 3549 151 3664 3645 3581 3623 3623 3591 40 4061 4060 4060 4060 4060 4060 4060
124 1777301293 3549 142 3665 3646 3582 3625 3624 3593 40 4061 4061 4061 4061 4061 4061 4061
125 1777301293 3548 135 3664 3645 3581 3623 3623 3591 40 4061 4061 4061 4061 4061 4061 4061
126 1777301293 3549 124 3665 3646 3582 3624 3624 3593 40 4061 4061 4061 4061 4061 4061 4061
127 1777301293 3550 136 3666 3647 3583 3625 3625 3592 40 4061 4061 4061 4061 4061 4061 4061
128 1777301293 3549 146 3665 3646 3582 3625 3625 3593 40 4061 4061 4061 4061 4061 4061 4061
129 1777301293 3549 141 3665 3646 3582 3624 3624 3592 40 4061 4061 4061 4061 4061 4061 4061
130 1777301293 3549 149 3665 3645 3582 3624 3624 3592 40 4061 4061 4061 4061 4061 4061 4061
131 1777301293 3548 125 3664 3645 3582 3623 3623 3592 40 4061 4061 4061 4061 4061 4061 4061
132 1777301293 3549 150 3665 3646 3582 3624 3624 3593 40 4061 4060 4060 4060 4060 4060 4060
133 1777301293 3548 163 3664 3645 3581 3623 3623 3591 40 4061 4061 4061 4061 4061 4061 4061
134 1777301294 3549 145 3665 3645 3581 3624 3624 3592 40 4061 4060 4060 4060 4060 4060 4060
135 1777301294 3549 145 3665 3645 3582 3624 3624 3592 40 4061 4060 4060 4060 4060 4060 4060
136 1777301294 3549 147 3664 3645 3581 3623 3623 3592 40 4061 4060 4060 4060 4060 4060 4060
137 1777301294 3549 167 3664 3645 3581 3624 3624 3592 40 4060 4060 4060 4060 4060 4060 4060
138 1777301294 3549 172 3665 3645 3582 3624 3624 3592 40 4061 4061 4061 4061 4061 4061 4061
139 1777301294 3550 143 3665 3646 3582 3624 3625 3593 40 4061 4060 4060 4060 4060 4060 4060
140 1777301294 3551 170 3667 3647 3583 3626 3626 3594 40 4061 4061 4061 4061 4061 4061 4061
141 1777301295 3550 139 3665 3646 3583 3624 3625 3593 40 4061 4061 4061 4061 4061 4061 4061
142 1777301295 3550 128 3665 3647 3583 3625 3625 3593 40 4061 4061 4061 4061 4061 4061 4061
143 1777301295 3549 157 3665 3646 3582 3624 3623 3591 40 4061 4061 4061 4061 4061 4061 4061
144 1777301295 3550 146 3665 3646 3583 3625 3625 3593 40 4061 4061 4061 4061 4061 4061 4061
145 1777301295 3550 133 3666 3647 3583 3625 3625 3593 40 4061 4061 4061 4061 4061 4061 4061
146 1777301295 3550 125 3666 3647 3583 3626 3625 3592 40 4061 4061 4061 4061 4061 4061 4061
147 1777301295 3550 159 3666 3647 3582 3624 3625 3593 40 4061 4060 4060 4060 4060 4060 4060
148 1777301295 3549 166 3665 3646 3582 3624 3624 3592 40 4061 4060 4060 4060 4060 4060 4060
149 1777301295 3549 139 3665 3646 3582 3624 3624 3593 40 4061 4060 4060 4060 4060 4060 4060
150 1777301295 3550 174 3665 3646 3582 3624 3625 3592 40 4061 4061 4061 4061 4061 4061 4061
151 1777301296 3550 149 3666 3646 3582 3624 3624 3592 40 4061 4060 4060 4060 4060 4060 4060
152 1777301296 3550 168 3665 3646 3583 3624 3625 3593 40 4061 4061 4061 4061 4061 4061 4061
153 1777301296 3550 141 3666 3647 3582 3624 3625 3593 40 4061 4061 4061 4061 4061 4061 4061
154 1777301296 3549 148 3665 3646 3582 3624 3624 3592 40 4061 4061 4061 4061 4061 4061 4061
155 1777301296 3549 173 3665 3646 3582 3624 3624 3592 40 4061 4060 4060 4060 4060 4060 4060
156 1777301297 3550 138 3665 3646 3583 3624 3625 3593 40 4061 4061 4061 4061 4061 4061 4061
157 1777301297 3550 122 3664 3646 3582 3624 3625 3592 40 4061 4060 4060 4060 4060 4060 4060
158 1777301297 3550 174 3665 3646 3582 3624 3625 3593 40 4061 4061 4061 4061 4061 4061 4061
159 1777301297 3549 154 3665 3646 3582 3624 3625 3592 40 4061 4061 4061 4061 4061 4061 4061
160 1777301297 3550 126 3665 3646 3582 3624 3624 3592 40 4063 4062 4062 4062 4062 4062 4062
161 1777301297 3550 141 3665 3646 3583 3625 3624 3592 40 4061 4060 4060 4060 4060 4060 4060
162 1777301298 3550 152 3666 3646 3583 3624 3625 3592 40 4061 4061 4061 4061 4061 4061 4061
163 1777301298 3550 119 3666 3647 3583 3625 3625 3594 40 4061 4061 4061 4061 4061 4061 4061
164 1777301298 3550 148 3665 3646 3582 3624 3624 3592 40 4061 4060 4060 4060 4060 4060 4060
165 1777301298 3550 155 3664 3646 3582 3624 3624 3593 40 4061 4061 4061 4061 4061 4061 4061
166 1777301298 3550 126 3666 3647 3583 3625 3625 3593 40 4061 4060 4060 4060 4060 4060 4060
167 1777301298 3549 153 3665 3645 3582 3624 3624 3591 40 4061 4060 4060 4060 4060 4060 4060
168 1777301298 3550 156 3665 3647 3583 3624 3624 3592 40 4063 4062 4062 4062 4062 4062 4062
169 1777301298 3550 155 3666 3646 3582 3624 3625 3593 40 4061 4060 4060 4060 4060 4060 4060
170 1777301299 3550 149 3665 3646 3582 3624 3624 3593 40 4061 4060 4060 4060 4060 4060 4060
171 1777301299 3550 159 3665 3647 3583 3624 3625 3592 40 4063 4062 4062 4062 4062 4062 4062
172 1777301299 3550 162 3665 3646 3582 3624 3624 3592 40 4061 4060 4060 4060 4060 4060 4060
173 1777301299 3550 154 3666 3647 3583 3625 3625 3593 40 4061 4061 4061 4061 4061 4061 4061
174 1777301299 3548 136 3663 3644 3580 3622 3623 3591 40 4061 4060 4060 4060 4060 4060 4060
175 1777301299 3547 185 3662 3644 3580 3622 3622 3591 40 4061 4061 4061 4061 4061 4061 4061
176 1777301300 3548 173 3663 3644 3580 3622 3623 3590 40 4061 4060 4060 4060 4060 4060 4060
177 1777301300 3549 185 3664 3645 3581 3623 3623 3591 40 4061 4060 4060 4060 4060 4060 4060
178 1777301300 3549 140 3664 3644 3581 3623 3623 3592 40 4061 4061 4061 4061 4061 4061 4061
179 1777301300 3549 127 3664 3645 3581 3623 3623 3591 40 4061 4061 4061 4061 4061 4061 4061
180 1777301300 3547 140 3663 3644 3580 3622 3622 3591 40 4061 4061 4061 4061 4061 4061 4061
181 1777301301 3548 162 3664 3644 3580 3622 3623 3590 40 4061 4060 4060 4060 4060 4060 4060
182 1777301301 3550 145 3665 3646 3582 3624 3624 3591 40 4061 4061 4061 4061 4061 4061 4061
183 1777301301 3548 138 3664 3645 3581 3623 3623 3591 40 4061 4060 4060 4060 4060 4060 4060
184 1777301301 3548 145 3663 3644 3581 3622 3622 3591 40 4061 4060 4060 4060 4060 4060 4060
185 1777301301 3547 135 3663 3644 3580 3622 3622 3590 40 4061 4061 4061 4061 4061 4061 4061
186 1777301301 3548 150 3664 3645 3580 3622 3623 3591 40 4061 4060 4060 4060 4060 4060 4060
187 1777301301 3549 146 3664 3645 3581 3623 3623 3592 40 4061 4061 4061 4061 4061 4061 4061
188 1777301302 3548 154 3664 3644 3581 3623 3623 3591 40 4061 4061 4061 4061 4061 4061 4061
189 1777301302 3549 136 3665 3646 3582 3624 3624 3592 40 4061 4061 4061 4061 4061 4061 4061
190 1777301302 3549 140 3663 3646 3582 3624 3624 3592 40 4061 4061 4061 4061 4061 4061 4061
191 1777301302 3548 162 3664 3645 3581 3623 3623 3591 40 4061 4061 4061 4061 4061 4061 4061
192 1777301302 3549 152 3665 3645 3581 3623 3623 3591 40 4061 4061 4061 4061 4061 4061 4061
193 1777301302 3548 154 3664 3645 3581 3623 3623 3591 40 4061 4061 4061 4061 4061 4061 4061
194 1777301302 3548 169 3664 3645 3581 3623 3623 3591 40 4061 4061 4061 4061 4061 4061 4061
195 1777301302 3549 137 3665 3646 3582 3624 3624 3593 40 4061 4061 4061 4061 4061 4061 4061
196 1777301303 3548 148 3664 3645 3581 3623 3623 3592 40 4061 4060 4060 4060 4060 4060 4060
197 1777301303 3549 134 3664 3645 3581 3623 3624 3591 40 4061 4060 4060 4060 4060 4060 4060
198 1777301303 3549 162 3665 3645 3581 3624 3624 3592 40 4061 4060 4060 4060 4060 4060 4060
199 1777301303 3549 136 3664 3646 3582 3623 3623 3591 40 4061 4061 4061 4061 4061 4061 4061
200 1777301303 3548 109 3663 3644 3581 3622 3623 3591 40 4061 4061 4061 4061 4061 4061 4061
201 1777301303 3548 135 3664 3645 3581 3623 3623 3591 40 4061 4061 4061 4061 4061 4061 4061
202 1777301303 3548 161 3664 3645 3582 3623 3623 3591 40 4060 4060 4060 4060 4060 4060 4060
203 1777301304 3549 163 3664 3645 3581 3623 3623 3591 40 4061 4061 4061 4061 4061 4061 4061
204 1777301304 3549 139 3665 3646 3582 3624 3624 3592 40 4061 4060 4060 4060 4060 4060 4060
205 1777301304 3549 173 3664 3645 3581 3623 3623 3591 40 4061 4060 4060 4060 4060 4060 4060
206 1777301304 3549 157 3665 3646 3581 3624 3624 3592 40 4061 4061 4061 4061 4061 4061 4061
207 1777301304 3549 149 3664 3645 3581 3623 3623 3591 40 4061 4061 4061 4061 4061 4061 4061
208 1777301304 3550 167 3665 3646 3582 3624 3624 3593 40 4061 4061 4061 4061 4061 4061 4061
209 1777301304 3549 160 3664 3646 3582 3624 3624 3592 40 4061 4061 4061 4061 4061 4061 4061
210 1777301304 3549 136 3665 3645 3581 3624 3623 3592 40 4060 4060 4060 4060 4060 4060 4060
211 1777301304 3549 150 3664 3645 3581 3623 3623 3591 40 4061 4061 4061 4061 4061 4061 4061
212 1777301304 3549 142 3665 3646 3581 3623 3623 3592 40 4061 4060 4060 4060 4060 4060 4060
213 1777301304 3549 149 3665 3646 3582 3624 3624 3592 40 4061 4061 4061 4061 4061 4061 4061
214 1777301304 151 158 219 3645 121 3623 3625 3593 40 4061 4061 4061 4061 4061 4061 4061
215 1777301304 3549 160 3664 3645 3581 3623 3623 3591 40 4061 4061 4061 4061 4061 4061 4061
216 1777301305 3548 151 3663 3644 3581 3622 3623 3591 40 4061 4061 4061 4061 4061 4061 4061
217 1777301305 3548 100 3664 3645 3581 3623 3623 3591 40 4061 4061 4061 4061 4061 4061 4061
218 1777301305 3549 155 3664 3645 3581 3623 3624 3592 40 4061 4060 4060 4060 4060 4060 4060
219 1777301305 3548 198 3663 3644 3580 3622 3622 3590 40 4060 4060 4060 4060 4060 4060 4060
220 1777301305 3549 158 3665 3645 3581 3623 3623 3592 40 4063 4062 4062 4062 4062 4062 4062
221 1777301306 3549 144 3664 3645 3581 3623 3623 3591 40 4061 4061 4061 4061 4061 4061 4061
222 1777301306 3550 144 3663 3645 3581 3624 3624 3592 40 4061 4061 4061 4061 4061 4061 4061
223 1777301306 3549 137 3665 3646 3582 3624 3624 3592 40 4061 4061 4061 4061 4061 4061 4061
224 1777301306 3548 148 3664 3644 3580 3623 3623 3591 40 4061 4060 4060 4060 4060 4060 4060
225 1777301306 3549 134 3664 3645 3582 3624 3624 3592 40 4061 4061 4061 4061 4061 4061 4061
226 1777301306 3549 172 3666 3646 3582 3624 3624 3592 40 4063 4062 4062 4062 4062 4062 4062
227 1777301306 3550 156 3665 3645 3582 3623 3624 3592 40 4061 4061 4061 4061 4061 4061 4061
228 1777301306 3549 141 3665 3646 3582 3624 3625 3592 40 4061 4061 4061 4061 4061 4061 4061
229 1777301307 3549 156 3664 3645 3581 3623 3623 3591 40 4061 4060 4060 4060 4060 4060 4060
230 1777301307 3549 153 3664 3645 3582 3623 3623 3591 40 4061 4061 4061 4061 4061 4061 4061
231 1777301307 3547 154 3662 3644 3580 3622 3622 3590 40 4061 4061 4061 4061 4061 4061 4061
232 1777301307 3548 143 3664 3645 3581 3623 3624 3592 40 4061 4061 4061 4061 4061 4061 4061
233 1777301308 3549 133 3664 3645 3581 3623 3624 3592 40 4061 4061 4061 4061 4061 4061 4061
234 1777301308 3549 162 3665 3645 3581 3624 3623 3592 40 4061 4060 4060 4060 4060 4060 4060
235 1777301308 3549 137 3665 3645 3582 3623 3624 3591 40 4061 4061 4061 4061 4061 4061 4061
236 1777301308 3549 148 3665 3646 3582 3624 3624 3592 40 4061 4061 4061 4061 4061 4061 4061
237 1777301309 3550 162 3664 3646 3582 3624 3624 3592 40 4061 4060 4060 4060 4060 4060 4060
238 1777301309 3549 142 3665 3646 3582 3623 3624 3592 40 4061 4060 4060 4060 4060 4060 4060
239 1777301309 3549 151 3664 3645 3581 3623 3624 3592 40 4063 4062 4062 4062 4062 4062 4062
240 1777301309 3548 132 3663 3644 3581 3622 3623 3590 40 4061 4061 4061 4061 4061 4061 4061
241 1777301309 3549 169 3665 3645 3582 3624 3624 3592 40 4061 4061 4061 4061 4061 4061 4061
242 1777301309 3548 157 3665 3645 3581 3623 3623 3592 40 4063 4062 4062 4062 4062 4062 4062
243 1777301309 3549 123 3665 3646 3582 3624 3623 3592 40 4061 4060 4060 4060 4060 4060 4060
244 1777301309 3550 158 3665 3645 3582 3624 3624 3592 40 4061 4060 4060 4060 4060 4060 4060
245 1777301309 3549 158 3664 3645 3581 3624 3624 3592 40 4061 4061 4061 4061 4061 4061 4061
246 1777301309 3549 135 3664 3645 3581 3623 3624 3592 40 4061 4061 4061 4061 4061 4061 4061
247 1777301309 3549 135 3664 3645 3581 3623 3624 3591 40 4061 4061 4061 4061 4061 4061 4061
248 1777301310 3549 153 3665 3645 3581 3623 3623 3591 40 4061 4061 4061 4061 4061 4061 4061
249 1777301310 3549 131 3664 3645 3581 3623 3623 3592 40 4061 4060 4060 4060 4060 4060 4060
250 1777301310 3548 140 3663 3644 3581 3622 3623 3591 40 4061 4060 4060 4060 4060 4060 4060
251 1777301310 3550 156 3666 3647 3582 3624 3624 3592 40 4061 4061 4061 4061 4061 4061 4061
252 1777301310 3548 130 3664 3645 3581 3623 3623 3591 40 4061 4061 4061 4061 4061 4061 4061
253 1777301310 3549 137 3664 3645 3581 3623 3623 3591 40 4061 4061 4061 4061 4061 4061 4061
254 1777301310 3550 138 3665 3646 3582 3624 3625 3592 40 4061 4061 4061 4061 4061 4061 4061
255 1777301310 3550 129 3665 3646 3582 3624 3624 3592 40 4061 4060 4060 4060 4060 4060 4060
256 1777301310 3549 158 3665 3646 3582 3624 3624 3592 40 4061 4060 4060 4060 4060 4060 4060
257 1777301311 3549 132 3664 3645 3581 3624 3624 3592 40 4061 4061 4061 4061 4061 4061 4061
258 1777301311 3549 181 3665 3646 3582 3624 3624 3592 40 4061 4061 4061 4061 4061 4061 4061
259 1777301311 3549 125 3665 3646 3582 3624 3624 3593 40 4061 4061 4061 4061 4061 4061 4061
260 1777301311 3549 145 3665 3646 3582 3624 3624 3592 40 4061 4061 4061 4061 4061 4061 4061
261 1777301311 3549 141 3665 3646 3582 3624 3624 3592 40 4061 4061 4061 4061 4061 4061 4061
262 1777301311 3550 118 3665 3646 3583 3624 3625 3593 40 4061 4061 4061 4061 4061 4061 4061
263 1777301311 3549 125 3665 3646 3582 3623 3624 3592 40 4061 4061 4061 4061 4061 4061 4061
264 1777301311 3548 158 3664 3645 3581 3623 3623 3591 40 4061 4060 4060 4060 4060 4060 4060
265 1777301311 3550 165 3665 3646 3582 3624 3624 3593 40 4061 4061 4061 4061 4061 4061 4061
266 1777301312 3548 140 3664 3644 3580 3623 3623 3591 40 4061 4060 4060 4060 4060 4060 4060
267 1777301312 3550 143 3665 3646 3582 3624 3623 3592 40 4061 4061 4061 4061 4061 4061 4061
268 1777301312 3550 154 3665 3645 3582 3624 3624 3592 40 4061 4060 4060 4060 4060 4060 4060
269 1777301312 3549 116 3664 3646 3582 3624 3624 3593 40 4061 4061 4061 4061 4061 4061 4061
270 1777301312 3548 144 3663 3644 3581 3623 3623 3591 40 4061 4061 4061 4061 4061 4061 4061
271 1777301312 3549 159 3665 3646 3582 3624 3624 3592 40 4061 4061 4061 4061 4061 4061 4061
272 1777301312 3549 160 3665 3645 3582 3623 3624 3592 40 4061 4061 4061 4061 4061 4061 4061
273 1777301312 3549 153 3664 3645 3581 3623 3624 3591 40 4061 4061 4061 4061 4061 4061 4061
274 1777301312 3549 148 3664 3645 3581 3623 3623 3591 40 4061 4060 4060 4060 4060 4060 4060
275 1777301312 3549 148 3664 3645 3581 3623 3623 3592 40 4061 4061 4061 4061 4061 4061 4061
276 1777301312 3549 117 3665 3645 3581 3623 3624 3591 40 4061 4061 4061 4061 4061 4061 4061
277 1777301313 3548 183 3663 3644 3580 3622 3622 3591 40 4061 4061 4061 4061 4061 4061 4061
278 1777301313 3550 155 3665 3646 3582 3624 3624 3592 40 4061 4060 4060 4060 4060 4060 4060
279 1777301313 3549 162 3665 3646 3582 3624 3624 3593 40 4061 4061 4061 4061 4061 4061 4061
280 1777301313 3548 158 3663 3644 3581 3622 3623 3591 40 4061 4061 4061 4061 4061 4061 4061
281 1777301314 3549 159 3664 3645 3581 3623 3623 3591 40 4061 4061 4061 4061 4061 4061 4061
282 1777301314 3550 145 3665 3646 3582 3624 3624 3593 40 4061 4061 4061 4061 4061 4061 4061
283 1777301314 3549 161 3665 3646 3582 3624 3624 3592 40 4061 4061 4061 4061 4061 4061 4061
284 1777301314 3550 158 3665 3646 3582 3624 3624 3592 40 4061 4061 4061 4061 4061 4061 4061
285 1777301314 3550 133 3664 3646 3582 3624 3624 3593 40 4061 4061 4061 4061 4061 4061 4061
286 1777301314 3549 144 3666 3646 3583 3624 3625 3593 40 4061 4060 4060 4060 4060 4060 4060
287 1777301315 3549 152 3665 3646 3582 3624 3624 3592 40 4061 4060 4060 4060 4060 4060 4060
288 1777301315 3549 174 3665 3646 3582 3624 3624 3592 40 4061 4060 4060 4060 4060 4060 4060
289 1777301315 3550 145 3665 3646 3583 3625 3624 3593 40 4061 4060 4060 4060 4060 4060 4060
290 1777301315 3549 151 3665 3646 3582 3623 3624 3592 40 4061 4061 4061 4061 4061 4061 4061
291 1777301315 3550 155 3666 3646 3582 3624 3625 3593 40 4063 4062 4062 4062 4062 4062 4062
292 1777301315 3549 132 3665 3646 3582 3624 3624 3592 40 4061 4061 4061 4061 4061 4061 4061
293 1777301315 3551 132 157 168 131 3624 3626 3594 40 4061 4061 4061 4061 4061 4061 4061
294 1777301315 3549 152 3665 3646 3582 3624 3624 3592 40 4061 4060 4060 4060 4060 4060 4060
295 1777301315 3549 149 3664 3645 3581 3623 3624 3592 40 4061 4061 4061 4061 4061 4061 4061
296 1777301315 3549 165 3665 3646 3582 3624 3624 3592 40 4061 4061 4061 4061 4061 4061 4061
297 1777301316 3549 158 3665 3646 3582 3624 3624 3592 40 4061 4061 4061 4061 4061 4061 4061
298 1777301316 3551 144 3666 3647 3583 3624 3625 3593 40 4061 4060 4060 4060 4060 4060 4060
299 1777301316 3549 150 3664 3646 3582 3624 3624 3592 40 4061 4061 4061 4061 4061 4061 4061
300 1777301316 3549 140 3665 3645 3581 3623 3624 3592 40 4061 4061 4061 4061 4061 4061 4061
301 1777301316 3551 148 3665 3646 3582 3625 3624 3592 40 4061 4061 4061 4061 4061 4061 4061
302 1777301316 3549 142 3665 3646 3582 3624 3624 3592 40 4061 4060 4060 4060 4060 4060 4060
303 1777301316 3549 143 3665 3645 3582 3624 3624 3592 40 4061 4061 4061 4061 4061 4061 4061
304 1777301317 3549 133 3664 3646 3582 3623 3624 3591 40 4061 4061 4061 4061 4061 4061 4061
305 1777301317 3550 159 3666 3646 3582 3624 3625 3593 40 4061 4060 4060 4060 4060 4060 4060
306 1777301317 3549 110 3665 3646 3582 3624 3624 3592 40 4061 4060 4060 4060 4060 4060 4060
307 1777301317 3549 118 3664 3645 3581 3623 3623 3592 40 4061 4061 4061 4061 4061 4061 4061
308 1777301317 3549 158 3665 3646 3582 3624 3625 3593 40 4061 4060 4060 4060 4060 4060 4060
309 1777301317 3549 149 3665 3646 3582 3624 3625 3592 40 4061 4061 4061 4061 4061 4061 4061
310 1777301317 3550 173 3666 3646 3582 3624 3624 3592 40 4061 4061 4061 4061 4061 4061 4061
311 1777301317 3550 143 3665 3646 3582 3624 3624 3592 40 4061 4061 4061 4061 4061 4061 4061
312 1777301318 3550 148 3665 3646 3582 3624 3625 3593 40 4061 4061 4061 4061 4061 4061 4061
313 1777301318 3550 153 3666 3647 3582 3624 3625 3592 40 4061 4061 4061 4061 4061 4061 4061
314 1777301318 3550 140 3666 3646 3583 3624 3624 3592 40 4061 4061 4061 4061 4061 4061 4061
315 1777301318 3551 166 3666 3647 3583 3625 3625 3593 40 4061 4061 4061 4061 4061 4061 4061
316 1777301318 3550 155 3665 3646 3583 3624 3625 3593 40 4061 4061 4061 4061 4061 4061 4061
317 1777301318 3550 137 3666 3647 3583 3625 3625 3593 40 4061 4060 4060 4060 4060 4060 4060
318 1777301318 3550 156 3665 3646 3582 3624 3625 3592 40 4061 4060 4060 4060 4060 4060 4060
319 1777301319 3550 137 3665 3646 3582 3624 3624 3593 40 4061 4060 4060 4060 4060 4060 4060
320 1777301319 3550 153 3665 3646 3582 3625 3625 3593 40 4061 4061 4061 4061 4061 4061 4061
321 1777301319 3550 127 3666 3647 3583 3625 3625 3594 40 4061 4060 4060 4060 4060 4060 4060
322 1777301319 3550 142 3665 3646 3582 3624 3624 3592 40 4061 4061 4061 4061 4061 4061 4061
323 1777301319 3549 148 3665 3646 3582 3624 3624 3592 40 4061 4060 4060 4060 4060 4060 4060
324 1777301319 3551 151 3666 3646 3582 3625 3625 3593 40 4061 4060 4060 4060 4060 4060 4060
325 1777301319 3551 150 3666 3647 3583 3625 3626 3593 40 4061 4060 4060 4060 4060 4060 4060
326 1777301319 3550 136 3665 3646 3582 3624 3625 3593 40 4061 4061 4061 4061 4061 4061 4061
327 1777301319 3551 120 3666 3647 3584 3626 3626 3594 40 4061 4061 4061 4061 4061 4061 4061
328 1777301319 3549 137 3665 3646 3582 3624 3624 3593 40 4061 4061 4061 4061 4061 4061 4061
329 1777301320 3549 134 3666 3646 3582 3624 3624 3593 40 4061 4060 4060 4060 4060 4060 4060
330 1777301320 3550 148 3665 3645 3582 3624 3624 3592 40 4061 4061 4061 4061 4061 4061 4061
331 1777301320 3550 131 3666 3646 3583 3625 3625 3593 40 4061 4060 4060 4060 4060 4060 4060
332 1777301320 3550 145 3665 3646 3582 3625 3625 3593 40 4061 4060 4060 4060 4060 4060 4060
333 1777301320 121 115 3666 3647 3583 3625 3626 3594 40 4061 4061 4061 4061 4061 4061 4061
334 1777301320 3550 120 3665 3646 3582 3624 3625 3592 40 4061 4061 4061 4061 4061 4061 4061
335 1777301320 3550 125 3666 3646 3583 3624 3625 3593 40 4061 4060 4060 4060 4060 4060 4060
336 1777301321 3551 161 3666 3647 3583 3625 3626 3594 40 4061 4061 4061 4061 4061 4061 4061
337 1777301321 3549 161 3664 3646 3582 3624 3625 3592 40 4061 4060 4060 4060 4060 4060 4060
338 1777301321 3550 148 3665 3646 3582 3624 3624 3592 40 4061 4061 4061 4061 4061 4061 4061
339 1777301321 3549 144 3665 3646 3582 3624 3624 3592 40 4061 4061 4061 4061 4061 4061 4061
340 1777301321 3550 150 3665 3646 3583 3625 3625 3593 40 4059 4058 4058 4058 4058 4058 4058
341 1777301321 3549 168 3664 3645 3582 3623 3624 3591 40 4061 4061 4061 4061 4061 4061 4061
342 1777301321 3548 144 3664 3645 3581 3624 3623 3592 40 4061 4061 4061 4061 4061 4061 4061
343 1777301321 3550 147 3666 3646 3582 3624 3624 3592 40 4061 4061 4061 4061 4061 4061 4061
344 1777301321 3549 148 3665 3646 3582 3623 3624 3592 40 4061 4060 4060 4060 4060 4060 4060
345 1777301321 3550 151 3666 3647 3583 3624 3625 3593 40 4061 4061 4061 4061 4061 4061 4061
346 1777301322 3549 136 3665 3646 3582 3624 3624 3592 40 4061 4060 4060 4060 4060 4060 4060
347 1777301322 3550 134 3666 3647 3583 3625 3625 3593 40 4061 4061 4061 4061 4061 4061 4061
348 1777301322 3550 146 3665 3646 3582 3624 3624 3592 40 4061 4060 4060 4060 4060 4060 4060
349 1777301322 3549 160 3664 3646 3582 3624 3625 3592 40 4061 4061 4061 4061 4061 4061 4061
350 1777301322 3550 125 3665 3646 3582 3624 3624 3592 40 4061 4061 4061 4061 4061 4061 4061
351 1777301322 3548 135 3662 3645 3582 3623 3624 3592 40 4061 4061 4061 4061 4061 4061 4061
352 1777301322 3550 175 3666 3647 3583 3625 3625 3593 40 4061 4060 4060 4060 4060 4060 4060
353 1777301322 3549 165 3665 3646 3582 3624 3624 3593 40 4061 4061 4061 4061 4061 4061 4061
354 1777301322 3550 162 3665 3646 3583 3624 3625 3593 40 4061 4061 4061 4061 4061 4061 4061
355 1777301322 3550 134 3665 3647 3583 3625 3624 3593 40 4061 4061 4061 4061 4061 4061 4061
356 1777301322 3549 168 3665 3645 3582 3624 3624 3592 40 4061 4061 4061 4061 4061 4061 4061
357 1777301323 3550 170 3666 3646 3583 3625 3625 3593 40 4061 4060 4060 4060 4060 4060 4060
358 1777301323 3551 139 3666 3647 3583 3624 3625 3593 40 4061 4061 4061 4061 4061 4061 4061
359 1777301323 3550 131 3666 3647 3583 3624 3625 3593 40 4061 4061 4061 4061 4061 4061 4061
360 1777301323 3550 152 3665 3646 3582 3624 3625 3593 40 4061 4061 4061 4061 4061 4061 4061
361 1777301323 3549 150 3664 3646 3582 3624 3624 3592 40 4061 4061 4061 4061 4061 4061 4061
362 1777301324 3549 146 3665 3646 3582 3624 3624 3592 40 4061 4061 4061 4061 4061 4061 4061
363 1777301324 3550 159 3665 3646 3582 3624 3624 3592 40 4061 4060 4060 4060 4060 4060 4060
364 1777301324 3550 143 3665 3646 3582 3624 3625 3593 40 4061 4060 4060 4060 4060 4060 4060
365 1777301324 3549 120 3664 3646 3582 3624 3624 3592 40 4061 4060 4060 4060 4060 4060 4060
366 1777301324 3550 133 3666 3646 3583 3625 3625 3593 40 4061 4061 4061 4061 4061 4061 4061
367 1777301324 3550 150 3666 3647 3583 3625 3625 3593 40 4060 4060 4060 4060 4060 4060 4060
368 1777301324 3550 139 3665 3646 3583 3625 3625 3593 40 4061 4060 4060 4060 4060 4060 4060
369 1777301324 3551 153 3667 3648 3584 3626 3626 3594 40 4061 4061 4061 4061 4061 4061 4061
370 1777301325 3551 126 3666 3647 3583 3625 3625 3593 40 4061 4060 4060 4060 4060 4060 4060
371 1777301325 3550 143 3665 3646 3582 3624 3624 3592 40 4061 4060 4060 4060 4060 4060 4060
372 1777301325 3550 161 3665 3646 3583 3625 3625 3593 40 4061 4061 4061 4061 4061 4061 4061
373 1777301325 3549 134 3666 3647 3583 3625 3625 3593 40 4063 4062 4062 4062 4062 4062 4062
374 1777301325 3550 153 3665 3646 3582 3625 3625 3593 40 4061 4061 4061 4061 4061 4061 4061
375 1777301325 3550 141 3666 3646 3583 3625 3625 3593 40 4061 4060 4060 4060 4060 4060 4060
376 1777301325 3550 159 3666 3647 3583 3625 3625 3593 40 4061 4061 4061 4061 4061 4061 4061
377 1777301325 3549 130 3665 3646 3582 3624 3624 3592 40 4061 4061 4061 4061 4061 4061 4061
378 1777301325 3550 181 3665 3647 3583 3625 3625 3593 40 4061 4061 4061 4061 4061 4061 4061
379 1777301325 3550 137 3666 3647 3583 3625 3625 3593 40 4061 4061 4061 4061 4061 4061 4061
380 1777301325 3550 170 3665 3647 3583 3625 3625 3593 40 4061 4061 4061 4061 4061 4061 4061
381 1777301325 3549 131 3664 3646 3582 3624 3625 3593 40 4061 4061 4061 4061 4061 4061 4061
382 1777301325 3550 112 3666 3647 3583 3625 3625 3594 40 4061 4061 4061 4061 4061 4061 4061
383 1777301326 3550 137 3665 3646 3582 3624 3624 3592 40 4061 4061 4061 4061 4061 4061 4061
384 1777301326 3550 142 3665 3647 3583 3625 3624 3593 40 4061 4061 4061 4061 4061 4061 4061
385 1777301326 3550 154 3664 3645 3582 3624 3624 3592 40 4061 4060 4060 4060 4060 4060 4060
386 1777301326 3550 156 3665 3646 3582 3624 3624 3592 40 4061 4060 4060 4060 4060 4060 4060
387 1777301326 3549 179 3664 3646 3582 3624 3624 3593 40 4061 4060 4060 4060 4060 4060 4060
388 1777301327 3550 145 3665 3647 3582 3624 3625 3593 40 4061 4061 4061 4061 4061 4061 4061
389 1777301327 3550 149 3665 3646 3582 3624 3625 3592 40 4061 4061 4061 4061 4061 4061 4061
390 1777301327 3550 148 3665 3646 3583 3625 3625 3593 40 4061 4061 4061 4061 4061 4061 4061
391 1777301328 3551 164 3667 3647 3584 3626 3626 3594 40 4061 4061 4061 4061 4061 4061 4061
392 1777301328 3552 146 3667 118 3583 2667 3626 3595 40 4061 4061 4061 4061 4061 4061 4061
393 1777301328 3551 152 3667 3648 3584 3625 3626 3593 40 4061 4061 4061 4061 4061 4061 4061
394 1777301328 3550 136 3666 3646 3582 3624 3624 3593 40 4061 4060 4060 4060 4060 4060 4060
395 1777301328 3550 142 3666 3646 3583 3624 3625 3594 40 4061 4060 4060 4060 4060 4060 4060
396 1777301328 3550 137 3665 3646 3583 3625 3625 3593 40 4061 4061 4061 4061 4061 4061 4061
397 1777301328 3550 155 3666 3647 3583 3625 3625 3593 40 4061 4061 4061 4061 4061 4061 4061
398 1777301328 3552 166 3667 3648 3584 3625 3626 3594 40 4061 4061 4061 4061 4061 4061 4061
399 1777301328 3550 165 3666 3647 3582 3625 3625 3593 40 4061 4060 4060 4060 4060 4060 4060
400 1777301329 3550 158 3666 3647 3583 3624 3625 3592 40 4061 4061 4061 4061 4061 4061 4061
401 1777301329 3551 141 3667 3648 3584 3626 3627 3595 40 4061 4061 4061 4061 4061 4061 4061
402 1777301329 3551 143 3667 3647 3583 3625 3626 3594 40 4061 4060 4060 4060 4060 4060 4060
403 1777301329 3551 153 3666 3647 3583 3626 3626 3594 40 4061 4061 4061 4061 4061 4061 4061
404 1777301329 3551 117 3666 3647 3583 3624 3625 3593 40 4061 4060 4060 4060 4060 4060 4060
405 1777301329 3550 143 3665 3646 3582 3624 3625 3593 40 4061 4061 4061 4061 4061 4061 4061
406 1777301329 3550 146 3665 3646 3582 3625 3625 3593 40 4061 4060 4060 4060 4060 4060 4060
407 1777301329 3550 132 3666 3648 3583 3626 3625 3594 40 4061 4061 4061 4061 4061 4061 4061
408 1777301330 3550 136 3665 3646 3582 3624 3625 3593 40 4061 4061 4061 4061 4061 4061 4061
409 1777301330 3551 176 3667 3648 3584 3626 3626 3594 40 4061 4060 4060 4060 4060 4060 4060
410 1777301330 3550 150 3665 3646 3583 3625 3625 3593 40 4061 4061 4061 4061 4061 4061 4061
411 1777301330 3551 142 3666 3647 3583 3625 3626 3594 40 4063 4062 4062 4062 4062 4062 4062
412 1777301330 3549 134 3665 3646 3582 3624 3624 3593 40 4063 4062 4062 4062 4062 4062 4062
413 1777301330 3551 183 3668 3648 3584 3626 3626 3595 40 4061 4061 4061 4061 4061 4061 4061
414 1777301330 3551 140 3666 3647 3583 3625 3625 3593 40 4061 4060 4060 4060 4060 4060 4060
415 1777301330 3550 152 3666 3647 3583 3625 3625 3593 40 4061 4060 4060 4060 4060 4060 4060
416 1777301330 3550 128 3665 3646 3582 3625 3625 3593 40 4061 4060 4060 4060 4060 4060 4060
417 1777301330 3550 135 3666 3647 3583 3625 3625 3593 40 4061 4061 4061 4061 4061 4061 4061
418 1777301331 3550 170 3666 3647 3583 3625 3625 3593 40 4061 4061 4061 4061 4061 4061 4061
419 1777301331 3551 161 3666 3648 2783 3626 3626 3593 40 4060 4060 4060 4060 4060 4060 4060
420 1777301331 3550 143 3666 3647 3584 3625 3626 3594 40 4061 4061 4061 4061 4061 4061 4061
421 1777301331 3551 155 3666 3647 3583 3625 3625 3594 40 4063 4062 4062 4062 4062 4062 4062
422 1777301331 3552 153 3667 3648 3584 3626 3627 3595 40 4061 4060 4060 4060 4060 4060 4060
423 1777301332 3551 146 3667 3648 3584 3626 3626 3593 40 4061 4061 4061 4061 4061 4061 4061
424 1777301332 3550 142 3666 3647 3583 3625 3625 3594 40 4061 4061 4061 4061 4061 4061 4061
425 1777301332 3551 127 3667 3648 3584 3626 3627 3595 40 4060 4060 4060 4060 4060 4060 4060
426 1777301333 3551 173 3666 3647 3583 3625 3625 3594 40 4061 4060 4060 4060 4060 4060 4060
427 1777301333 3551 170 3666 3647 3583 3626 3626 3594 40 4061 4060 4060 4060 4060 4060 4060
428 1777301333 3551 197 3665 3647 3584 3625 3626 3594 40 4063 4062 4062 4062 4062 4062 4062
429 1777301333 3551 149 3666 3647 3584 3626 3626 3594 40 4061 4060 4060 4060 4060 4060 4060
430 1777301333 3549 141 3665 3646 3582 3624 3624 3592 40 4061 4060 4060 4060 4060 4060 4060
431 1777301333 3549 139 3664 3645 3581 3623 3624 3591 40 4061 4060 4060 4060 4060 4060 4060
432 1777301333 3549 158 3665 3646 3582 3624 3624 3592 40 4061 4061 4061 4061 4061 4061 4061
433 1777301334 3549 139 3664 3646 3582 3624 3624 3592 40 4061 4060 4060 4060 4060 4060 4060
434 1777301334 3549 150 3664 3645 3581 3624 3624 3592 40 4063 4062 4062 4062 4062 4062 4062
435 1777301334 3549 129 3665 3646 3581 3623 3623 3592 40 4061 4061 4061 4061 4061 4061 4061
436 1777301334 3549 143 3664 3645 3581 3623 3624 3592 40 4061 4060 4060 4060 4060 4060 4060
437 1777301334 3549 131 3664 3646 3582 3624 3624 3592 40 4061 4060 4060 4060 4060 4060 4060
438 1777301334 3550 129 3665 3646 3582 3624 3624 3592 40 4061 4061 4061 4061 4061 4061 4061
439 1777301334 3549 123 3664 3645 3581 3623 3624 3592 40 4061 4061 4061 4061 4061 4061 4061
440 1777301334 3550 146 3665 3646 3583 3624 3625 3592 40 4061 4060 4060 4060 4060 4060 4060
441 1777301334 3549 153 3664 3645 3581 3624 3624 3592 40 4061 4060 4060 4060 4060 4060 4060
442 1777301335 3550 164 3666 3647 3582 3624 3624 3592 40 4061 4061 4061 4061 4061 4061 4061
443 1777301335 3549 139 3665 3646 3582 3624 3624 3592 40 4060 4060 4060 4060 4060 4060 4060
444 1777301335 3548 154 3663 3645 3581 3623 3623 3591 40 4061 4060 4060 4060 4060 4060 4060
445 1777301335 3549 149 3664 3646 3582 3624 3624 3592 40 4061 4060 4060 4060 4060 4060 4060
446 1777301335 3549 128 3665 3645 3581 3623 3624 3592 40 4061 4060 4060 4060 4060 4060 4060
447 1777301335 138 148 110 3645 3583 3625 3625 3593 40 4061 4061 4061 4061 4061 4061 4061
448 1777301335 3549 151 3664 3645 3581 3623 3623 3592 40 4061 4061 4061 4061 4061 4061 4061
449 1777301335 3549 170 3665 3646 3582 3624 3624 3592 40 4061 4061 4061 4061 4061 4061 4061
450 1777301335 3550 156 3665 3645 3581 3624 3624 3592 40 4061 4061 4061 4061 4061 4061 4061
451 1777301336 3549 115 3664 3645 3581 3623 3623 3591 40 4061 4061 4061 4061 4061 4061 4061
452 1777301336 3550 158 3665 3647 3583 3625 3624 3592 40 4063 4062 4062 4062 4062 4062 4062
453 1777301336 3550 133 3666 3647 3583 3624 3625 3592 40 4061 4060 4060 4060 4060 4060 4060
454 1777301336 3549 153 3665 3646 3582 3624 3624 3592 40 4061 4061 4061 4061 4061 4061 4061
455 1777301336 3549 119 3664 3645 3582 3624 3624 3592 40 4061 4060 4060 4060 4060 4060 4060
456 1777301336 3549 146 3665 3645 3582 3624 3624 3592 40 4061 4061 4061 4061 4061 4061 4061
457 1777301336 3550 140 3665 3646 3582 3624 3624 3592 40 4061 4061 4061 4061 4061 4061 4061
458 1777301336 3549 156 3664 3645 3581 3623 3623 3591 40 4061 4061 4061 4061 4061 4061 4061
459 1777301336 3549 147 3664 3645 3581 3623 3624 3592 40 4061 4061 4061 4061 4061 4061 4061
460 1777301337 3550 134 3665 3646 3582 3625 3625 3593 40 4061 4061 4061 4061 4061 4061 4061
461 1777301337 3550 150 3666 3646 3582 3624 3625 3592 40 4061 4060 4060 4060 4060 4060 4060
462 1777301337 3550 176 3665 3645 3581 3623 3624 3592 40 4061 4061 4061 4061 4061 4061 4061
463 1777301337 3549 150 3665 3646 3582 3624 3624 3592 40 4061 4060 4060 4060 4060 4060 4060
464 1777301337 3550 145 3665 3647 3583 3625 3626 3594 40 4061 4061 4061 4061 4061 4061 4061
465 1777301337 3549 154 3664 3645 3581 3623 3624 3592 40 4060 4060 4060 4060 4060 4060 4060
466 1777301337 3550 143 3666 3647 3583 3625 3625 3593 40 4061 4061 4061 4061 4061 4061 4061
467 1777301337 3549 150 3664 3646 3582 3624 3625 3593 40 4061 4061 4061 4061 4061 4061 4061
468 1777301337 3549 133 3665 3645 3581 3624 3624 3592 40 4061 4061 4061 4061 4061 4061 4061
469 1777301337 3550 153 3666 3646 3582 3624 3624 3593 40 4061 4061 4061 4061 4061 4061 4061
470 1777301338 3549 153 3665 3646 3582 3624 3624 3592 40 4061 4061 4061 4061 4061 4061 4061
471 1777301338 3550 136 3666 3646 3583 3624 3625 3593 40 4061 4061 4061 4061 4061 4061 4061
472 1777301338 3548 166 3665 3645 3581 3624 3624 3591 40 4061 4061 4061 4061 4061 4061 4061
473 1777301338 3549 154 3665 3646 3582 3623 3624 3592 40 4061 4060 4060 4060 4060 4060 4060
474 1777301338 3548 149 3663 3645 3581 3623 3623 3592 40 4061 4060 4060 4060 4060 4060 4060
475 1777301338 3549 158 3666 3646 3582 3624 3624 3592 40 4061 4060 4060 4060 4060 4060 4060
476 1777301338 3550 118 3665 3645 3581 3623 3624 3592 40 4061 4060 4060 4060 4060 4060 4060
477 1777301339 3549 144 3664 3645 3582 3624 3624 3591 40 4062 4062 4062 4062 4062 4062 4062
478 1777301339 3549 124 3663 3645 3581 3623 3624 3591 40 4061 4061 4061 4061 4061 4061 4061
479 1777301339 3549 139 3665 3646 3581 3623 3624 3592 40 4061 4061 4061 4061 4061 4061 4061
480 1777301339 3550 168 3665 3646 3582 3624 3624 3592 40 4063 4062 4062 4062 4062 4062 4062
481 1777301339 3550 151 3665 3646 3583 3624 3624 3593 40 4061 4061 4061 4061 4061 4061 4061
482 1777301339 3550 144 3665 3646 3582 3624 3624 3592 40 4061 4061 4061 4061 4061 4061 4061
483 1777301339 3550 140 3666 3646 3582 3624 3624 3593 40 4061 4061 4061 4061 4061 4061 4061
484 1777301339 3549 170 3665 3646 3582 3624 3624 3592 40 4061 4061 4061 4061 4061 4061 4061
485 1777301339 3549 138 3665 3646 3582 3624 3624 3592 40 4061 4060 4060 4060 4060 4060 4060
486 1777301339 3550 148 3665 3646 3582 3624 3624 3593 40 4061 4061 4061 4061 4061 4061 4061
487 1777301339 3550 130 3666 3647 3583 3625 3626 3593 40 4061 4060 4060 4060 4060 4060 4060
488 1777301339 3550 146 3665 3646 3582 3624 3624 3593 40 4061 4060 4060 4060 4060 4060 4060
489 1777301340 3550 137 3665 3646 3582 3624 3625 3593 40 4061 4061 4061 4061 4061 4061 4061
490 1777301340 3550 118 3666 3647 3583 3626 3626 3594 40 4061 4060 4060 4060 4060 4060 4060
491 1777301340 3549 134 3665 3645 3581 3624 3623 3592 40 4061 4061 4061 4061 4061 4061 4061
492 1777301340 3551 158 3665 3647 3583 3625 3625 3593 40 4061 4061 4061 4061 4061 4061 4061
493 1777301340 3550 140 3664 3646 3582 3624 3625 3592 40 4061 4060 4060 4060 4060 4060 4060
494 1777301340 3550 158 3665 3647 3582 3624 3625 3593 40 4061 4061 4061 4061 4061 4061 4061
495 1777301340 3550 153 3665 3646 3582 3624 3625 3593 40 4061 4061 4061 4061 4061 4061 4061
496 1777301340 3550 156 3665 3646 3582 3624 3624 3592 40 4061 4061 4061 4061 4061 4061 4061
497 1777301341 3549 152 3664 3646 3582 3624 3624 3592 40 4061 4060 4060 4060 4060 4060 4060
498 1777301341 3550 150 3666 3647 3583 3625 3626 3594 40 4061 4061 4061 4061 4061 4061 4061
499 1777301341 3549 143 3665 3646 3582 3623 3624 3592 40 4061 4060 4060 4060 4060 4060 4060
500 1777301341 3549 112 3665 3645 3581 3623 3623 3591 40 4061 4061 4061 4061 4061 4061 4061
501 1777301342 3549 156 3665 3646 3582 3624 3625 3592 40 4061 4060 4060 4060 4060 4060 4060
502 1777301342 3550 127 3665 3646 3582 3625 3624 3592 40 4061 4060 4060 4060 4060 4060 4060
503 1777301342 3549 151 3665 3646 3582 3624 3624 3592 40 4061 4061 4061 4061 4061 4061 4061
504 1777301342 3549 163 3665 3646 3582 3624 3624 3593 40 4061 4060 4060 4060 4060 4060 4060
505 1777301342 3549 154 3664 3645 3581 3624 3624 3592 40 4061 4060 4060 4060 4060 4060 4060
506 1777301342 3550 140 3666 3647 3583 3625 3625 3593 40 4061 4061 4061 4061 4061 4061 4061
507 1777301342 3550 150 3666 3647 3583 3625 3624 3593 40 4061 4061 4061 4061 4061 4061 4061
508 1777301342 3549 162 3664 3646 3581 3623 3624 3592 40 4061 4061 4061 4061 4061 4061 4061
509 1777301342 3550 167 3666 3647 3583 3625 3625 3593 40 4061 4060 4060 4060 4060 4060 4060
510 1777301342 3550 138 3666 3646 3582 3625 3624 3592 40 4061 4060 4060 4060 4060 4060 4060
511 1777301342 3550 139 3666 3647 3583 3625 3625 3593 40 4061 4061 4061 4061 4061 4061 4061
512 1777301343 3550 128 3666 3647 3583 3625 3625 3593 40 4061 4060 4060 4060 4060 4060 4060
513 1777301343 3549 128 3665 3645 3582 3624 3624 3592 40 4061 4060 4060 4060 4060 4060 4060
514 1777301343 3550 156 3665 3646 3582 3624 3625 3593 40 4061 4061 4061 4061 4061 4061 4061
515 1777301343 3551 151 3666 3647 3582 3625 3625 3593 40 4061 4061 4061 4061 4061 4061 4061
516 1777301343 3549 127 3665 3646 3582 3625 3625 3593 40 4061 4061 4061 4061 4061 4061 4061
517 1777301343 3551 145 3666 3647 3583 3625 3626 3594 40 4061 4061 4061 4061 4061 4061 4061
518 1777301343 3550 158 3666 3647 3583 3625 3625 3593 40 4061 4061 4061 4061 4061 4061 4061
519 1777301343 3549 131 3665 3646 3582 3624 3624 3593 40 4060 4060 4060 4060 4060 4060 4060
520 1777301343 3548 124 3665 3645 3582 3623 3623 3591 40 4061 4061 4061 4061 4061 4061 4061
521 1777301343 3550 158 3666 3646 3583 3625 3625 3593 40 4061 4061 4061 4061 4061 4061 4061
522 1777301343 3550 140 3665 3646 3583 3625 3625 3593 40 4061 4060 4060 4060 4060 4060 4060
523 1777301343 3550 148 3666 3646 3582 3624 3625 3593 40 4061 4060 4060 4060 4060 4060 4060
524 1777301344 3550 146 3665 3647 3583 3624 3624 3593 40 4061 4061 4061 4061 4061 4061 4061
525 1777301344 3550 156 3666 3647 3583 3625 3625 3593 40 4063 4062 4062 4062 4062 4062 4062
526 1777301344 3550 148 3665 3646 3583 3624 3625 3593 40 4063 4062 4062 4062 4062 4062 4062
527 1777301344 3550 114 3665 3646 3582 3624 3624 3593 40 4061 4061 4061 4061 4061 4061 4061
528 1777301344 3550 155 3665 3646 3582 3624 3625 3593 40 4061 4060 4060 4060 4060 4060 4060
529 1777301344 3550 146 3666 3647 3583 3625 3625 3593 40 4061 4061 4061 4061 4061 4061 4061
530 1777301344 3550 140 3666 3647 3583 3625 3625 3593 40 4061 4061 4061 4061 4061 4061 4061
531 1777301345 3550 147 3665 3646 3582 3624 3624 3593 40 4061 4060 4060 4060 4060 4060 4060
532 1777301345 3550 125 3666 3647 3583 3625 3625 3593 40 4061 4061 4061 4061 4061 4061 4061
533 1777301345 3550 154 3666 3646 3582 3624 3624 3593 40 4061 4061 4061 4061 4061 4061 4061
534 1777301345 3551 144 3667 3647 3583 3625 3625 3593 40 4061 4061 4061 4061 4061 4061 4061
535 1777301346 3550 151 3665 3646 3582 3624 3624 3592 40 4061 4060 4060 4060 4060 4060 4060
536 1777301346 3550 144 3665 3646 3582 3625 3625 3593 40 4061 4060 4060 4060 4060 4060 4060
537 1777301346 3550 154 3666 3646 3583 3624 3624 3593 40 4061 4060 4060 4060 4060 4060 4060
538 1777301346 3549 129 3666 3646 3583 3625 3625 3593 40 4061 4061 4061 4061 4061 4061 4061
539 1777301346 3549 153 3664 3645 3581 3623 3623 3592 40 4061 4061 4061 4061 4061 4061 4061
540 1777301347 3550 158 3665 3647 3582 3625 3625 3593 40 4061 4061 4061 4061 4061 4061 4061
541 1777301347 3550 127 3665 3647 3583 3625 3625 3593 40 4061 4061 4061 4061 4061 4061 4061
542 1777301347 3549 144 3665 3646 3582 3624 3625 3593 40 4061 4060 4060 4060 4060 4060 4060
543 1777301347 3550 121 3666 3647 3583 3624 3625 3593 40 4061 4061 4061 4061 4061 4061 4061
544 1777301347 3550 142 3665 3646 3582 3624 3624 3593 40 4061 4061 4061 4061 4061 4061 4061
545 1777301347 3551 141 3667 3648 3584 3626 3626 3594 40 4059 4059 4059 4059 4059 4059 4059
546 1777301347 3551 140 3666 3647 3583 3624 3625 3593 40 4061 4061 4061 4061 4061 4061 4061
547 1777301347 3550 149 3665 3647 3583 3625 3625 3593 40 4061 4060 4060 4060 4060 4060 4060
548 1777301348 3550 166 3665 3646 3582 3624 3625 3593 40 4061 4060 4060 4060 4060 4060 4060
549 1777301348 3549 145 3665 3646 3582 3624 3625 3593 40 4061 4061 4061 4061 4061 4061 4061
550 1777301348 3549 163 3665 3645 3582 3623 3624 3592 40 4061 4061 4061 4061 4061 4061 4061
551 1777301348 3551 169 3666 3647 3583 3625 3625 3594 40 4061 4061 4061 4061 4061 4061 4061
552 1777301348 3550 135 3665 3646 3582 3625 3625 3593 40 4061 4060 4060 4060 4060 4060 4060
553 1777301348 3551 146 3666 3647 3583 3625 3625 3594 40 4061 4060 4060 4060 4060 4060 4060
554 1777301348 3550 145 3666 3647 3583 3625 3625 3593 40 4061 4061 4061 4061 4061 4061 4061
555 1777301348 3550 132 3665 3646 3582 3624 3625 3593 40 4061 4061 4061 4061 4061 4061 4061
556 1777301348 3550 148 3665 3646 3582 3625 3624 3592 40 4061 4061 4061 4061 4061 4061 4061
557 1777301349 3550 141 3666 3647 3583 3625 3625 3593 40 4061 4060 4060 4060 4060 4060 4060
558 1777301349 3549 147 3665 3646 3583 3624 3625 3593 40 4061 4061 4061 4061 4061 4061 4061
559 1777301349 3551 133 3666 3647 3583 3625 3625 3593 40 4061 4061 4061 4061 4061 4061 4061
560 1777301349 3550 154 3665 3646 3583 3624 3624 3592 40 4061 4061 4061 4061 4061 4061 4061
561 1777301349 3549 153 3665 3646 3582 3624 3625 3593 40 4061 4061 4061 4061 4061 4061 4061
562 1777301349 3549 161 3665 3646 3583 3625 3625 3593 40 4061 4061 4061 4061 4061 4061 4061
563 1777301349 3551 156 3666 3647 3584 3625 3626 3594 40 4060 4060 4060 4060 4060 4060 4060
564 1777301349 3550 193 3665 3646 3582 3625 3625 3593 40 4061 4060 4060 4060 4060 4060 4060
565 1777301349 3551 155 3666 3647 3583 3625 3625 3593 40 4061 4061 4061 4061 4061 4061 4061
566 1777301349 3551 165 3666 3647 3583 3625 3625 3593 40 4061 4061 4061 4061 4061 4061 4061
567 1777301349 3550 143 3666 3646 3583 3625 3625 3593 40 4061 4061 4061 4061 4061 4061 4061
568 1777301350 3550 123 3665 3646 3582 3624 3624 3592 40 4061 4061 4061 4061 4061 4061 4061
569 1777301350 3549 165 3664 3646 3582 3624 3624 3592 40 4061 4061 4061 4061 4061 4061 4061
570 1777301351 3550 150 3666 3647 3583 3625 3625 3593 40 4061 4060 4060 4060 4060 4060 4060
571 1777301351 3550 131 3665 3646 3582 3624 3624 3593 40 4063 4062 4062 4062 4062 4062 4062
572 1777301351 3550 152 3665 3647 3582 3624 3624 3593 40 4061 4061 4061 4061 4061 4061 4061
573 1777301351 3550 125 3664 3646 3583 3625 3625 3593 40 4060 4060 4060 4060 4060 4060 4060
574 1777301351 3550 149 3666 3646 3583 3625 3625 3593 40 4061 4061 4061 4061 4061 4061 4061
575 1777301352 3550 154 3666 3646 3583 3624 3625 3593 40 4061 4060 4060 4060 4060 4060 4060
576 1777301352 3550 134 3665 3646 3582 3624 3624 3593 40 4061 4061 4061 4061 4061 4061 4061
577 1777301352 3550 141 3666 3646 3582 3625 3625 3593 40 4061 4060 4060 4060 4060 4060 4060
578 1777301352 3549 129 3666 3647 3583 3625 3624 3593 40 4061 4060 4060 4060 4060 4060 4060
579 1777301353 3549 141 3665 3645 3582 3623 3624 3592 40 4061 4061 4061 4061 4061 4061 4061
580 1777301353 3550 148 3665 3646 3582 3624 3624 3592 40 4061 4061 4061 4061 4061 4061 4061
581 1777301353 3549 145 3664 3645 3582 3624 3624 3592 40 4061 4060 4060 4060 4060 4060 4060
582 1777301353 3550 140 3665 3647 3583 3625 3625 3593 40 4061 4061 4061 4061 4061 4061 4061
583 1777301353 3551 177 3666 3647 3583 3625 3626 3593 40 4061 4061 4061 4061 4061 4061 4061
584 1777301353 3550 160 3665 3646 3583 3625 3625 3592 40 4061 4061 4061 4061 4061 4061 4061
585 1777301353 3549 143 3665 3646 3582 3624 3625 3592 40 4061 4060 4060 4060 4060 4060 4060
586 1777301354 3550 153 3666 3647 3583 3625 3625 3594 40 4061 4061 4061 4061 4061 4061 4061
587 1777301354 3550 195 3665 3647 3583 3625 3625 3593 40 4061 4060 4060 4060 4060 4060 4060
588 1777301354 3550 165 3665 3646 3582 3624 3624 3592 40 4061 4061 4061 4061 4061 4061 4061
589 1777301354 3550 135 3665 3646 3582 3624 3624 3592 40 4061 4061 4061 4061 4061 4061 4061
590 1777301354 3550 156 3666 3646 3583 3624 3625 3593 40 4061 4061 4061 4061 4061 4061 4061
591 1777301354 3550 152 3666 3646 3582 3624 3624 3592 40 4061 4061 4061 4061 4061 4061 4061
592 1777301355 3550 154 3666 3646 3583 3625 3625 3593 40 4061 4060 4060 4060 4060 4060 4060
593 1777301355 3549 129 3664 3646 3582 3624 3625 3593 40 4061 4061 4061 4061 4061 4061 4061
594 1777301355 3549 133 3665 3646 3582 3624 3624 3592 40 4061 4061 4061 4061 4061 4061 4061
595 1777301355 3550 138 3665 3646 3582 3624 3625 3593 40 4063 4062 4062 4062 4062 4062 4062
596 1777301355 3551 152 3666 3647 3583 3625 3626 3594 40 4063 4062 4062 4062 4062 4062 4062
597 1777301355 3549 146 3666 3647 3583 3624 3625 3593 40 4061 4061 4061 4061 4061 4061 4061
598 1777301355 3550 126 3665 3646 3582 3625 3625 3593 40 4061 4061 4061 4061 4061 4061 4061
599 1777301355 3551 141 3666 3647 3583 3625 3626 3594 40 4061 4061 4061 4061 4061 4061 4061
600 1777301356 3550 134 3665 3646 3582 3624 3624 3592 40 4061 4061 4061 4061 4061 4061 4061
601 1777301356 3550 131 3666 3647 3582 3625 3625 3593 40 4061 4060 4060 4060 4060 4060 4060
602 1777301356 3551 135 3665 3647 3583 3625 3625 3592 40 4061 4060 4060 4060 4060 4060 4060
603 1777301356 3550 159 3666 3646 3583 3625 3625 3593 40 4061 4061 4061 4061 4061 4061 4061
604 1777301356 3551 138 3665 3647 3583 3626 3626 3594 40 4061 4061 4061 4061 4061 4061 4061
605 1777301356 3550 129 3666 3647 3583 3625 3625 3594 40 4061 4061 4061 4061 4061 4061 4061
606 1777301356 3551 144 3667 3648 3583 3625 3626 3594 40 4061 4060 4060 4060 4060 4060 4060
607 1777301356 3550 139 3665 3646 3582 3624 3625 3593 40 4061 4061 4061 4061 4061 4061 4061
608 1777301357 3550 150 3666 3647 3583 3625 3625 3593 40 4061 4060 4060 4060 4060 4060 4060
609 1777301357 3550 132 3664 3646 3582 3624 3625 3593 40 4061 4061 4061 4061 4061 4061 4061
610 1777301357 3550 154 3666 3647 3583 3625 3625 3593 40 4061 4060 4060 4060 4060 4060 4060
611 1777301357 3550 139 3666 3646 3583 3624 3625 3593 40 4061 4061 4061 4061 4061 4061 4061
612 1777301357 3550 146 3665 3646 3582 3624 3624 3592 40 4061 4061 4061 4061 4061 4061 4061
613 1777301357 3551 141 3666 3647 3583 3625 3625 3593 40 4061 4061 4061 4061 4061 4061 4061
614 1777301357 3550 149 3666 3647 3583 3625 3626 3594 40 4061 4061 4061 4061 4061 4061 4061
615 1777301357 3551 159 3666 3647 3583 3625 3625 3592 40 4061 4061 4061 4061 4061 4061 4061
616 1777301358 3550 138 3665 3646 3582 3624 3625 3593 40 4061 4061 4061 4061 4061 4061 4061
617 1777301358 3550 118 3666 3646 3582 3624 3625 3593 40 4061 4060 4060 4060 4060 4060 4060
618 1777301358 3550 145 3665 3646 3582 3624 3625 3593 40 4061 4060 4060 4060 4060 4060 4060
619 1777301358 3551 131 3666 3647 3584 3625 3626 3593 40 4063 4062 4062 4062 4062 4062 4062
620 1777301358 3550 156 3665 3646 3583 3625 3625 3593 40 4061 4061 4061 4061 4061 4061 4061
621 1777301358 3551 168 3666 3647 3583 3625 3626 3594 40 4061 4061 4061 4061 4061 4061 4061
622 1777301358 3551 146 3667 3648 3584 3626 3626 3594 40 4061 4060 4060 4060 4060 4060 4060
623 1777301358 3550 143 3665 3647 3583 3625 3625 3593 40 4061 4061 4061 4061 4061 4061 4061
624 1777301358 3550 151 3666 3646 3583 3625 3625 3593 40 4061 4061 4061 4061 4061 4061 4061
625 1777301359 3551 166 3666 3647 3583 3625 3625 3593 40 4061 4061 4061 4061 4061 4061 4061
626 1777301359 3550 156 3666 3647 3583 3625 3625 3593 40 4061 4061 4061 4061 4061 4061 4061
627 1777301359 3550 149 3665 3646 3582 3624 3625 3593 40 4061 4061 4061 4061 4061 4061 4061
628 1777301359 3552 152 3667 3648 3584 3626 3626 3595 40 4061 4061 4061 4061 4061 4061 4061
629 1777301359 3549 135 3665 3646 3583 3625 3625 3592 40 4061 4061 4061 4061 4061 4061 4061
630 1777301359 3551 152 3666 3647 3583 3625 3625 3594 40 4061 4061 4061 4061 4061 4061 4061
631 1777301359 3551 143 3666 3647 3584 3625 3626 3594 40 4061 4061 4061 4061 4061 4061 4061
632 1777301359 3550 153 3666 3647 3583 3625 3625 3593 40 4061 4061 4061 4061 4061 4061 4061
633 1777301359 3551 144 3666 3648 3584 3626 3625 3594 40 4061 4060 4060 4060 4060 4060 4060
634 1777301359 3551 162 3665 3647 3583 3624 3625 3593 40 4061 4061 4061 4061 4061 4061 4061
635 1777301360 3550 119 3666 3647 3583 3625 3625 3593 40 4061 4061 4061 4061 4061 4061 4061
636 1777301361 3549 169 3664 3645 3582 3624 3624 3592 40 4061 4061 4061 4061 4061 4061 4061
637 1777301361 3550 141 3666 3647 3583 3625 3625 3593 40 4061 4060 4060 4060 4060 4060 4060
638 1777301361 3551 157 3667 3647 3583 3625 3625 3593 40 4061 4060 4060 4060 4060 4060 4060
639 1777301361 3550 149 3666 3646 3583 3625 3625 3593 40 4061 4061 4061 4061 4061 4061 4061
640 1777301361 3551 142 119 3645 3584 1401 1145 3593 40 4061 4061 4061 4061 4061 4061 4061
641 1777301361 3550 121 3666 3647 3583 3625 3625 3594 40 4061 4061 4061 4061 4061 4061 4061
642 1777301362 3550 143 3667 3647 3583 3625 3626 3593 40 4061 4060 4060 4060 4060 4060 4060
643 1777301362 3551 171 3666 3646 3583 3625 3625 3593 40 4061 4060 4060 4060 4060 4060 4060
644 1777301362 3550 154 3665 3646 3583 3625 3626 3593 40 4061 4061 4061 4061 4061 4061 4061
645 1777301362 3551 146 3666 3647 3583 3625 3625 3593 40 4061 4060 4060 4060 4060 4060 4060
646 1777301362 3551 154 3667 3648 3584 3626 3626 3594 40 4061 4061 4061 4061 4061 4061 4061
647 1777301362 3550 141 3666 3646 3583 3625 3625 3594 40 4061 4061 4061 4061 4061 4061 4061
648 1777301362 3550 147 3665 3646 3582 3625 3625 3593 40 4061 4061 4061 4061 4061 4061 4061
649 1777301362 3551 133 3667 3647 3584 3626 3626 3594 40 4061 4060 4060 4060 4060 4060 4060
650 1777301363 3551 176 3666 3647 3583 3625 3626 3594 40 4061 4060 4060 4060 4060 4060 4060
651 1777301363 3550 139 3666 3647 3583 3625 3625 3593 40 4061 4061 4061 4061 4061 4061 4061
652 1777301363 3550 150 3665 3647 3583 3625 3625 3593 40 4061 4061 4061 4061 4061 4061 4061
653 1777301363 3550 145 3666 3647 3583 3625 3625 3593 40 4061 4060 4060 4060 4060 4060 4060
654 1777301363 127 157 3669 3650 161 3626 1174 1490 40 4061 4060 4060 4060 4060 4060 4060
655 1777301364 3550 159 3666 3647 3583 3624 3625 3594 40 4061 4061 4061 4061 4061 4061 4061
656 1777301364 3550 143 3666 3647 3583 3625 3625 3593 40 4061 4061 4061 4061 4061 4061 4061
657 1777301364 3550 122 3666 3646 3582 3624 3624 3593 40 4061 4061 4061 4061 4061 4061 4061
658 1777301364 3550 166 3666 3647 3583 3625 3625 3592 40 4061 4061 4061 4061 4061 4061 4061
659 1777301365 3550 147 3666 3646 3582 3624 3625 3593 40 4061 4061 4061 4061 4061 4061 4061
660 1777301365 3551 170 3667 3647 3583 3625 3626 3594 40 4061 4060 4060 4060 4060 4060 4060
661 1777301365 3551 129 3666 3647 3584 3625 3626 3593 40 4061 4060 4060 4060 4060 4060 4060
662 1777301365 3551 152 3666 3647 3583 3625 3625 3593 40 4061 4061 4061 4061 4061 4061 4061
663 1777301365 3551 119 3666 3647 3583 3625 3626 3594 40 4061 4061 4061 4061 4061 4061 4061
664 1777301365 3550 163 3665 3646 3583 3624 3625 3593 40 4061 4061 4061 4061 4061 4061 4061
665 1777301365 3550 161 3666 3647 3583 3625 3626 3593 40 4061 4061 4061 4061 4061 4061 4061
666 1777301366 3551 163 3666 3647 3584 3625 3625 3594 40 4061 4061 4061 4061 4061 4061 4061
667 1777301366 3551 149 3666 3647 3584 3626 3626 3594 40 4060 4060 4060 4060 4060 4060 4060
668 1777301366 3550 125 3665 3647 3583 3625 3625 3593 40 4061 4061 4061 4061 4061 4061 4061
669 1777301366 72 106 3667 3648 3584 3626 3626 3595 40 4061 4060 4060 4060 4060 4060 4060
670 1777301366 3551 144 3667 3648 3584 3626 3626 3594 40 4061 4060 4060 4060 4060 4060 4060
671 1777301366 3552 146 3667 3648 3584 3626 3627 3595 40 4061 4061 4061 4061 4061 4061 4061
672 1777301366 3552 162 3667 3648 3584 3627 3627 3595 40 4061 4060 4060 4060 4060 4060 4060
673 1777301366 3550 169 3665 3647 3583 3625 3625 3594 40 4061 4060 4060 4060 4060 4060 4060
674 1777301366 3551 159 3667 3648 3584 3625 3626 3594 40 4061 4061 4061 4061 4061 4061 4061
675 1777301366 3551 151 3668 3648 3585 3626 3627 3595 40 4061 4060 4060 4060 4060 4060 4060
676 1777301366 3551 163 3667 3648 3584 3626 3626 3594 40 4061 4060 4060 4060 4060 4060 4060
677 1777301366 3551 163 3666 3648 3584 3626 3626 3593 40 4061 4061 4061 4061 4061 4061 4061
678 1777301366 3551 152 3667 3647 3583 3625 3626 3594 40 4061 4061 4061 4061 4061 4061 4061
679 1777301367 3551 116 3666 3647 3584 3625 3625 3593 40 4061 4060 4060 4060 4060 4060 4060
680 1777301367 3551 151 3666 3647 3583 3625 3625 3593 40 4061 4061 4061 4061 4061 4061 4061
681 1777301367 3552 154 3667 3647 3584 3625 3625 3594 40 4061 4061 4061 4061 4061 4061 4061
682 1777301367 3551 152 3667 3648 3584 3626 3626 3594 40 4061 4060 4060 4060 4060 4060 4060
683 1777301367 3550 141 3666 3646 3582 3625 3625 3593 40 4061 4061 4061 4061 4061 4061 4061
684 1777301367 3551 130 3667 3648 3584 3626 3626 3594 40 4061 4061 4061 4061 4061 4061 4061
685 1777301368 3552 173 3668 3648 3585 3627 3627 3595 40 4061 4061 4061 4061 4061 4061 4061
686 1777301368 3550 120 3665 3646 3582 3624 3624 3592 40 4061 4061 4061 4061 4061 4061 4061
687 1777301368 3549 157 3665 3646 3581 3623 3624 3592 40 4061 4061 4061 4061 4061 4061 4061
688 1777301368 3548 155 3664 3645 3581 3623 3623 3591 40 4061 4061 4061 4061 4061 4061 4061
689 1777301368 3549 135 3664 3644 3581 3623 3623 3591 40 4061 4061 4061 4061 4061 4061 4061
690 1777301368 3549 149 3664 3645 3581 3623 3623 3591 40 4061 4060 4060 4060 4060 4060 4060
691 1777301369 3550 139 3665 3646 3582 3623 3624 3592 40 4061 4061 4061 4061 4061 4061 4061
692 1777301369 3550 123 3666 3647 3583 3625 3625 3594 40 4061 4060 4060 4060 4060 4060 4060
693 1777301369 3550 162 3666 3647 3583 3625 3624 3593 40 4061 4060 4060 4060 4060 4060 4060
694 1777301369 3549 131 3664 3646 3582 3624 3624 3592 40 4061 4060 4060 4060 4060 4060 4060
695 1777301369 3549 149 3665 3645 3581 3623 3624 3591 40 4061 4060 4060 4060 4060 4060 4060
696 1777301369 3550 142 3666 3646 3583 3625 3625 3593 40 4061 4061 4061 4061 4061 4061 4061
697 1777301370 3548 131 3664 3645 3581 3623 3624 3592 40 4061 4060 4060 4060 4060 4060 4060
698 1777301370 3550 122 3665 3646 3582 3624 3624 3592 40 4061 4061 4061 4061 4061 4061 4061
699 1777301370 3549 143 3665 3645 3582 3623 3624 3592 40 4061 4061 4061 4061 4061 4061 4061
700 1777301370 3550 130 3665 3646 3582 3624 3624 3592 40 4061 4061 4061 4061 4061 4061 4061
701 1777301370 3549 165 3664 3646 3582 3624 3624 3592 40 4061 4061 4061 4061 4061 4061 4061
702 1777301370 3549 120 3663 3646 3582 3624 3624 3592 40 4061 4061 4061 4061 4061 4061 4061
703 1777301370 3549 151 3665 3646 3582 3623 3624 3592 40 4061 4061 4061 4061 4061 4061 4061
704 1777301371 3549 140 3665 3645 3581 3623 3624 3591 40 4061 4061 4061 4061 4061 4061 4061
705 1777301371 3549 151 3664 3645 3581 3623 3623 3592 40 4061 4061 4061 4061 4061 4061 4061
706 1777301372 3549 147 3664 3645 3581 3623 3623 3592 40 4061 4060 4060 4060 4060 4060 4060
707 1777301372 3549 167 3665 3646 3582 3624 3624 3592 40 4061 4061 4061 4061 4061 4061 4061
708 1777301372 3550 113 3665 3646 3583 3624 3625 3593 40 4061 4061 4061 4061 4061 4061 4061
709 1777301372 3549 159 3664 3646 3582 3624 3624 3592 40 4061 4060 4060 4060 4060 4060 4060
710 1777301372 3549 140 3664 3645 3581 3623 3624 3591 40 4061 4060 4060 4060 4060 4060 4060
711 1777301372 3550 164 3666 3647 3583 3625 3625 3593 40 4061 4060 4060 4060 4060 4060 4060
712 1777301372 3550 140 3665 3646 3582 3624 3624 3592 40 4061 4061 4061 4061 4061 4061 4061
713 1777301372 3549 130 3665 3646 3582 3624 3624 3592 40 4063 4062 4062 4062 4062 4062 4062
714 1777301372 3549 148 3664 3646 3582 3623 3623 3592 40 4061 4061 4061 4061 4061 4061 4061
715 1777301372 3549 126 3665 3645 3582 3624 3624 3592 40 4061 4061 4061 4061 4061 4061 4061
716 1777301372 3550 131 3665 3646 3582 3625 3625 3593 40 4061 4061 4061 4061 4061 4061 4061
717 1777301372 3550 153 3664 3647 3583 3624 3625 3593 40 4061 4061 4061 4061 4061 4061 4061
718 1777301372 3550 126 3665 3646 3582 3624 3624 3592 40 4061 4060 4060 4060 4060 4060 4060
719 1777301373 3549 184 3664 3646 3581 3624 3624 3592 40 4061 4061 4061 4061 4061 4061 4061
720 1777301373 3550 148 3665 3646 3582 3624 3624 3592 40 4061 4060 4060 4060 4060 4060 4060
721 1777301373 3549 128 3664 3646 3581 3624 3624 3592 40 4061 4061 4061 4061 4061 4061 4061
722 1777301373 3550 148 3665 3645 3582 3624 3624 3592 40 4061 4061 4061 4061 4061 4061 4061
723 1777301373 3549 147 3665 3645 3581 3623 3623 3592 40 4061 4060 4060 4060 4060 4060 4060
724 1777301373 3549 138 3665 3645 3581 3624 3624 3592 40 4061 4061 4061 4061 4061 4061 4061
725 1777301373 3548 157 3664 3644 3580 3623 3623 3591 40 4061 4061 4061 4061 4061 4061 4061
726 1777301373 3552 145 3667 3648 3584 3627 3627 3595 40 4061 4061 4061 4061 4061 4061 4061
727 1777301373 3548 180 3664 3645 3581 3623 3623 3591 40 4061 4060 4060 4060 4060 4060 4060
728 1777301374 3549 166 3665 3646 3582 3624 3625 3593 40 4061 4061 4061 4061 4061 4061 4061
729 1777301374 3549 137 3664 3645 3582 3624 3624 3592 40 4061 4060 4060 4060 4060 4060 4060
730 1777301374 3549 172 3665 3646 3582 3624 3624 3592 40 4061 4060 4060 4060 4060 4060 4060
731 1777301374 3550 152 3665 3646 3582 3625 3624 3593 40 4061 4061 4061 4061 4061 4061 4061
732 1777301374 3550 146 3665 3647 3583 3625 3625 3592 40 4061 4060 4060 4060 4060 4060 4060
733 1777301374 3549 159 3664 3645 3581 3623 3624 3592 40 4061 4060 4060 4060 4060 4060 4060
734 1777301374 3550 150 3663 3646 3582 3624 3624 3592 40 4061 4060 4060 4060 4060 4060 4060
735 1777301374 3549 163 3664 3645 3582 3624 3624 3592 40 4061 4061 4061 4061 4061 4061 4061
736 1777301374 3549 133 3664 3645 3581 3623 3624 3592 40 4061 4061 4061 4061 4061 4061 4061
737 1777301375 3549 150 3664 3645 3581 3623 3624 3592 40 4061 4061 4061 4061 4061 4061 4061
738 1777301375 3549 140 3665 3646 3582 3624 3624 3592 40 4061 4061 4061 4061 4061 4061 4061
739 1777301375 3549 145 3665 3645 3582 3624 3624 3592 40 4061 4060 4060 4060 4060 4060 4060
740 1777301375 3550 138 3665 3646 3583 3624 3625 3592 40 4061 4060 4060 4060 4060 4060 4060
741 1777301376 3550 165 3665 3646 3582 3624 3624 3592 40 4063 4062 4062 4062 4062 4062 4062
742 1777301376 3549 141 3665 3646 3582 3624 3624 3592 40 4061 4061 4061 4061 4061 4061 4061
743 1777301376 175 134 3668 3649 112 3625 3627 1504 40 4061 4061 4061 4061 4061 4061 4061
744 1777301376 3551 151 3666 3646 3582 3624 3625 3592 40 4061 4061 4061 4061 4061 4061 4061
745 1777301376 3550 171 3665 3646 3583 3624 3625 3593 40 4061 4061 4061 4061 4061 4061 4061
746 1777301376 3549 156 3664 3645 3581 3623 3624 3592 40 4061 4061 4061 4061 4061 4061 4061
747 1777301377 3550 163 3666 3646 3582 3625 3625 3592 40 4061 4060 4060 4060 4060 4060 4060
748 1777301377 3550 140 3665 3646 3582 3625 3625 3592 40 4061 4060 4060 4060 4060 4060 4060
749 1777301377 3549 161 3664 3646 3582 3624 3624 3592 40 4061 4061 4061 4061 4061 4061 4061
750 1777301377 3551 169 3666 3647 3583 3626 3625 3593 40 4061 4060 4060 4060 4060 4060 4060
751 1777301377 3549 163 3665 3646 3582 3624 3624 3592 40 4061 4060 4060 4060 4060 4060 4060
752 1777301377 3548 150 3664 3645 3581 3623 3623 3591 40 4061 4061 4061 4061 4061 4061 4061
753 1777301377 3550 161 3666 3647 3583 3625 3625 3593 40 4060 4060 4060 4060 4060 4060 4060
754 1777301377 3550 153 3665 3646 3581 3624 3624 3593 40 4061 4060 4060 4060 4060 4060 4060
755 1777301377 3550 161 3666 3646 3582 3624 3624 3593 40 4061 4061 4061 4061 4061 4061 4061
756 1777301377 3550 139 3665 3646 3583 3625 3625 3593 40 4060 4060 4060 4060 4060 4060 4060
757 1777301378 3549 157 3665 3646 3582 3624 3624 3591 40 4061 4061 4061 4061 4061 4061 4061
758 1777301378 3550 162 3664 3646 3582 3624 3625 3593 40 4061 4061 4061 4061 4061 4061 4061
759 1777301378 3548 137 3664 3644 3581 3623 3622 3591 40 4063 4062 4062 4062 4062 4062 4062
760 1777301378 3549 129 3665 3646 3582 3624 3625 3592 40 4061 4060 4060 4060 4060 4060 4060
761 1777301378 3549 151 3665 3646 3581 3624 3624 3592 40 4061 4061 4061 4061 4061 4061 4061
762 1777301378 3550 140 3665 3646 3582 3624 3624 3592 40 4061 4060 4060 4060 4060 4060 4060
763 1777301378 3550 141 3665 3646 3582 3624 3624 3592 40 4061 4061 4061 4061 4061 4061 4061
764 1777301378 3550 166 3665 3646 3582 3624 3625 3592 40 4061 4060 4060 4060 4060 4060 4060
765 1777301378 3550 140 3664 3646 3583 3625 3626 3593 40 4061 4060 4060 4060 4060 4060 4060
766 1777301378 3550 139 3665 3647 3583 3625 3625 3593 40 4061 4061 4061 4061 4061 4061 4061
767 1777301378 3549 127 3664 3645 3582 3623 3624 3592 40 4060 4060 4060 4060 4060 4060 4060
768 1777301378 3550 159 3665 3646 3582 3624 3625 3593 40 4061 4061 4061 4061 4061 4061 4061
769 1777301379 3549 131 3665 3646 3582 3624 3624 3592 40 4061 4060 4060 4060 4060 4060 4060
770 1777301379 3549 142 3665 3645 3582 3624 3624 3592 40 4061 4061 4061 4061 4061 4061 4061
771 1777301379 3550 167 3665 3646 3582 3624 3624 3592 40 4061 4061 4061 4061 4061 4061 4061
772 1777301379 3549 150 3665 3646 3582 3623 3624 3592 40 4061 4060 4060 4060 4060 4060 4060
773 1777301379 3550 149 3666 3647 3583 3624 3624 3593 40 4061 4061 4061 4061 4061 4061 4061
774 1777301379 3549 154 3665 3645 3582 3623 3624 3593 40 4061 4061 4061 4061 4061 4061 4061
775 1777301379 3549 151 3665 3646 3582 3624 3624 3592 40 4061 4060 4060 4060 4060 4060 4060
776 1777301379 3549 140 3665 3646 3581 3623 3624 3592 40 4060 4060 4060 4060 4060 4060 4060
777 1777301379 3549 144 3665 3646 3582 3624 3624 3592 40 4061 4061 4061 4061 4061 4061 4061
778 1777301380 2575 164 3667 3648 3584 3626 3626 3594 40 4061 4061 4061 4061 4061 4061 4061
779 1777301380 3550 131 3666 3646 3583 3624 3625 3593 40 4061 4061 4061 4061 4061 4061 4061
780 1777301380 3549 152 3665 3646 3583 3624 3624 3592 40 4061 4060 4060 4060 4060 4060 4060
781 1777301380 3550 147 3666 3647 3583 3625 3625 3593 40 4061 4061 4061 4061 4061 4061 4061
782 1777301380 3550 137 3666 3647 3583 3624 3625 3592 40 4061 4061 4061 4061 4061 4061 4061
783 1777301380 3550 183 3666 3647 3583 3625 3625 3593 40 4061 4060 4060 4060 4060 4060 4060
784 1777301380 3550 120 3665 3646 3582 3624 3624 3593 40 4061 4061 4061 4061 4061 4061 4061
785 1777301380 3550 138 3664 3646 3582 3624 3625 3592 40 4061 4060 4060 4060 4060 4060 4060
786 1777301380 3549 144 3665 3645 3581 3624 3624 3592 40 4061 4061 4061 4061 4061 4061 4061
787 1777301380 3551 155 3666 3647 3583 3625 3625 3593 40 4061 4060 4060 4060 4060 4060 4060
788 1777301380 3551 158 3667 3647 3583 3625 3626 3594 40 4063 4062 4062 4062 4062 4062 4062
789 1777301380 3551 149 3666 3647 3583 3625 3626 3593 40 4061 4061 4061 4061 4061 4061 4061
790 1777301380 3550 137 3665 3647 3583 3625 3625 3592 40 4061 4061 4061 4061 4061 4061 4061
791 1777301380 3551 147 3666 3647 3583 3625 3625 3593 40 4061 4061 4061 4061 4061 4061 4061
792 1777301381 3550 144 3666 3647 3583 3625 3625 3593 40 4061 4061 4061 4061 4061 4061 4061
793 1777301381 3550 137 3666 3647 3582 3624 3624 3592 40 4061 4060 4060 4060 4060 4060 4060
794 1777301381 3550 168 3666 3646 3583 3624 3625 3594 40 4061 4060 4060 4060 4060 4060 4060
795 1777301381 3550 132 3665 3646 3582 3624 3625 3593 40 4061 4060 4060 4060 4060 4060 4060
796 1777301381 3550 147 3665 3647 3583 3625 3625 3593 40 4061 4061 4061 4061 4061 4061 4061
797 1777301381 3549 155 3664 3646 3582 3624 3624 3592 40 4061 4061 4061 4061 4061 4061 4061
798 1777301381 3549 152 3663 3646 3581 3624 3624 3592 40 4061 4060 4060 4060 4060 4060 4060
799 1777301381 3550 159 3666 3647 3583 3624 3624 3593 40 4061 4060 4060 4060 4060 4060 4060
800 1777301381 3550 143 3665 3646 3583 3625 3624 3593 40 4061 4061 4061 4061 4061 4061 4061
801 1777301382 3549 144 3665 3646 3582 3624 3624 3592 40 4061 4060 4060 4060 4060 4060 4060
802 1777301382 3549 156 3665 3646 3582 3624 3624 3592 40 4061 4061 4061 4061 4061 4061 4061
803 1777301382 3550 136 3665 3646 3582 3624 3625 3593 40 4061 4061 4061 4061 4061 4061 4061
804 1777301382 3550 174 3665 3646 3582 3624 3624 3592 40 4061 4061 4061 4061 4061 4061 4061
805 1777301382 3549 145 3665 3646 3582 3624 3624 3593 40 4061 4060 4060 4060 4060 4060 4060
806 1777301382 3549 162 3665 3646 3582 3624 3624 3592 40 4061 4061 4061 4061 4061 4061 4061
807 1777301383 3550 179 3665 3646 3582 3624 3624 3592 40 4061 4060 4060 4060 4060 4060 4060
808 1777301383 3550 135 3665 3646 3583 3624 3625 3593 40 4061 4060 4060 4060 4060 4060 4060
809 1777301383 3549 133 3664 3646 3582 3624 3624 3592 40 4061 4061 4061 4061 4061 4061 4061
810 1777301383 3549 162 3665 3646 3582 3624 3624 3592 40 4061 4060 4060 4060 4060 4060 4060
811 1777301383 3550 158 3666 3646 3582 3625 3625 3593 40 4061 4061 4061 4061 4061 4061 4061
812 1777301384 3549 120 3665 3646 3582 3624 3624 3592 40 4061 4061 4061 4061 4061 4061 4061
813 1777301384 3550 145 3664 3646 3583 3625 3625 3593 40 4061 4060 4060 4060 4060 4060 4060
814 1777301384 3550 163 3667 3647 3583 3625 3625 3593 40 4061 4060 4060 4060 4060 4060 4060
815 1777301384 3551 136 3666 3647 3583 3624 3625 3593 40 4061 4061 4061 4061 4061 4061 4061
816 1777301384 3549 153 3665 3646 3582 3624 3623 3592 40 4061 4060 4060 4060 4060 4060 4060
817 1777301384 3551 152 3666 3647 3583 3625 3625 3593 40 4061 4061 4061 4061 4061 4061 4061
818 1777301384 3550 145 3666 3646 3583 3624 3625 3593 40 4061 4060 4060 4060 4060 4060 4060
819 1777301384 3549 147 3665 3646 3582 3624 3624 3592 40 4060 4060 4060 4060 4060 4060 4060
820 1777301384 3550 166 3665 3646 3582 3624 3624 3593 40 4061 4061 4061 4061 4061 4061 4061
821 1777301384 3549 128 3665 3646 3582 3624 3624 3592 40 4061 4060 4060 4060 4060 4060 4060
822 1777301384 3550 160 3665 3646 3583 3624 3625 3592 40 4061 4061 4061 4061 4061 4061 4061
823 1777301385 3550 144 3665 3646 3582 3624 3625 3592 40 4061 4060 4060 4060 4060 4060 4060
824 1777301386 3550 150 3665 3646 3582 3624 3624 3592 40 4061 4061 4061 4061 4061 4061 4061
825 1777301386 3551 121 3666 3648 3584 3625 3625 3593 40 4061 4061 4061 4061 4061 4061 4061
826 1777301386 3550 159 3666 3647 3583 3625 3625 3593 40 4061 4060 4060 4060 4060 4060 4060
827 1777301387 3550 174 3666 3646 3582 3625 3625 3593 40 4061 4061 4061 4061 4061 4061 4061
828 1777301387 3551 141 3665 3647 3583 3625 3625 3593 40 4061 4061 4061 4061 4061 4061 4061
829 1777301387 3550 141 3666 3647 3583 3625 3624 3593 40 4061 4061 4061 4061 4061 4061 4061
830 1777301387 3551 134 3667 3647 3583 3625 3625 3593 40 4061 4060 4060 4060 4060 4060 4060
831 1777301388 3551 146 3666 3647 3583 3624 3626 3594 40 4063 4062 4062 4062 4062 4062 4062
832 1777301388 3550 134 3666 3647 3583 3625 3625 3593 40 4061 4061 4061 4061 4061 4061 4061
833 1777301388 3550 163 3666 3646 3583 3625 3625 3593 40 4061 4061 4061 4061 4061 4061 4061
834 1777301388 3550 129 3665 3646 3582 3624 3623 3592 40 4061 4061 4061 4061 4061 4061 4061
835 1777301388 3550 156 3666 3647 3582 3625 3625 3594 40 4061 4061 4061 4061 4061 4061 4061
836 1777301389 3550 158 3665 3647 3583 3625 3625 3593 40 4061 4060 4060 4060 4060 4060 4060
837 1777301389 3550 172 3666 3647 3582 3625 3625 3593 40 4061 4061 4061 4061 4061 4061 4061
838 1777301397 3548 194 3664 3645 3581 3623 3623 3591 40 4061 4061 4061 4061 4061 4061 4061
839 1777301397 3549 148 3665 3646 3582 3624 3624 3592 40 4061 4061 4061 4061 4061 4061 4061
840 1777301397 3549 149 3664 3645 3581 3623 3624 3592 40 4061 4061 4061 4061 4061 4061 4061
841 1777301397 3550 148 3665 3646 3582 3623 3624 3591 40 4061 4060 4060 4060 4060 4060 4060
842 1777301398 3550 153 3666 3647 3582 3625 3625 3593 40 4061 4061 4061 4061 4061 4061 4061
843 1777301398 3549 160 3664 3645 3581 3623 3623 3591 40 4061 4061 4061 4061 4061 4061 4061
844 1777301398 3549 166 3664 3646 3581 3624 3624 3592 40 4061 4061 4061 4061 4061 4061 4061
845 1777301398 3550 144 3665 3646 3582 3624 3624 3592 40 4061 4061 4061 4061 4061 4061 4061
846 1777301399 3549 146 3664 3645 3581 3623 3624 3591 40 4061 4061 4061 4061 4061 4061 4061
847 1777301399 3549 162 3665 3646 3582 3623 3624 3592 40 4061 4061 4061 4061 4061 4061 4061
848 1777301399 3549 151 3664 3646 3582 3624 3625 3593 40 4061 4061 4061 4061 4061 4061 4061
849 1777301399 3549 128 3665 3646 3581 3624 3624 3592 40 4061 4061 4061 4061 4061 4061 4061
850 1777301399 3550 169 3665 3645 3582 3624 3624 3592 40 4061 4060 4060 4060 4060 4060 4060
851 1777301399 3549 166 3664 3645 3582 3624 3624 3592 40 4061 4061 4061 4061 4061 4061 4061
852 1777301399 3549 157 3665 3646 3582 3624 3624 3592 40 4061 4061 4061 4061 4061 4061 4061
853 1777301399 3550 158 3665 3647 3582 3624 3625 3593 40 4061 4060 4060 4060 4060 4060 4060
854 1777301399 3549 152 3666 3646 3582 3624 3624 3592 40 4061 4061 4061 4061 4061 4061 4061
855 1777301400 3549 146 3665 3646 3582 3624 3624 3592 40 4061 4060 4060 4060 4060 4060 4060
856 1777301400 3550 138 3665 3647 3582 3624 3624 3593 40 4061 4061 4061 4061 4061 4061 4061
857 1777301400 3549 157 3664 3645 3581 3624 3623 3591 40 4061 4060 4060 4060 4060 4060 4060
858 1777301400 3550 167 3665 3646 3583 3625 3624 3592 40 4061 4061 4061 4061 4061 4061 4061
859 1777301400 3549 130 3665 3646 3582 3624 3624 3592 40 4061 4060 4060 4060 4060 4060 4060
860 1777301400 3550 148 3664 3646 3583 3625 3625 3593 40 4061 4060 4060 4060 4060 4060 4060
861 1777301400 3550 144 3665 3646 3583 3625 3625 3593 40 4061 4061 4061 4061 4061 4061 4061
862 1777301400 3550 120 3665 3646 3583 3624 3624 3593 40 4061 4061 4061 4061 4061 4061 4061
863 1777301400 3550 146 3665 3646 3582 3625 3625 3593 40 4061 4060 4060 4060 4060 4060 4060
864 1777301400 3550 165 3665 3646 3582 3624 3625 3593 40 4061 4060 4060 4060 4060 4060 4060
865 1777301400 3550 146 3666 3646 3583 3624 3625 3593 40 4061 4060 4060 4060 4060 4060 4060
866 1777301400 3549 161 3666 3646 3582 3624 3625 3593 40 4061 4060 4060 4060 4060 4060 4060
867 1777301401 3549 168 3665 3646 3582 3624 3624 3592 40 4061 4061 4061 4061 4061 4061 4061
868 1777301401 3550 145 3666 3646 3582 3624 3625 3593 40 4061 4061 4061 4061 4061 4061 4061
869 1777301401 3550 144 3665 3646 3582 3624 3624 3593 40 4061 4060 4060 4060 4060 4060 4060
870 1777301401 3551 139 3666 3646 3583 3625 3625 3593 40 4061 4061 4061 4061 4061 4061 4061
871 1777301401 3550 143 3665 3646 3583 3625 3625 3593 40 4061 4060 4060 4060 4060 4060 4060
872 1777301401 3549 153 3664 3645 3582 3624 3624 3593 40 4061 4061 4061 4061 4061 4061 4061
873 1777301401 3549 153 3665 3646 3582 3624 3624 3592 40 4063 4062 4062 4062 4062 4062 4062
874 1777301401 3549 156 3664 3646 3582 3624 3624 3592 40 4061 4061 4061 4061 4061 4061 4061
875 1777301401 3549 172 3665 3646 3582 3624 3624 3592 40 4061 4060 4060 4060 4060 4060 4060
876 1777301401 3549 161 3664 3646 3582 3624 3624 3592 40 4061 4061 4061 4061 4061 4061 4061
877 1777301402 3550 156 3666 3647 3583 3625 3625 3594 40 4061 4061 4061 4061 4061 4061 4061
878 1777301402 3550 155 3666 3647 3583 3625 3625 3593 40 4061 4060 4060 4060 4060 4060 4060
879 1777301402 3550 151 3666 3647 3583 3625 3625 3593 40 4061 4061 4061 4061 4061 4061 4061
880 1777301402 3550 145 3665 3646 3582 3625 3625 3593 40 4061 4060 4060 4060 4060 4060 4060
881 1777301402 3549 144 3665 3646 3582 3624 3625 3593 40 4061 4060 4060 4060 4060 4060 4060
882 1777301402 3550 142 3665 3646 3582 3625 3625 3593 40 4061 4061 4061 4061 4061 4061 4061
883 1777301403 3550 146 3665 3646 3582 3624 3625 3593 40 4061 4060 4060 4060 4060 4060 4060
884 1777301403 3550 153 3665 3646 3582 3624 3624 3593 40 4061 4061 4061 4061 4061 4061 4061
885 1777301403 3549 137 3665 3646 3582 3624 3625 3592 40 4061 4061 4061 4061 4061 4061 4061
886 1777301403 3550 138 3666 3647 3582 3625 3625 3593 40 4061 4061 4061 4061 4061 4061 4061
887 1777301403 3550 144 3665 3646 3582 3625 3625 3593 40 4061 4061 4061 4061 4061 4061 4061
888 1777301403 3550 153 3666 3646 3583 3624 3625 3593 40 4061 4061 4061 4061 4061 4061 4061
889 1777301403 3549 150 3665 3645 3581 3623 3624 3592 40 4061 4061 4061 4061 4061 4061 4061
890 1777301404 3549 153 3665 3646 3582 3624 3624 3592 40 4061 4060 4060 4060 4060 4060 4060
891 1777301404 3550 156 3665 3647 3583 3625 3625 3593 40 4061 4061 4061 4061 4061 4061 4061
892 1777301404 3551 116 3666 3647 3583 3625 3625 3593 40 4061 4060 4060 4060 4060 4060 4060
893 1777301404 3550 116 3666 3646 3583 3625 3625 3593 40 4061 4060 4060 4060 4060 4060 4060
894 1777301404 3550 120 3666 3647 3583 3625 3625 3593 40 4061 4060 4060 4060 4060 4060 4060
895 1777301404 3549 156 3665 3646 3582 3624 3624 3593 40 4061 4061 4061 4061 4061 4061 4061
896 1777301404 3550 157 3666 3647 3583 3625 3625 3593 40 4061 4060 4060 4060 4060 4060 4060
897 1777301404 3550 137 3666 3646 3583 3624 3625 3594 40 4061 4060 4060 4060 4060 4060 4060
898 1777301404 3551 159 3666 3648 3583 3625 3626 3594 40 4061 4060 4060 4060 4060 4060 4060
899 1777301404 3550 157 3665 3646 3582 3624 3625 3593 40 4061 4060 4060 4060 4060 4060 4060
900 1777301405 3550 158 3666 3646 3583 3625 3625 3593 40 4061 4060 4060 4060 4060 4060 4060
901 1777301405 3551 127 3666 3647 3583 3625 3625 3593 40 4061 4060 4060 4060 4060 4060 4060
902 1777301405 3550 139 3666 3647 3583 3625 3626 3593 40 4061 4060 4060 4060 4060 4060 4060
903 1777301405 3550 154 3666 3647 3583 3625 3626 3593 40 4061 4060 4060 4060 4060 4060 4060
904 1777301405 97 139 46 90 166 3625 3628 3596 40 4061 4061 4061 4061 4061 4061 4061
905 1777301405 82 151 87 77 125 1358 1079 1408 40 4061 4061 4061 4061 4061 4061 4061
906 1777301405 3551 131 3666 3646 3582 3624 3624 3592 40 4063 4062 4062 4062 4062 4062 4062
907 1777301405 3551 155 3666 3647 3583 3625 3625 3594 40 4061 4060 4060 4060 4060 4060 4060
908 1777301406 3551 123 3666 3646 3583 3625 3625 3593 40 4061 4060 4060 4060 4060 4060 4060
909 1777301406 3550 169 3666 3646 3583 3624 3625 3593 40 4061 4061 4061 4061 4061 4061 4061
910 1777301406 3550 152 3666 3647 3583 3624 3624 3593 40 4061 4061 4061 4061 4061 4061 4061
911 1777301406 3550 150 3665 3647 3583 3625 3625 3593 40 4061 4060 4060 4060 4060 4060 4060
912 1777301406 3550 151 3665 3647 3582 3624 3625 3593 40 4061 4061 4061 4061 4061 4061 4061
913 1777301406 3550 149 3666 3647 3583 3625 3625 3594 40 4061 4061 4061 4061 4061 4061 4061
914 1777301406 3551 171 3666 3647 3584 3625 3626 3594 40 4061 4061 4061 4061 4061 4061 4061
915 1777301406 3550 141 3666 3647 3583 3625 3626 3594 40 4061 4061 4061 4061 4061 4061 4061
916 1777301406 3551 143 3667 3648 3583 3625 3625 3594 40 4061 4061 4061 4061 4061 4061 4061
917 1777301407 3550 144 3666 3646 3582 3625 3625 3593 40 4060 4060 4060 4060 4060 4060 4060
918 1777301407 3549 168 3664 3645 3582 3624 3624 3592 40 4061 4061 4061 4061 4061 4061 4061
919 1777301407 3550 153 3665 3647 3582 3625 3625 3593 40 4061 4061 4061 4061 4061 4061 4061
920 1777301407 3550 144 3665 3646 3583 3625 3625 3593 40 4061 4061 4061 4061 4061 4061 4061
921 1777301407 3551 141 3666 3647 3583 3625 3626 3594 40 4061 4061 4061 4061 4061 4061 4061
922 1777301407 3550 131 3666 3647 3583 3625 3625 3594 40 4061 4060 4060 4060 4060 4060 4060
923 1777301407 3550 143 3665 3647 3584 3626 3626 3594 40 4061 4061 4061 4061 4061 4061 4061
924 1777301407 3550 149 3664 3646 3583 3624 3624 3592 40 4061 4061 4061 4061 4061 4061 4061
925 1777301407 3551 149 3667 3648 3583 3626 3626 3594 40 4061 4061 4061 4061 4061 4061 4061
926 1777301407 3551 171 3666 3647 3583 3625 3625 3593 40 4061 4060 4060 4060 4060 4060 4060
927 1777301408 3550 143 3665 3646 3582 3624 3625 3592 40 4061 4061 4061 4061 4061 4061 4061
928 1777301408 3550 161 3666 3647 3583 3625 3625 3593 40 4061 4061 4061 4061 4061 4061 4061
929 1777301408 3550 146 3665 3646 3583 3624 3625 3592 40 4061 4061 4061 4061 4061 4061 4061
930 1777301409 3550 160 3666 3647 3583 3625 3625 3593 40 4061 4061 4061 4061 4061 4061 4061
931 1777301409 3550 140 3665 3647 3583 3624 3624 3593 40 4061 4061 4061 4061 4061 4061 4061
932 1777301409 3550 179 3664 3647 3582 3625 3625 3593 40 4061 4060 4060 4060 4060 4060 4060
933 1777301409 3550 144 3665 3646 3582 3625 3625 3593 40 4060 4060 4060 4060 4060 4060 4060
934 1777301409 3550 157 3666 3647 3583 3625 3625 3594 40 4061 4061 4061 4061 4061 4061 4061
935 1777301409 3551 147 3666 3647 3583 3625 3625 3593 40 4061 4061 4061 4061 4061 4061 4061
936 1777301409 3550 163 3665 3646 3583 3625 3625 3593 40 4061 4061 4061 4061 4061 4061 4061
937 1777301409 3551 144 3667 3647 3583 3626 3626 3593 40 4061 4061 4061 4061 4061 4061 4061
938 1777301409 3550 121 3666 3647 3583 3625 3625 3593 40 4061 4060 4060 4060 4060 4060 4060
939 1777301410 3550 153 3665 3646 3582 3624 3625 3593 40 4061 4060 4060 4060 4060 4060 4060
940 1777301410 3550 154 3665 3646 3582 3624 3625 3593 40 4061 4061 4061 4061 4061 4061 4061
941 1777301410 3549 154 3665 3645 3582 3623 3623 3591 40 4061 4060 4060 4060 4060 4060 4060
942 1777301410 3549 132 3665 3645 3582 3623 3623 3592 40 4061 4060 4060 4060 4060 4060 4060
943 1777301410 3549 160 3664 3645 3582 3623 3623 3591 40 4061 4060 4060 4060 4060 4060 4060
944 1777301410 3549 139 3664 3645 3582 3624 3624 3592 40 4061 4061 4061 4061 4061 4061 4061
945 1777301410 3548 158 3663 3644 3581 3622 3622 3591 40 4061 4061 4061 4061 4061 4061 4061
946 1777301411 3549 155 3664 3645 3581 3624 3624 3592 40 4061 4060 4060 4060 4060 4060 4060
947 1777301411 3549 148 3664 3645 3582 3624 3624 3592 40 4061 4061 4061 4061 4061 4061 4061
948 1777301411 3548 142 3664 3645 3581 3622 3623 3591 40 4061 4061 4061 4061 4061 4061 4061
949 1777301411 3548 160 3664 3644 3581 3623 3623 3591 40 4061 4061 4061 4061 4061 4061 4061
950 1777301411 3549 141 3664 3645 3582 3624 3624 3592 40 4061 4060 4060 4060 4060 4060 4060
951 1777301411 3549 118 3664 3645 3581 3623 3623 3591 40 4061 4060 4060 4060 4060 4060 4060
952 1777301411 3549 153 3664 3644 3580 3622 3623 3591 40 4061 4060 4060 4060 4060 4060 4060
953 1777301411 3548 158 3664 3645 3581 3623 3623 3592 40 4061 4061 4061 4061 4061 4061 4061
954 1777301412 3549 147 3665 3645 3581 3623 3623 3591 40 4061 4061 4061 4061 4061 4061 4061
955 1777301412 3548 141 3664 3644 3581 3623 3623 3591 40 4061 4061 4061 4061 4061 4061 4061
956 1777301412 3549 149 3664 3645 3581 3623 3623 3592 40 4061 4061 4061 4061 4061 4061 4061
957 1777301412 3549 130 3663 3645 3581 3623 3624 3592 40 4061 4060 4060 4060 4060 4060 4060
958 1777301412 3549 135 3665 3646 3582 3623 3624 3592 40 4061 4060 4060 4060 4060 4060 4060
959 1777301412 3548 141 3663 3644 3581 3623 3623 3591 40 4061 4060 4060 4060 4060 4060 4060
960 1777301412 3549 145 3664 3645 3581 3623 3623 3592 40 4061 4061 4061 4061 4061 4061 4061
961 1777301413 3549 128 3664 3645 3581 3623 3623 3592 40 4061 4061 4061 4061 4061 4061 4061
962 1777301413 3548 135 3663 3645 3581 3623 3624 3591 40 4061 4060 4060 4060 4060 4060 4060
963 1777301413 3548 156 3664 3645 3581 3623 3623 3591 40 4061 4061 4061 4061 4061 4061 4061
964 1777301413 3548 129 3664 3645 3581 3623 3623 3591 40 4061 4061 4061 4061 4061 4061 4061
965 1777301413 3550 154 3665 3646 3582 3624 3624 3592 40 4061 4061 4061 4061 4061 4061 4061
966 1777301413 3549 167 3664 3645 3581 3623 3624 3592 40 4061 4061 4061 4061 4061 4061 4061
967 1777301413 3549 173 3665 3645 3582 3624 3624 3592 40 4061 4061 4061 4061 4061 4061 4061
968 1777301413 3549 165 3665 3646 3582 3624 3624 3592 40 4061 4061 4061 4061 4061 4061 4061
969 1777301413 3549 161 3664 3645 3581 3623 3624 3591 40 4061 4061 4061 4061 4061 4061 4061
970 1777301413 3550 150 3665 3646 3582 3624 3624 3592 40 4061 4060 4060 4060 4060 4060 4060
971 1777301413 3548 146 3664 3645 3581 3623 3623 3591 40 4061 4061 4061 4061 4061 4061 4061
972 1777301414 3548 121 3663 3644 3580 3622 3623 3591 40 4061 4061 4061 4061 4061 4061 4061
973 1777301414 3551 155 3666 3647 3583 3625 3625 3592 40 4061 4060 4060 4060 4060 4060 4060
974 1777301414 3549 153 3664 3645 3581 3623 3624 3592 40 4061 4061 4061 4061 4061 4061 4061
975 1777301414 3550 166 3665 3646 3581 3623 3623 3591 40 4061 4061 4061 4061 4061 4061 4061
976 1777301414 3550 157 3665 3646 3582 3624 3625 3593 40 4061 4060 4060 4060 4060 4060 4060
977 1777301414 3548 144 3664 3644 3580 3622 3623 3591 40 4061 4060 4060 4060 4060 4060 4060
978 1777301414 3548 146 3664 3645 3581 3623 3623 3591 40 4061 4061 4061 4061 4061 4061 4061
979 1777301414 3549 157 3665 3646 3582 3624 3624 3592 40 4061 4061 4061 4061 4061 4061 4061
980 1777301415 3549 160 3664 3645 3582 3624 3624 3592 40 4061 4060 4060 4060 4060 4060 4060
981 1777301415 3548 124 3664 3645 3581 3622 3623 3591 40 4061 4060 4060 4060 4060 4060 4060
982 1777301415 3549 152 3665 3645 3581 3623 3623 3592 40 4061 4061 4061 4061 4061 4061 4061
983 1777301415 3549 142 3665 3646 3582 3624 3624 3592 40 4061 4060 4060 4060 4060 4060 4060
984 1777301415 3550 151 3666 3647 3583 3624 3624 3593 40 4061 4060 4060 4060 4060 4060 4060
985 1777301415 3550 128 3665 3645 3582 3623 3624 3592 40 4061 4060 4060 4060 4060 4060 4060
986 1777301415 3550 140 3666 3647 3582 3625 3625 3593 40 4061 4061 4061 4061 4061 4061 4061
987 1777301415 3550 162 3665 3646 3582 3624 3625 3593 40 4061 4061 4061 4061 4061 4061 4061
988 1777301415 3549 157 3664 3646 3583 3625 3625 3593 40 4061 4060 4060 4060 4060 4060 4060
989 1777301415 3550 134 3663 3646 3582 3624 3624 3592 40 4061 4061 4061 4061 4061 4061 4061
990 1777301416 3550 145 3666 3647 3583 3625 3625 3593 40 4061 4061 4061 4061 4061 4061 4061
991 1777301416 3549 163 3665 3646 3581 3623 3624 3592 40 4061 4060 4060 4060 4060 4060 4060
992 1777301416 3548 147 3664 3645 3581 3623 3624 3592 40 4061 4061 4061 4061 4061 4061 4061
993 1777301416 3549 146 3666 3646 3583 3624 3624 3592 40 4061 4060 4060 4060 4060 4060 4060
994 1777301416 3549 168 3664 3646 3581 3623 3624 3592 40 4061 4061 4061 4061 4061 4061 4061
995 1777301416 3549 149 3665 3646 3582 3624 3624 3592 40 4061 4060 4060 4060 4060 4060 4060
996 1777301416 3548 156 3664 3645 3581 3623 3623 3592 40 4061 4061 4061 4061 4061 4061 4061
997 1777301416 3549 147 3665 3646 3582 3624 3624 3592 40 4061 4060 4060 4060 4060 4060 4060
998 1777301416 3548 132 3664 3645 3581 3624 3623 3592 40 4061 4061 4061 4061 4061 4061 4061
999 1777301417 3550 144 3665 3646 3582 3624 3624 3592 40 4061 4060 4060 4060 4060 4060 4060
1000 1777301417 3549 145 3664 3645 3581 3623 3623 3592 40 4061 4060 4060 4060 4060 4060 4060
