1 1777301573 3547 3692 149 3641 3579 3621 3621 3589 40 4061 4060 4060 4060 4060 4060 4060
2 1777301573 3548 3692 147 3642 3580 1471 1154 3589 40 4061 4061 4061 4061 4061 4061 4061
3 1777301573 3546 3691 155 3641 3579 3621 3621 3589 40 4061 4060 4060 4060 4060 4060 4060
4 1777301573 3547 3691 131 3640 3579 3621 3621 3589 40 4061 4061 4061 4061 4061 4061 4061
5 1777301573 3546 3690 145 3641 3579 3620 3621 3589 40 4063 4062 4062 4062 4062 4062 4062
6 1777301573 3548 3692 164 3642 3579 3622 3622 3589 40 4061 4060 4060 4060 4060 4060 4060
7 1777301573 3548 3692 140 3642 3579 3622 3622 3590 40 4061 4061 4061 4061 4061 4061 4061
8 1777301574 3547 3691 120 3642 3579 3621 3622 3589 40 4061 4060 4060 4060 4060 4060 4060
9 1777301574 3547 3692 142 3641 3580 3621 3621 3589 40 4061 4060 4060 4060 4060 4060 4060
10 1777301574 3548 3692 109 3640 3580 3621 3622 3590 40 4061 4061 4061 4061 4061 4061 4061
11 1777301574 3548 3692 157 3642 3580 3621 3622 3591 40 4061 4061 4061 4061 4061 4061 4061
12 1777301574 3548 3692 147 3642 3581 3623 3623 3590 40 4060 4060 4060 4060 4060 4060 4060
13 1777301574 3548 3692 126 3642 3580 3622 3622 3590 40 4063 4062 4062 4062 4062 4062 4062
14 1777301574 3547 3691 155 3640 3579 3621 3621 3589 40 4061 4061 4061 4061 4061 4061 4061
15 1777301574 3547 3692 121 3642 3579 3621 3622 3590 40 4061 4060 4060 4060 4060 4060 4060
16 1777301575 3548 3692 163 3642 3580 3622 3622 3590 40 4061 4061 4061 4061 4061 4061 4061
17 1777301575 3547 3692 154 3641 3580 3622 3622 3590 40 4061 4061 4061 4061 4061 4061 4061
18 1777301575 3548 3693 129 3643 3581 3623 3623 3591 40 4061 4061 4061 4061 4061 4061 4061
19 1777301575 3546 3691 133 3641 3579 3621 3621 3589 40 4061 4061 4061 4061 4061 4061 4061
20 1777301575 3549 3693 140 3642 3580 3622 3622 3591 40 4061 4061 4061 4061 4061 4061 4061
21 1777301575 3549 3694 146 3643 3581 3623 3623 3591 40 4061 4060 4060 4060 4060 4060 4060
22 1777301575 3548 3692 155 3642 3580 3622 3622 3590 40 4061 4060 4060 4060 4060 4060 4060
23 1777301575 3548 3692 102 3642 3580 3622 3622 3590 40 4061 4060 4060 4060 4060 4060 4060
24 1777301575 3548 3692 115 3642 3580 3621 3622 3590 40 4061 4060 4060 4060 4060 4060 4060
25 1777301576 3548 3693 135 3643 3581 3622 3622 3591 40 4061 4061 4061 4061 4061 4061 4061
26 1777301576 3549 3693 144 3644 3581 3623 3623 3592 40 4061 4060 4060 4060 4060 4060 4060
27 1777301576 3548 3692 165 3642 3580 3622 3623 3591 40 4061 4061 4061 4061 4061 4061 4061
28 1777301576 3549 3693 141 3642 3581 3623 3623 3591 40 4059 4059 4059 4059 4059 4059 4059
29 1777301576 3548 3692 139 3642 3580 3621 3622 3590 40 4061 4061 4061 4061 4061 4061 4061
30 1777301576 3547 3691 131 3642 3580 3622 3622 3590 40 4061 4061 4061 4061 4061 4061 4061
31 1777301576 3548 3692 153 3642 3580 3622 3622 3591 40 4061 4061 4061 4061 4061 4061 4061
32 1777301576 3548 3692 135 3642 3580 3622 3622 3590 40 4061 4061 4061 4061 4061 4061 4061
33 1777301576 3549 3693 118 3643 3580 3622 3622 3590 40 4061 4061 4061 4061 4061 4061 4061
34 1777301576 3548 3693 107 3642 3580 3622 3623 3591 40 4061 4061 4061 4061 4061 4061 4061
35 1777301577 3549 3693 149 3643 3581 3622 3623 3591 40 4061 4061 4061 4061 4061 4061 4061
36 1777301577 3547 3692 151 3642 3580 3622 3622 3590 40 4061 4060 4060 4060 4060 4060 4060
37 1777301577 3548 3693 158 3643 3580 3623 3623 3591 40 4061 4061 4061 4061 4061 4061 4061
38 1777301577 3548 3693 169 3643 3580 3622 3622 3591 40 4061 4061 4061 4061 4061 4061 4061
39 1777301577 3548 3693 157 3642 3580 3622 3622 3590 40 4061 4060 4060 4060 4060 4060 4060
40 1777301577 3548 3692 119 3642 3581 3622 3623 3591 40 4061 4061 4061 4061 4061 4061 4061
41 1777301577 3549 3693 175 3641 3580 3623 3623 3591 40 4061 4061 4061 4061 4061 4061 4061
42 1777301577 3549 3693 138 3643 3581 3623 3623 3591 40 4061 4060 4060 4060 4060 4060 4060
43 1777301577 3547 3692 152 3642 3580 3621 3622 3590 40 4061 4060 4060 4060 4060 4060 4060
44 1777301578 3549 3693 152 3642 3581 3622 3623 3591 40 4061 4060 4060 4060 4060 4060 4060
45 1777301578 3550 3694 131 3643 3581 3623 3623 3591 40 4061 4060 4060 4060 4060 4060 4060
46 1777301578 3548 3692 109 3642 3580 3623 3623 3591 40 4061 4061 4061 4061 4061 4061 4061
47 1777301578 3548 3693 132 3643 3580 3622 3623 3591 40 4061 4061 4061 4061 4061 4061 4061
48 1777301578 3549 3693 158 3642 3580 3622 3623 3591 40 4061 4061 4061 4061 4061 4061 4061
49 1777301578 3548 3693 117 3643 3581 3623 3623 3591 40 4061 4061 4061 4061 4061 4061 4061
50 1777301578 3549 3693 134 3643 3581 3623 3623 3591 40 4061 4060 4060 4060 4060 4060 4060
51 1777301578 3547 3692 150 3642 3580 3622 3622 3590 40 4061 4061 4061 4061 4061 4061 4061
52 1777301579 3549 3694 121 3643 3581 3623 3623 3591 40 4061 4061 4061 4061 4061 4061 4061
53 1777301579 3549 3693 134 3642 3580 3622 3622 3591 40 4061 4061 4061 4061 4061 4061 4061
54 1777301579 3549 3694 160 3643 3581 3622 3623 3591 40 4061 4060 4060 4060 4060 4060 4060
55 1777301579 3549 3693 122 3643 3581 3623 3624 3592 40 4061 4061 4061 4061 4061 4061 4061
56 1777301579 3548 3693 156 3642 3581 3623 3623 3591 40 4061 4061 4061 4061 4061 4061 4061
57 1777301580 3548 3692 144 3641 3580 3621 3622 3590 40 4061 4061 4061 4061 4061 4061 4061
58 1777301580 3550 3695 129 3644 3582 3624 3624 3592 40 4061 4061 4061 4061 4061 4061 4061
59 1777301580 3549 3693 172 3643 3581 3623 3623 3591 40 4061 4060 4060 4060 4060 4060 4060
60 1777301580 3549 3694 127 3643 3582 3624 3623 3592 40 4061 4060 4060 4060 4060 4060 4060
61 1777301580 3549 3693 134 3643 3581 3623 3623 3591 40 4061 4060 4060 4060 4060 4060 4060
62 1777301580 3549 3693 125 3643 3581 3623 3623 3591 40 4063 4062 4062 4062 4062 4062 4062
63 1777301580 3548 3693 132 3642 3580 3622 3622 3590 40 4061 4060 4060 4060 4060 4060 4060
64 1777301580 3548 3693 128 3642 3581 3623 3623 3591 40 4061 4061 4061 4061 4061 4061 4061
65 1777301580 3549 3693 130 3643 3581 3623 3624 3591 40 4061 4060 4060 4060 4060 4060 4060
66 1777301580 3548 3692 175 3642 3580 3622 3622 3590 40 4061 4061 4061 4061 4061 4061 4061
67 1777301580 3548 3693 132 3642 3580 3622 3622 3590 40 4061 4061 4061 4061 4061 4061 4061
68 1777301581 3549 3693 145 3642 3580 3622 3623 3591 40 4061 4060 4060 4060 4060 4060 4060
69 1777301581 3548 3693 130 3642 3581 3622 3623 3591 40 4061 4061 4061 4061 4061 4061 4061
70 1777301581 3549 3693 145 3643 3581 3623 3623 3591 40 4061 4061 4061 4061 4061 4061 4061
71 1777301581 3548 3692 124 3643 3580 3623 3623 3590 40 4061 4060 4060 4060 4060 4060 4060
72 1777301581 3549 3693 128 3642 3580 3622 3622 3590 40 4061 4060 4060 4060 4060 4060 4060
73 1777301581 3548 3693 156 3642 3581 3622 3622 3591 40 4061 4060 4060 4060 4060 4060 4060
74 1777301581 3549 3693 135 3643 3581 3623 3624 3592 40 4061 4060 4060 4060 4060 4060 4060
75 1777301581 3548 3693 174 3643 3581 3623 3624 3591 40 4061 4061 4061 4061 4061 4061 4061
76 1777301581 3548 3692 120 3642 3580 3622 3623 3590 40 4061 4061 4061 4061 4061 4061 4061
77 1777301581 3549 3693 132 3643 3581 3623 3623 3591 40 4061 4061 4061 4061 4061 4061 4061
78 1777301581 3550 3694 130 3643 3582 3623 3624 3592 40 4060 4060 4060 4060 4060 4060 4060
79 1777301582 3549 3693 161 3643 3581 3623 3623 3592 40 4061 4061 4061 4061 4061 4061 4061
80 1777301582 3549 3693 147 3643 3581 3623 3623 3592 40 4061 4060 4060 4060 4060 4060 4060
81 1777301582 3549 3693 153 3643 3581 3622 3623 3591 40 4061 4060 4060 4060 4060 4060 4060
82 1777301582 3549 3693 149 3643 3581 3623 3623 3591 40 4061 4061 4061 4061 4061 4061 4061
83 1777301582 3549 3693 169 3643 3581 3622 3622 3591 40 4061 4061 4061 4061 4061 4061 4061
84 1777301582 3549 3694 151 3643 3581 3623 3623 3591 40 4061 4061 4061 4061 4061 4061 4061
85 1777301583 3549 3694 111 3643 3581 3623 3623 3591 40 4061 4061 4061 4061 4061 4061 4061
86 1777301583 3549 3693 135 3643 3581 3623 3623 3591 40 4061 4060 4060 4060 4060 4060 4060
87 1777301583 3549 3693 153 3643 3581 3623 3624 3591 40 4061 4061 4061 4061 4061 4061 4061
88 1777301583 3549 3693 168 3642 3581 3623 3623 3591 40 4061 4060 4060 4060 4060 4060 4060
89 1777301583 3549 3694 128 3643 3581 3623 3623 3591 40 4061 4061 4061 4061 4061 4061 4061
90 1777301583 3549 3694 151 3644 3581 3623 3624 3592 40 4061 4061 4061 4061 4061 4061 4061
91 1777301583 3550 3694 144 3643 3581 3624 3624 3593 40 4061 4060 4060 4060 4060 4060 4060
92 1777301583 3548 3693 133 3643 3581 3623 3624 3592 40 4061 4060 4060 4060 4060 4060 4060
93 1777301584 3549 3693 113 3643 3581 3623 3623 3591 40 4061 4061 4061 4061 4061 4061 4061
94 1777301584 3550 3694 156 3644 3582 3624 3624 3592 40 4061 4061 4061 4061 4061 4061 4061
95 1777301584 3550 3694 117 3643 3582 3624 3624 3592 40 4061 4060 4060 4060 4060 4060 4060
96 1777301584 3549 3694 129 3644 3581 3623 3623 3592 40 4061 4060 4060 4060 4060 4060 4060
97 1777301584 3549 3693 131 3643 3581 3623 3623 3591 40 4061 4061 4061 4061 4061 4061 4061
98 1777301584 3549 3693 143 3643 3581 3623 3623 3591 40 4061 4061 4061 4061 4061 4061 4061
99 1777301584 3548 3692 130 3642 3579 3622 3622 3591 40 4061 4061 4061 4061 4061 4061 4061
100 1777301584 3549 3694 175 3643 3581 3623 3623 3591 40 4061 4061 4061 4061 4061 4061 4061
101 1777301584 3549 3693 151 3643 3581 3622 3623 3591 40 4061 4061 4061 4061 4061 4061 4061
102 1777301585 3549 3693 121 3643 3580 3623 3623 3591 40 4061 4060 4060 4060 4060 4060 4060
103 1777301585 3550 3695 126 3643 3582 1440 3623 3592 40 4061 4061 4061 4061 4061 4061 4061
104 1777301585 3548 3693 145 3642 3580 3622 3623 3591 40 4061 4061 4061 4061 4061 4061 4061
105 1777301585 3549 3693 119 3643 3582 3624 3624 3592 40 4061 4061 4061 4061 4061 4061 4061
106 1777301585 3549 3693 143 3643 3581 3623 3623 3591 40 4061 4061 4061 4061 4061 4061 4061
107 1777301585 3549 3693 152 3643 3582 3624 3624 3591 40 4061 4060 4060 4060 4060 4060 4060
108 1777301585 3549 3693 167 3644 3582 3624 3624 3592 40 4061 4061 4061 4061 4061 4061 4061
109 1777301585 3549 3694 134 3644 3582 3623 3624 3592 40 4061 4060 4060 4060 4060 4060 4060
110 1777301585 3548 3693 121 3642 3580 3622 3623 3591 40 4061 4060 4060 4060 4060 4060 4060
111 1777301585 3549 3694 121 3643 3582 3623 3623 3592 40 4061 4061 4061 4061 4061 4061 4061
112 1777301585 3550 3694 135 3644 3582 3624 3624 3593 40 4061 4060 4060 4060 4060 4060 4060
113 1777301586 3549 3693 146 3643 3581 3623 3623 3591 40 4061 4060 4060 4060 4060 4060 4060
114 1777301586 3548 3693 135 3642 3580 3622 3623 3591 40 4061 4061 4061 4061 4061 4061 4061
115 1777301586 3549 3693 136 3643 3581 3623 3623 3591 40 4061 4061 4061 4061 4061 4061 4061
116 1777301586 3549 3693 153 3643 3581 3622 3623 3591 40 4061 4060 4060 4060 4060 4060 4060
117 1777301586 3550 3694 134 3644 3582 3624 3624 3592 40 4061 4060 4060 4060 4060 4060 4060
118 1777301586 3550 3694 119 3643 3582 3624 3624 3592 40 4061 4060 4060 4060 4060 4060 4060
119 1777301586 3549 3693 150 3643 3581 3623 3624 3592 40 4061 4060 4060 4060 4060 4060 4060
120 1777301587 3549 3693 147 3642 3581 3623 3623 3592 40 4061 4061 4061 4061 4061 4061 4061
121 1777301587 3549 3694 127 3644 3582 3624 3624 3592 40 4061 4061 4061 4061 4061 4061 4061
122 1777301587 3550 3694 133 3644 3581 3623 3624 3592 40 4061 4061 4061 4061 4061 4061 4061
123 1777301587 3549 3694 99 3643 3581 3623 3624 3592 40 4061 4060 4060 4060 4060 4060 4060
124 1777301587 3550 3695 149 3644 3582 3623 3624 3592 40 4061 4061 4061 4061 4061 4061 4061
125 1777301587 3549 3694 131 3643 3581 3623 3624 3592 40 4061 4060 4060 4060 4060 4060 4060
126 1777301587 3550 3694 129 3644 3582 3624 3624 3592 40 4061 4060 4060 4060 4060 4060 4060
127 1777301587 3549 3694 150 3643 3581 3623 3624 3592 40 4061 4061 4061 4061 4061 4061 4061
128 1777301587 3550 3694 120 3644 3582 3624 3624 3592 40 4061 4061 4061 4061 4061 4061 4061
129 1777301588 3550 3694 121 3643 3581 3623 3623 3591 40 4061 4060 4060 4060 4060 4060 4060
130 1777301588 3549 3693 109 3643 3581 3623 3623 3592 40 4061 4061 4061 4061 4061 4061 4061
131 1777301588 3550 3694 145 3643 3581 3623 3623 3592 40 4061 4061 4061 4061 4061 4061 4061
132 1777301588 3549 3694 144 3644 3582 3624 3624 3592 40 4061 4061 4061 4061 4061 4061 4061
133 1777301588 3549 3694 161 3644 3582 3624 3624 3593 40 4061 4061 4061 4061 4061 4061 4061
134 1777301588 3548 3693 140 3643 3581 3623 3623 3591 40 4061 4060 4060 4060 4060 4060 4060
135 1777301588 3549 3693 140 3643 3581 3623 3623 3591 40 4061 4060 4060 4060 4060 4060 4060
136 1777301589 3549 3694 160 3642 3582 3624 3624 3592 40 4061 4061 4061 4061 4061 4061 4061
137 1777301589 3550 3694 126 3641 3581 3623 3624 3592 40 4061 4060 4060 4060 4060 4060 4060
138 1777301589 3550 3693 131 3643 3581 3623 3623 3591 40 4061 4061 4061 4061 4061 4061 4061
139 1777301589 3549 3693 152 3643 3581 3623 3624 3591 40 4061 4061 4061 4061 4061 4061 4061
140 1777301589 3550 3694 146 3644 3582 3624 3624 3592 40 4061 4060 4060 4060 4060 4060 4060
141 1777301589 3550 3694 140 3643 3582 3623 3624 3592 40 4061 4061 4061 4061 4061 4061 4061
142 1777301589 3550 3694 139 3644 3582 3625 3625 3593 40 4061 4061 4061 4061 4061 4061 4061
143 1777301589 3550 3694 152 3643 3582 3624 3624 3592 40 4061 4061 4061 4061 4061 4061 4061
144 1777301590 3550 3694 104 3643 3581 3623 3623 3591 40 4061 4061 4061 4061 4061 4061 4061
145 1777301590 3550 3694 128 3644 3582 3624 3624 3592 40 4061 4060 4060 4060 4060 4060 4060
146 1777301590 3550 3695 161 3644 3582 1451 1159 3592 40 4060 4060 4060 4060 4060 4060 4060
147 1777301590 3550 3694 142 3643 3582 3624 3624 3592 40 4061 4061 4061 4061 4061 4061 4061
148 1777301590 3551 3695 147 3644 3582 3624 3624 3592 40 4061 4061 4061 4061 4061 4061 4061
149 1777301590 3550 3694 154 3644 3582 3624 3624 3592 40 4061 4061 4061 4061 4061 4061 4061
150 1777301591 3550 3694 113 3644 3582 3624 3624 3592 40 4061 4060 4060 4060 4060 4060 4060
151 1777301591 3549 3694 136 3643 3582 3624 3624 3593 40 4061 4060 4060 4060 4060 4060 4060
152 1777301591 3550 3695 127 3645 3582 3624 3625 3593 40 4061 4061 4061 4061 4061 4061 4061
153 1777301591 3550 3694 141 3645 3583 3624 3625 3592 40 4061 4061 4061 4061 4061 4061 4061
154 1777301591 3550 3694 137 3644 3582 3624 3625 3593 40 4061 4061 4061 4061 4061 4061 4061
155 1777301591 3550 3694 142 3643 3581 3623 3623 3591 40 4061 4060 4060 4060 4060 4060 4060
156 1777301591 3550 3694 148 3644 3582 3624 3624 3592 40 4061 4061 4061 4061 4061 4061 4061
157 1777301591 3550 3694 144 3644 3582 3623 3624 3591 40 4061 4060 4060 4060 4060 4060 4060
158 1777301592 3550 3694 145 3644 3582 3624 3624 3592 40 4057 4057 4057 4057 4057 4057 4057
159 1777301592 3550 3694 133 3644 3582 3624 3624 3592 40 4061 4060 4060 4060 4060 4060 4060
160 1777301592 3550 3694 163 3644 3582 3624 3624 3592 40 4061 4061 4061 4061 4061 4061 4061
161 1777301592 3551 3695 136 3645 3583 3625 1166 3593 40 4061 4060 4060 4060 4060 4060 4060
162 1777301592 3549 3694 148 3643 3581 3623 3623 3592 40 4061 4061 4061 4061 4061 4061 4061
163 1777301592 3549 3694 142 3643 3582 3623 3623 3591 40 4061 4061 4061 4061 4061 4061 4061
164 1777301592 3550 3694 115 3644 3581 3624 3624 3592 40 4061 4060 4060 4060 4060 4060 4060
165 1777301592 3550 3695 110 3644 3582 3624 3625 3593 40 4061 4061 4061 4061 4061 4061 4061
166 1777301592 3550 3694 145 3644 3582 3624 3624 3592 40 4061 4060 4060 4060 4060 4060 4060
167 1777301592 3549 3694 150 3643 3582 3624 3624 3592 40 4060 4060 4060 4060 4060 4060 4060
168 1777301592 3550 3694 143 3644 3583 3625 3625 3593 40 4061 4060 4060 4060 4060 4060 4060
169 1777301593 3548 3693 156 3643 3581 3622 3623 3591 40 4061 4061 4061 4061 4061 4061 4061
170 1777301593 3550 3694 164 3644 3582 1427 3623 3592 40 4061 4060 4060 4060 4060 4060 4060
171 1777301593 3550 3694 143 3644 3581 3623 3624 3592 40 4061 4061 4061 4061 4061 4061 4061
172 1777301593 3550 3694 127 3643 3581 3623 3623 3591 40 4061 4061 4061 4061 4061 4061 4061
173 1777301593 3551 3695 118 3645 3583 3625 3625 3593 40 4061 4061 4061 4061 4061 4061 4061
174 1777301593 3550 3694 128 3644 3582 3624 3624 3592 40 4061 4061 4061 4061 4061 4061 4061
175 1777301593 3549 3694 134 3643 3582 3624 3624 3592 40 4061 4061 4061 4061 4061 4061 4061
176 1777301593 3550 3695 121 3644 3582 3624 3625 3593 40 4061 4061 4061 4061 4061 4061 4061
177 1777301593 3549 3693 158 3643 3582 3624 3624 3592 40 4061 4061 4061 4061 4061 4061 4061
178 1777301593 3550 3695 145 3644 3582 3624 3625 3593 40 4061 4061 4061 4061 4061 4061 4061
179 1777301593 3550 3694 172 3644 3582 3624 3624 3592 40 4061 4061 4061 4061 4061 4061 4061
180 1777301593 3549 3694 137 3644 3582 3623 3624 3592 40 4061 4061 4061 4061 4061 4061 4061
181 1777301594 3550 3694 147 3644 3582 3624 3624 3592 40 4061 4061 4061 4061 4061 4061 4061
182 1777301594 3550 3694 126 3644 3582 3624 3624 3592 40 4061 4061 4061 4061 4061 4061 4061
183 1777301594 3550 3694 137 3643 3582 3624 3624 3592 40 4061 4061 4061 4061 4061 4061 4061
184 1777301594 3549 3694 113 3643 3582 3624 3624 3592 40 4060 4060 4060 4060 4060 4060 4060
185 1777301594 3550 3695 144 3645 3582 3624 3624 3593 40 4063 4062 4062 4062 4062 4062 4062
186 1777301594 3550 3694 129 3644 3582 3624 3625 3593 40 4061 4061 4061 4061 4061 4061 4061
187 1777301594 3552 3697 136 3647 3585 3627 3626 1459 40 4061 4060 4060 4060 4060 4060 4060
188 1777301594 3549 3694 135 3643 3581 3623 3624 3592 40 4061 4060 4060 4060 4060 4060 4060
189 1777301594 3550 3695 155 3645 3583 3624 3624 3592 40 4061 4061 4061 4061 4061 4061 4061
190 1777301594 3550 3694 165 3644 3582 3624 3624 3592 40 4061 4060 4060 4060 4060 4060 4060
191 1777301594 3551 3695 113 3644 3582 3624 3624 3592 40 4063 4062 4062 4062 4062 4062 4062
192 1777301594 3550 3695 139 3645 3583 3625 3625 3593 40 4061 4061 4061 4061 4061 4061 4061
193 1777301595 3551 3695 136 3645 3583 3625 3625 3593 40 4061 4060 4060 4060 4060 4060 4060
194 1777301595 3550 3694 161 3644 3582 3624 3624 3592 40 4061 4060 4060 4060 4060 4060 4060
195 1777301595 3548 3692 130 3642 3580 3622 3623 3591 40 4061 4060 4060 4060 4060 4060 4060
196 1777301595 3549 3693 153 3642 3581 3622 3623 3590 40 4061 4061 4061 4061 4061 4061 4061
197 1777301595 3549 3694 147 3643 3582 3623 3623 3592 40 4061 4061 4061 4061 4061 4061 4061
198 1777301595 3548 3693 137 3642 3581 3622 3622 3590 40 4061 4061 4061 4061 4061 4061 4061
199 1777301595 3548 3692 145 3642 3580 3622 3622 3590 40 4061 4060 4060 4060 4060 4060 4060
200 1777301596 3548 3693 137 3642 3580 3622 3623 3590 40 4061 4061 4061 4061 4061 4061 4061
201 1777301596 3547 3692 143 3641 3579 3621 3621 3589 40 4061 4060 4060 4060 4060 4060 4060
202 1777301596 3549 3693 132 3642 3581 3622 3623 3591 40 4061 4061 4061 4061 4061 4061 4061
203 1777301596 3549 3693 153 3642 3580 3622 3622 3591 40 4061 4060 4060 4060 4060 4060 4060
204 1777301596 3548 3692 147 3642 3580 3622 3622 3590 40 4061 4060 4060 4060 4060 4060 4060
205 1777301596 3548 3693 134 3643 3581 3622 3623 3591 40 4061 4061 4061 4061 4061 4061 4061
206 1777301596 3549 3693 140 3643 3581 3623 3623 3591 40 4061 4061 4061 4061 4061 4061 4061
207 1777301596 3549 3693 149 3643 3581 3623 3623 3591 40 4061 4060 4060 4060 4060 4060 4060
208 1777301596 3549 3694 131 3644 3581 3623 3624 3591 40 4061 4061 4061 4061 4061 4061 4061
209 1777301597 3548 3693 134 3643 3581 3622 3623 3591 40 4061 4061 4061 4061 4061 4061 4061
210 1777301597 3549 3694 125 3644 3582 3623 3624 3592 40 4061 4061 4061 4061 4061 4061 4061
211 1777301597 3549 3693 116 3643 3580 3622 3623 3591 40 4061 4061 4061 4061 4061 4061 4061
212 1777301597 3548 3693 135 3642 3581 3622 3623 3591 40 4061 4061 4061 4061 4061 4061 4061
213 1777301597 3549 3694 135 3643 3581 3623 3623 3591 40 4061 4060 4060 4060 4060 4060 4060
214 1777301597 3548 3693 141 3642 3580 3622 3622 3590 40 4061 4060 4060 4060 4060 4060 4060
215 1777301598 3548 3692 126 3642 3580 3622 3622 3590 40 4061 4061 4061 4061 4061 4061 4061
216 1777301598 3548 3693 131 3642 3581 3622 3623 3591 40 4061 4061 4061 4061 4061 4061 4061
217 1777301598 3548 3692 123 3641 3580 3622 3623 3591 40 4061 4061 4061 4061 4061 4061 4061
218 1777301598 3548 3693 154 3642 3580 3622 3622 3591 40 4061 4061 4061 4061 4061 4061 4061
219 1777301598 3549 3693 141 3643 3581 3623 3623 3592 40 4061 4061 4061 4061 4061 4061 4061
220 1777301598 3548 3693 135 3642 3580 3622 3623 3591 40 4061 4061 4061 4061 4061 4061 4061
221 1777301599 3548 3692 123 3641 3580 3621 3622 3590 40 4061 4061 4061 4061 4061 4061 4061
222 1777301599 3548 3693 122 3643 3581 3622 3623 3590 40 4061 4061 4061 4061 4061 4061 4061
223 1777301599 3549 3693 144 3643 3581 3622 3623 3591 40 4061 4061 4061 4061 4061 4061 4061
224 1777301599 3549 3693 131 3643 3581 3623 3623 3591 40 4061 4061 4061 4061 4061 4061 4061
225 1777301599 3548 3692 150 3642 3580 3622 3622 3590 40 4061 4061 4061 4061 4061 4061 4061
226 1777301600 3548 3692 119 3642 3580 3621 3622 3590 40 4061 4061 4061 4061 4061 4061 4061
227 1777301600 3549 3693 132 3643 3581 3623 3623 3592 40 4061 4061 4061 4061 4061 4061 4061
228 1777301600 3548 3692 143 3642 3580 3622 3622 3591 40 4061 4061 4061 4061 4061 4061 4061
229 1777301600 3548 3692 126 3641 3580 3622 3622 3590 40 4061 4061 4061 4061 4061 4061 4061
230 1777301601 3548 3692 133 3642 3580 3622 3622 3591 40 4061 4060 4060 4060 4060 4060 4060
231 1777301601 3548 3692 138 3642 3580 3621 3622 3590 40 4061 4060 4060 4060 4060 4060 4060
232 1777301601 3549 3694 143 3642 3581 3623 3624 3591 40 4061 4060 4060 4060 4060 4060 4060
233 1777301601 3549 3693 143 3643 3581 3622 3623 3591 40 4061 4060 4060 4060 4060 4060 4060
234 1777301601 3548 3693 137 3642 3580 3622 3622 3591 40 4061 4061 4061 4061 4061 4061 4061
235 1777301602 3548 3694 152 3643 3581 3623 3623 3591 40 4061 4061 4061 4061 4061 4061 4061
236 1777301602 3548 3693 143 3642 3581 3622 3623 3591 40 4061 4060 4060 4060 4060 4060 4060
237 1777301602 3550 3694 153 3643 3581 3623 3624 3592 40 4061 4060 4060 4060 4060 4060 4060
238 1777301602 3549 3693 128 3643 3581 3623 3623 3592 40 4061 4061 4061 4061 4061 4061 4061
239 1777301602 3549 3693 170 3643 3581 3623 3623 3591 40 4061 4061 4061 4061 4061 4061 4061
240 1777301602 3549 3694 126 3644 3581 3623 3623 3592 40 4061 4060 4060 4060 4060 4060 4060
241 1777301602 3550 3694 138 3644 3582 3624 3624 3592 40 4061 4061 4061 4061 4061 4061 4061
242 1777301603 3549 3693 133 3642 3580 3623 3623 3591 40 4061 4060 4060 4060 4060 4060 4060
243 1777301603 3549 3694 140 3643 3581 3623 3623 3591 40 4061 4061 4061 4061 4061 4061 4061
244 1777301603 3549 3693 138 3643 3581 3623 3623 3591 40 4061 4061 4061 4061 4061 4061 4061
245 1777301603 3549 3693 135 3643 3581 3623 3623 3591 40 4061 4061 4061 4061 4061 4061 4061
246 1777301603 3550 3694 147 3644 3582 3624 3625 3593 40 4061 4061 4061 4061 4061 4061 4061
247 1777301603 3549 3693 140 3643 3581 3623 3623 3591 40 4061 4061 4061 4061 4061 4061 4061
248 1777301603 3549 3694 145 3644 3582 3623 3623 3591 40 4061 4061 4061 4061 4061 4061 4061
249 1777301604 3549 3693 146 3643 3581 3623 3623 3591 40 4061 4060 4060 4060 4060 4060 4060
250 1777301604 3548 3693 110 3642 3580 3622 3623 3591 40 4061 4061 4061 4061 4061 4061 4061
251 1777301604 3549 3694 136 3643 3581 3623 3623 3591 40 4061 4061 4061 4061 4061 4061 4061
252 1777301604 3550 3694 151 3644 3582 3624 3625 3593 40 4060 4060 4060 4060 4060 4060 4060
253 1777301604 3550 3694 140 3643 3581 3624 3624 3592 40 4061 4061 4061 4061 4061 4061 4061
254 1777301604 3550 3694 133 3644 3582 3624 3623 3592 40 4061 4061 4061 4061 4061 4061 4061
255 1777301604 3550 3694 124 3643 3581 3624 3624 3592 40 4061 4060 4060 4060 4060 4060 4060
256 1777301604 3549 3693 125 3642 3581 3623 3623 3591 40 4061 4061 4061 4061 4061 4061 4061
257 1777301604 3549 3693 128 3643 3581 3622 3623 3591 40 4061 4060 4060 4060 4060 4060 4060
258 1777301604 3549 3693 127 3643 3581 3623 3623 3591 40 4061 4061 4061 4061 4061 4061 4061
259 1777301604 3548 3693 156 3643 3580 3623 3623 3590 40 4061 4061 4061 4061 4061 4061 4061
260 1777301604 3550 3694 141 3644 3581 3623 3623 3592 40 4061 4061 4061 4061 4061 4061 4061
261 1777301604 3549 3693 137 3643 3581 3623 3623 3591 40 4061 4060 4060 4060 4060 4060 4060
262 1777301604 3549 3694 129 3643 3581 3623 3623 3591 40 4061 4061 4061 4061 4061 4061 4061
263 1777301604 3550 3694 116 3643 3582 1424 3623 3593 40 4061 4060 4060 4060 4060 4060 4060
264 1777301605 3549 3694 155 3642 3581 3624 3624 3592 40 4061 4060 4060 4060 4060 4060 4060
265 1777301605 3549 3694 156 3641 3581 3624 3623 3591 40 4061 4061 4061 4061 4061 4061 4061
266 1777301605 3549 3693 108 3643 3580 3623 3623 3591 40 4061 4060 4060 4060 4060 4060 4060
267 1777301605 3550 3694 139 3643 3582 3624 3624 3592 40 4061 4061 4061 4061 4061 4061 4061
268 1777301605 3549 3693 135 3643 3581 3623 3623 3591 40 4061 4060 4060 4060 4060 4060 4060
269 1777301605 3549 3693 107 3643 3581 3623 3624 3591 40 4061 4061 4061 4061 4061 4061 4061
270 1777301605 3549 3694 139 3643 3581 3623 3623 3591 40 4061 4060 4060 4060 4060 4060 4060
271 1777301605 3550 3694 150 3643 3582 3623 3623 3591 40 4061 4060 4060 4060 4060 4060 4060
272 1777301606 3549 3694 124 3643 3581 3623 3623 3591 40 4061 4061 4061 4061 4061 4061 4061
273 1777301606 3550 3694 140 3644 3581 3623 3623 3591 40 4061 4060 4060 4060 4060 4060 4060
274 1777301606 3550 3694 117 3644 3582 3624 3624 3592 40 4061 4061 4061 4061 4061 4061 4061
275 1777301606 3550 3694 148 3644 3581 3623 3624 3592 40 4061 4061 4061 4061 4061 4061 4061
276 1777301606 3550 3695 137 3644 3582 3623 3624 3592 40 4061 4060 4060 4060 4060 4060 4060
277 1777301607 3549 3694 142 3643 3581 3623 3623 3591 40 4061 4061 4061 4061 4061 4061 4061
278 1777301607 3549 3693 131 3644 3581 3623 3624 3591 40 4061 4061 4061 4061 4061 4061 4061
279 1777301607 3549 3694 124 3643 3581 3623 3624 3592 40 4061 4061 4061 4061 4061 4061 4061
280 1777301607 3550 3694 140 3644 3582 3624 3624 3592 40 4061 4061 4061 4061 4061 4061 4061
281 1777301607 3549 3693 140 3643 3581 3623 3622 3590 40 4061 4060 4060 4060 4060 4060 4060
282 1777301607 3550 3694 129 3644 3582 3624 3624 3592 40 4061 4060 4060 4060 4060 4060 4060
283 1777301607 3550 3694 132 3643 3581 3623 3623 3591 40 4061 4061 4061 4061 4061 4061 4061
284 1777301607 3549 3693 119 3642 3581 3622 3623 3591 40 4061 4061 4061 4061 4061 4061 4061
285 1777301607 3549 3693 109 3643 3581 3623 3623 3591 40 4061 4061 4061 4061 4061 4061 4061
286 1777301608 3549 3694 133 3644 3581 3623 3623 3591 40 4061 4061 4061 4061 4061 4061 4061
287 1777301608 3550 3694 136 3643 3582 3623 3624 3592 40 4061 4061 4061 4061 4061 4061 4061
288 1777301608 3549 3694 131 3644 3582 3624 3624 3592 40 4061 4060 4060 4060 4060 4060 4060
289 1777301608 3549 3694 148 3643 3581 3623 3623 3591 40 4061 4060 4060 4060 4060 4060 4060
290 1777301608 3549 3693 150 3644 3582 3623 3624 3592 40 4061 4060 4060 4060 4060 4060 4060
291 1777301608 3549 3693 146 3643 3580 3622 3623 3591 40 4061 4061 4061 4061 4061 4061 4061
292 1777301608 3550 3694 151 3644 3582 3624 3624 3592 40 4061 4060 4060 4060 4060 4060 4060
293 1777301608 3549 3694 134 3644 3582 3624 3624 3592 40 4061 4061 4061 4061 4061 4061 4061
294 1777301608 3550 3694 126 3643 3582 3623 3624 3592 40 4061 4060 4060 4060 4060 4060 4060
295 1777301608 3548 3693 126 3643 3581 3623 3623 3591 40 4061 4061 4061 4061 4061 4061 4061
296 1777301608 3550 3695 117 3644 3581 3623 3623 3592 40 4061 4061 4061 4061 4061 4061 4061
297 1777301609 3550 3695 148 3644 3582 3624 3624 3593 40 4061 4061 4061 4061 4061 4061 4061
298 1777301609 3549 3694 148 3644 3581 3623 3623 3591 40 4061 4061 4061 4061 4061 4061 4061
299 1777301609 3549 3694 146 3643 3581 3623 3623 3591 40 4061 4061 4061 4061 4061 4061 4061
300 1777301609 3549 3694 128 3644 3582 3623 3624 3591 40 4061 4060 4060 4060 4060 4060 4060
301 1777301609 3549 3693 162 3643 3581 3623 3623 3592 40 4061 4061 4061 4061 4061 4061 4061
302 1777301609 3550 3694 117 3644 3582 3624 3624 3592 40 4061 4060 4060 4060 4060 4060 4060
303 1777301609 3549 3693 129 3643 3581 3623 3623 3591 40 4061 4061 4061 4061 4061 4061 4061
304 1777301609 3550 3694 147 3644 3581 3622 3623 3591 40 4061 4061 4061 4061 4061 4061 4061
305 1777301610 3549 3694 116 3643 3581 3623 3623 3591 40 4061 4061 4061 4061 4061 4061 4061
306 1777301610 3549 3694 156 3644 3582 3624 3624 3592 40 4061 4060 4060 4060 4060 4060 4060
307 1777301610 3549 3694 136 3643 3581 3623 3623 3592 40 4061 4061 4061 4061 4061 4061 4061
308 1777301610 3548 3693 146 3642 3581 3623 3623 3591 40 4060 4060 4060 4060 4060 4060 4060
309 1777301610 3550 3694 115 3644 3582 3624 3624 3592 40 4061 4061 4061 4061 4061 4061 4061
310 1777301610 3550 3694 130 3644 3581 3624 3624 3592 40 4061 4060 4060 4060 4060 4060 4060
311 1777301611 3550 3694 152 3643 3581 3623 3623 3591 40 4061 4060 4060 4060 4060 4060 4060
312 1777301611 3549 3693 136 3642 3581 3623 3623 3591 40 4061 4061 4061 4061 4061 4061 4061
313 1777301611 3551 3694 142 3644 3582 3624 3625 3593 40 4061 4060 4060 4060 4060 4060 4060
314 1777301611 3550 3694 158 3644 3582 3624 3624 3592 40 4061 4060 4060 4060 4060 4060 4060
315 1777301611 3549 3693 138 3643 3581 3622 3623 3591 40 4061 4061 4061 4061 4061 4061 4061
316 1777301612 3550 3694 123 3644 3582 3624 3624 3592 40 4061 4061 4061 4061 4061 4061 4061
317 1777301612 3549 3693 158 3643 3581 3623 3623 3591 40 4061 4060 4060 4060 4060 4060 4060
318 1777301612 3549 3694 140 3644 3582 3623 3624 3592 40 4061 4061 4061 4061 4061 4061 4061
319 1777301612 3550 3695 145 3645 3582 3624 3624 3592 40 4061 4061 4061 4061 4061 4061 4061
320 1777301612 3551 3695 141 3646 3583 3625 3625 3593 40 4059 4059 4059 4059 4059 4059 4059
321 1777301612 3551 3695 146 3645 3583 3625 3625 3593 40 4061 4061 4061 4061 4061 4061 4061
322 1777301612 3550 3694 107 3644 3582 3624 3624 3592 40 4061 4061 4061 4061 4061 4061 4061
323 1777301612 3550 3694 145 3644 3582 3624 3624 3592 40 4061 4060 4060 4060 4060 4060 4060
324 1777301612 3549 3693 162 3643 3582 3624 3624 3592 40 4061 4061 4061 4061 4061 4061 4061
325 1777301612 3551 3695 145 3645 3583 3625 3625 3593 40 4061 4061 4061 4061 4061 4061 4061
326 1777301612 3551 3695 165 3644 3582 3624 3624 3592 40 4061 4060 4060 4060 4060 4060 4060
327 1777301612 3550 3694 140 3643 3582 3624 3624 3592 40 4061 4061 4061 4061 4061 4061 4061
328 1777301613 3549 3693 145 3642 3581 3623 3623 3591 40 4061 4061 4061 4061 4061 4061 4061
329 1777301613 3550 3694 130 3643 3582 3624 3624 3592 40 4061 4060 4060 4060 4060 4060 4060
330 1777301613 3550 3695 157 3644 3581 3624 3624 3592 40 4061 4061 4061 4061 4061 4061 4061
331 1777301613 3551 3695 140 3645 3583 3624 3625 3593 40 4061 4060 4060 4060 4060 4060 4060
332 1777301614 3550 3695 121 3645 3583 3624 3625 3593 40 4063 4062 4062 4062 4062 4062 4062
333 1777301614 3550 3695 146 3644 3582 3624 3624 3592 40 4061 4061 4061 4061 4061 4061 4061
334 1777301614 3550 3694 132 3644 3582 3624 3624 3593 40 4061 4060 4060 4060 4060 4060 4060
335 1777301614 3550 3694 153 3643 3582 3624 3624 3592 40 4061 4061 4061 4061 4061 4061 4061
336 1777301614 3551 3695 109 3645 3583 3625 3625 3593 40 4061 4060 4060 4060 4060 4060 4060
337 1777301614 3550 3694 149 3644 3582 3624 3624 3592 40 4061 4060 4060 4060 4060 4060 4060
338 1777301614 3550 3695 146 3644 3582 3624 3625 3593 40 4061 4061 4061 4061 4061 4061 4061
339 1777301614 3550 3694 172 3644 3582 3624 3624 3592 40 4061 4060 4060 4060 4060 4060 4060
340 1777301614 3550 3695 146 3644 3582 3624 3624 3593 40 4061 4060 4060 4060 4060 4060 4060
341 1777301615 3550 3694 117 3644 3581 3623 3624 3592 40 4061 4061 4061 4061 4061 4061 4061
342 1777301615 3550 3695 138 3644 3583 3624 3624 3592 40 4063 4062 4062 4062 4062 4062 4062
343 1777301615 3549 3694 142 3643 3582 3623 3624 3592 40 4061 4061 4061 4061 4061 4061 4061
344 1777301615 3549 3693 156 3644 3582 3623 3623 3592 40 4061 4061 4061 4061 4061 4061 4061
345 1777301616 3550 3694 128 3643 3582 3623 3624 3592 40 4061 4061 4061 4061 4061 4061 4061
346 1777301616 3550 3695 143 3644 3582 3624 3624 3592 40 4061 4061 4061 4061 4061 4061 4061
347 1777301616 3550 3694 117 3644 3582 3624 3625 3592 40 4061 4061 4061 4061 4061 4061 4061
348 1777301616 3550 3694 155 3644 3582 3623 3623 3592 40 4061 4060 4060 4060 4060 4060 4060
349 1777301616 3549 3693 154 3643 3581 3623 3624 3592 40 4061 4061 4061 4061 4061 4061 4061
350 1777301616 3549 3694 117 3643 3581 3623 3623 3591 40 4061 4061 4061 4061 4061 4061 4061
351 1777301616 3551 3695 149 3645 3583 3624 3625 3593 40 4061 4061 4061 4061 4061 4061 4061
352 1777301616 3549 3694 132 3642 3581 3623 3623 3592 40 4061 4061 4061 4061 4061 4061 4061
353 1777301616 3550 3694 162 3644 3582 3624 3624 3592 40 4061 4061 4061 4061 4061 4061 4061
354 1777301616 3549 3694 165 3644 3582 3624 3624 3592 40 4061 4061 4061 4061 4061 4061 4061
355 1777301616 3550 3695 128 3644 3582 3624 3624 3593 40 4061 4061 4061 4061 4061 4061 4061
356 1777301617 3550 3695 169 3644 3582 3624 3624 3592 40 4061 4060 4060 4060 4060 4060 4060
357 1777301617 3550 3695 130 3645 3582 3624 3625 3593 40 4061 4061 4061 4061 4061 4061 4061
358 1777301617 3550 3695 151 3644 3582 3624 3624 3593 40 4061 4061 4061 4061 4061 4061 4061
359 1777301617 3550 3695 146 3645 3583 3625 3625 3593 40 4061 4060 4060 4060 4060 4060 4060
360 1777301617 3551 3695 161 3645 3583 3625 3625 3593 40 4062 4062 4062 4062 4062 4062 4062
361 1777301617 3549 3694 148 3643 3581 3623 3624 3592 40 4061 4061 4061 4061 4061 4061 4061
362 1777301617 3550 3694 147 3644 3582 3623 3624 3592 40 4061 4061 4061 4061 4061 4061 4061
363 1777301618 3550 3695 134 3645 3583 3624 3624 3593 40 4061 4060 4060 4060 4060 4060 4060
364 1777301618 3551 3695 115 3645 3583 3625 3626 3594 40 4061 4060 4060 4060 4060 4060 4060
365 1777301618 3549 3694 160 3644 3582 3624 3624 3592 40 4060 4060 4060 4060 4060 4060 4060
366 1777301618 3550 3695 149 3644 3584 3625 3625 3593 40 4061 4061 4061 4061 4061 4061 4061
367 1777301618 3549 3694 180 3644 3582 3624 3624 3593 40 4061 4061 4061 4061 4061 4061 4061
368 1777301618 3550 3695 141 3644 3582 3625 3625 3593 40 4061 4060 4060 4060 4060 4060 4060
369 1777301618 3550 3695 128 3644 3582 3624 3625 3593 40 4061 4060 4060 4060 4060 4060 4060
370 1777301618 3551 3696 154 3645 3583 3625 3625 3593 40 4061 4061 4061 4061 4061 4061 4061
371 1777301618 3551 3696 150 3646 3584 3626 3626 3594 40 4061 4061 4061 4061 4061 4061 4061
372 1777301618 3550 3695 146 3645 3583 3624 3624 3593 40 4061 4060 4060 4060 4060 4060 4060
373 1777301619 3550 3695 126 3644 3582 3624 3624 3593 40 4061 4061 4061 4061 4061 4061 4061
374 1777301619 3549 3694 162 3644 3582 3624 3624 3592 40 4061 4061 4061 4061 4061 4061 4061
375 1777301619 3550 3695 109 3643 3582 3625 3625 3593 40 4061 4061 4061 4061 4061 4061 4061
376 1777301619 3550 3694 149 3644 3582 3624 3625 3592 40 4061 4060 4060 4060 4060 4060 4060
377 1777301619 3550 3695 133 3645 3582 3624 3625 3592 40 4061 4061 4061 4061 4061 4061 4061
378 1777301619 3550 3695 140 3644 3583 3625 3625 3593 40 4061 4060 4060 4060 4060 4060 4060
379 1777301619 3549 3694 148 3643 3582 3623 3624 3592 40 4061 4061 4061 4061 4061 4061 4061
380 1777301619 3551 3695 165 3645 3583 3625 3625 3593 40 4061 4061 4061 4061 4061 4061 4061
381 1777301620 3550 3695 123 3644 3582 3624 3624 3592 40 4061 4061 4061 4061 4061 4061 4061
382 1777301620 3550 3694 181 3644 3582 3624 3625 3593 40 4061 4061 4061 4061 4061 4061 4061
383 1777301620 3550 3695 150 3645 3582 3624 3624 3593 40 4061 4061 4061 4061 4061 4061 4061
384 1777301621 3550 3695 117 3644 3582 3624 3624 3592 40 4061 4060 4060 4060 4060 4060 4060
385 1777301621 3550 3695 146 3644 3582 3624 3624 3592 40 4061 4061 4061 4061 4061 4061 4061
386 1777301621 3551 3696 138 3646 3583 3625 3625 3593 40 4061 4061 4061 4061 4061 4061 4061
387 1777301621 3551 3696 140 3645 3583 3625 3625 3593 40 4061 4060 4060 4060 4060 4060 4060
388 1777301621 3550 3695 132 3644 3583 3624 3625 3593 40 4061 4061 4061 4061 4061 4061 4061
389 1777301621 3550 3695 134 3644 3582 3624 3624 3593 40 4061 4060 4060 4060 4060 4060 4060
390 1777301621 3550 3695 139 3644 3583 3625 3625 3593 40 4061 4060 4060 4060 4060 4060 4060
391 1777301621 3551 3695 142 3643 3583 3625 3625 3594 40 4061 4061 4061 4061 4061 4061 4061
392 1777301621 3553 3698 115 3648 3586 3628 3628 1460 40 4061 4061 4061 4061 4061 4061 4061
393 1777301621 3550 3695 144 3645 3583 3625 3625 3593 40 4061 4060 4060 4060 4060 4060 4060
394 1777301622 3551 3695 148 3644 3583 3625 3625 3593 40 4061 4060 4060 4060 4060 4060 4060
395 1777301622 3551 3695 127 3644 3583 3624 3625 3593 40 4061 4060 4060 4060 4060 4060 4060
396 1777301622 3550 3695 115 3644 3582 3624 3625 3593 40 4061 4060 4060 4060 4060 4060 4060
397 1777301622 3551 3695 123 3645 3583 3625 3625 3593 40 4061 4060 4060 4060 4060 4060 4060
398 1777301622 3550 3695 151 3644 3582 3624 3624 3593 40 4061 4061 4061 4061 4061 4061 4061
399 1777301622 3551 3695 126 3645 3583 3624 3625 3593 40 4060 4060 4060 4060 4060 4060 4060
400 1777301622 3550 3695 141 3644 3582 3625 3625 3593 40 4061 4061 4061 4061 4061 4061 4061
401 1777301622 3551 3695 166 3645 3583 3625 3625 3593 40 4061 4060 4060 4060 4060 4060 4060
402 1777301622 3550 3695 140 3644 3583 3624 3625 3593 40 4061 4061 4061 4061 4061 4061 4061
403 1777301622 3549 3694 162 3644 3582 3624 3624 3592 40 4061 4061 4061 4061 4061 4061 4061
404 1777301623 3551 3695 151 3645 3583 3625 3625 3593 40 4061 4060 4060 4060 4060 4060 4060
405 1777301623 3551 3696 138 3645 3583 3626 3626 3593 40 4061 4061 4061 4061 4061 4061 4061
406 1777301623 3550 3694 202 3644 3582 3625 3625 3593 40 4063 4062 4062 4062 4062 4062 4062
407 1777301623 3550 3695 133 3643 3582 3624 3624 3593 40 4061 4061 4061 4061 4061 4061 4061
408 1777301623 3551 3696 161 3645 3583 3625 3626 3593 40 4061 4060 4060 4060 4060 4060 4060
409 1777301623 3549 3694 164 3644 3582 3624 3625 3593 40 4061 4061 4061 4061 4061 4061 4061
410 1777301623 3550 3695 172 3644 3582 3624 3625 3593 40 4061 4061 4061 4061 4061 4061 4061
411 1777301623 3552 3696 164 3645 3583 3625 3625 3593 40 4061 4060 4060 4060 4060 4060 4060
412 1777301623 3551 3695 133 3646 3583 3625 3625 3593 40 4061 4060 4060 4060 4060 4060 4060
413 1777301623 3551 3695 124 3645 3582 3625 3625 3592 40 4061 4060 4060 4060 4060 4060 4060
414 1777301624 3550 3695 133 3644 3583 3624 3624 3592 40 4061 4060 4060 4060 4060 4060 4060
415 1777301624 3549 3694 134 3643 3582 3624 3624 3592 40 4061 4060 4060 4060 4060 4060 4060
416 1777301624 3551 3695 143 3645 3582 3625 3625 3593 40 4061 4060 4060 4060 4060 4060 4060
417 1777301624 3551 3695 146 3645 3583 3625 3625 3594 40 4060 4060 4060 4060 4060 4060 4060
418 1777301624 3551 3694 117 3644 3582 3624 3625 3593 40 4061 4060 4060 4060 4060 4060 4060
419 1777301624 3550 3695 147 3645 3583 3625 3625 3593 40 4061 4061 4061 4061 4061 4061 4061
420 1777301624 3551 3695 157 3644 3582 3624 3624 3593 40 4061 4060 4060 4060 4060 4060 4060
421 1777301624 3551 167 145 3645 3583 3625 3626 3594 40 4061 4060 4060 4060 4060 4060 4060
422 1777301625 3550 3695 142 3644 3582 3624 3624 3592 40 4061 4061 4061 4061 4061 4061 4061
423 1777301625 3551 3695 132 3643 3583 3625 3625 3594 40 4061 4061 4061 4061 4061 4061 4061
424 1777301625 3550 3695 128 3644 3582 3623 3624 3592 40 4061 4061 4061 4061 4061 4061 4061
425 1777301625 3551 3695 136 3644 3582 3624 3624 3592 40 4060 4060 4060 4060 4060 4060 4060
426 1777301625 3551 3695 137 3644 3582 3624 3624 3593 40 4061 4061 4061 4061 4061 4061 4061
427 1777301625 3551 3695 132 3645 3583 3626 3625 3593 40 4061 4060 4060 4060 4060 4060 4060
428 1777301625 3550 3695 71 3644 3582 3624 3624 3592 40 4061 4061 4061 4061 4061 4061 4061
429 1777301625 3552 3696 158 3645 3583 3625 3625 3593 40 4061 4060 4060 4060 4060 4060 4060
430 1777301625 3550 3695 145 3644 3583 3624 3625 3593 40 4061 4060 4060 4060 4060 4060 4060
431 1777301626 3551 3696 132 3645 3583 3625 3625 3593 40 4061 4061 4061 4061 4061 4061 4061
432 1777301626 3551 3695 160 3645 3583 3625 3626 3593 40 4061 4061 4061 4061 4061 4061 4061
433 1777301626 3551 3696 120 3645 3583 3626 3626 3594 40 4061 4060 4060 4060 4060 4060 4060
434 1777301626 3552 3696 157 3646 3583 3625 3626 3594 40 4061 4061 4061 4061 4061 4061 4061
435 1777301626 3551 3696 125 3645 3583 3625 3626 3593 40 4061 4061 4061 4061 4061 4061 4061
436 1777301626 3551 3696 113 3646 3584 3626 3626 3594 40 4061 4060 4060 4060 4060 4060 4060
437 1777301626 3550 3695 154 3644 3582 3625 3625 3593 40 4061 4061 4061 4061 4061 4061 4061
438 1777301626 3551 3695 132 3644 3583 3625 3625 3593 40 4061 4060 4060 4060 4060 4060 4060
439 1777301626 3550 3695 149 3645 3583 3624 3624 3592 40 4061 4060 4060 4060 4060 4060 4060
440 1777301626 3551 3695 156 3644 3582 3625 3625 3593 40 4061 4061 4061 4061 4061 4061 4061
441 1777301626 3551 3695 143 3645 3583 3624 3624 3593 40 4061 4060 4060 4060 4060 4060 4060
442 1777301626 3552 3696 141 3645 3583 3625 3625 3593 40 4063 4062 4062 4062 4062 4062 4062
443 1777301627 3550 3694 127 3644 3583 3625 3625 3593 40 4061 4061 4061 4061 4061 4061 4061
444 1777301627 3551 3695 168 3645 3583 3624 3624 3592 40 4061 4061 4061 4061 4061 4061 4061
445 1777301627 3551 3695 161 3645 3583 3625 3625 3594 40 4061 4061 4061 4061 4061 4061 4061
446 1777301627 3551 3695 118 3645 3583 3625 3625 3593 40 4061 4061 4061 4061 4061 4061 4061
447 1777301627 3552 3696 122 3645 3583 3625 3626 3594 40 4061 4060 4060 4060 4060 4060 4060
448 1777301627 3551 3696 164 3645 3584 3626 3626 3594 40 4061 4061 4061 4061 4061 4061 4061
449 1777301627 3551 3696 119 3645 3583 3625 3625 3594 40 4061 4061 4061 4061 4061 4061 4061
450 1777301627 3551 3695 165 3645 3583 3625 3625 3594 40 4061 4061 4061 4061 4061 4061 4061
451 1777301628 3549 3694 155 3643 3581 3623 3624 3592 40 4061 4061 4061 4061 4061 4061 4061
452 1777301628 3551 3694 147 3644 3582 3624 3624 3592 40 4061 4061 4061 4061 4061 4061 4061
453 1777301628 3549 3694 173 3643 3582 3623 3623 3591 40 4061 4061 4061 4061 4061 4061 4061
454 1777301628 3549 3693 150 3643 3581 3623 3623 3591 40 4061 4060 4060 4060 4060 4060 4060
455 1777301628 3549 3693 128 3643 3581 3623 3623 3591 40 4061 4061 4061 4061 4061 4061 4061
456 1777301628 3549 3693 141 3642 3580 3622 3622 3590 40 4061 4060 4060 4060 4060 4060 4060
457 1777301628 3549 3693 135 3643 3581 3622 3623 3591 40 4061 4060 4060 4060 4060 4060 4060
458 1777301628 3549 3693 122 3644 3581 3623 3623 3591 40 4061 4061 4061 4061 4061 4061 4061
459 1777301629 3550 3695 138 3644 3582 3625 3625 3592 40 4061 4060 4060 4060 4060 4060 4060
460 1777301629 3550 3694 151 3644 3582 3624 3624 3592 40 4063 4062 4062 4062 4062 4062 4062
461 1777301629 3550 3694 127 3644 3581 3624 3624 3592 40 4061 4061 4061 4061 4061 4061 4061
462 1777301629 3549 3693 139 3643 3581 3622 3623 3591 40 4061 4061 4061 4061 4061 4061 4061
463 1777301629 3550 3694 148 3643 3581 3624 3624 3592 40 4061 4061 4061 4061 4061 4061 4061
464 1777301629 3550 3695 158 3644 3582 3623 3624 3592 40 4061 4061 4061 4061 4061 4061 4061
465 1777301629 3549 3693 143 3643 3581 3622 3622 3591 40 4061 4061 4061 4061 4061 4061 4061
466 1777301629 3549 3693 131 3644 3581 3623 3624 3592 40 4061 4061 4061 4061 4061 4061 4061
467 1777301629 3549 3693 155 3643 3580 3623 3623 3591 40 4061 4061 4061 4061 4061 4061 4061
468 1777301629 3549 3693 141 3642 3581 3622 3623 3591 40 4063 4062 4062 4062 4062 4062 4062
469 1777301629 3551 3695 130 3645 3582 3625 3624 3593 40 4061 4061 4061 4061 4061 4061 4061
470 1777301630 3550 3694 113 3644 3582 3624 3624 3592 40 4061 4061 4061 4061 4061 4061 4061
471 1777301630 3550 3694 144 3643 3582 3624 3624 3592 40 4061 4060 4060 4060 4060 4060 4060
472 1777301630 3549 3693 141 3642 3581 3622 3623 3591 40 4061 4060 4060 4060 4060 4060 4060
473 1777301630 3550 3694 158 3644 3581 3623 3623 3591 40 4061 4061 4061 4061 4061 4061 4061
474 1777301630 3549 3694 116 3644 3581 3624 3624 3592 40 4061 4061 4061 4061 4061 4061 4061
475 1777301630 3550 3694 132 3644 3582 3624 3624 3592 40 4061 4061 4061 4061 4061 4061 4061
476 1777301630 3549 3693 151 3643 3582 3623 3624 3592 40 4061 4060 4060 4060 4060 4060 4060
477 1777301630 3549 3694 126 3643 3581 3623 3623 3591 40 4061 4061 4061 4061 4061 4061 4061
478 1777301630 3549 3693 149 3643 3581 3622 3623 3591 40 4061 4061 4061 4061 4061 4061 4061
479 1777301630 3549 3693 116 3643 3581 3623 3623 3591 40 4061 4061 4061 4061 4061 4061 4061
480 1777301631 3550 3695 109 3645 3582 3624 3624 3592 40 4061 4061 4061 4061 4061 4061 4061
481 1777301631 3549 3693 128 3643 3581 3623 3623 3591 40 4061 4060 4060 4060 4060 4060 4060
482 1777301631 3549 3694 110 3644 3581 3623 3623 3591 40 4061 4060 4060 4060 4060 4060 4060
483 1777301631 3550 3694 142 3643 3581 3624 3624 3591 40 4061 4061 4061 4061 4061 4061 4061
484 1777301631 3549 3693 152 3642 3581 3623 3623 3591 40 4061 4060 4060 4060 4060 4060 4060
485 1777301632 3550 3694 129 3645 3582 3623 3624 3592 40 4061 4060 4060 4060 4060 4060 4060
486 1777301632 3550 3694 135 3644 3582 3624 3624 3592 40 4061 4060 4060 4060 4060 4060 4060
487 1777301632 3550 3695 151 3643 3582 1432 3623 3592 40 4061 4061 4061 4061 4061 4061 4061
488 1777301632 3549 3694 144 3644 3581 3623 3623 3591 40 4061 4060 4060 4060 4060 4060 4060
489 1777301632 3550 3694 149 3644 3582 3624 3624 3592 40 4061 4061 4061 4061 4061 4061 4061
490 1777301632 3550 3695 127 3644 3582 3624 3624 3592 40 4061 4060 4060 4060 4060 4060 4060
491 1777301632 3549 3693 120 3643 3581 3623 3623 3592 40 4061 4060 4060 4060 4060 4060 4060
492 1777301632 3550 3694 139 3644 3582 3623 3624 3592 40 4061 4061 4061 4061 4061 4061 4061
493 1777301633 3550 3694 160 3644 3581 3623 3623 3592 40 4061 4060 4060 4060 4060 4060 4060
494 1777301633 3551 3695 110 3644 3582 3624 3624 3593 40 4061 4061 4061 4061 4061 4061 4061
495 1777301633 3549 3693 155 3643 3581 3623 3623 3591 40 4061 4061 4061 4061 4061 4061 4061
496 1777301633 3549 3694 175 3644 3582 3624 3623 3592 40 4061 4060 4060 4060 4060 4060 4060
497 1777301633 3549 3694 116 3643 3581 3622 3622 3591 40 4061 4061 4061 4061 4061 4061 4061
498 1777301634 3549 3694 135 3644 3581 3623 3623 3591 40 4061 4061 4061 4061 4061 4061 4061
499 1777301634 3550 3694 150 3644 3582 3624 3625 3593 40 4061 4060 4060 4060 4060 4060 4060
500 1777301634 3549 3694 152 3644 3582 3624 3624 3592 40 4061 4061 4061 4061 4061 4061 4061
501 1777301634 3549 3694 126 3644 3582 3624 3624 3592 40 4061 4061 4061 4061 4061 4061 4061
502 1777301634 3551 3695 153 3644 3583 3625 3625 3593 40 4061 4060 4060 4060 4060 4060 4060
503 1777301634 3550 3695 141 3643 3582 3624 3624 3592 40 4061 4061 4061 4061 4061 4061 4061
504 1777301634 3549 3693 143 3643 3581 3623 3624 3592 40 4061 4061 4061 4061 4061 4061 4061
505 1777301634 3549 3694 124 3643 3581 3623 3624 3592 40 4061 4061 4061 4061 4061 4061 4061
506 1777301634 3550 3694 143 3644 3582 3623 3624 3592 40 4061 4060 4060 4060 4060 4060 4060
507 1777301634 3550 3694 141 3644 3582 3624 3624 3592 40 4061 4061 4061 4061 4061 4061 4061
508 1777301634 3550 3694 141 3643 3582 3623 3624 3592 40 4061 4061 4061 4061 4061 4061 4061
509 1777301635 3549 3693 118 3643 3581 3623 3623 3591 40 4061 4061 4061 4061 4061 4061 4061
510 1777301635 3550 3694 155 3644 3582 3624 3624 3592 40 4061 4061 4061 4061 4061 4061 4061
511 1777301635 3550 3694 128 3643 3581 3624 3624 3591 40 4061 4060 4060 4060 4060 4060 4060
512 1777301635 3549 3693 140 3642 3581 3623 3623 3591 40 4061 4061 4061 4061 4061 4061 4061
513 1777301635 3550 3694 159 3644 3581 3624 3624 3592 40 4061 4061 4061 4061 4061 4061 4061
514 1777301635 3549 3693 125 3643 3581 3623 3623 3592 40 4061 4060 4060 4060 4060 4060 4060
515 1777301635 3550 3694 150 3644 3582 3624 3624 3592 40 4061 4060 4060 4060 4060 4060 4060
516 1777301636 3549 3693 152 3642 3581 3623 3623 3591 40 4061 4060 4060 4060 4060 4060 4060
517 1777301636 3550 3694 151 3644 3582 3623 3624 3592 40 4061 4060 4060 4060 4060 4060 4060
518 1777301636 3550 3695 136 3644 3582 3624 3624 3592 40 4061 4060 4060 4060 4060 4060 4060
519 1777301636 3549 3693 147 3643 3581 3623 3624 3592 40 4061 4060 4060 4060 4060 4060 4060
520 1777301636 3550 3695 141 3644 3583 3625 3625 3593 40 4061 4060 4060 4060 4060 4060 4060
521 1777301636 3549 3694 140 3643 3581 3624 3624 3592 40 4061 4060 4060 4060 4060 4060 4060
522 1777301636 3549 3694 141 3643 3581 3623 3624 3591 40 4061 4061 4061 4061 4061 4061 4061
523 1777301636 3550 3694 168 3644 3582 3624 3624 3593 40 4061 4060 4060 4060 4060 4060 4060
524 1777301636 3550 3694 119 3644 3582 3624 3624 3592 40 4061 4061 4061 4061 4061 4061 4061
525 1777301636 3549 3693 123 3643 3581 3623 3623 3591 40 4061 4061 4061 4061 4061 4061 4061
526 1777301636 3550 3694 135 3644 3581 3624 3624 3592 40 4061 4060 4060 4060 4060 4060 4060
527 1777301637 3549 3694 124 3643 3581 3623 3623 3592 40 4061 4061 4061 4061 4061 4061 4061
528 1777301637 3550 3694 122 3644 3582 3624 3624 3592 40 4061 4061 4061 4061 4061 4061 4061
529 1777301637 3550 3694 125 3645 3582 1422 3624 3593 40 4061 4060 4060 4060 4060 4060 4060
530 1777301637 3549 3694 138 3644 3582 3623 3624 3592 40 4061 4060 4060 4060 4060 4060 4060
531 1777301637 3550 3694 118 3644 3582 3624 3624 3592 40 4061 4061 4061 4061 4061 4061 4061
532 1777301637 3549 3694 144 3644 3581 3624 3624 3591 40 4061 4061 4061 4061 4061 4061 4061
533 1777301637 3549 3694 122 3643 3581 3623 3623 3591 40 4061 4061 4061 4061 4061 4061 4061
534 1777301637 3550 3695 139 3644 3582 3623 3624 3592 40 4061 4061 4061 4061 4061 4061 4061
535 1777301637 3549 3693 151 3643 3581 3623 3623 3591 40 4061 4060 4060 4060 4060 4060 4060
536 1777301637 3551 3695 124 3644 3583 3625 3624 3593 40 4061 4060 4060 4060 4060 4060 4060
537 1777301638 3550 3695 133 3644 3582 3624 3624 3592 40 4061 4060 4060 4060 4060 4060 4060
538 1777301638 3550 3695 166 3644 3582 3624 3624 3592 40 4061 4060 4060 4060 4060 4060 4060
539 1777301638 3550 3695 136 3643 3582 3624 3624 3592 40 4061 4061 4061 4061 4061 4061 4061
540 1777301638 3550 3694 144 3644 3582 3624 3625 3592 40 4061 4060 4060 4060 4060 4060 4060
541 1777301638 3550 3695 160 3645 3582 3624 3625 3592 40 4061 4061 4061 4061 4061 4061 4061
542 1777301638 3549 3693 132 3643 3581 3623 3624 3592 40 4061 4061 4061 4061 4061 4061 4061
543 1777301638 3550 3694 129 3644 3582 3624 3624 3592 40 4061 4061 4061 4061 4061 4061 4061
544 1777301638 3550 3695 159 3644 3582 3624 3625 3592 40 4061 4061 4061 4061 4061 4061 4061
545 1777301639 3550 3694 139 3644 3582 3624 3624 3592 40 4061 4061 4061 4061 4061 4061 4061
546 1777301639 3550 3694 129 3644 3582 3624 3625 3593 40 4061 4061 4061 4061 4061 4061 4061
547 1777301639 3550 3695 136 3645 3582 3625 3625 3593 40 4061 4060 4060 4060 4060 4060 4060
548 1777301639 3550 3695 154 3644 3582 3624 3624 3592 40 4061 4061 4061 4061 4061 4061 4061
549 1777301639 3550 3694 114 3644 3582 3624 3625 3592 40 4061 4060 4060 4060 4060 4060 4060
550 1777301639 3550 3694 159 3644 3582 3624 3624 3592 40 4061 4061 4061 4061 4061 4061 4061
551 1777301639 3549 3694 138 3643 3582 3624 3624 3592 40 4061 4061 4061 4061 4061 4061 4061
552 1777301639 3551 3694 125 3644 3582 3624 3624 3593 40 4061 4060 4060 4060 4060 4060 4060
553 1777301639 3549 3694 119 3643 3581 3623 3624 3592 40 4061 4060 4060 4060 4060 4060 4060
554 1777301639 3550 3695 165 3644 3582 3624 3624 3592 40 4061 4061 4061 4061 4061 4061 4061
555 1777301639 3550 3695 146 3645 3582 3624 3624 3593 40 4061 4061 4061 4061 4061 4061 4061
556 1777301639 3549 3694 159 3643 3582 3624 3624 3592 40 4061 4061 4061 4061 4061 4061 4061
557 1777301639 3550 3695 138 3644 3582 3624 3624 3592 40 4061 4060 4060 4060 4060 4060 4060
558 1777301640 3550 3694 115 3644 3582 3624 3624 3592 40 4061 4061 4061 4061 4061 4061 4061
559 1777301640 3549 3693 144 3643 3581 3623 3623 3592 40 4061 4060 4060 4060 4060 4060 4060
560 1777301640 3550 3694 127 3643 3581 3623 3623 3591 40 4061 4060 4060 4060 4060 4060 4060
561 1777301640 3549 3693 138 3643 3581 3623 3624 3592 40 4061 4061 4061 4061 4061 4061 4061
562 1777301640 3550 3695 130 3644 3582 3624 3624 3592 40 4060 4060 4060 4060 4060 4060 4060
563 1777301640 3550 3695 128 3644 3582 3624 3624 3593 40 4061 4060 4060 4060 4060 4060 4060
564 1777301640 3550 3694 134 3644 3582 3624 3624 3592 40 4060 4060 4060 4060 4060 4060 4060
565 1777301640 3551 3696 155 3645 3583 3626 3626 3594 40 4061 4060 4060 4060 4060 4060 4060
566 1777301640 3550 3694 195 3644 3581 3624 3623 3592 40 4061 4061 4061 4061 4061 4061 4061
567 1777301640 3550 3695 142 3645 3583 3625 3624 3593 40 4061 4060 4060 4060 4060 4060 4060
568 1777301640 3550 3694 147 3644 3582 3624 3624 3592 40 4061 4060 4060 4060 4060 4060 4060
569 1777301641 3550 3695 144 3644 3582 3624 3624 3592 40 4060 4060 4060 4060 4060 4060 4060
570 1777301641 3550 3695 159 3644 3582 3624 3624 3592 40 4061 4061 4061 4061 4061 4061 4061
571 1777301641 3550 3694 136 3644 3582 3624 3624 3592 40 4061 4061 4061 4061 4061 4061 4061
572 1777301641 3550 3694 111 3643 3582 3624 3624 3592 40 4061 4061 4061 4061 4061 4061 4061
573 1777301641 3551 3695 142 3645 3583 3625 3625 3593 40 4061 4061 4061 4061 4061 4061 4061
574 1777301641 3550 3695 146 3644 3582 3624 3624 3592 40 4061 4061 4061 4061 4061 4061 4061
575 1777301641 3550 3694 124 3644 3583 3625 3625 3593 40 4061 4061 4061 4061 4061 4061 4061
576 1777301641 3551 3695 140 3645 3583 3624 3625 3593 40 4061 4061 4061 4061 4061 4061 4061
577 1777301641 3550 3695 158 3645 3582 3624 3625 3593 40 4061 4061 4061 4061 4061 4061 4061
578 1777301641 3551 3695 118 3645 3583 3625 3625 3592 40 4061 4060 4060 4060 4060 4060 4060
579 1777301641 3550 3694 148 3644 3582 3624 3624 3593 40 4061 4061 4061 4061 4061 4061 4061
580 1777301641 3550 3695 132 3644 3582 3624 3625 3593 40 4061 4060 4060 4060 4060 4060 4060
581 1777301642 3550 3694 146 3644 3582 3624 3624 3592 40 4061 4061 4061 4061 4061 4061 4061
582 1777301642 3550 3695 131 3644 3582 3624 3624 3592 40 4063 4062 4062 4062 4062 4062 4062
583 1777301642 3550 3694 157 3643 3582 3624 3624 3592 40 4061 4061 4061 4061 4061 4061 4061
584 1777301642 3550 3694 132 3642 3582 3624 3624 3592 40 4060 4060 4060 4060 4060 4060 4060
585 1777301642 3551 3695 146 3645 3583 3625 3625 3593 40 4061 4061 4061 4061 4061 4061 4061
586 1777301642 3550 3694 156 3644 3582 3624 3624 3593 40 4061 4061 4061 4061 4061 4061 4061
587 1777301642 3550 3694 138 3644 3582 3624 3625 3593 40 4061 4060 4060 4060 4060 4060 4060
588 1777301643 3550 3695 168 3644 3582 3624 3624 3592 40 4061 4061 4061 4061 4061 4061 4061
589 1777301643 3550 3695 150 3645 3582 3624 3625 3592 40 4061 4061 4061 4061 4061 4061 4061
590 1777301643 3551 3695 142 3644 3583 3625 3624 3593 40 4061 4061 4061 4061 4061 4061 4061
591 1777301643 3550 3694 152 3645 3582 3624 3624 3592 40 4061 4061 4061 4061 4061 4061 4061
592 1777301643 3550 3695 127 3644 3582 3624 3624 3592 40 4061 4060 4060 4060 4060 4060 4060
593 1777301643 3551 3695 126 3644 3582 3624 3624 3592 40 4061 4061 4061 4061 4061 4061 4061
594 1777301643 3550 3694 124 3644 3582 3624 3624 3592 40 4061 4061 4061 4061 4061 4061 4061
595 1777301643 3551 3694 165 3645 3582 3624 3624 3592 40 4061 4061 4061 4061 4061 4061 4061
596 1777301643 3550 3695 150 3644 3582 3625 1153 3592 40 4061 4061 4061 4061 4061 4061 4061
597 1777301643 3551 3695 136 3644 3582 3624 3624 3592 40 4061 4061 4061 4061 4061 4061 4061
598 1777301644 3550 3695 151 3644 3583 3624 3625 3593 40 4061 4060 4060 4060 4060 4060 4060
599 1777301644 3551 3695 188 3645 3582 3624 3624 3593 40 4061 4061 4061 4061 4061 4061 4061
600 1777301644 3550 3694 142 3644 3582 3624 3624 3592 40 4061 4060 4060 4060 4060 4060 4060
601 1777301644 3550 3695 160 3645 3583 3624 3624 3592 40 4061 4060 4060 4060 4060 4060 4060
602 1777301644 3550 3695 124 3645 3583 3624 3625 3593 40 4061 4061 4061 4061 4061 4061 4061
603 1777301644 3550 3694 148 3644 3582 3624 3624 3592 40 4061 4061 4061 4061 4061 4061 4061
604 1777301644 3551 3695 151 3645 3583 3625 3624 3593 40 4061 4061 4061 4061 4061 4061 4061
605 1777301644 3550 3695 121 3644 3582 3625 3625 3593 40 4061 4061 4061 4061 4061 4061 4061
606 1777301644 3550 3695 139 3644 3583 3625 3625 3593 40 4061 4061 4061 4061 4061 4061 4061
607 1777301644 3550 3694 132 3644 3581 3624 3623 3592 40 4061 4060 4060 4060 4060 4060 4060
608 1777301644 3551 3695 151 3645 3583 3624 3625 3593 40 4061 4061 4061 4061 4061 4061 4061
609 1777301644 3550 3694 158 3645 3582 3624 3624 3593 40 4061 4060 4060 4060 4060 4060 4060
610 1777301645 3550 3695 149 3644 3583 3625 3625 3593 40 4061 4060 4060 4060 4060 4060 4060
611 1777301645 3551 3695 137 3645 3583 3625 3625 3593 40 4061 4061 4061 4061 4061 4061 4061
612 1777301645 3550 3694 148 3644 3582 3624 3624 3593 40 4061 4061 4061 4061 4061 4061 4061
613 1777301645 3549 3695 143 3644 3581 3623 3624 3592 40 4061 4060 4060 4060 4060 4060 4060
614 1777301645 3549 3694 142 3644 3582 3623 3624 3592 40 4061 4061 4061 4061 4061 4061 4061
615 1777301645 3550 3694 161 3643 3582 3624 3624 3592 40 4061 4061 4061 4061 4061 4061 4061
616 1777301645 3550 3694 125 3644 3582 3624 3624 3592 40 4061 4061 4061 4061 4061 4061 4061
617 1777301646 3550 3694 146 3644 3582 3624 3624 3592 40 4061 4060 4060 4060 4060 4060 4060
618 1777301646 3552 3697 143 3646 3584 3626 3626 3594 40 4061 4060 4060 4060 4060 4060 4060
619 1777301646 3551 3696 138 3646 3583 3625 3625 3593 40 4061 4060 4060 4060 4060 4060 4060
620 1777301646 3551 3695 125 3644 3582 3624 3625 3593 40 4061 4061 4061 4061 4061 4061 4061
621 1777301646 3551 3695 136 3645 3583 3625 3625 3593 40 4061 4061 4061 4061 4061 4061 4061
622 1777301646 3550 3695 132 3644 3582 3624 3624 3592 40 4061 4060 4060 4060 4060 4060 4060
623 1777301646 3550 3694 148 3643 3582 3624 3624 3592 40 4061 4061 4061 4061 4061 4061 4061
624 1777301646 3551 3695 123 3645 3582 3625 3625 3593 40 4061 4060 4060 4060 4060 4060 4060
625 1777301647 3550 3694 148 3644 3582 3624 3624 3593 40 4061 4061 4061 4061 4061 4061 4061
626 1777301647 3550 3694 147 3644 3582 3624 3624 3593 40 4061 4060 4060 4060 4060 4060 4060
627 1777301647 3551 3695 152 3645 3583 3625 3625 3593 40 4061 4060 4060 4060 4060 4060 4060
628 1777301647 3550 3694 139 3644 3583 3624 3625 3592 40 4061 4061 4061 4061 4061 4061 4061
629 1777301647 3550 3694 146 3645 3583 3625 3625 3593 40 4061 4060 4060 4060 4060 4060 4060
630 1777301647 3550 3695 141 3644 3582 3624 3624 3592 40 4061 4060 4060 4060 4060 4060 4060
631 1777301648 3550 3694 148 3643 3582 3624 3624 3592 40 4061 4061 4061 4061 4061 4061 4061
632 1777301648 3549 3694 128 3644 3582 3624 3625 3593 40 4061 4061 4061 4061 4061 4061 4061
633 1777301648 3550 3694 124 3644 3582 3624 3624 3592 40 4061 4061 4061 4061 4061 4061 4061
634 1777301648 3551 3695 137 3644 3583 3625 3625 3593 40 4061 4060 4060 4060 4060 4060 4060
635 1777301648 3552 3697 128 3647 3585 3627 1156 1480 40 4061 4060 4060 4060 4060 4060 4060
636 1777301648 3550 3695 135 3645 3583 3625 3625 3592 40 4061 4061 4061 4061 4061 4061 4061
637 1777301648 3550 3694 119 3644 3582 3624 3624 3592 40 4061 4061 4061 4061 4061 4061 4061
638 1777301648 3550 3695 124 3644 3582 3624 3624 3593 40 4061 4061 4061 4061 4061 4061 4061
639 1777301649 3550 3695 102 3645 3583 3625 3625 3593 40 4060 4060 4060 4060 4060 4060 4060
640 1777301649 3550 3696 134 3645 3583 3625 3625 3593 40 4061 4061 4061 4061 4061 4061 4061
641 1777301649 3550 3695 119 3645 3583 3625 3625 3593 40 4061 4060 4060 4060 4060 4060 4060
642 1777301649 3550 3695 121 3645 3583 3625 3625 3593 40 4061 4061 4061 4061 4061 4061 4061
643 1777301649 3550 3696 146 3645 3583 3624 3625 3593 40 4061 4060 4060 4060 4060 4060 4060
644 1777301649 3550 3695 150 3645 3582 3624 3625 3593 40 4061 4060 4060 4060 4060 4060 4060
645 1777301649 3551 3695 126 3645 3583 3625 3625 3593 40 4061 4060 4060 4060 4060 4060 4060
646 1777301649 3551 3695 137 3644 3582 3625 3625 3593 40 4061 4061 4061 4061 4061 4061 4061
647 1777301649 3551 3695 142 3643 3583 3625 3624 3593 40 4061 4061 4061 4061 4061 4061 4061
648 1777301649 3551 3695 131 3645 3583 3625 3625 3593 40 4061 4061 4061 4061 4061 4061 4061
649 1777301649 3551 3695 122 3645 3583 3625 3626 3593 40 4061 4061 4061 4061 4061 4061 4061
650 1777301650 3551 3695 140 3644 3582 3625 3625 3593 40 4061 4060 4060 4060 4060 4060 4060
651 1777301650 3550 3694 160 3644 3582 3624 3624 3593 40 4061 4061 4061 4061 4061 4061 4061
652 1777301650 3550 3695 139 3644 3582 3624 3625 3593 40 4061 4060 4060 4060 4060 4060 4060
653 1777301650 3550 3694 142 3645 3582 3624 3625 3592 40 4061 4061 4061 4061 4061 4061 4061
654 1777301650 3550 3695 119 3644 3582 3624 3625 3593 40 4061 4060 4060 4060 4060 4060 4060
655 1777301650 3551 3695 138 3645 3583 3625 3625 3593 40 4061 4061 4061 4061 4061 4061 4061
656 1777301651 3551 3695 140 3645 3582 3624 3625 3593 40 4061 4061 4061 4061 4061 4061 4061
657 1777301651 3551 3696 160 3645 3583 3625 3625 3593 40 4061 4061 4061 4061 4061 4061 4061
658 1777301651 3551 3695 155 3645 3583 3625 3625 3593 40 4061 4061 4061 4061 4061 4061 4061
659 1777301651 3550 3695 132 3645 3582 3625 3625 3592 40 4061 4061 4061 4061 4061 4061 4061
660 1777301651 3551 3695 143 3645 3583 3625 3625 3593 40 4060 4060 4060 4060 4060 4060 4060
661 1777301651 3550 3695 116 3645 3583 3625 3625 3593 40 4061 4061 4061 4061 4061 4061 4061
662 1777301651 3552 3696 152 3645 3584 3626 3626 3594 40 4061 4061 4061 4061 4061 4061 4061
663 1777301651 3554 3699 158 3648 3586 3628 1156 1482 40 4061 4061 4061 4061 4061 4061 4061
664 1777301652 3551 3695 139 3645 3582 3624 3624 3593 40 4061 4060 4060 4060 4060 4060 4060
665 1777301652 3551 3696 165 3645 3583 3626 3626 3594 40 4061 4061 4061 4061 4061 4061 4061
666 1777301652 3551 3695 153 3644 3583 3625 3625 3593 40 4061 4061 4061 4061 4061 4061 4061
667 1777301652 3551 3696 150 3646 3584 3626 3626 3594 40 4061 4060 4060 4060 4060 4060 4060
668 1777301652 3551 3695 135 3645 3583 3625 3625 3593 40 4061 4060 4060 4060 4060 4060 4060
669 1777301652 3551 3696 121 3645 3584 3626 3626 3594 40 4061 4061 4061 4061 4061 4061 4061
670 1777301652 3552 3696 128 3646 3584 3625 3625 3593 40 4061 4061 4061 4061 4061 4061 4061
671 1777301652 3551 3695 140 3645 3583 3625 3625 3593 40 4061 4061 4061 4061 4061 4061 4061
672 1777301652 3551 3696 140 3645 3583 3625 3625 3594 40 4063 4062 4062 4062 4062 4062 4062
673 1777301652 3551 3696 162 3645 3584 3626 3626 3594 40 4061 4061 4061 4061 4061 4061 4061
674 1777301652 3551 3696 133 3645 3583 3626 3626 3593 40 4061 4061 4061 4061 4061 4061 4061
675 1777301652 3551 3696 138 3645 3583 3625 3625 3593 40 4061 4061 4061 4061 4061 4061 4061
676 1777301652 3551 3695 173 3645 3583 3625 3625 3593 40 4061 4060 4060 4060 4060 4060 4060
677 1777301653 3550 3694 146 3644 3582 3624 3624 3592 40 4061 4061 4061 4061 4061 4061 4061
678 1777301653 3551 3695 161 3644 3583 3625 3626 3594 40 4061 4060 4060 4060 4060 4060 4060
679 1777301653 3554 3698 163 3648 3586 3628 3627 1460 40 4061 4060 4060 4060 4060 4060 4060
680 1777301653 3551 3695 151 3644 3583 3625 3625 3593 40 4061 4061 4061 4061 4061 4061 4061
681 1777301653 3551 3696 157 3645 3583 3624 3625 3593 40 4061 4060 4060 4060 4060 4060 4060
682 1777301653 3551 3695 122 3644 3583 3625 3625 3593 40 4061 4061 4061 4061 4061 4061 4061
683 1777301653 3552 3696 152 3645 3583 3625 3625 3593 40 4061 4061 4061 4061 4061 4061 4061
684 1777301654 3551 3695 125 3646 3583 3625 3625 3594 40 4063 4062 4062 4062 4062 4062 4062
685 1777301654 3551 3696 129 3645 3583 3625 3625 3593 40 4061 4061 4061 4061 4061 4061 4061
686 1777301654 3552 3696 149 3645 3583 3626 3626 3594 40 4061 4060 4060 4060 4060 4060 4060
687 1777301654 3552 3696 148 3646 3583 3626 3626 3594 40 4061 4060 4060 4060 4060 4060 4060
688 1777301654 3551 3696 155 3646 3584 3626 3626 3594 40 4061 4061 4061 4061 4061 4061 4061
689 1777301654 3551 3696 134 3645 3584 3626 3626 3594 40 4061 4060 4060 4060 4060 4060 4060
690 1777301654 3551 3696 118 3646 3583 3625 3625 3593 40 4061 4060 4060 4060 4060 4060 4060
691 1777301654 3551 3696 113 3646 3583 3626 3626 3594 40 4061 4060 4060 4060 4060 4060 4060
692 1777301655 3552 3697 132 3646 3584 3626 3627 3594 40 4061 4061 4061 4061 4061 4061 4061
693 1777301655 3552 3696 142 3645 3584 3626 3626 3594 40 4061 4060 4060 4060 4060 4060 4060
694 1777301655 3551 3696 137 3645 3583 3626 3626 3594 40 4061 4060 4060 4060 4060 4060 4060
695 1777301655 3551 3695 127 3645 3583 3625 3625 3593 40 4061 4060 4060 4060 4060 4060 4060
696 1777301655 3552 3697 132 3646 3584 3626 3626 3594 40 4061 4060 4060 4060 4060 4060 4060
697 1777301655 3552 3696 134 3646 3584 3626 3626 3594 40 4061 4060 4060 4060 4060 4060 4060
698 1777301655 3551 3696 150 3645 3583 3626 3625 3594 40 4061 4060 4060 4060 4060 4060 4060
699 1777301655 3551 3696 114 3645 3584 3625 3626 3594 40 4061 4060 4060 4060 4060 4060 4060
700 1777301655 3551 3696 151 3645 3583 3625 3625 3593 40 4061 4060 4060 4060 4060 4060 4060
701 1777301656 3551 3695 136 3645 3582 3624 3625 3593 40 4061 4060 4060 4060 4060 4060 4060
702 1777301656 3550 3694 112 3644 3582 3624 3625 3593 40 4061 4061 4061 4061 4061 4061 4061
703 1777301656 3550 3695 123 3645 3583 3625 3625 3593 40 4061 4061 4061 4061 4061 4061 4061
704 1777301656 3552 3697 143 3646 3584 3626 3626 3594 40 4061 4061 4061 4061 4061 4061 4061
705 1777301656 3552 3696 140 3645 3583 3625 3625 3593 40 4061 4061 4061 4061 4061 4061 4061
706 1777301656 3551 3696 155 3645 3583 3625 3626 3593 40 4061 4060 4060 4060 4060 4060 4060
707 1777301656 3550 3695 142 3645 3583 1416 1157 3591 40 4061 4060 4060 4060 4060 4060 4060
708 1777301656 3550 3694 135 3644 3581 3623 3624 3592 40 4060 4060 4060 4060 4060 4060 4060
709 1777301656 3550 3694 142 3644 3582 3623 3624 3592 40 4059 4059 4059 4059 4059 4059 4059
710 1777301656 3550 3695 167 3644 3582 3624 3624 3593 40 4061 4060 4060 4060 4060 4060 4060
711 1777301656 3550 3694 165 3643 3582 3624 3625 3592 40 4061 4060 4060 4060 4060 4060 4060
712 1777301656 3550 3693 162 3642 3582 3624 3624 3592 40 4061 4061 4061 4061 4061 4061 4061
713 1777301656 3550 3695 170 3644 3582 3624 3624 3593 40 4061 4060 4060 4060 4060 4060 4060
714 1777301657 3549 3694 127 3644 3582 3624 3623 3592 40 4061 4060 4060 4060 4060 4060 4060
715 1777301657 3549 3693 148 3643 3580 3623 3623 3591 40 4061 4061 4061 4061 4061 4061 4061
716 1777301657 3549 3694 135 3642 3581 3624 3624 3592 40 4061 4061 4061 4061 4061 4061 4061
717 1777301657 3549 3694 131 3643 3582 3623 3624 3592 40 4061 4061 4061 4061 4061 4061 4061
718 1777301657 3549 3693 143 3643 3581 3623 3623 3592 40 4061 4060 4060 4060 4060 4060 4060
719 1777301657 3549 3694 141 3643 3581 3623 3623 3591 40 4061 4061 4061 4061 4061 4061 4061
720 1777301657 3550 3694 133 3644 3582 3624 3625 3592 40 4061 4061 4061 4061 4061 4061 4061
721 1777301657 3550 3694 126 3644 3582 3624 3624 3592 40 4061 4061 4061 4061 4061 4061 4061
722 1777301657 3550 3695 109 3645 3582 3625 3625 3593 40 4061 4060 4060 4060 4060 4060 4060
723 1777301657 3549 3693 153 3643 3581 3624 3624 3592 40 4061 4061 4061 4061 4061 4061 4061
724 1777301657 3549 3694 137 3643 3582 3623 3624 3592 40 4061 4060 4060 4060 4060 4060 4060
725 1777301657 3550 3694 135 3644 3582 3624 3624 3592 40 4061 4060 4060 4060 4060 4060 4060
726 1777301657 3549 3694 141 3644 3582 3623 3623 3592 40 4061 4061 4061 4061 4061 4061 4061
727 1777301658 3550 3694 130 3643 3581 3623 3624 3592 40 4061 4061 4061 4061 4061 4061 4061
728 1777301658 3549 3694 149 3643 3581 3623 3624 3592 40 4061 4060 4060 4060 4060 4060 4060
729 1777301658 3549 3694 136 3644 3581 3624 3624 3592 40 4061 4061 4061 4061 4061 4061 4061
730 1777301658 3549 3694 119 3644 3582 3623 3623 3591 40 4061 4060 4060 4060 4060 4060 4060
731 1777301658 3550 3695 132 3644 3582 3624 3624 3592 40 4061 4061 4061 4061 4061 4061 4061
732 1777301658 3550 3694 137 3644 3582 3624 3624 3592 40 4063 4062 4062 4062 4062 4062 4062
733 1777301658 3550 3693 139 3643 3581 3624 3624 3592 40 4061 4060 4060 4060 4060 4060 4060
734 1777301658 3549 3694 149 3643 3581 3623 3623 3591 40 4061 4060 4060 4060 4060 4060 4060
735 1777301658 3550 3695 140 3644 3582 3624 3624 3592 40 4061 4060 4060 4060 4060 4060 4060
736 1777301659 3549 3694 123 3644 3581 3623 3624 3592 40 4061 4060 4060 4060 4060 4060 4060
737 1777301659 3549 3693 132 3643 3581 3622 3622 3591 40 4061 4060 4060 4060 4060 4060 4060
738 1777301659 3549 3694 141 3644 3581 3623 3623 3591 40 4061 4061 4061 4061 4061 4061 4061
739 1777301659 3550 3694 165 3644 3582 3624 3624 3592 40 4061 4061 4061 4061 4061 4061 4061
740 1777301659 3549 3694 147 3644 3581 3623 3624 3592 40 4061 4060 4060 4060 4060 4060 4060
741 1777301659 3550 3694 142 3644 3582 3624 3625 3593 40 4061 4061 4061 4061 4061 4061 4061
742 1777301659 3549 3693 137 3643 3581 3623 3623 3592 40 4061 4061 4061 4061 4061 4061 4061
743 1777301659 3550 3695 140 3644 3582 3624 3625 3593 40 4061 4061 4061 4061 4061 4061 4061
744 1777301659 3549 3694 149 3644 3582 3624 3624 3592 40 4061 4060 4060 4060 4060 4060 4060
745 1777301659 3550 3695 129 3645 3582 3624 3624 3592 40 4061 4061 4061 4061 4061 4061 4061
746 1777301659 3549 3693 146 3643 3581 3623 3624 3592 40 4061 4060 4060 4060 4060 4060 4060
747 1777301659 3550 3694 122 3644 3582 3624 3625 3593 40 4061 4060 4060 4060 4060 4060 4060
748 1777301659 3550 3695 121 3644 3582 3623 3624 3592 40 4061 4060 4060 4060 4060 4060 4060
749 1777301660 3550 3694 138 3644 3582 3623 3624 3592 40 4061 4061 4061 4061 4061 4061 4061
750 1777301660 3548 3693 152 3643 3581 3622 3623 3591 40 4061 4061 4061 4061 4061 4061 4061
751 1777301660 3551 3695 119 3645 3582 3624 3625 3593 40 4061 4060 4060 4060 4060 4060 4060
752 1777301660 3550 3694 169 3644 3581 3623 3624 3591 40 4061 4061 4061 4061 4061 4061 4061
753 1777301660 3550 3695 166 3645 3582 3624 3625 3593 40 4061 4060 4060 4060 4060 4060 4060
754 1777301660 3549 3693 162 3644 3582 3624 3625 3593 40 4061 4061 4061 4061 4061 4061 4061
755 1777301660 3550 3694 139 3643 3581 3624 3624 3592 40 4061 4060 4060 4060 4060 4060 4060
756 1777301660 3549 3694 143 3644 3582 3623 3624 3592 40 4061 4060 4060 4060 4060 4060 4060
757 1777301660 3550 3694 131 3644 3582 3624 3624 3592 40 4061 4061 4061 4061 4061 4061 4061
758 1777301660 3549 3694 130 3643 3581 3623 3624 3592 40 4061 4061 4061 4061 4061 4061 4061
759 1777301660 3550 3694 148 3643 3581 3623 3624 3592 40 4061 4061 4061 4061 4061 4061 4061
760 1777301660 3549 3694 134 3644 3582 3624 3625 3593 40 4061 4061 4061 4061 4061 4061 4061
761 1777301660 3550 3694 127 3644 3581 3624 3623 3592 40 4061 4061 4061 4061 4061 4061 4061
762 1777301660 3551 3695 145 3644 3582 3625 3624 3592 40 4061 4061 4061 4061 4061 4061 4061
763 1777301661 3550 3694 144 3644 3582 3624 3624 3592 40 4061 4060 4060 4060 4060 4060 4060
764 1777301661 3550 3694 144 3644 3582 3624 3624 3592 40 4061 4060 4060 4060 4060 4060 4060
765 1777301661 3550 3694 163 3644 3582 3623 3624 3592 40 4061 4060 4060 4060 4060 4060 4060
766 1777301661 3550 3695 126 3644 3583 3624 3625 3592 40 4061 4061 4061 4061 4061 4061 4061
767 1777301662 3549 3694 184 3644 3582 3624 3624 3592 40 4061 4061 4061 4061 4061 4061 4061
768 1777301662 3550 3694 147 3644 3582 3624 3624 3592 40 4061 4061 4061 4061 4061 4061 4061
769 1777301662 3552 3696 144 3646 3584 3626 3626 3594 40 4061 4060 4060 4060 4060 4060 4060
770 1777301662 3550 3695 165 3644 3583 3625 3625 3593 40 4060 4060 4060 4060 4060 4060 4060
771 1777301662 3550 3694 161 3645 3582 3624 3624 3593 40 4061 4061 4061 4061 4061 4061 4061
772 1777301662 3550 3694 151 3644 3582 3623 3624 3592 40 4061 4061 4061 4061 4061 4061 4061
773 1777301662 3551 3695 127 3645 3582 3624 3624 3593 40 4061 4060 4060 4060 4060 4060 4060
774 1777301662 3550 3695 125 3644 3583 3625 3625 3593 40 4061 4060 4060 4060 4060 4060 4060
775 1777301662 3550 3695 138 3643 3583 3624 3624 3592 40 4061 4061 4061 4061 4061 4061 4061
776 1777301662 3549 3694 138 3642 3581 3623 3624 3592 40 4061 4060 4060 4060 4060 4060 4060
777 1777301662 3550 3694 134 3645 3582 3624 3625 3593 40 4061 4061 4061 4061 4061 4061 4061
778 1777301662 3549 3694 135 3644 3582 3624 3624 3592 40 4061 4060 4060 4060 4060 4060 4060
779 1777301662 3550 3694 122 3645 3583 3624 1155 3591 40 4061 4060 4060 4060 4060 4060 4060
780 1777301663 3549 3693 138 3643 3582 3623 3623 3591 40 4061 4061 4061 4061 4061 4061 4061
781 1777301663 3550 3695 128 3645 3583 3624 3625 3593 40 4061 4060 4060 4060 4060 4060 4060
782 1777301663 3550 3695 139 3644 3582 3624 3624 3592 40 4061 4061 4061 4061 4061 4061 4061
783 1777301664 3550 3695 120 3645 3583 3624 3625 3592 40 4061 4061 4061 4061 4061 4061 4061
784 1777301664 3550 3695 131 3645 3583 3625 3625 3593 40 4061 4060 4060 4060 4060 4060 4060
785 1777301664 3550 3694 148 3645 3582 3625 3624 3592 40 4061 4061 4061 4061 4061 4061 4061
786 1777301664 3550 3695 133 3644 3582 3624 3624 3593 40 4061 4060 4060 4060 4060 4060 4060
787 1777301664 3551 3696 140 3645 3583 3625 3625 3593 40 4061 4061 4061 4061 4061 4061 4061
788 1777301664 3550 3695 135 3644 3582 3624 3625 3593 40 4061 4061 4061 4061 4061 4061 4061
789 1777301664 3550 3694 140 3644 3582 3624 3624 3592 40 4061 4060 4060 4060 4060 4060 4060
790 1777301664 3550 3695 126 3644 3583 3624 3625 3592 40 4060 4060 4060 4060 4060 4060 4060
791 1777301665 3550 3694 136 3643 3582 3624 3625 3592 40 4061 4061 4061 4061 4061 4061 4061
792 1777301665 3551 3695 133 3644 3582 3624 3625 3593 40 4061 4060 4060 4060 4060 4060 4060
793 1777301665 3550 3694 163 3644 3582 3624 3624 3593 40 4061 4061 4061 4061 4061 4061 4061
794 1777301665 3550 3694 134 3644 3583 3624 3625 3593 40 4061 4061 4061 4061 4061 4061 4061
795 1777301665 3550 3694 174 3643 3582 3624 3624 3592 40 4061 4061 4061 4061 4061 4061 4061
796 1777301665 3550 3695 129 3644 3582 3624 3624 3592 40 4061 4061 4061 4061 4061 4061 4061
797 1777301665 3551 3696 170 3645 3583 3625 3625 3593 40 4061 4060 4060 4060 4060 4060 4060
798 1777301665 3551 3695 155 3644 3583 3625 3625 3593 40 4061 4060 4060 4060 4060 4060 4060
799 1777301665 3551 3696 157 3645 3583 3625 3625 3593 40 4061 4061 4061 4061 4061 4061 4061
800 1777301665 3551 3695 145 3645 3583 3625 3626 3593 40 4061 4061 4061 4061 4061 4061 4061
801 1777301666 3550 3694 126 3644 3582 3624 3624 3592 40 4061 4060 4060 4060 4060 4060 4060
802 1777301666 3550 3695 138 3644 3582 3624 3624 3592 40 4061 4061 4061 4061 4061 4061 4061
803 1777301666 3550 3695 149 3644 3582 3624 3625 3593 40 4061 4060 4060 4060 4060 4060 4060
804 1777301666 3550 3695 123 3645 3582 3625 3625 3593 40 4061 4061 4061 4061 4061 4061 4061
805 1777301666 3550 3694 143 3644 3582 3624 3624 3592 40 4061 4060 4060 4060 4060 4060 4060
806 1777301667 3550 3694 159 3644 3582 3624 3624 3593 40 4061 4061 4061 4061 4061 4061 4061
807 1777301667 3550 3695 149 3645 3582 3624 3624 3593 40 4061 4061 4061 4061 4061 4061 4061
808 1777301667 3549 3694 115 3644 3582 3624 3624 3593 40 4061 4061 4061 4061 4061 4061 4061
809 1777301667 3550 3695 142 3645 3582 3624 3624 3593 40 4061 4060 4060 4060 4060 4060 4060
810 1777301667 3551 3697 139 3646 3583 3625 3626 3594 40 4061 4060 4060 4060 4060 4060 4060
811 1777301667 3551 3695 142 3644 3583 3624 3624 3593 40 4061 4060 4060 4060 4060 4060 4060
812 1777301667 3549 3694 139 3644 3582 3624 3624 3592 40 4061 4060 4060 4060 4060 4060 4060
813 1777301668 3550 3694 157 3644 3582 3624 3624 3593 40 4061 4060 4060 4060 4060 4060 4060
814 1777301668 3550 3694 132 3644 3582 3624 3624 3593 40 4061 4060 4060 4060 4060 4060 4060
815 1777301668 3551 3696 124 3645 3583 3624 3625 3593 40 4061 4061 4061 4061 4061 4061 4061
816 1777301668 3550 3694 141 3644 3582 3624 3625 3592 40 4061 4061 4061 4061 4061 4061 4061
817 1777301668 3552 3695 149 3645 3583 3626 3626 3594 40 4061 4061 4061 4061 4061 4061 4061
818 1777301668 3551 3695 157 3644 3582 3623 3625 3592 40 4061 4060 4060 4060 4060 4060 4060
819 1777301668 3550 3695 122 3645 3582 3625 3625 3593 40 4061 4061 4061 4061 4061 4061 4061
820 1777301668 3551 3695 136 3645 3583 3625 3626 3593 40 4061 4060 4060 4060 4060 4060 4060
821 1777301668 3550 3695 154 3644 3582 3624 3625 3593 40 4061 4061 4061 4061 4061 4061 4061
822 1777301668 3550 3695 152 3644 3582 3624 3624 3592 40 4061 4060 4060 4060 4060 4060 4060
823 1777301668 3550 3695 145 3645 3583 3625 3625 3593 40 4061 4060 4060 4060 4060 4060 4060
824 1777301668 3551 3696 132 3645 3583 3625 3626 3593 40 4061 4060 4060 4060 4060 4060 4060
825 1777301669 3550 3695 134 3645 3583 3625 3625 3593 40 4061 4061 4061 4061 4061 4061 4061
826 1777301669 3551 3695 137 3645 3583 3625 3625 3593 40 4061 4060 4060 4060 4060 4060 4060
827 1777301669 3551 3695 172 3645 3583 3625 3626 3593 40 4061 4061 4061 4061 4061 4061 4061
828 1777301669 3550 3695 117 3644 3583 3624 3625 3593 40 4061 4060 4060 4060 4060 4060 4060
829 1777301669 3552 3696 169 3645 3583 3625 3626 3593 40 4061 4061 4061 4061 4061 4061 4061
830 1777301669 3551 3696 133 3645 3583 3625 3625 3593 40 4061 4061 4061 4061 4061 4061 4061
831 1777301669 3551 3696 97 3645 3583 3625 3625 3593 40 4061 4061 4061 4061 4061 4061 4061
832 1777301669 3551 3696 122 3645 3583 3625 3625 3593 40 4061 4060 4060 4060 4060 4060 4060
833 1777301669 3550 3695 118 3645 3583 3625 3625 3593 40 4061 4061 4061 4061 4061 4061 4061
834 1777301669 3551 3695 130 3644 3583 3625 3625 3593 40 4061 4060 4060 4060 4060 4060 4060
835 1777301669 3550 3695 136 3644 3582 3624 3624 3592 40 4061 4061 4061 4061 4061 4061 4061
836 1777301669 3551 3696 132 3645 3583 3625 3625 3593 40 4061 4060 4060 4060 4060 4060 4060
837 1777301670 3550 3694 132 3644 3582 3624 3625 3592 40 4061 4061 4061 4061 4061 4061 4061
838 1777301670 3552 3696 115 3644 3583 3625 3626 3593 40 4061 4060 4060 4060 4060 4060 4060
839 1777301670 3551 3695 160 3645 3583 3625 3625 3593 40 4061 4061 4061 4061 4061 4061 4061
840 1777301670 3550 3695 127 3644 3582 3624 3625 3593 40 4061 4061 4061 4061 4061 4061 4061
841 1777301670 3552 3696 132 3646 3584 3626 3627 3594 40 4061 4061 4061 4061 4061 4061 4061
842 1777301670 3551 3695 134 3644 3583 3625 3625 3593 40 4061 4061 4061 4061 4061 4061 4061
843 1777301670 3552 3696 154 3646 3583 3625 3626 3594 40 4061 4061 4061 4061 4061 4061 4061
844 1777301671 3551 3695 128 3645 3584 3625 3625 3593 40 4061 4061 4061 4061 4061 4061 4061
845 1777301671 3551 3696 128 3645 3583 3625 3626 3593 40 4061 4060 4060 4060 4060 4060 4060
846 1777301671 3550 3695 147 3644 3582 3624 3624 3592 40 4061 4061 4061 4061 4061 4061 4061
847 1777301671 3550 3694 116 3643 3582 3623 3624 3592 40 4061 4061 4061 4061 4061 4061 4061
848 1777301671 3550 3694 144 3644 3583 3625 3625 3593 40 4061 4061 4061 4061 4061 4061 4061
849 1777301671 3551 3695 148 3645 3582 3624 3625 3592 40 4061 4060 4060 4060 4060 4060 4060
850 1777301671 3551 3696 105 3645 3584 3625 3626 3594 40 4061 4061 4061 4061 4061 4061 4061
851 1777301672 3550 3694 153 3644 3582 3624 3624 3592 40 4061 4060 4060 4060 4060 4060 4060
852 1777301672 3551 3695 116 3644 3582 3624 3625 3593 40 4061 4060 4060 4060 4060 4060 4060
853 1777301672 3551 3696 134 3645 3583 3625 3625 3593 40 4061 4060 4060 4060 4060 4060 4060
854 1777301672 3551 3694 146 3644 3583 3624 3625 3593 40 4061 4061 4061 4061 4061 4061 4061
855 1777301672 3550 3694 152 3643 3582 3624 3624 3592 40 4061 4061 4061 4061 4061 4061 4061
856 1777301672 3551 3695 129 3645 3583 3625 3626 3593 40 4061 4060 4060 4060 4060 4060 4060
857 1777301672 3551 3696 143 3645 3583 3625 3626 3594 40 4061 4061 4061 4061 4061 4061 4061
858 1777301672 3551 3695 126 3645 3583 3625 3625 3593 40 4061 4060 4060 4060 4060 4060 4060
859 1777301673 3550 3695 148 3645 3583 3625 3625 3593 40 4061 4060 4060 4060 4060 4060 4060
860 1777301673 3551 3696 175 3645 3583 3625 3626 3594 40 4061 4061 4061 4061 4061 4061 4061
861 1777301673 3550 3695 168 3644 3582 3624 3625 3593 40 4061 4061 4061 4061 4061 4061 4061
862 1777301673 3551 3696 155 3645 3583 3625 3625 3593 40 4061 4060 4060 4060 4060 4060 4060
863 1777301673 3552 3696 140 3645 3583 3625 3625 3593 40 4061 4061 4061 4061 4061 4061 4061
864 1777301673 3552 3696 131 3646 3583 3626 3626 3594 40 4061 4060 4060 4060 4060 4060 4060
865 1777301673 3552 3696 146 3646 3584 3626 3626 3594 40 4061 4061 4061 4061 4061 4061 4061
866 1777301673 3550 3695 146 3645 3583 3625 3625 3593 40 4061 4061 4061 4061 4061 4061 4061
867 1777301673 3550 3695 148 3645 3582 3624 3625 3593 40 4061 4060 4060 4060 4060 4060 4060
868 1777301674 3550 3695 145 3644 3582 3625 3624 3593 40 4061 4060 4060 4060 4060 4060 4060
869 1777301674 3550 3695 128 3644 3582 3624 3624 3592 40 4061 4061 4061 4061 4061 4061 4061
870 1777301674 3550 3694 133 3644 3582 3625 3625 3593 40 4060 4060 4060 4060 4060 4060 4060
871 1777301674 3550 3694 140 3643 3582 3624 3624 3592 40 4061 4061 4061 4061 4061 4061 4061
872 1777301674 3551 3695 124 3645 3583 3625 3625 3593 40 4061 4061 4061 4061 4061 4061 4061
873 1777301674 3550 3696 136 3645 3583 3625 3625 3593 40 4061 4060 4060 4060 4060 4060 4060
874 1777301674 3550 3695 137 3644 3582 3625 3625 3593 40 4061 4061 4061 4061 4061 4061 4061
875 1777301675 3551 3695 139 3645 3583 3625 3625 3594 40 4061 4061 4061 4061 4061 4061 4061
876 1777301675 3550 3695 129 3644 3582 3624 3624 3592 40 4061 4061 4061 4061 4061 4061 4061
877 1777301675 3551 3695 142 3645 3583 3625 3625 3593 40 4061 4060 4060 4060 4060 4060 4060
878 1777301675 3550 3694 99 3644 3582 3624 3624 3592 40 4061 4061 4061 4061 4061 4061 4061
879 1777301675 3551 3696 146 3645 3583 3626 3626 3594 40 4061 4061 4061 4061 4061 4061 4061
880 1777301675 3550 3695 160 3644 3583 3624 3625 3593 40 4061 4061 4061 4061 4061 4061 4061
881 1777301675 3551 3695 142 3645 3582 3624 3624 3593 40 4061 4060 4060 4060 4060 4060 4060
882 1777301675 3553 3698 174 3648 3585 3627 1182 1471 40 4061 4060 4060 4060 4060 4060 4060
883 1777301676 3551 3696 121 3645 3583 3625 3625 3593 40 4061 4061 4061 4061 4061 4061 4061
884 1777301676 3550 3695 119 3644 3583 3625 3625 3593 40 4061 4060 4060 4060 4060 4060 4060
885 1777301676 3551 3696 148 3645 3583 3625 3625 3593 40 4061 4060 4060 4060 4060 4060 4060
886 1777301676 3551 3695 153 3644 3583 3625 3625 3593 40 4061 4061 4061 4061 4061 4061 4061
887 1777301676 3550 3695 121 3645 3583 3624 3625 3593 40 4061 4060 4060 4060 4060 4060 4060
888 1777301676 3551 3696 142 3646 3583 3625 3625 3594 40 4061 4061 4061 4061 4061 4061 4061
889 1777301676 3551 3696 135 3645 3583 3625 3625 3593 40 4061 4060 4060 4060 4060 4060 4060
890 1777301676 3551 3696 129 3646 3584 3626 3626 3594 40 4061 4061 4061 4061 4061 4061 4061
891 1777301676 3551 3696 164 3645 3583 3626 3626 3594 40 4061 4060 4060 4060 4060 4060 4060
892 1777301676 3551 3695 182 3645 3583 3624 3625 3593 40 4061 4061 4061 4061 4061 4061 4061
893 1777301676 3551 3696 177 3645 3583 3625 3626 3594 40 4061 4061 4061 4061 4061 4061 4061
894 1777301676 3551 3696 156 3645 3583 3625 3625 3594 40 4060 4060 4060 4060 4060 4060 4060
895 1777301676 3552 3696 140 3646 3584 3625 3625 3594 40 4061 4061 4061 4061 4061 4061 4061
896 1777301677 3552 3696 134 3646 3583 3626 3626 3594 40 4061 4060 4060 4060 4060 4060 4060
897 1777301677 3552 3696 136 3646 3584 3626 3626 3594 40 4061 4060 4060 4060 4060 4060 4060
898 1777301677 3551 3696 148 3646 3584 3626 3626 3595 40 4061 4060 4060 4060 4060 4060 4060
899 1777301677 3550 3695 132 3645 3583 3625 3625 3594 40 4061 4061 4061 4061 4061 4061 4061
900 1777301677 3551 3695 130 3645 3583 3625 3625 3594 40 4061 4061 4061 4061 4061 4061 4061
901 1777301677 3552 3696 118 3645 3584 3626 3627 3595 40 4061 4060 4060 4060 4060 4060 4060
902 1777301677 3551 3696 123 3644 3583 3625 3625 3593 40 4061 4060 4060 4060 4060 4060 4060
903 1777301677 3550 3695 137 3643 3582 3624 3625 3593 40 4061 4060 4060 4060 4060 4060 4060
904 1777301678 3551 3695 147 3646 3583 3625 3625 3593 40 4061 4060 4060 4060 4060 4060 4060
905 1777301678 3554 3700 138 3649 3587 3629 1165 1454 40 4060 4060 4060 4060 4060 4060 4060
906 1777301678 3551 3695 134 3645 3583 3625 3625 3593 40 4061 4061 4061 4061 4061 4061 4061
907 1777301678 3551 3696 134 3645 3583 3626 3626 3594 40 4061 4060 4060 4060 4060 4060 4060
908 1777301678 3551 3695 98 3646 3583 3626 3626 3594 40 4061 4060 4060 4060 4060 4060 4060
909 1777301678 3550 3695 154 3645 3583 3625 3625 3593 40 4061 4061 4061 4061 4061 4061 4061
910 1777301678 3551 3695 141 3645 3583 3625 3625 3593 40 4061 4060 4060 4060 4060 4060 4060
911 1777301678 3551 3696 182 3645 3584 3626 3626 3594 40 4061 4060 4060 4060 4060 4060 4060
912 1777301678 3551 3696 118 3645 3584 3626 3626 3594 40 4061 4061 4061 4061 4061 4061 4061
913 1777301678 3551 3695 146 3645 3583 3625 3625 3593 40 4063 4062 4062 4062 4062 4062 4062
914 1777301678 3551 3696 131 3645 3583 3625 3625 3593 40 4061 4061 4061 4061 4061 4061 4061
915 1777301678 3551 3695 128 3645 3583 3625 3625 3593 40 4061 4061 4061 4061 4061 4061 4061
916 1777301679 3551 3696 136 3645 3583 3625 3626 3594 40 4061 4060 4060 4060 4060 4060 4060
917 1777301679 3551 3696 130 3645 3584 3625 3626 3594 40 4061 4061 4061 4061 4061 4061 4061
918 1777301679 3551 3696 124 3644 3583 3625 3625 3593 40 4061 4061 4061 4061 4061 4061 4061
919 1777301679 3551 3695 104 3645 3583 3625 3625 3593 40 4061 4060 4060 4060 4060 4060 4060
920 1777301679 3551 3695 140 3646 3584 3626 3626 3594 40 4061 4061 4061 4061 4061 4061 4061
921 1777301679 3551 3695 145 3645 3583 3625 3625 3593 40 4063 4062 4062 4062 4062 4062 4062
922 1777301679 3551 3695 149 3644 3582 3625 3625 3593 40 4061 4061 4061 4061 4061 4061 4061
923 1777301680 3551 3695 121 3645 3583 3625 3625 3593 40 4063 4062 4062 4062 4062 4062 4062
924 1777301680 3552 3696 151 3645 3583 3625 3626 3594 40 4061 4061 4061 4061 4061 4061 4061
925 1777301680 3552 3696 158 3645 3583 3626 3626 3593 40 4061 4060 4060 4060 4060 4060 4060
926 1777301680 3552 3697 137 3646 3584 3626 3626 3594 40 4061 4061 4061 4061 4061 4061 4061
927 1777301680 3551 3696 160 3645 3583 3625 3626 3594 40 4061 4061 4061 4061 4061 4061 4061
928 1777301680 3551 3696 153 3646 3583 3625 3625 3593 40 4061 4061 4061 4061 4061 4061 4061
929 1777301680 3551 3695 162 3645 3582 3625 3625 3592 40 4061 4061 4061 4061 4061 4061 4061
930 1777301681 3550 3695 145 3644 3582 3624 3624 3592 40 4061 4061 4061 4061 4061 4061 4061
931 1777301681 3552 3696 154 174 175 3623 3626 3594 40 4061 4061 4061 4061 4061 4061 4061
932 1777301681 3552 3696 159 3646 3583 3626 3626 3594 40 4061 4061 4061 4061 4061 4061 4061
933 1777301681 3551 3696 130 3645 3583 3625 3625 3594 40 4061 4061 4061 4061 4061 4061 4061
934 1777301681 3551 3696 123 3645 3583 1422 3625 3593 40 4061 4061 4061 4061 4061 4061 4061
935 1777301682 3552 3696 142 3646 3584 3626 3626 3594 40 4061 4060 4060 4060 4060 4060 4060
936 1777301682 3551 3696 140 3645 3583 3625 3625 3593 40 4061 4061 4061 4061 4061 4061 4061
937 1777301682 3552 3697 160 3646 3584 3626 3626 3595 40 4061 4061 4061 4061 4061 4061 4061
938 1777301682 3551 3695 102 3644 3583 3625 3625 3593 40 4061 4061 4061 4061 4061 4061 4061
939 1777301682 3552 3696 142 3645 3583 3625 3626 3594 40 4061 4061 4061 4061 4061 4061 4061
940 1777301682 3552 3696 161 3646 3584 3626 3626 3594 40 4061 4060 4060 4060 4060 4060 4060
941 1777301682 3552 3697 163 3646 3584 3626 3626 3594 40 4061 4060 4060 4060 4060 4060 4060
942 1777301682 3552 3696 176 3645 3583 3625 3625 3593 40 4061 4060 4060 4060 4060 4060 4060
943 1777301682 3552 3696 129 3646 3584 3625 3626 3594 40 4061 4060 4060 4060 4060 4060 4060
944 1777301683 3552 3695 114 3645 3583 3625 1145 3593 40 4061 4061 4061 4061 4061 4061 4061
945 1777301683 3553 3698 139 3648 3586 1434 3626 3595 40 4061 4061 4061 4061 4061 4061 4061
946 1777301683 3553 3697 153 3647 3585 3626 3627 3595 40 4061 4061 4061 4061 4061 4061 4061
947 1777301683 3552 3696 133 3645 3584 3625 3625 3593 40 4061 4061 4061 4061 4061 4061 4061
948 1777301683 3551 3696 116 3645 3583 3625 3626 3594 40 4061 4060 4060 4060 4060 4060 4060
949 1777301683 3550 3695 146 3645 3582 3624 3624 3592 40 4061 4061 4061 4061 4061 4061 4061
950 1777301683 3551 3695 158 3646 3583 3625 3626 3594 40 4061 4060 4060 4060 4060 4060 4060
951 1777301683 3552 3696 134 3646 3584 3626 3626 3595 40 4061 4061 4061 4061 4061 4061 4061
952 1777301683 3551 3696 117 3646 3583 3626 3626 3594 40 4061 4061 4061 4061 4061 4061 4061
953 1777301683 3552 3697 156 3647 3585 3626 3626 3594 40 4061 4060 4060 4060 4060 4060 4060
954 1777301683 3553 3697 121 144 3583 3626 3626 3595 40 4061 4060 4060 4060 4060 4060 4060
955 1777301683 3552 3696 132 3646 3584 3626 3626 3595 40 4061 4061 4061 4061 4061 4061 4061
956 1777301684 3552 3696 143 3646 3583 3626 3626 3594 40 4061 4061 4061 4061 4061 4061 4061
957 1777301684 3551 3696 125 3645 3584 3625 3626 3594 40 4061 4060 4060 4060 4060 4060 4060
958 1777301684 3551 3695 167 3644 3582 3625 3625 3593 40 4061 4061 4061 4061 4061 4061 4061
959 1777301684 3552 3697 104 3647 3584 3627 3627 3594 40 4061 4061 4061 4061 4061 4061 4061
960 1777301684 3551 3695 159 3645 3583 3625 3625 3593 40 4061 4061 4061 4061 4061 4061 4061
961 1777301684 3551 3696 138 3645 3583 3625 3625 3594 40 4061 4061 4061 4061 4061 4061 4061
962 1777301684 3551 3695 115 3645 3583 3625 3625 3593 40 4061 4061 4061 4061 4061 4061 4061
963 1777301684 3550 3694 136 3644 3582 3624 3625 3593 40 4060 4060 4060 4060 4060 4060 4060
964 1777301684 3549 3694 150 3644 3581 3623 3623 3591 40 4061 4061 4061 4061 4061 4061 4061
965 1777301685 3550 3694 135 3644 3582 3624 3624 3592 40 4061 4060 4060 4060 4060 4060 4060
966 1777301685 3549 3693 171 3644 3581 3623 3623 3591 40 4060 4060 4060 4060 4060 4060 4060
967 1777301685 3549 3694 138 3643 3582 3624 3624 3592 40 4061 4060 4060 4060 4060 4060 4060
968 1777301685 3550 3694 156 3644 3582 3624 3625 3592 40 4061 4061 4061 4061 4061 4061 4061
969 1777301685 3550 3695 149 3644 3582 3624 3625 3593 40 4061 4060 4060 4060 4060 4060 4060
970 1777301685 3548 3693 147 3642 3581 3623 3623 3591 40 4061 4061 4061 4061 4061 4061 4061
971 1777301685 3549 3694 136 3643 3582 3624 3624 3592 40 4061 4061 4061 4061 4061 4061 4061
972 1777301685 3552 3696 148 3645 3584 3626 3626 1460 40 4061 4060 4060 4060 4060 4060 4060
973 1777301685 3549 3694 150 3643 3581 3623 3623 3591 40 4061 4060 4060 4060 4060 4060 4060
974 1777301685 3549 3693 143 3643 3581 3623 3624 3592 40 4061 4061 4061 4061 4061 4061 4061
975 1777301685 3550 3694 128 3643 3582 3624 3624 3592 40 4061 4061 4061 4061 4061 4061 4061
976 1777301686 3549 3694 154 3644 3581 3623 3624 3592 40 4061 4061 4061 4061 4061 4061 4061
977 1777301686 3549 3694 123 3643 3581 3623 3624 3592 40 4061 4061 4061 4061 4061 4061 4061
978 1777301686 3551 3695 123 3644 3582 3624 3624 3592 40 4061 4061 4061 4061 4061 4061 4061
979 1777301686 3549 3694 117 3643 3581 3623 3624 3592 40 4061 4060 4060 4060 4060 4060 4060
980 1777301686 3550 3695 135 3645 3582 3624 3625 3592 40 4061 4060 4060 4060 4060 4060 4060
981 1777301686 3550 3694 170 3644 3582 3623 3624 3592 40 4061 4061 4061 4061 4061 4061 4061
982 1777301686 3550 3694 118 3644 3582 3624 3624 3592 40 4061 4060 4060 4060 4060 4060 4060
983 1777301686 3550 3694 138 3643 3582 3624 3624 3592 40 4060 4060 4060 4060 4060 4060 4060
984 1777301686 3550 3694 143 3644 3582 3624 3624 3592 40 4061 4060 4060 4060 4060 4060 4060
985 1777301687 3549 3694 147 3643 3581 3623 3624 3592 40 4061 4061 4061 4061 4061 4061 4061
986 1777301687 3551 3695 148 3644 3582 3624 3624 3592 40 4061 4061 4061 4061 4061 4061 4061
987 1777301687 3552 3696 188 3645 3583 3625 3626 3594 40 4061 4061 4061 4061 4061 4061 4061
988 1777301687 3550 3694 130 3644 3581 3623 3624 3592 40 4061 4061 4061 4061 4061 4061 4061
989 1777301687 3551 3695 113 3645 3582 3625 3625 3593 40 4061 4060 4060 4060 4060 4060 4060
990 1777301687 3550 3694 133 3644 3582 3624 3624 3592 40 4061 4061 4061 4061 4061 4061 4061
991 1777301688 3549 3694 158 3643 3581 3624 3624 3592 40 4061 4061 4061 4061 4061 4061 4061
992 1777301688 3550 3694 127 3644 3582 3624 3624 3592 40 4061 4060 4060 4060 4060 4060 4060
993 1777301688 3550 3694 139 3644 3582 3624 3624 3592 40 4061 4060 4060 4060 4060 4060 4060
994 1777301688 3549 3694 139 3644 3582 3623 3624 3592 40 4061 4061 4061 4061 4061 4061 4061
995 1777301688 3550 3695 142 3644 3582 3624 3624 3592 40 4061 4061 4061 4061 4061 4061 4061
996 1777301688 3551 3695 140 3644 3582 3624 3624 3592 40 4061 4061 4061 4061 4061 4061 4061
997 1777301689 3550 3695 135 3645 3583 3625 3625 3593 40 4061 4061 4061 4061 4061 4061 4061
998 1777301689 3550 3694 161 3644 3582 3624 3624 3592 40 4061 4061 4061 4061 4061 4061 4061
999 1777301689 3550 3694 145 3643 3582 3624 3624 3592 40 4061 4060 4060 4060 4060 4060 4060
1000 1777301689 3550 3694 134 3643 3582 3623 3623 3592 40 4061 4061 4061 4061 4061 4061 4061
