1 1777301012 147 3689 3663 3643 3578 3620 3621 3588 40 4061 4061 4061 4061 4061 4061 4061
2 1777301012 143 3689 3664 3643 3579 3622 3621 3590 40 4061 4061 4061 4061 4061 4061 4061
3 1777301012 145 3688 3663 3642 3579 3621 3621 3589 40 4061 4061 4061 4061 4061 4061 4061
4 1777301013 119 3689 3663 3642 3579 3621 3621 3589 40 4061 4061 4061 4061 4061 4061 4061
5 1777301013 127 3689 3664 3643 3580 3622 3622 3590 40 4061 4061 4061 4061 4061 4061 4061
6 1777301013 118 3689 3664 3643 3579 3621 3622 3590 40 4061 4060 4060 4060 4060 4060 4060
7 1777301013 113 3689 3663 3643 3579 3621 3622 3589 40 4061 4061 4061 4061 4061 4061 4061
8 1777301013 129 3691 3665 3644 3581 3622 3623 3590 40 4061 4060 4060 4060 4060 4060 4060
9 1777301014 124 3690 3664 3643 3579 3621 3621 3590 40 4061 4061 4061 4061 4061 4061 4061
10 1777301014 114 3690 3665 3644 3580 3622 3622 3591 40 4061 4061 4061 4061 4061 4061 4061
11 1777301014 140 3690 3664 3643 3579 3622 3622 3590 40 4061 4061 4061 4061 4061 4061 4061
12 1777301014 131 3689 3664 3643 3579 3621 3622 3590 40 4061 4060 4060 4060 4060 4060 4060
13 1777301014 146 3690 3664 3644 3580 3622 3622 3590 40 4061 4061 4061 4061 4061 4061 4061
14 1777301014 137 3689 3665 3644 3580 3622 3622 3590 40 4063 4062 4062 4062 4062 4062 4062
15 1777301014 120 3691 3665 3644 3580 3622 3622 3590 40 4061 4061 4061 4061 4061 4061 4061
16 1777301014 121 3689 3664 3642 3579 3620 3621 3589 40 4061 4061 4061 4061 4061 4061 4061
17 1777301014 118 3690 3665 3644 3580 3622 3622 3590 40 4061 4060 4060 4060 4060 4060 4060
18 1777301014 142 3689 3663 3643 3579 3621 3621 3589 40 4061 4061 4061 4061 4061 4061 4061
19 1777301014 141 3690 3665 3644 3581 3622 3622 3590 40 4061 4061 4061 4061 4061 4061 4061
20 1777301014 132 3689 3664 3644 3580 3622 3622 3589 40 4061 4061 4061 4061 4061 4061 4061
21 1777301014 137 3690 3664 3643 3580 3621 3622 3590 40 4061 4060 4060 4060 4060 4060 4060
22 1777301015 99 3689 3664 3643 3579 3621 3621 3590 40 4061 4061 4061 4061 4061 4061 4061
23 1777301015 112 3690 3665 3644 3580 3622 3622 3590 40 4061 4060 4060 4060 4060 4060 4060
24 1777301015 111 3689 3664 3643 3579 3621 3622 3590 40 4061 4061 4061 4061 4061 4061 4061
25 1777301015 127 3690 3665 3644 3580 3622 3622 3590 40 4061 4060 4060 4060 4060 4060 4060
26 1777301015 126 3690 3665 3643 3580 3622 3622 3590 40 4061 4061 4061 4061 4061 4061 4061
27 1777301015 130 3692 3666 3645 3581 3623 3623 3591 40 4061 4061 4061 4061 4061 4061 4061
28 1777301016 140 3691 3665 3645 3581 3622 3623 3590 40 4061 4060 4060 4060 4060 4060 4060
29 1777301016 123 3690 3665 3644 3580 3623 3623 3591 40 4061 4061 4061 4061 4061 4061 4061
30 1777301016 132 3689 3664 3644 3580 3622 3622 3590 40 4061 4061 4061 4061 4061 4061 4061
31 1777301016 137 3691 3665 3644 3581 3622 3623 3591 40 4061 4061 4061 4061 4061 4061 4061
32 1777301016 135 3690 3664 3644 3580 3622 3622 3590 40 4061 4060 4060 4060 4060 4060 4060
33 1777301016 148 3691 3666 3645 3581 3622 3623 3591 40 4061 4061 4061 4061 4061 4061 4061
34 1777301016 133 3691 3665 3645 3581 3622 3622 3590 40 4061 4060 4060 4060 4060 4060 4060
35 1777301016 141 3692 3666 3645 3581 3622 3623 3591 40 4061 4060 4060 4060 4060 4060 4060
36 1777301016 143 3690 3665 3644 3580 3622 3622 3590 40 4061 4061 4061 4061 4061 4061 4061
37 1777301017 120 3690 3665 3644 3580 3621 3622 3590 40 4061 4060 4060 4060 4060 4060 4060
38 1777301017 152 3690 3666 3644 3580 3622 3622 3591 40 4061 4061 4061 4061 4061 4061 4061
39 1777301017 113 3690 3665 3644 3580 3622 3622 3590 40 4063 4062 4062 4062 4062 4062 4062
40 1777301017 136 3691 3665 3644 3580 3622 3623 3591 40 4061 4060 4060 4060 4060 4060 4060
41 1777301017 93 3690 3665 3645 3581 3623 3623 3591 40 4061 4061 4061 4061 4061 4061 4061
42 1777301017 112 3690 3665 3644 3580 3622 3622 3590 40 4061 4061 4061 4061 4061 4061 4061
43 1777301017 150 3691 3665 3644 3581 3622 3623 3590 40 4061 4060 4060 4060 4060 4060 4060
44 1777301017 125 3690 3665 3644 3580 3622 3622 3591 40 4061 4061 4061 4061 4061 4061 4061
45 1777301017 114 3690 3665 3645 3581 3623 3623 3591 40 4061 4060 4060 4060 4060 4060 4060
46 1777301017 118 3689 3664 3644 3580 3622 3622 3590 40 4061 4060 4060 4060 4060 4060 4060
47 1777301018 130 3690 3665 3644 3580 3622 3623 3591 40 4061 4061 4061 4061 4061 4061 4061
48 1777301018 140 3690 3665 3644 3580 3622 3622 3590 40 4061 4061 4061 4061 4061 4061 4061
49 1777301018 125 3690 3665 3644 3580 3623 3623 3591 40 4061 4060 4060 4060 4060 4060 4060
50 1777301018 119 3691 3666 3645 3581 3623 3623 3591 40 4061 4060 4060 4060 4060 4060 4060
51 1777301018 140 3690 3665 3644 3581 3622 3622 3591 40 4061 4061 4061 4061 4061 4061 4061
52 1777301018 134 3691 3665 3644 3580 3622 3623 3591 40 4061 4061 4061 4061 4061 4061 4061
53 1777301018 128 3690 3665 3644 3581 3623 3623 3591 40 4061 4060 4060 4060 4060 4060 4060
54 1777301018 136 3689 3664 3643 3579 3622 3621 3590 40 4061 4061 4061 4061 4061 4061 4061
55 1777301018 134 3690 3664 3644 3581 3622 3623 3591 40 4063 4062 4062 4062 4062 4062 4062
56 1777301019 117 3692 3666 3646 3582 3623 3624 3592 40 4061 4061 4061 4061 4061 4061 4061
57 1777301019 122 3690 3666 3644 3581 3622 3622 3591 40 4061 4061 4061 4061 4061 4061 4061
58 1777301019 132 3691 3665 3644 3580 3622 3623 3591 40 4061 4061 4061 4061 4061 4061 4061
59 1777301019 138 3691 3665 3644 3580 3622 3622 3590 40 4061 4060 4060 4060 4060 4060 4060
60 1777301019 111 3691 3665 3645 3581 3623 3623 3591 40 4061 4061 4061 4061 4061 4061 4061
61 1777301019 160 3690 3666 3644 3581 3623 3623 3591 40 4061 4060 4060 4060 4060 4060 4060
62 1777301019 101 3690 3665 3644 3580 3622 3622 3591 40 4061 4061 4061 4061 4061 4061 4061
63 1777301020 146 3690 3664 3644 3580 3622 3622 3590 40 4061 4061 4061 4061 4061 4061 4061
64 1777301020 116 3691 3665 3644 3581 3623 3623 3591 40 4061 4060 4060 4060 4060 4060 4060
65 1777301020 115 3690 3665 3645 3581 3622 3623 3591 40 4061 4061 4061 4061 4061 4061 4061
66 1777301020 111 3691 3665 3645 3581 3623 3623 3591 40 4061 4060 4060 4060 4060 4060 4060
67 1777301020 124 3692 3666 3645 3581 3623 3623 3592 40 4061 4061 4061 4061 4061 4061 4061
68 1777301020 114 3691 3666 3645 3581 3623 3623 3592 40 4061 4061 4061 4061 4061 4061 4061
69 1777301020 139 3690 3665 3644 3580 3623 3623 3590 40 4061 4060 4060 4060 4060 4060 4060
70 1777301020 157 3692 3666 3645 3582 3624 3624 3592 40 4061 4061 4061 4061 4061 4061 4061
71 1777301021 129 3691 3666 3645 3582 3623 3624 3592 40 4061 4061 4061 4061 4061 4061 4061
72 1777301021 131 3691 3665 3644 3580 3623 3623 3591 40 4061 4060 4060 4060 4060 4060 4060
73 1777301021 136 3692 3666 3645 3581 3623 3624 3592 40 4061 4061 4061 4061 4061 4061 4061
74 1777301021 100 3692 3667 3645 3581 3623 3624 3592 40 4061 4061 4061 4061 4061 4061 4061
75 1777301021 141 3691 3665 3644 3581 3622 3622 3590 40 4061 4061 4061 4061 4061 4061 4061
76 1777301021 127 3691 3666 3645 3581 3624 3624 3592 40 4061 4061 4061 4061 4061 4061 4061
77 1777301021 165 3690 3665 3644 3581 3622 3623 3591 40 4061 4061 4061 4061 4061 4061 4061
78 1777301021 133 3691 3666 3645 3581 3623 3623 3591 40 4061 4060 4060 4060 4060 4060 4060
79 1777301021 124 3691 3665 3645 3581 3623 3623 3591 40 4061 4061 4061 4061 4061 4061 4061
80 1777301022 126 3691 3665 3644 3580 3622 3623 3590 40 4061 4060 4060 4060 4060 4060 4060
81 1777301022 127 3690 3666 3645 3581 3623 3623 3591 40 4061 4061 4061 4061 4061 4061 4061
82 1777301022 113 3692 3665 3645 3581 3622 3622 3591 40 4061 4060 4060 4060 4060 4060 4060
83 1777301022 125 3690 3665 3645 3581 3622 3623 3591 40 4061 4060 4060 4060 4060 4060 4060
84 1777301022 112 3690 3665 3645 3581 3623 3623 3591 40 4061 4060 4060 4060 4060 4060 4060
85 1777301022 128 3691 3666 3645 3581 3623 3623 3591 40 4061 4061 4061 4061 4061 4061 4061
86 1777301023 129 3691 3666 3645 3581 3623 3623 3591 40 4061 4061 4061 4061 4061 4061 4061
87 1777301024 135 3691 3665 3645 3581 3623 3623 3591 40 4061 4061 4061 4061 4061 4061 4061
88 1777301024 132 3691 3666 3645 3581 3623 3624 3592 40 4061 4061 4061 4061 4061 4061 4061
89 1777301024 140 3692 3666 3645 3582 3624 3624 3592 40 4063 4062 4062 4062 4062 4062 4062
90 1777301024 135 3692 3666 3646 3582 3624 3624 3592 40 4061 4061 4061 4061 4061 4061 4061
91 1777301024 126 3691 3666 3645 3581 3623 3623 3591 40 4061 4061 4061 4061 4061 4061 4061
92 1777301024 128 3691 3666 3645 3581 3624 3623 3592 40 4061 4060 4060 4060 4060 4060 4060
93 1777301024 117 3690 3665 3644 3581 3623 3622 3590 40 4061 4060 4060 4060 4060 4060 4060
94 1777301024 122 3691 3666 3645 3581 3623 3623 3591 40 4061 4061 4061 4061 4061 4061 4061
95 1777301024 109 3690 3665 3644 3581 3623 3623 3591 40 4061 4060 4060 4060 4060 4060 4060
96 1777301025 132 3692 3667 3646 3582 3624 3624 3592 40 4061 4061 4061 4061 4061 4061 4061
97 1777301026 126 3691 3666 3645 3581 3623 3623 3591 40 4061 4061 4061 4061 4061 4061 4061
98 1777301026 121 3691 3666 3645 3581 3623 3623 3592 40 4061 4061 4061 4061 4061 4061 4061
99 1777301026 125 3692 3667 3646 3582 3624 3624 3592 40 4061 4061 4061 4061 4061 4061 4061
100 1777301026 123 3692 3667 3646 3582 3624 3624 3592 40 4061 4061 4061 4061 4061 4061 4061
101 1777301026 122 3691 3666 3645 3581 3623 3623 3591 40 4061 4060 4060 4060 4060 4060 4060
102 1777301026 111 3692 3666 3646 3582 3624 3624 3592 40 4061 4060 4060 4060 4060 4060 4060
103 1777301026 128 3691 3666 3645 3581 3623 3623 3591 40 4061 4061 4061 4061 4061 4061 4061
104 1777301026 132 3693 3667 3646 3583 3624 3624 3593 40 4061 4061 4061 4061 4061 4061 4061
105 1777301026 100 3692 3666 3645 3581 3623 3623 3591 40 4061 4060 4060 4060 4060 4060 4060
106 1777301026 140 3691 3665 3645 3581 3622 3623 3591 40 4061 4061 4061 4061 4061 4061 4061
107 1777301026 145 3692 3667 3646 3582 3625 3625 3593 40 4061 4061 4061 4061 4061 4061 4061
108 1777301027 134 3691 3666 3645 3581 3623 3623 3592 40 4061 4060 4060 4060 4060 4060 4060
109 1777301027 135 3690 3666 3645 3582 3624 3625 3592 40 4061 4060 4060 4060 4060 4060 4060
110 1777301027 138 3691 3666 3645 3581 3623 3623 3591 40 4061 4061 4061 4061 4061 4061 4061
111 1777301027 133 3692 3667 3646 3582 3624 3624 3593 40 4061 4060 4060 4060 4060 4060 4060
112 1777301027 122 3692 3667 3646 3582 3624 3624 3592 40 4063 4062 4062 4062 4062 4062 4062
113 1777301027 138 3692 3667 3646 3582 3624 3624 3592 40 4061 4061 4061 4061 4061 4061 4061
114 1777301027 134 3692 3667 3646 3582 3624 3624 3592 40 4061 4061 4061 4061 4061 4061 4061
115 1777301027 144 3692 3666 3645 3581 3624 3624 3592 40 4061 4060 4060 4060 4060 4060 4060
116 1777301027 131 3691 3666 3645 3581 3623 3623 3591 40 4061 4061 4061 4061 4061 4061 4061
117 1777301027 99 3692 3666 3645 3582 3623 3624 3591 40 4061 4060 4060 4060 4060 4060 4060
118 1777301027 128 3692 3666 3646 3581 3624 3624 3592 40 4061 4060 4060 4060 4060 4060 4060
119 1777301027 111 3691 3666 3645 3581 3623 3623 3591 40 4061 4060 4060 4060 4060 4060 4060
120 1777301027 157 3691 3666 3645 3581 3623 3624 3592 40 4061 4060 4060 4060 4060 4060 4060
121 1777301027 132 3692 3666 3645 3582 3624 3624 3592 40 4061 4061 4061 4061 4061 4061 4061
122 1777301027 146 3692 3666 3646 3582 3624 3625 3592 40 4061 4061 4061 4061 4061 4061 4061
123 1777301027 145 3691 3666 3645 3580 3623 3623 3591 40 4061 4060 4060 4060 4060 4060 4060
124 1777301028 155 3691 3666 3645 3581 3623 3623 3592 40 4061 4061 4061 4061 4061 4061 4061
125 1777301028 146 3690 3665 3645 3581 3623 3623 3592 40 4061 4061 4061 4061 4061 4061 4061
126 1777301028 123 3691 3666 3645 3581 3623 3624 3592 40 4061 4061 4061 4061 4061 4061 4061
127 1777301028 131 3692 3666 3645 3582 3623 3623 3591 40 4061 4060 4060 4060 4060 4060 4060
128 1777301028 124 3692 3666 3646 3582 3624 3624 3592 40 4061 4060 4060 4060 4060 4060 4060
129 1777301028 125 3693 3667 3646 3583 3625 3625 3593 40 4061 4061 4061 4061 4061 4061 4061
130 1777301029 109 3691 3666 3646 3582 3624 3624 3592 40 4061 4061 4061 4061 4061 4061 4061
131 1777301029 133 3692 3666 3645 3581 3624 3624 3592 40 4063 4062 4062 4062 4062 4062 4062
132 1777301029 148 3692 3667 3646 3582 3623 3624 3592 40 4061 4061 4061 4061 4061 4061 4061
133 1777301029 136 3692 3666 3645 3582 3624 3624 3592 40 4061 4061 4061 4061 4061 4061 4061
134 1777301029 126 3692 3666 3646 3582 3624 3624 3592 40 4061 4061 4061 4061 4061 4061 4061
135 1777301029 139 3692 3666 3645 3581 3623 3623 3591 40 4061 4061 4061 4061 4061 4061 4061
136 1777301029 134 3692 3667 3646 3582 3624 3624 3592 40 4061 4061 4061 4061 4061 4061 4061
137 1777301030 144 3692 3667 3646 3582 3625 3625 3593 40 4061 4061 4061 4061 4061 4061 4061
138 1777301030 119 3692 3666 3646 3582 3624 3624 3592 40 4061 4061 4061 4061 4061 4061 4061
139 1777301030 136 3692 3667 3646 3582 3625 3624 3593 40 4061 4061 4061 4061 4061 4061 4061
140 1777301030 117 3691 3666 3645 3581 3623 3623 3592 40 4061 4061 4061 4061 4061 4061 4061
141 1777301030 124 3692 3667 3646 3582 3624 3624 3592 40 4061 4061 4061 4061 4061 4061 4061
142 1777301030 134 3691 3666 3645 3581 3623 3624 3592 40 4061 4061 4061 4061 4061 4061 4061
143 1777301030 126 3692 3667 3647 3583 3625 3625 3593 40 4063 4062 4062 4062 4062 4062 4062
144 1777301030 173 3691 3666 3645 3581 3623 3623 3592 40 4061 4060 4060 4060 4060 4060 4060
145 1777301030 106 3693 3667 3647 3582 3625 3624 3592 40 4061 4060 4060 4060 4060 4060 4060
146 1777301030 148 3692 3666 3646 3582 3623 3623 3591 40 4061 4061 4061 4061 4061 4061 4061
147 1777301030 142 3692 3666 3645 3581 3623 3624 3592 40 4061 4061 4061 4061 4061 4061 4061
148 1777301030 111 3691 3666 3645 3582 3624 3624 3592 40 4061 4061 4061 4061 4061 4061 4061
149 1777301031 170 3692 3667 3646 3582 3624 3624 3592 40 4061 4060 4060 4060 4060 4060 4060
150 1777301031 115 3693 3668 3646 3583 3624 3624 3593 40 4061 4061 4061 4061 4061 4061 4061
151 1777301031 122 3692 3666 3645 3581 3623 3623 3592 40 4061 4060 4060 4060 4060 4060 4060
152 1777301031 121 3689 3665 3644 3580 3622 3622 3590 40 4061 4060 4060 4060 4060 4060 4060
153 1777301031 121 3690 3665 3644 3580 3622 3622 3590 40 4061 4060 4060 4060 4060 4060 4060
154 1777301031 133 3691 3665 3645 3581 3622 3622 3590 40 4061 4061 4061 4061 4061 4061 4061
155 1777301031 119 3690 3665 3644 3580 3622 3622 3590 40 4061 4060 4060 4060 4060 4060 4060
156 1777301031 128 3691 3665 3644 3580 3622 3622 3590 40 4061 4061 4061 4061 4061 4061 4061
157 1777301031 151 3692 3667 3645 3582 3623 3624 3592 40 4061 4061 4061 4061 4061 4061 4061
158 1777301031 158 3689 3665 3644 3580 3622 3623 3591 40 4063 4062 4062 4062 4062 4062 4062
159 1777301031 131 3690 3665 3644 3580 3622 3623 3591 40 4061 4061 4061 4061 4061 4061 4061
160 1777301031 144 3690 3665 3644 3580 3622 3623 3591 40 4061 4060 4060 4060 4060 4060 4060
161 1777301032 118 3691 3666 3645 3581 3623 3623 3591 40 4061 4061 4061 4061 4061 4061 4061
162 1777301032 112 3690 3664 3644 3580 3622 3622 3590 40 4061 4061 4061 4061 4061 4061 4061
163 1777301032 146 3691 3665 3644 3580 3622 3623 3591 40 4061 4061 4061 4061 4061 4061 4061
164 1777301032 117 3691 3666 3645 3581 3623 3623 3591 40 4061 4061 4061 4061 4061 4061 4061
165 1777301032 119 3690 3664 3643 3580 3621 3622 3590 40 4061 4060 4060 4060 4060 4060 4060
166 1777301032 144 3691 3666 3645 3581 3623 3623 3591 40 4061 4061 4061 4061 4061 4061 4061
167 1777301032 114 3690 3665 3644 3580 3621 3622 3590 40 4061 4061 4061 4061 4061 4061 4061
168 1777301032 116 3690 3665 3644 3580 3623 3623 3591 40 4061 4060 4060 4060 4060 4060 4060
169 1777301032 131 3690 3665 3643 3580 3621 3622 3590 40 4061 4061 4061 4061 4061 4061 4061
170 1777301033 130 3690 3664 3644 3580 3622 3622 3590 40 4061 4061 4061 4061 4061 4061 4061
171 1777301033 133 3691 3665 3645 3580 3622 3622 3590 40 4061 4061 4061 4061 4061 4061 4061
172 1777301033 133 3691 3665 3644 3580 3622 3622 3590 40 4061 4060 4060 4060 4060 4060 4060
173 1777301033 131 3690 3665 3645 3581 3623 3623 3591 40 4061 4061 4061 4061 4061 4061 4061
174 1777301033 130 3689 3665 3644 3580 3622 3623 3591 40 4061 4061 4061 4061 4061 4061 4061
175 1777301033 142 3691 3665 3644 3581 3623 3623 3591 40 4061 4061 4061 4061 4061 4061 4061
176 1777301033 114 3691 3665 3645 3581 3622 3622 3591 40 4061 4060 4060 4060 4060 4060 4060
177 1777301033 120 3690 3665 3644 3580 3622 3622 3590 40 4061 4060 4060 4060 4060 4060 4060
178 1777301033 134 3691 3665 3644 3581 3623 3623 3591 40 4061 4060 4060 4060 4060 4060 4060
179 1777301033 102 3691 3665 3645 3581 3623 3624 3591 40 4061 4061 4061 4061 4061 4061 4061
180 1777301034 130 3691 3666 3645 3581 3623 3623 3591 40 4061 4061 4061 4061 4061 4061 4061
181 1777301034 121 3691 3665 3645 3581 3622 3623 3591 40 4061 4061 4061 4061 4061 4061 4061
182 1777301034 115 3689 3664 3643 3579 3622 3622 3590 40 4061 4061 4061 4061 4061 4061 4061
183 1777301034 127 3691 3666 3645 3581 3623 3623 3591 40 4061 4060 4060 4060 4060 4060 4060
184 1777301034 129 3690 3664 3644 3580 3622 3622 3590 40 4061 4060 4060 4060 4060 4060 4060
185 1777301034 137 3689 3664 3643 3579 3621 3621 3589 40 4061 4060 4060 4060 4060 4060 4060
186 1777301034 132 3691 3665 3644 3581 3623 3623 3591 40 4061 4061 4061 4061 4061 4061 4061
187 1777301034 116 3691 3665 3645 3580 3622 3622 3591 40 4061 4061 4061 4061 4061 4061 4061
188 1777301034 127 3691 3665 3644 3580 3622 3622 3590 40 4061 4061 4061 4061 4061 4061 4061
189 1777301035 151 3692 3666 3645 3581 3623 3623 3591 40 4061 4060 4060 4060 4060 4060 4060
190 1777301035 117 3691 3666 3645 3581 3623 3623 3591 40 4059 4059 4059 4059 4059 4059 4059
191 1777301035 112 3690 3665 3644 3580 3622 3622 3590 40 4061 4061 4061 4061 4061 4061 4061
192 1777301035 121 3691 3665 3644 3580 3622 3623 3590 40 4061 4060 4060 4060 4060 4060 4060
193 1777301035 113 3690 3665 3645 3581 3623 3623 3591 40 4061 4061 4061 4061 4061 4061 4061
194 1777301035 137 3691 3665 3645 3581 3623 3623 3591 40 4061 4061 4061 4061 4061 4061 4061
195 1777301035 114 3691 3665 3644 3580 3622 3623 3591 40 4061 4061 4061 4061 4061 4061 4061
196 1777301036 126 3691 3666 3645 3581 3623 3624 3592 40 4061 4061 4061 4061 4061 4061 4061
197 1777301036 149 3690 3664 3643 3579 3621 3622 3590 40 4061 4060 4060 4060 4060 4060 4060
198 1777301036 130 3691 3666 3645 3582 3623 3623 3592 40 4061 4061 4061 4061 4061 4061 4061
199 1777301036 134 3692 3666 3645 3582 3623 3624 3591 40 4061 4060 4060 4060 4060 4060 4060
200 1777301036 123 3690 3665 3644 3580 3622 3622 3591 40 4061 4061 4061 4061 4061 4061 4061
201 1777301036 121 3691 3665 3644 3580 3622 3622 3590 40 4061 4061 4061 4061 4061 4061 4061
202 1777301036 123 3691 3666 3645 3581 3623 3623 3591 40 4061 4061 4061 4061 4061 4061 4061
203 1777301036 132 3691 3666 3645 3581 3623 3623 3591 40 4061 4061 4061 4061 4061 4061 4061
204 1777301036 119 3691 3666 3645 3581 3623 3623 3591 40 4061 4060 4060 4060 4060 4060 4060
205 1777301036 124 3690 3666 3645 3581 3623 3623 3591 40 4061 4061 4061 4061 4061 4061 4061
206 1777301036 123 3689 3664 3644 3580 3622 3622 3591 40 4063 4062 4062 4062 4062 4062 4062
207 1777301036 127 3692 3665 3645 3581 3623 3623 3591 40 4061 4060 4060 4060 4060 4060 4060
208 1777301037 137 3691 3665 3644 3580 3622 3622 3591 40 4061 4060 4060 4060 4060 4060 4060
209 1777301037 113 3691 3665 3645 3581 3623 3623 3591 40 4061 4060 4060 4060 4060 4060 4060
210 1777301037 131 3691 3666 3645 3581 3623 3623 3591 40 4061 4060 4060 4060 4060 4060 4060
211 1777301037 140 3692 3666 3645 3581 3623 3623 3592 40 4061 4060 4060 4060 4060 4060 4060
212 1777301037 137 3691 3666 3645 3581 3623 3623 3591 40 4061 4061 4061 4061 4061 4061 4061
213 1777301037 123 3690 3664 3643 3580 3622 3623 3591 40 4061 4061 4061 4061 4061 4061 4061
214 1777301037 142 3691 3666 3645 3581 3623 3623 3591 40 4061 4060 4060 4060 4060 4060 4060
215 1777301037 97 3691 3666 3645 3581 3623 3623 3591 40 4061 4061 4061 4061 4061 4061 4061
216 1777301037 137 3691 3665 3644 3580 3622 3623 3591 40 4061 4060 4060 4060 4060 4060 4060
217 1777301037 138 3691 3666 3645 3580 3622 3622 3591 40 4061 4060 4060 4060 4060 4060 4060
218 1777301037 95 3691 3666 3646 3581 3623 3623 3591 40 4061 4061 4061 4061 4061 4061 4061
219 1777301037 132 3691 3666 3644 3580 3623 3623 3591 40 4061 4060 4060 4060 4060 4060 4060
220 1777301038 114 3691 3666 3645 3581 3624 3624 3592 40 4061 4061 4061 4061 4061 4061 4061
221 1777301038 104 3690 3666 3645 3581 3623 3623 3591 40 4061 4060 4060 4060 4060 4060 4060
222 1777301038 137 3691 3666 3645 3581 3623 3623 3591 40 4061 4060 4060 4060 4060 4060 4060
223 1777301038 144 3692 3666 3645 3581 3624 3624 3591 40 4061 4060 4060 4060 4060 4060 4060
224 1777301038 143 3691 3666 3645 3581 3623 3623 3592 40 4061 4061 4061 4061 4061 4061 4061
225 1777301038 131 3690 3665 3644 3580 3622 3622 3590 40 4061 4061 4061 4061 4061 4061 4061
226 1777301039 126 3691 3665 3644 3580 3623 3623 3591 40 4061 4060 4060 4060 4060 4060 4060
227 1777301039 132 3692 3666 3645 3581 3623 3623 3591 40 4061 4061 4061 4061 4061 4061 4061
228 1777301039 135 3693 3667 3646 3582 3624 3624 3592 40 4061 4061 4061 4061 4061 4061 4061
229 1777301039 109 3690 3665 3645 3581 3623 3623 3591 40 4061 4061 4061 4061 4061 4061 4061
230 1777301039 116 3691 3665 3645 3581 3623 3623 3591 40 4061 4060 4060 4060 4060 4060 4060
231 1777301039 139 3691 3665 3645 3581 3623 3623 3591 40 4061 4061 4061 4061 4061 4061 4061
232 1777301039 129 3694 3668 3647 3582 3624 3625 3593 40 4061 4060 4060 4060 4060 4060 4060
233 1777301039 134 3691 3665 3644 3581 3623 3623 3591 40 4061 4060 4060 4060 4060 4060 4060
234 1777301039 148 3691 3666 3645 3581 3623 3623 3591 40 4060 4060 4060 4060 4060 4060 4060
235 1777301039 148 3691 3665 3645 3580 3623 3623 3591 40 4061 4060 4060 4060 4060 4060 4060
236 1777301039 124 3691 3666 3645 3581 3623 3623 3591 40 4061 4061 4061 4061 4061 4061 4061
237 1777301040 152 3690 3665 3645 3581 3623 3623 3591 40 4061 4060 4060 4060 4060 4060 4060
238 1777301040 122 3691 3666 3645 3581 3623 3623 3592 40 4061 4061 4061 4061 4061 4061 4061
239 1777301040 124 3690 3664 3644 3580 3622 3622 3591 40 4061 4060 4060 4060 4060 4060 4060
240 1777301040 122 3692 3666 3645 3582 3624 3624 3592 40 4061 4061 4061 4061 4061 4061 4061
241 1777301040 112 3692 3666 3645 3581 3623 3624 3592 40 4061 4060 4060 4060 4060 4060 4060
242 1777301040 142 3691 3665 3644 3581 3623 3623 3591 40 4061 4061 4061 4061 4061 4061 4061
243 1777301040 99 3691 3665 3644 3581 3622 3623 3591 40 4061 4061 4061 4061 4061 4061 4061
244 1777301040 117 3691 3666 3645 3581 3623 3623 3591 40 4061 4061 4061 4061 4061 4061 4061
245 1777301041 148 3691 3665 3645 3582 3623 3623 3591 40 4061 4061 4061 4061 4061 4061 4061
246 1777301041 136 3691 3665 3644 3581 3622 3623 3591 40 4061 4060 4060 4060 4060 4060 4060
247 1777301041 123 3691 3665 3645 3581 3623 3623 3592 40 4061 4060 4060 4060 4060 4060 4060
248 1777301041 133 3692 3666 3646 3582 3624 3624 3592 40 4061 4060 4060 4060 4060 4060 4060
249 1777301041 129 3692 3666 3645 3581 3623 3624 3592 40 4061 4061 4061 4061 4061 4061 4061
250 1777301041 119 3691 3666 3645 3581 3624 3624 3592 40 4061 4061 4061 4061 4061 4061 4061
251 1777301042 128 3691 3666 3645 3581 3624 3623 3591 40 4061 4061 4061 4061 4061 4061 4061
252 1777301042 155 3691 3666 3645 3581 3623 3623 3591 40 4061 4061 4061 4061 4061 4061 4061
253 1777301042 111 3690 3665 3645 3581 3623 3623 3591 40 4061 4061 4061 4061 4061 4061 4061
254 1777301042 117 3691 3666 3644 3581 3622 3623 3591 40 4061 4061 4061 4061 4061 4061 4061
255 1777301042 114 3692 3666 3645 3582 3624 3623 3592 40 4061 4061 4061 4061 4061 4061 4061
256 1777301042 134 3691 3666 3645 3582 3622 3623 3592 40 4061 4060 4060 4060 4060 4060 4060
257 1777301043 130 3691 3666 3645 3581 3623 3624 3592 40 4061 4061 4061 4061 4061 4061 4061
258 1777301043 127 3692 3667 3646 3583 3624 3624 3592 40 4061 4061 4061 4061 4061 4061 4061
259 1777301043 109 3691 3666 3645 3581 3623 3623 3592 40 4061 4061 4061 4061 4061 4061 4061
260 1777301043 130 3691 3667 3646 3582 3624 3624 3592 40 4061 4060 4060 4060 4060 4060 4060
261 1777301043 115 3691 3666 3645 3581 3624 3624 3592 40 4061 4061 4061 4061 4061 4061 4061
262 1777301043 113 3692 3666 3646 3581 3624 3624 3592 40 4061 4061 4061 4061 4061 4061 4061
263 1777301043 140 3692 3667 3645 3582 3624 3624 3592 40 4061 4061 4061 4061 4061 4061 4061
264 1777301043 134 204 145 83 138 1457 3628 1428 40 4061 4061 4061 4061 4061 4061 4061
265 1777301043 124 3692 3666 3645 3581 3623 3624 3591 40 4061 4061 4061 4061 4061 4061 4061
266 1777301043 122 3693 3667 3646 3582 3624 3624 3592 40 4061 4060 4060 4060 4060 4060 4060
267 1777301043 121 3692 3667 3646 3582 3625 3625 3593 40 4061 4061 4061 4061 4061 4061 4061
268 1777301044 121 3691 3666 3645 3581 3622 3623 3590 40 4061 4061 4061 4061 4061 4061 4061
269 1777301044 136 3692 3667 3646 3582 3624 3624 3593 40 4061 4060 4060 4060 4060 4060 4060
270 1777301044 122 3692 3666 3645 3581 3624 3624 3592 40 4061 4061 4061 4061 4061 4061 4061
271 1777301044 122 3692 3666 3645 3581 3623 3624 3592 40 4061 4061 4061 4061 4061 4061 4061
272 1777301044 131 3692 3666 3645 3582 3624 3624 3592 40 4061 4061 4061 4061 4061 4061 4061
273 1777301044 124 3692 3667 3646 3582 3624 3624 3592 40 4061 4061 4061 4061 4061 4061 4061
274 1777301044 147 3691 3666 3645 3581 3623 3624 3592 40 4061 4060 4060 4060 4060 4060 4060
275 1777301044 140 3692 3667 3646 3582 3624 3624 3592 40 4061 4060 4060 4060 4060 4060 4060
276 1777301044 146 3692 3666 3645 3581 3624 3624 3592 40 4061 4060 4060 4060 4060 4060 4060
277 1777301044 117 3692 3666 3646 3582 3624 3624 3592 40 4061 4060 4060 4060 4060 4060 4060
278 1777301045 134 3692 3667 3646 3583 3624 3624 3592 40 4061 4061 4061 4061 4061 4061 4061
279 1777301045 128 3692 3666 3645 3581 3623 3624 3592 40 4061 4061 4061 4061 4061 4061 4061
280 1777301045 142 3691 3666 3645 3581 3623 3623 3591 40 4061 4061 4061 4061 4061 4061 4061
281 1777301045 129 3692 3667 3646 3582 3624 3624 3592 40 4061 4060 4060 4060 4060 4060 4060
282 1777301045 124 3692 3667 3646 3582 3624 3624 3592 40 4061 4061 4061 4061 4061 4061 4061
283 1777301045 149 3691 3666 3645 3581 3623 3624 3591 40 4061 4060 4060 4060 4060 4060 4060
284 1777301045 154 3691 3666 3645 3582 3623 3624 3592 40 4061 4060 4060 4060 4060 4060 4060
285 1777301046 173 3692 3667 3645 3582 3623 3624 3592 40 4061 4060 4060 4060 4060 4060 4060
286 1777301046 147 3693 3667 3646 198 3622 3624 3592 40 4061 4060 4060 4060 4060 4060 4060
287 1777301046 133 3692 3667 3646 3582 3624 3625 3593 40 4061 4061 4061 4061 4061 4061 4061
288 1777301046 131 3692 3666 3646 3582 3624 3625 3593 40 4061 4061 4061 4061 4061 4061 4061
289 1777301046 135 3691 3666 3645 3581 3623 3623 3591 40 4061 4061 4061 4061 4061 4061 4061
290 1777301047 127 3692 3665 3644 3580 3622 3623 3591 40 4061 4061 4061 4061 4061 4061 4061
291 1777301047 139 3691 3666 3645 3582 3623 3624 3592 40 4061 4061 4061 4061 4061 4061 4061
292 1777301047 147 3691 3667 3645 3582 3623 3624 3591 40 4061 4060 4060 4060 4060 4060 4060
293 1777301047 127 3692 3667 3647 3582 21 3622 3592 40 4061 4061 4061 4061 4061 4061 4061
294 1777301047 145 3691 3665 3644 3581 3623 3623 3591 40 4061 4061 4061 4061 4061 4061 4061
295 1777301047 112 3691 3666 3645 3581 3623 3623 3591 40 4063 4062 4062 4062 4062 4062 4062
296 1777301048 118 3692 3667 3646 3582 3624 3624 3592 40 4063 4062 4062 4062 4062 4062 4062
297 1777301048 127 3692 3667 3645 3582 3624 3624 3592 40 4061 4061 4061 4061 4061 4061 4061
298 1777301048 121 3691 3666 3645 3581 3623 3623 3591 40 4061 4061 4061 4061 4061 4061 4061
299 1777301048 128 3692 3667 3646 3582 3624 3624 3592 40 4061 4060 4060 4060 4060 4060 4060
300 1777301048 134 3691 3667 3646 3582 3624 3624 3592 40 4061 4061 4061 4061 4061 4061 4061
301 1777301048 122 3690 3665 3644 3580 3623 3623 3591 40 4061 4060 4060 4060 4060 4060 4060
302 1777301048 138 3692 3666 3645 3581 3623 3624 3592 40 4061 4060 4060 4060 4060 4060 4060
303 1777301048 127 3692 3666 3645 3581 3623 3624 3592 40 4061 4060 4060 4060 4060 4060 4060
304 1777301048 145 3693 3667 3647 3583 3624 3625 3592 40 4061 4061 4061 4061 4061 4061 4061
305 1777301048 118 3691 3667 3646 3582 3623 3623 3591 40 4061 4061 4061 4061 4061 4061 4061
306 1777301049 116 3691 3666 3645 3581 3623 3623 3591 40 4061 4061 4061 4061 4061 4061 4061
307 1777301049 126 3691 3665 3645 3580 3622 3622 3590 40 4061 4061 4061 4061 4061 4061 4061
308 1777301049 125 3691 3667 3646 3582 3624 3624 3593 40 4061 4060 4060 4060 4060 4060 4060
309 1777301049 93 3692 3666 3645 3581 3623 3623 3592 40 4061 4061 4061 4061 4061 4061 4061
310 1777301049 140 3692 3666 3646 3581 3623 3624 3592 40 4060 4060 4060 4060 4060 4060 4060
311 1777301049 124 3692 3667 3646 3582 3624 3625 3592 40 4061 4061 4061 4061 4061 4061 4061
312 1777301049 128 3692 3667 3646 3582 3624 3624 3592 40 4061 4061 4061 4061 4061 4061 4061
313 1777301049 131 3691 3666 3645 3581 3622 3623 3591 40 4061 4060 4060 4060 4060 4060 4060
314 1777301049 143 3692 3666 3646 3581 3624 3624 3592 40 4061 4060 4060 4060 4060 4060 4060
315 1777301049 121 3692 3666 3646 3582 3624 3624 3592 40 4061 4061 4061 4061 4061 4061 4061
316 1777301049 155 3693 3667 3646 3582 3624 3625 1458 40 4061 4061 4061 4061 4061 4061 4061
317 1777301050 122 3691 3666 3645 3581 3623 3623 3592 40 4061 4061 4061 4061 4061 4061 4061
318 1777301050 117 3692 3667 3646 3582 3624 3624 3592 40 4061 4060 4060 4060 4060 4060 4060
319 1777301050 135 3692 3666 3645 3581 3624 3624 3592 40 4061 4060 4060 4060 4060 4060 4060
320 1777301050 144 3691 3666 3645 3581 3624 3623 3591 40 4061 4061 4061 4061 4061 4061 4061
321 1777301050 120 3692 3666 3646 3582 3624 3625 3592 40 4061 4061 4061 4061 4061 4061 4061
322 1777301050 111 3692 3667 3646 3582 3624 3624 3592 40 4061 4060 4060 4060 4060 4060 4060
323 1777301050 96 3691 3666 3645 3581 3623 3623 3591 40 4061 4061 4061 4061 4061 4061 4061
324 1777301050 124 3691 3666 3645 3581 3623 3623 3592 40 4061 4060 4060 4060 4060 4060 4060
325 1777301051 128 3692 3667 3646 3582 3623 3624 3592 40 4061 4060 4060 4060 4060 4060 4060
326 1777301051 139 3692 3666 3645 3582 3623 3624 3592 40 4061 4061 4061 4061 4061 4061 4061
327 1777301051 126 3692 3667 3645 3582 3623 3623 3592 40 4061 4060 4060 4060 4060 4060 4060
328 1777301051 135 3693 3667 3647 3583 3625 3625 3593 40 4063 4062 4062 4062 4062 4062 4062
329 1777301051 132 3692 3666 3645 3582 3624 3624 3592 40 4061 4061 4061 4061 4061 4061 4061
330 1777301052 134 3692 3667 3646 3582 3624 3624 3593 40 4061 4060 4060 4060 4060 4060 4060
331 1777301052 127 3692 3667 3646 3582 3624 3625 3593 40 4061 4060 4060 4060 4060 4060 4060
332 1777301052 133 3691 3666 3645 3581 3624 3624 3592 40 4061 4061 4061 4061 4061 4061 4061
333 1777301052 135 3690 3666 3645 3581 3624 3624 3592 40 4061 4061 4061 4061 4061 4061 4061
334 1777301052 121 3693 3667 3646 3583 3625 3625 3593 40 4061 4061 4061 4061 4061 4061 4061
335 1777301052 130 3692 3666 3645 3582 3624 3624 3592 40 4061 4060 4060 4060 4060 4060 4060
336 1777301052 130 3693 3667 3646 3582 3624 3624 3592 40 4061 4060 4060 4060 4060 4060 4060
337 1777301052 117 3692 3667 3646 3582 3624 3624 3593 40 4061 4060 4060 4060 4060 4060 4060
338 1777301053 138 3692 3667 3646 3582 3624 3624 3592 40 4060 4060 4060 4060 4060 4060 4060
339 1777301053 120 3692 3667 3646 3582 3624 3624 3593 40 4061 4061 4061 4061 4061 4061 4061
340 1777301053 138 3693 3667 3647 3583 3625 3625 3593 40 4061 4060 4060 4060 4060 4060 4060
341 1777301053 129 3692 3667 3647 3583 3625 3625 3593 40 4061 4061 4061 4061 4061 4061 4061
342 1777301053 140 3693 3667 3646 3583 3625 3625 3593 40 4059 4059 4059 4059 4059 4059 4059
343 1777301053 121 3692 3666 3645 3581 3623 3623 3591 40 4061 4061 4061 4061 4061 4061 4061
344 1777301054 144 3692 3667 3646 3582 3624 3624 3592 40 4061 4061 4061 4061 4061 4061 4061
345 1777301054 129 3693 3667 3647 3583 3625 3625 3593 40 4061 4061 4061 4061 4061 4061 4061
346 1777301054 129 3691 3666 3644 3581 3623 3623 3591 40 4061 4061 4061 4061 4061 4061 4061
347 1777301054 138 3692 3666 3646 3582 3623 3624 3592 40 4061 4061 4061 4061 4061 4061 4061
348 1777301054 155 3692 3667 3646 3582 3624 3624 3593 40 4061 4061 4061 4061 4061 4061 4061
349 1777301054 128 3692 3667 3646 3583 3625 3625 3593 40 4061 4061 4061 4061 4061 4061 4061
350 1777301054 137 3693 3667 3647 3583 3625 3626 3594 40 4061 4061 4061 4061 4061 4061 4061
351 1777301054 141 3692 3666 3645 3582 3624 3624 3592 40 4061 4060 4060 4060 4060 4060 4060
352 1777301054 117 3693 3668 3646 3582 3624 3624 3593 40 4061 4060 4060 4060 4060 4060 4060
353 1777301054 146 3692 3667 3646 3582 3624 3625 3593 40 4061 4060 4060 4060 4060 4060 4060
354 1777301054 109 3692 3667 3646 3582 3624 3625 3593 40 4061 4061 4061 4061 4061 4061 4061
355 1777301054 126 3693 3668 3647 3583 3625 3625 3593 40 4061 4061 4061 4061 4061 4061 4061
356 1777301054 114 3692 3667 3647 3582 3624 3624 3592 40 4061 4061 4061 4061 4061 4061 4061
357 1777301055 158 3692 3667 3647 3583 3625 3625 3593 40 4061 4061 4061 4061 4061 4061 4061
358 1777301055 114 3693 3667 3646 3582 3624 3624 3592 40 4061 4061 4061 4061 4061 4061 4061
359 1777301055 128 3693 3668 3647 3583 3625 3625 3593 40 4061 4060 4060 4060 4060 4060 4060
360 1777301055 128 3692 3667 3646 3582 3625 3625 3592 40 4061 4060 4060 4060 4060 4060 4060
361 1777301055 118 3694 3668 3647 3583 3624 3625 3593 40 4061 4061 4061 4061 4061 4061 4061
362 1777301055 118 3693 3668 3647 3583 3625 3625 3592 40 4061 4061 4061 4061 4061 4061 4061
363 1777301055 120 3692 3667 3646 3582 3625 3625 3592 40 4061 4061 4061 4061 4061 4061 4061
364 1777301055 160 3693 3667 3647 3583 3624 3626 3593 40 4061 4061 4061 4061 4061 4061 4061
365 1777301056 135 3693 3667 3647 3583 3624 3625 3593 40 4061 4061 4061 4061 4061 4061 4061
366 1777301056 122 3692 3666 3646 3582 3624 3624 3592 40 4061 4061 4061 4061 4061 4061 4061
367 1777301056 134 3693 3667 3647 3583 3625 3626 3593 40 4061 4060 4060 4060 4060 4060 4060
368 1777301056 122 3693 3667 3646 3582 3624 3625 3593 40 4061 4060 4060 4060 4060 4060 4060
369 1777301056 123 3692 3667 3646 3582 3624 3624 3592 40 4061 4061 4061 4061 4061 4061 4061
370 1777301056 135 3693 3667 3647 3583 3625 3625 3593 40 4061 4061 4061 4061 4061 4061 4061
371 1777301056 117 3693 3667 3647 3582 3624 3624 3592 40 4061 4061 4061 4061 4061 4061 4061
372 1777301056 137 3693 3667 3646 3582 3624 3624 3592 40 4061 4061 4061 4061 4061 4061 4061
373 1777301057 147 3694 3668 3647 3584 3626 3626 3594 40 4061 4060 4060 4060 4060 4060 4060
374 1777301057 134 3693 3667 3647 3583 3625 3625 3593 40 4060 4060 4060 4060 4060 4060 4060
375 1777301057 149 3693 3667 3646 3583 3625 3625 3593 40 4061 4061 4061 4061 4061 4061 4061
376 1777301057 113 3693 3668 3647 3583 3625 3625 3592 40 4061 4061 4061 4061 4061 4061 4061
377 1777301057 130 3692 3667 3646 3583 3625 3625 3593 40 4061 4061 4061 4061 4061 4061 4061
378 1777301057 118 3692 3667 3646 3582 3624 3624 3592 40 4061 4061 4061 4061 4061 4061 4061
379 1777301057 138 3692 3666 3645 3582 3625 3624 3592 40 4063 4062 4062 4062 4062 4062 4062
380 1777301057 127 3691 3666 3646 3582 3624 3624 3592 40 4061 4061 4061 4061 4061 4061 4061
381 1777301057 134 3693 3668 3647 3583 3625 3625 3593 40 4061 4061 4061 4061 4061 4061 4061
382 1777301057 115 3693 3668 3647 3583 3625 3625 3593 40 4061 4061 4061 4061 4061 4061 4061
383 1777301058 144 3692 3666 3646 3582 3623 3624 3592 40 4061 4061 4061 4061 4061 4061 4061
384 1777301058 136 3693 3667 3646 3582 3624 3624 3593 40 4061 4061 4061 4061 4061 4061 4061
385 1777301058 143 3693 3667 3646 3582 3624 3625 3593 40 4061 4061 4061 4061 4061 4061 4061
386 1777301058 123 3693 3667 3646 3583 3624 3624 3593 40 4061 4061 4061 4061 4061 4061 4061
387 1777301058 120 3694 3668 3647 3583 3626 3626 3594 40 4061 4061 4061 4061 4061 4061 4061
388 1777301058 114 3693 3668 3647 3583 3625 3625 3594 40 4061 4061 4061 4061 4061 4061 4061
389 1777301058 110 3693 3667 3647 3583 3625 3625 3594 40 4061 4061 4061 4061 4061 4061 4061
390 1777301058 116 3694 3668 3647 3583 3625 3625 3593 40 4061 4061 4061 4061 4061 4061 4061
391 1777301059 141 3692 3667 3646 3582 3624 3625 3593 40 4061 4060 4060 4060 4060 4060 4060
392 1777301059 124 3693 3667 3647 3583 3624 3625 3593 40 4061 4060 4060 4060 4060 4060 4060
393 1777301059 148 3692 3667 3646 3583 3624 3625 3593 40 4061 4060 4060 4060 4060 4060 4060
394 1777301059 122 3693 3668 3647 3583 3625 3625 3593 40 4061 4060 4060 4060 4060 4060 4060
395 1777301059 139 3692 3667 3646 3582 3624 3624 3592 40 4061 4061 4061 4061 4061 4061 4061
396 1777301059 129 3693 3667 3647 3583 3624 3624 3593 40 4061 4061 4061 4061 4061 4061 4061
397 1777301060 121 3692 3667 3647 3583 3625 3625 3593 40 4063 4062 4062 4062 4062 4062 4062
398 1777301060 138 3694 3668 3647 3583 3625 3625 3594 40 4061 4060 4060 4060 4060 4060 4060
399 1777301060 117 3692 3667 3646 3582 3624 3624 3592 40 4061 4061 4061 4061 4061 4061 4061
400 1777301060 131 3692 3667 3646 3583 3625 3625 3593 40 4061 4061 4061 4061 4061 4061 4061
401 1777301060 132 3692 3667 3646 3582 3624 3624 3592 40 4061 4060 4060 4060 4060 4060 4060
402 1777301060 112 3693 3668 3647 3583 3625 3625 3593 40 4061 4060 4060 4060 4060 4060 4060
403 1777301060 118 3693 3668 3647 3583 3625 3625 3593 40 4061 4061 4061 4061 4061 4061 4061
404 1777301061 110 3691 3667 3646 3582 3624 3624 3593 40 4061 4061 4061 4061 4061 4061 4061
405 1777301061 107 3693 3667 3647 3583 3625 3626 3593 40 4061 4060 4060 4060 4060 4060 4060
406 1777301061 127 3694 3668 3647 3583 3625 3625 3593 40 4061 4061 4061 4061 4061 4061 4061
407 1777301061 125 3693 3668 3647 3584 3625 3626 3594 40 4061 4060 4060 4060 4060 4060 4060
408 1777301061 132 3692 3666 3646 3582 3623 3624 3592 40 4061 4060 4060 4060 4060 4060 4060
409 1777301061 138 3690 3665 3644 3581 3623 3623 3591 40 4061 4060 4060 4060 4060 4060 4060
410 1777301061 100 3691 3665 3645 3581 3623 3623 3591 40 4061 4061 4061 4061 4061 4061 4061
411 1777301062 125 3691 3666 3644 3581 3622 3622 3591 40 4061 4061 4061 4061 4061 4061 4061
412 1777301062 138 3692 3667 3646 3582 3624 3624 3592 40 4061 4060 4060 4060 4060 4060 4060
413 1777301062 165 3691 3666 3645 3581 3623 3623 3591 40 4061 4061 4061 4061 4061 4061 4061
414 1777301062 121 3691 3666 3645 3581 3623 3624 3592 40 4061 4061 4061 4061 4061 4061 4061
415 1777301062 141 3692 3666 3646 3581 3623 3623 3592 40 4061 4060 4060 4060 4060 4060 4060
416 1777301063 128 3690 3666 3645 3581 3623 3623 3591 40 4061 4060 4060 4060 4060 4060 4060
417 1777301063 142 3690 3665 3645 3581 3623 3624 3591 40 4061 4061 4061 4061 4061 4061 4061
418 1777301063 125 3691 3665 3644 3581 3622 3623 3591 40 4061 4061 4061 4061 4061 4061 4061
419 1777301063 151 3692 3666 3646 3582 3624 3624 3592 40 4061 4060 4060 4060 4060 4060 4060
420 1777301063 119 3691 3666 3644 3580 3622 3623 3591 40 4061 4060 4060 4060 4060 4060 4060
421 1777301063 111 3692 3666 3645 3581 3623 3623 3591 40 4061 4060 4060 4060 4060 4060 4060
422 1777301063 112 144 90 110 165 1371 1092 1392 40 4061 4060 4060 4060 4060 4060 4060
423 1777301064 119 3691 3666 3645 3581 3623 3623 3591 40 4061 4061 4061 4061 4061 4061 4061
424 1777301064 114 3691 3666 3646 3581 3623 3624 3591 40 4061 4061 4061 4061 4061 4061 4061
425 1777301064 130 3693 3667 3646 3582 3624 3624 3592 40 4061 4061 4061 4061 4061 4061 4061
426 1777301064 135 3690 3665 3644 3580 3622 3622 3590 40 4061 4060 4060 4060 4060 4060 4060
427 1777301064 142 3691 3665 3645 3581 3622 3622 3590 40 4061 4061 4061 4061 4061 4061 4061
428 1777301064 133 3691 3666 3645 3581 3623 3623 3591 40 4063 4062 4062 4062 4062 4062 4062
429 1777301064 129 3692 3666 3645 3582 3624 3625 3593 40 4061 4061 4061 4061 4061 4061 4061
430 1777301064 116 3692 3666 3645 3582 3623 3624 3592 40 4061 4060 4060 4060 4060 4060 4060
431 1777301064 103 3692 3666 3645 3582 3624 3624 3592 40 4061 4061 4061 4061 4061 4061 4061
432 1777301064 128 3691 3666 3645 3581 3622 3623 3591 40 4061 4060 4060 4060 4060 4060 4060
433 1777301064 125 3692 3667 3647 3582 3624 3625 3592 40 4061 4060 4060 4060 4060 4060 4060
434 1777301065 119 3691 3666 3645 3581 3623 3623 3591 40 4061 4060 4060 4060 4060 4060 4060
435 1777301065 103 3692 3667 3647 3582 3624 3624 3592 40 4061 4061 4061 4061 4061 4061 4061
436 1777301065 137 3691 3667 3645 3582 3624 3624 3591 40 4061 4061 4061 4061 4061 4061 4061
437 1777301066 124 3691 3666 3644 3581 3623 3623 3591 40 4061 4061 4061 4061 4061 4061 4061
438 1777301066 138 3692 3667 3646 3582 3624 3624 3592 40 4061 4061 4061 4061 4061 4061 4061
439 1777301066 110 3692 3667 3646 3582 3624 3624 3592 40 4061 4060 4060 4060 4060 4060 4060
440 1777301066 130 3692 3666 3646 3582 3624 3624 3592 40 4061 4061 4061 4061 4061 4061 4061
441 1777301066 119 3690 3665 3644 3581 3622 3623 3591 40 4061 4060 4060 4060 4060 4060 4060
442 1777301066 118 3691 3666 3645 3581 3623 3623 3591 40 4061 4061 4061 4061 4061 4061 4061
443 1777301067 148 3691 3666 3645 3581 3623 3623 3592 40 4061 4061 4061 4061 4061 4061 4061
444 1777301067 135 3692 3666 3645 3581 3623 3623 3591 40 4061 4060 4060 4060 4060 4060 4060
445 1777301067 115 3691 3667 3645 3581 3623 3623 3592 40 4061 4061 4061 4061 4061 4061 4061
446 1777301067 111 3690 3665 3644 3581 3622 3623 3590 40 4061 4060 4060 4060 4060 4060 4060
447 1777301067 132 3691 3665 3645 3581 3623 3623 3591 40 4063 4062 4062 4062 4062 4062 4062
448 1777301067 140 3691 3666 3646 3582 3623 3624 3592 40 4061 4060 4060 4060 4060 4060 4060
449 1777301067 132 161 154 134 131 1431 1158 1467 40 4061 4060 4060 4060 4060 4060 4060
450 1777301067 113 3692 3666 3645 3581 3623 3623 3591 40 4061 4060 4060 4060 4060 4060 4060
451 1777301067 141 3692 3666 3645 3581 3623 3623 3591 40 4061 4061 4061 4061 4061 4061 4061
452 1777301067 136 3691 3665 3645 3581 3623 3624 3592 40 4061 4061 4061 4061 4061 4061 4061
453 1777301067 114 3692 3667 3645 3581 3623 3623 3591 40 4061 4060 4060 4060 4060 4060 4060
454 1777301067 139 3692 3666 3646 3582 3624 3624 3592 40 4061 4060 4060 4060 4060 4060 4060
455 1777301068 131 3692 3666 3646 3581 3624 3624 3592 40 4061 4061 4061 4061 4061 4061 4061
456 1777301068 133 3692 3667 3646 3582 3624 3624 3593 40 4060 4060 4060 4060 4060 4060 4060
457 1777301068 131 3691 3665 3645 3581 3623 3624 3591 40 4061 4060 4060 4060 4060 4060 4060
458 1777301068 124 3692 3666 3646 3582 3624 3625 3593 40 4061 4061 4061 4061 4061 4061 4061
459 1777301068 117 3691 3666 3645 3580 3622 3622 3590 40 4061 4060 4060 4060 4060 4060 4060
460 1777301068 130 3691 3665 3645 3581 3623 3623 3591 40 4061 4061 4061 4061 4061 4061 4061
461 1777301068 141 3692 3666 3645 3581 3623 3624 3592 40 4061 4061 4061 4061 4061 4061 4061
462 1777301068 128 3692 3667 3646 3582 3624 3624 3592 40 4061 4061 4061 4061 4061 4061 4061
463 1777301069 144 3692 3667 3646 3582 3624 3624 3592 40 4061 4061 4061 4061 4061 4061 4061
464 1777301069 145 3691 3666 3646 3581 3624 3624 3592 40 4061 4060 4060 4060 4060 4060 4060
465 1777301069 119 3691 3666 3645 3581 3623 3623 3591 40 4061 4061 4061 4061 4061 4061 4061
466 1777301069 146 3691 3666 3645 3581 3623 3624 3592 40 4061 4060 4060 4060 4060 4060 4060
467 1777301069 113 3691 3666 3645 3581 3622 3623 3591 40 4061 4060 4060 4060 4060 4060 4060
468 1777301069 121 3691 3667 3646 3583 3624 3624 3593 40 4061 4061 4061 4061 4061 4061 4061
469 1777301069 137 3692 3667 3646 3582 3624 3625 3593 40 4061 4061 4061 4061 4061 4061 4061
470 1777301069 139 3692 3667 3646 3582 3624 3624 3593 40 4061 4060 4060 4060 4060 4060 4060
471 1777301069 154 3692 3666 3645 3582 3624 3624 3592 40 4060 4060 4060 4060 4060 4060 4060
472 1777301069 124 3691 3665 3645 3581 3623 3623 3591 40 4061 4061 4061 4061 4061 4061 4061
473 1777301069 117 3693 3667 3646 3583 3624 3625 3593 40 4061 4061 4061 4061 4061 4061 4061
474 1777301069 116 3693 3666 3646 3582 3624 3624 3592 40 4061 4061 4061 4061 4061 4061 4061
475 1777301069 104 3691 3666 3645 3581 3623 3624 3592 40 4061 4061 4061 4061 4061 4061 4061
476 1777301069 130 3692 3666 3645 3581 3623 3624 3592 40 4061 4061 4061 4061 4061 4061 4061
477 1777301070 148 3692 3666 3646 3582 3624 3624 3592 40 4061 4061 4061 4061 4061 4061 4061
478 1777301070 153 3692 3667 3646 3582 3624 3624 3592 40 4061 4060 4060 4060 4060 4060 4060
479 1777301070 110 3692 3666 3645 3580 3623 3623 3591 40 4061 4060 4060 4060 4060 4060 4060
480 1777301070 144 3691 3666 3645 3582 3624 3624 3592 40 4061 4060 4060 4060 4060 4060 4060
481 1777301071 120 3691 3666 3645 3581 3623 3624 3592 40 4061 4061 4061 4061 4061 4061 4061
482 1777301071 113 3691 3666 3645 3581 3623 3623 3592 40 4061 4061 4061 4061 4061 4061 4061
483 1777301071 124 3692 3666 3644 3581 3623 3623 3591 40 4062 4062 4062 4062 4062 4062 4062
484 1777301071 151 3691 3666 3645 3581 3623 3623 3591 40 4061 4060 4060 4060 4060 4060 4060
485 1777301071 130 3692 3666 3646 3582 3624 3624 3591 40 4061 4060 4060 4060 4060 4060 4060
486 1777301071 132 3692 3666 3646 3581 3623 3624 3592 40 4061 4061 4061 4061 4061 4061 4061
487 1777301071 133 3692 3666 3646 3582 3624 3624 3592 40 4061 4061 4061 4061 4061 4061 4061
488 1777301071 149 3692 3666 3646 3582 3624 3624 3592 40 4061 4060 4060 4060 4060 4060 4060
489 1777301071 147 3692 3667 3646 3582 3624 3624 3592 40 4061 4061 4061 4061 4061 4061 4061
490 1777301071 123 3693 3667 3646 3582 3625 3624 3593 40 4061 4061 4061 4061 4061 4061 4061
491 1777301072 134 3692 3666 3645 3581 3623 3623 3591 40 4061 4060 4060 4060 4060 4060 4060
492 1777301072 124 3691 3666 3645 3581 3623 3623 3592 40 4061 4061 4061 4061 4061 4061 4061
493 1777301072 151 3692 3666 3646 3582 3623 3624 3592 40 4061 4060 4060 4060 4060 4060 4060
494 1777301072 136 3692 3667 3646 3582 3624 3624 3593 40 4061 4061 4061 4061 4061 4061 4061
495 1777301072 140 3692 3667 3645 3581 3623 3624 3592 40 4061 4060 4060 4060 4060 4060 4060
496 1777301072 140 3693 3667 3646 3582 3625 3624 3592 40 4061 4061 4061 4061 4061 4061 4061
497 1777301072 107 3693 3667 3647 3583 3625 3625 3593 40 4061 4061 4061 4061 4061 4061 4061
498 1777301072 110 3692 3666 3646 3582 3624 3625 3593 40 4061 4060 4060 4060 4060 4060 4060
499 1777301072 131 3691 3666 3645 3581 3622 3623 3591 40 4061 4061 4061 4061 4061 4061 4061
500 1777301072 101 3692 3667 3646 3582 3624 3624 3592 40 4061 4061 4061 4061 4061 4061 4061
501 1777301072 147 3692 3667 3646 3582 3624 3624 3592 40 4061 4060 4060 4060 4060 4060 4060
502 1777301072 119 3692 3666 3646 3582 3624 3624 3592 40 4061 4061 4061 4061 4061 4061 4061
503 1777301073 149 3692 3666 3645 3581 3623 3623 3592 40 4061 4061 4061 4061 4061 4061 4061
504 1777301073 138 3691 3666 3645 3581 3623 3623 3591 40 4061 4060 4060 4060 4060 4060 4060
505 1777301073 126 3692 3667 3646 3582 3624 3624 3592 40 4061 4061 4061 4061 4061 4061 4061
506 1777301073 139 3692 3667 3646 3582 3624 3624 3592 40 4061 4060 4060 4060 4060 4060 4060
507 1777301073 120 3692 3667 3646 3582 3624 3624 3592 40 4061 4061 4061 4061 4061 4061 4061
508 1777301073 115 3692 3667 3645 3582 3624 3624 3592 40 4061 4061 4061 4061 4061 4061 4061
509 1777301073 138 3692 3666 3645 3581 3623 3624 3591 40 4061 4060 4060 4060 4060 4060 4060
510 1777301073 146 3693 3667 3646 3582 3624 3625 3593 40 4061 4060 4060 4060 4060 4060 4060
511 1777301073 126 3692 3666 3646 3582 3624 3624 3593 40 4061 4061 4061 4061 4061 4061 4061
512 1777301073 107 3693 3667 3646 3582 3624 3624 3592 40 4061 4060 4060 4060 4060 4060 4060
513 1777301074 143 3692 3666 3645 3581 3624 3624 3592 40 4061 4061 4061 4061 4061 4061 4061
514 1777301074 143 3693 3667 3646 3582 3624 3624 3593 40 4061 4061 4061 4061 4061 4061 4061
515 1777301074 147 3692 3667 3645 3582 3624 3624 3592 40 4061 4060 4060 4060 4060 4060 4060
516 1777301074 152 3693 3667 3646 3582 3624 3624 3592 40 4061 4061 4061 4061 4061 4061 4061
517 1777301075 112 3692 3667 3646 3582 3624 3624 3592 40 4061 4061 4061 4061 4061 4061 4061
518 1777301075 121 3691 3666 3645 3582 3623 3624 3592 40 4061 4061 4061 4061 4061 4061 4061
519 1777301075 97 3691 3666 3645 3581 3623 3623 3592 40 4061 4061 4061 4061 4061 4061 4061
520 1777301075 120 3693 3667 3647 3583 3625 3625 3593 40 4061 4061 4061 4061 4061 4061 4061
521 1777301075 118 3692 3667 3646 3582 3624 3624 3592 40 4061 4061 4061 4061 4061 4061 4061
522 1777301075 149 3691 3666 3645 3581 3624 3624 3592 40 4061 4061 4061 4061 4061 4061 4061
523 1777301075 137 3692 3666 3646 3582 3624 3624 3592 40 4061 4061 4061 4061 4061 4061 4061
524 1777301075 117 3693 3667 3646 3582 3624 3624 3592 40 4061 4060 4060 4060 4060 4060 4060
525 1777301076 139 3692 3667 3646 3582 3624 3624 3592 40 4061 4061 4061 4061 4061 4061 4061
526 1777301076 112 3693 3667 3646 3582 3624 3624 3592 40 4061 4061 4061 4061 4061 4061 4061
527 1777301076 124 3691 3666 3645 3581 3623 3623 3591 40 4061 4061 4061 4061 4061 4061 4061
528 1777301076 122 3693 3667 3646 3582 3624 3624 3592 40 4061 4061 4061 4061 4061 4061 4061
529 1777301076 135 3692 3667 3647 3583 3624 3625 3593 40 4061 4061 4061 4061 4061 4061 4061
530 1777301076 119 3693 3667 3646 3583 3625 3625 3593 40 4063 4062 4062 4062 4062 4062 4062
531 1777301076 118 3692 3666 3645 3581 3624 3624 3592 40 4061 4061 4061 4061 4061 4061 4061
532 1777301076 108 3693 3667 3647 3583 3624 3624 3593 40 4061 4061 4061 4061 4061 4061 4061
533 1777301077 136 3692 3666 3645 3581 3623 3624 3591 40 4061 4060 4060 4060 4060 4060 4060
534 1777301077 130 3693 3668 3646 3583 3625 3625 3593 40 4061 4061 4061 4061 4061 4061 4061
535 1777301077 122 3694 3668 3647 3583 3625 3625 3593 40 4061 4061 4061 4061 4061 4061 4061
536 1777301077 129 3693 3668 3647 3583 3625 3625 3594 40 4061 4061 4061 4061 4061 4061 4061
537 1777301077 108 3691 3666 3645 3581 3623 3623 3591 40 4061 4061 4061 4061 4061 4061 4061
538 1777301077 131 3692 3667 3646 3582 3623 3624 3592 40 4061 4061 4061 4061 4061 4061 4061
539 1777301077 104 3692 3666 3646 3582 3624 3625 3593 40 4061 4061 4061 4061 4061 4061 4061
540 1777301078 120 3693 3667 3646 3583 3624 3624 3592 40 4061 4061 4061 4061 4061 4061 4061
541 1777301079 127 3692 3666 3646 3582 3623 3623 3592 40 4061 4061 4061 4061 4061 4061 4061
542 1777301079 141 3692 3666 3645 3581 3623 3623 3592 40 4061 4061 4061 4061 4061 4061 4061
543 1777301079 155 3692 3666 3646 3582 3623 3624 3592 40 4061 4061 4061 4061 4061 4061 4061
544 1777301079 127 3692 3666 3646 3582 3624 3624 3593 40 4061 4060 4060 4060 4060 4060 4060
545 1777301079 144 3693 3667 3646 3582 3624 3624 3592 40 4061 4061 4061 4061 4061 4061 4061
546 1777301080 155 3692 3666 3645 3581 3623 3623 3592 40 4061 4061 4061 4061 4061 4061 4061
547 1777301080 113 3692 3667 3646 3582 3624 3625 3592 40 4061 4061 4061 4061 4061 4061 4061
548 1777301080 123 3691 3666 3646 3582 3624 3624 3592 40 4061 4061 4061 4061 4061 4061 4061
549 1777301081 130 3692 3666 3646 3582 3624 3624 3592 40 4061 4060 4060 4060 4060 4060 4060
550 1777301081 140 3692 3667 3646 3582 3624 3624 3592 40 4061 4061 4061 4061 4061 4061 4061
551 1777301081 127 3692 3666 3646 3582 3624 3624 3592 40 4061 4060 4060 4060 4060 4060 4060
552 1777301081 104 3692 3666 3645 3581 3623 3623 3592 40 4061 4060 4060 4060 4060 4060 4060
553 1777301081 138 3692 3667 3646 3582 3624 3624 3592 40 4061 4061 4061 4061 4061 4061 4061
554 1777301081 137 3693 3668 3647 3583 3624 3625 3592 40 4061 4061 4061 4061 4061 4061 4061
555 1777301081 136 3692 3667 3646 3582 3625 3625 3593 40 4061 4061 4061 4061 4061 4061 4061
556 1777301081 141 3691 3667 3646 3582 3624 3625 3592 40 4061 4061 4061 4061 4061 4061 4061
557 1777301081 137 3692 3667 3646 3582 3624 3624 3593 40 4061 4061 4061 4061 4061 4061 4061
558 1777301082 144 3693 3667 3646 3582 3624 3624 3592 40 4061 4061 4061 4061 4061 4061 4061
559 1777301082 93 3692 3666 3646 3582 3624 3624 3592 40 4063 4062 4062 4062 4062 4062 4062
560 1777301082 140 3691 3667 3645 3581 3624 3624 3592 40 4061 4061 4061 4061 4061 4061 4061
561 1777301082 158 3693 3667 3646 3583 3625 3625 3593 40 4061 4060 4060 4060 4060 4060 4060
562 1777301082 107 3692 3666 3646 3582 3624 3624 3592 40 4061 4061 4061 4061 4061 4061 4061
563 1777301082 123 3692 3666 3645 3582 3624 3624 3592 40 4061 4060 4060 4060 4060 4060 4060
564 1777301082 124 3693 3668 3646 3583 3624 3625 3593 40 4063 4062 4062 4062 4062 4062 4062
565 1777301082 120 3692 3667 3646 3582 3624 3624 3592 40 4061 4061 4061 4061 4061 4061 4061
566 1777301083 121 3692 3667 3645 3582 3623 3623 3591 40 4061 4061 4061 4061 4061 4061 4061
567 1777301083 111 3694 3668 3647 3583 3625 3626 3593 40 4061 4061 4061 4061 4061 4061 4061
568 1777301083 111 3694 3668 3647 3583 3625 3626 3593 40 4061 4061 4061 4061 4061 4061 4061
569 1777301083 108 3692 3666 3645 3581 3623 3624 3592 40 4061 4061 4061 4061 4061 4061 4061
570 1777301083 113 3692 3667 3646 3582 3623 3623 3592 40 4061 4061 4061 4061 4061 4061 4061
571 1777301083 126 3692 3666 3646 3582 3624 3624 3592 40 4061 4061 4061 4061 4061 4061 4061
572 1777301083 144 3693 3667 3646 3582 3624 3624 3593 40 4061 4061 4061 4061 4061 4061 4061
573 1777301083 118 3692 3667 3646 3583 3624 3624 3592 40 4061 4061 4061 4061 4061 4061 4061
574 1777301083 132 3693 3667 3646 3582 3625 3625 3594 40 4061 4060 4060 4060 4060 4060 4060
575 1777301083 137 3692 3667 3646 3582 3624 3624 3593 40 4061 4061 4061 4061 4061 4061 4061
576 1777301083 119 3693 3668 3647 3583 3625 3625 3593 40 4061 4060 4060 4060 4060 4060 4060
577 1777301084 136 3692 3667 3646 3583 3624 3624 3592 40 4061 4061 4061 4061 4061 4061 4061
578 1777301084 151 3692 3667 3646 3582 3624 3624 3592 40 4061 4060 4060 4060 4060 4060 4060
579 1777301084 140 3693 3668 3647 3583 3625 3625 3594 40 4061 4060 4060 4060 4060 4060 4060
580 1777301084 109 3692 3667 3646 3582 3624 3624 3592 40 4061 4060 4060 4060 4060 4060 4060
581 1777301084 133 3693 3668 3647 3584 3625 3626 3594 40 4061 4061 4061 4061 4061 4061 4061
582 1777301084 133 3693 3667 3647 3583 3625 3625 3593 40 4061 4061 4061 4061 4061 4061 4061
583 1777301084 123 3692 3667 3646 3582 3624 3625 3593 40 4061 4061 4061 4061 4061 4061 4061
584 1777301084 111 3692 3667 3646 3582 3624 3624 3592 40 4061 4060 4060 4060 4060 4060 4060
585 1777301084 129 3692 3667 3646 3583 3624 3625 3593 40 4061 4061 4061 4061 4061 4061 4061
586 1777301084 130 3692 3667 3646 3582 3624 3624 3592 40 4061 4060 4060 4060 4060 4060 4060
587 1777301084 137 3692 3667 3647 3583 3625 3625 3593 40 4061 4061 4061 4061 4061 4061 4061
588 1777301085 115 3693 3668 3646 3582 3624 3624 3593 40 4060 4060 4060 4060 4060 4060 4060
589 1777301085 122 3693 3667 3647 3582 3624 3625 3593 40 4061 4061 4061 4061 4061 4061 4061
590 1777301085 134 3694 3668 3648 3584 3626 3625 3594 40 4061 4060 4060 4060 4060 4060 4060
591 1777301085 129 3692 3667 3646 3582 3624 3625 3593 40 4061 4061 4061 4061 4061 4061 4061
592 1777301086 125 3693 3667 3646 3583 3625 3625 3593 40 4061 4061 4061 4061 4061 4061 4061
593 1777301086 157 3692 3667 3645 3581 3623 3624 3591 40 4061 4061 4061 4061 4061 4061 4061
594 1777301086 146 3693 3668 3646 3583 3625 3625 3593 40 4061 4061 4061 4061 4061 4061 4061
595 1777301086 137 3694 3668 3647 3584 3625 3625 3593 40 4061 4061 4061 4061 4061 4061 4061
596 1777301086 128 3692 3667 3646 3582 3624 3625 3593 40 4061 4061 4061 4061 4061 4061 4061
597 1777301086 139 3692 3667 3646 3582 3624 3625 3593 40 4061 4061 4061 4061 4061 4061 4061
598 1777301086 132 3694 3668 3647 3583 3625 3625 3593 40 4061 4060 4060 4060 4060 4060 4060
599 1777301086 119 3692 3667 3647 3583 3625 3625 3593 40 4061 4061 4061 4061 4061 4061 4061
600 1777301087 124 3693 3667 3646 3583 3625 3625 3593 40 4061 4061 4061 4061 4061 4061 4061
601 1777301087 148 3693 3668 3647 3583 3625 3625 3593 40 4061 4060 4060 4060 4060 4060 4060
602 1777301087 107 3692 3667 3646 3582 3624 3625 3592 40 4063 4062 4062 4062 4062 4062 4062
603 1777301087 117 3692 3667 3645 3582 3624 3624 3592 40 4061 4061 4061 4061 4061 4061 4061
604 1777301087 128 3693 3668 3647 3583 3625 3625 3593 40 4061 4060 4060 4060 4060 4060 4060
605 1777301087 118 3692 3667 3646 3582 3624 3625 3593 40 4061 4061 4061 4061 4061 4061 4061
606 1777301087 109 3693 3668 3647 3583 3626 3626 3594 40 4061 4060 4060 4060 4060 4060 4060
607 1777301087 103 3693 3668 3647 3583 3625 3625 3593 40 4061 4061 4061 4061 4061 4061 4061
608 1777301088 85 3695 3669 3648 3584 3625 3626 3594 40 4061 4061 4061 4061 4061 4061 4061
609 1777301088 120 3693 3667 3646 3583 3624 3625 3593 40 4061 4060 4060 4060 4060 4060 4060
610 1777301088 122 3693 3668 3647 3583 3625 3625 3593 40 4061 4061 4061 4061 4061 4061 4061
611 1777301088 139 3694 3668 3647 3583 3625 3625 3594 40 4061 4061 4061 4061 4061 4061 4061
612 1777301088 144 3693 3667 3647 3583 3624 3625 3593 40 4061 4061 4061 4061 4061 4061 4061
613 1777301088 118 3693 3667 3647 3583 3625 3626 3593 40 4061 4060 4060 4060 4060 4060 4060
614 1777301088 147 3694 3669 3648 3584 3626 3626 3594 40 4061 4061 4061 4061 4061 4061 4061
615 1777301088 132 3693 3668 3647 3583 3625 3625 3593 40 4061 4060 4060 4060 4060 4060 4060
616 1777301088 143 3693 3668 3647 3583 3625 3625 3593 40 4061 4061 4061 4061 4061 4061 4061
617 1777301088 127 3692 3667 3646 3582 3624 3625 3593 40 4061 4061 4061 4061 4061 4061 4061
618 1777301088 118 3693 3668 3647 3583 3625 3625 3594 40 4061 4060 4060 4060 4060 4060 4060
619 1777301089 121 3692 3667 3647 3582 3625 3625 3593 40 4061 4060 4060 4060 4060 4060 4060
620 1777301089 118 3693 3668 3647 3584 3625 3626 3594 40 4063 4062 4062 4062 4062 4062 4062
621 1777301089 125 3693 3668 3646 3583 3625 3625 3594 40 4061 4060 4060 4060 4060 4060 4060
622 1777301089 126 3693 3667 3646 3582 3625 3625 3593 40 4061 4061 4061 4061 4061 4061 4061
623 1777301089 133 3693 3668 3647 3583 3625 3625 3593 40 4061 4061 4061 4061 4061 4061 4061
624 1777301089 128 3693 3667 3647 3583 3625 3625 3593 40 4061 4061 4061 4061 4061 4061 4061
625 1777301089 122 3694 3668 3647 3583 3625 3626 3594 40 4061 4060 4060 4060 4060 4060 4060
626 1777301090 129 3693 3668 3646 3582 3624 3625 3593 40 4061 4061 4061 4061 4061 4061 4061
627 1777301090 98 3694 3668 3647 3583 3625 3626 3594 40 4061 4061 4061 4061 4061 4061 4061
628 1777301090 141 3693 3668 3647 3583 3625 3626 3594 40 4061 4061 4061 4061 4061 4061 4061
629 1777301090 144 3694 3668 3647 3583 3626 3626 3593 40 4059 4059 4059 4059 4059 4059 4059
630 1777301090 122 3693 3668 3647 3582 3624 3624 3592 40 4061 4060 4060 4060 4060 4060 4060
631 1777301090 120 3693 3667 3647 3583 3625 3625 3594 40 4061 4061 4061 4061 4061 4061 4061
632 1777301091 94 3693 3668 3647 3583 3625 3625 3592 40 4061 4061 4061 4061 4061 4061 4061
633 1777301091 143 3694 3668 3647 3584 3626 3626 3594 40 4061 4061 4061 4061 4061 4061 4061
634 1777301091 133 3693 3668 3647 3583 3625 3625 3594 40 4061 4060 4060 4060 4060 4060 4060
635 1777301091 133 3693 3668 3647 3583 3625 3625 3593 40 4060 4060 4060 4060 4060 4060 4060
636 1777301091 134 3694 3668 3647 3584 3625 3626 3593 40 4061 4061 4061 4061 4061 4061 4061
637 1777301092 124 3693 3668 3647 3583 3625 3625 3593 40 4061 4061 4061 4061 4061 4061 4061
638 1777301092 157 3693 3668 3647 3584 3626 3626 3594 40 4061 4060 4060 4060 4060 4060 4060
639 1777301092 135 3693 3668 3647 3583 3625 3625 3593 40 4061 4061 4061 4061 4061 4061 4061
640 1777301092 125 3693 3668 3647 3583 3625 3625 3593 40 4061 4061 4061 4061 4061 4061 4061
641 1777301093 134 3694 3668 3647 3583 3625 3626 3594 40 4061 4060 4060 4060 4060 4060 4060
642 1777301093 107 3693 3668 3647 3583 3625 3626 3593 40 4061 4061 4061 4061 4061 4061 4061
643 1777301093 61 3694 3668 3647 3584 3625 3626 3594 40 4061 4060 4060 4060 4060 4060 4060
644 1777301093 127 3694 3668 3648 3584 3625 3626 3593 40 4061 4061 4061 4061 4061 4061 4061
645 1777301093 139 3692 3667 3646 3582 3624 3625 3593 40 4061 4061 4061 4061 4061 4061 4061
646 1777301093 139 3694 3668 3647 3584 3626 3625 3594 40 4061 4060 4060 4060 4060 4060 4060
647 1777301093 148 3693 3667 3647 3583 3625 3625 3593 40 4061 4061 4061 4061 4061 4061 4061
648 1777301093 127 3694 3669 3648 3584 3625 3625 3594 40 4061 4061 4061 4061 4061 4061 4061
649 1777301093 139 3693 3668 3647 3583 3625 3626 3593 40 4061 4061 4061 4061 4061 4061 4061
650 1777301094 119 3693 3668 3647 3583 3625 3626 3594 40 4061 4061 4061 4061 4061 4061 4061
651 1777301094 139 3695 3669 3648 3584 3625 3626 3593 40 4061 4061 4061 4061 4061 4061 4061
652 1777301094 133 173 94 136 189 1403 1143 1429 40 4063 4062 4062 4062 4062 4062 4062
653 1777301094 140 3694 3668 3647 3583 3625 3626 3594 40 4061 4061 4061 4061 4061 4061 4061
654 1777301094 121 3693 3668 3647 3584 3625 3626 3594 40 4061 4061 4061 4061 4061 4061 4061
655 1777301094 158 3694 3668 3647 3584 3626 3626 3594 40 4061 4060 4060 4060 4060 4060 4060
656 1777301094 125 3693 3668 3647 3583 3625 3625 3593 40 4061 4060 4060 4060 4060 4060 4060
657 1777301095 115 3694 3669 3647 3583 3625 3626 3594 40 4061 4061 4061 4061 4061 4061 4061
658 1777301095 116 3693 3668 3647 3583 3625 3625 3593 40 4061 4061 4061 4061 4061 4061 4061
659 1777301095 153 3694 3668 3647 3583 3625 3625 3593 40 4061 4061 4061 4061 4061 4061 4061
660 1777301095 115 3694 3668 3648 3583 3625 3626 3594 40 4061 4060 4060 4060 4060 4060 4060
661 1777301096 153 3693 3668 3648 3583 3625 3626 3594 40 4061 4060 4060 4060 4060 4060 4060
662 1777301096 139 3694 3668 3647 3584 3625 3626 3594 40 4061 4060 4060 4060 4060 4060 4060
663 1777301096 130 3694 3668 3648 3584 3626 3626 3594 40 4061 4060 4060 4060 4060 4060 4060
664 1777301096 128 3690 3665 3644 3580 3622 3622 3590 40 4061 4061 4061 4061 4061 4061 4061
665 1777301096 134 3691 3666 3644 3580 3623 3623 3592 40 4061 4061 4061 4061 4061 4061 4061
666 1777301096 108 3691 3666 3645 3582 3623 3624 3591 40 4061 4061 4061 4061 4061 4061 4061
667 1777301096 123 3692 3666 3646 3582 3624 3624 3592 40 4061 4061 4061 4061 4061 4061 4061
668 1777301096 134 3691 3667 3645 3582 3624 3624 3592 40 4061 4061 4061 4061 4061 4061 4061
669 1777301097 118 3692 3666 3645 3581 3623 3623 3591 40 4061 4061 4061 4061 4061 4061 4061
670 1777301097 140 3692 3666 3646 3581 3624 3624 3592 40 4063 4062 4062 4062 4062 4062 4062
671 1777301097 110 3692 3667 3646 3582 3624 3624 3592 40 4061 4060 4060 4060 4060 4060 4060
672 1777301097 124 3691 3666 3644 3581 3623 3623 3591 40 4061 4061 4061 4061 4061 4061 4061
673 1777301097 126 3691 3666 3645 3581 3623 3623 3591 40 4061 4060 4060 4060 4060 4060 4060
674 1777301097 107 3691 3666 3645 3581 3622 3623 3590 40 4063 4062 4062 4062 4062 4062 4062
675 1777301097 174 3692 3667 3646 3582 3625 3625 3592 40 4061 4061 4061 4061 4061 4061 4061
676 1777301097 128 3691 3666 3646 3582 3624 3624 3592 40 4061 4060 4060 4060 4060 4060 4060
677 1777301097 124 3693 3667 3645 3582 3624 3624 3592 40 4061 4061 4061 4061 4061 4061 4061
678 1777301098 122 3692 3667 3646 3582 3624 3624 3593 40 4061 4061 4061 4061 4061 4061 4061
679 1777301098 145 3692 3666 3646 3582 3624 3624 3592 40 4061 4060 4060 4060 4060 4060 4060
680 1777301098 125 3691 3666 3645 3582 3624 3624 3592 40 4061 4061 4061 4061 4061 4061 4061
681 1777301098 133 3691 3666 3645 3582 3624 3624 3591 40 4061 4061 4061 4061 4061 4061 4061
682 1777301098 114 3691 3666 3645 3581 3623 3623 3591 40 4061 4061 4061 4061 4061 4061 4061
683 1777301098 143 3691 3665 3645 3581 3623 3623 3591 40 4061 4061 4061 4061 4061 4061 4061
684 1777301099 120 3691 3666 3645 3581 3623 3623 3592 40 4061 4061 4061 4061 4061 4061 4061
685 1777301099 132 3690 3667 3646 3582 3624 3624 3592 40 4061 4061 4061 4061 4061 4061 4061
686 1777301099 129 3692 3666 3645 3582 3624 3624 3592 40 4061 4061 4061 4061 4061 4061 4061
687 1777301099 120 3692 3667 3646 3582 3623 3623 3592 40 4061 4061 4061 4061 4061 4061 4061
688 1777301099 140 3693 3668 3646 3582 3624 3624 3592 40 4061 4061 4061 4061 4061 4061 4061
689 1777301099 106 3692 3667 3646 3582 3624 3624 3592 40 4061 4060 4060 4060 4060 4060 4060
690 1777301099 125 3693 3667 3646 3583 3624 3624 3592 40 4061 4060 4060 4060 4060 4060 4060
691 1777301099 124 3692 3666 3645 3581 3623 3624 3592 40 4061 4060 4060 4060 4060 4060 4060
692 1777301099 110 3693 3667 3646 3582 3624 3624 3593 40 4061 4061 4061 4061 4061 4061 4061
693 1777301099 109 3693 3667 3647 3583 3625 3625 3593 40 4061 4061 4061 4061 4061 4061 4061
694 1777301099 115 3692 3666 3646 3582 3624 3624 3592 40 4061 4061 4061 4061 4061 4061 4061
695 1777301099 147 3692 3666 3645 3581 3624 3624 3592 40 4061 4061 4061 4061 4061 4061 4061
696 1777301100 128 3691 3666 3644 3580 3622 3623 3591 40 4061 4061 4061 4061 4061 4061 4061
697 1777301100 124 3692 3667 3646 3582 3624 3624 3592 40 4061 4060 4060 4060 4060 4060 4060
698 1777301100 113 3692 3666 3645 3581 3623 3623 3592 40 4061 4060 4060 4060 4060 4060 4060
699 1777301100 149 3692 3667 3646 3582 3624 3624 3592 40 4061 4061 4061 4061 4061 4061 4061
700 1777301100 132 3691 3666 3646 3581 3623 3624 3592 40 4061 4061 4061 4061 4061 4061 4061
701 1777301100 129 3692 3667 3646 3582 3624 3624 3593 40 4063 4062 4062 4062 4062 4062 4062
702 1777301100 104 3693 3667 3646 3582 3624 3624 3593 40 4061 4060 4060 4060 4060 4060 4060
703 1777301100 120 3692 3666 3645 3581 3624 3624 3592 40 4061 4061 4061 4061 4061 4061 4061
704 1777301100 135 3692 3666 3646 3582 3624 3624 3592 40 4061 4060 4060 4060 4060 4060 4060
705 1777301101 118 3692 3666 3645 3581 3623 3624 3592 40 4061 4061 4061 4061 4061 4061 4061
706 1777301101 120 3692 3666 3646 3581 3624 3624 3592 40 4061 4061 4061 4061 4061 4061 4061
707 1777301101 115 3692 3667 3646 3582 3624 3624 3593 40 4061 4061 4061 4061 4061 4061 4061
708 1777301101 118 3692 3666 3646 3582 3624 3624 3592 40 4061 4061 4061 4061 4061 4061 4061
709 1777301101 123 3693 3668 3647 3583 3625 3625 3593 40 4061 4060 4060 4060 4060 4060 4060
710 1777301101 115 3691 3666 3646 3582 3624 3624 3592 40 4061 4061 4061 4061 4061 4061 4061
711 1777301101 143 3692 3667 3645 3581 3623 3623 3591 40 4061 4061 4061 4061 4061 4061 4061
712 1777301101 134 3694 3669 3647 3584 3625 3625 3594 40 4061 4061 4061 4061 4061 4061 4061
713 1777301102 149 3691 3666 3645 3581 3623 3624 3592 40 4061 4060 4060 4060 4060 4060 4060
714 1777301102 111 3692 3666 3646 3582 3623 3624 3592 40 4061 4061 4061 4061 4061 4061 4061
715 1777301102 133 3692 3667 3646 3582 3624 3624 3592 40 4061 4060 4060 4060 4060 4060 4060
716 1777301102 139 3691 3667 3646 3582 3624 3624 3592 40 4061 4060 4060 4060 4060 4060 4060
717 1777301102 138 3692 3666 3646 3582 3624 3624 3592 40 4061 4060 4060 4060 4060 4060 4060
718 1777301102 133 3691 3666 3645 3581 3623 3623 3591 40 4061 4061 4061 4061 4061 4061 4061
719 1777301102 126 3692 3667 3646 3582 3624 3624 3592 40 4061 4061 4061 4061 4061 4061 4061
720 1777301102 129 3693 3668 3647 3583 3625 3625 3593 40 4061 4061 4061 4061 4061 4061 4061
721 1777301102 132 3692 3667 3646 3582 3624 3624 3592 40 4061 4061 4061 4061 4061 4061 4061
722 1777301102 147 3692 3667 3645 3582 3624 3624 3592 40 4061 4061 4061 4061 4061 4061 4061
723 1777301103 125 3692 3666 3645 3582 3623 3624 3592 40 4061 4061 4061 4061 4061 4061 4061
724 1777301103 128 3692 3667 3646 3582 3624 3624 3592 40 4061 4061 4061 4061 4061 4061 4061
725 1777301103 129 3690 3665 3644 3581 3623 3623 3591 40 4061 4061 4061 4061 4061 4061 4061
726 1777301103 116 3693 3667 3646 3582 3624 3625 3593 40 4061 4061 4061 4061 4061 4061 4061
727 1777301103 123 3693 3667 3646 3582 3624 3625 3593 40 4061 4060 4060 4060 4060 4060 4060
728 1777301103 138 3692 3666 3646 3582 3624 3624 3592 40 4061 4061 4061 4061 4061 4061 4061
729 1777301103 128 3692 3666 3646 3582 3624 3624 3592 40 4061 4060 4060 4060 4060 4060 4060
730 1777301103 117 3691 3666 3645 3581 3623 3624 3592 40 4061 4060 4060 4060 4060 4060 4060
731 1777301103 92 3693 3668 3647 3583 3625 3625 3593 40 4061 4061 4061 4061 4061 4061 4061
732 1777301103 101 3693 3667 3646 3582 3623 3624 3592 40 4061 4061 4061 4061 4061 4061 4061
733 1777301103 132 3692 3667 3646 3582 3624 3624 3592 40 4060 4060 4060 4060 4060 4060 4060
734 1777301103 142 3692 3667 3646 3582 3624 3625 3592 40 4061 4060 4060 4060 4060 4060 4060
735 1777301103 124 3692 3666 3645 3582 3623 3623 3592 40 4061 4060 4060 4060 4060 4060 4060
736 1777301103 119 3693 3668 3647 3583 3625 3625 3594 40 4061 4060 4060 4060 4060 4060 4060
737 1777301104 121 3692 3667 3646 3582 3624 3624 3592 40 4061 4061 4061 4061 4061 4061 4061
738 1777301104 119 3693 3667 3647 3582 3624 3625 3593 40 4061 4060 4060 4060 4060 4060 4060
739 1777301104 156 3692 3665 3645 3581 3623 3623 3591 40 4061 4061 4061 4061 4061 4061 4061
740 1777301104 135 3692 3667 3645 3582 3624 3624 3592 40 4061 4060 4060 4060 4060 4060 4060
741 1777301104 121 3692 3666 3646 3582 3623 3624 3592 40 4061 4060 4060 4060 4060 4060 4060
742 1777301104 103 3692 3667 3645 3582 3624 3624 3592 40 4061 4061 4061 4061 4061 4061 4061
743 1777301104 133 3692 3668 3646 3583 3625 3625 3593 40 4061 4060 4060 4060 4060 4060 4060
744 1777301104 142 3693 3667 3647 3583 3625 3625 3593 40 4061 4061 4061 4061 4061 4061 4061
745 1777301104 109 3694 3668 3647 86 3622 3625 3594 40 4061 4061 4061 4061 4061 4061 4061
746 1777301104 125 3691 3665 3645 3581 3623 3622 3591 40 4063 4062 4062 4062 4062 4062 4062
747 1777301105 116 3692 3667 3645 3581 3623 3624 3592 40 4061 4060 4060 4060 4060 4060 4060
748 1777301105 123 3691 3667 3646 3582 3624 3624 3592 40 4061 4061 4061 4061 4061 4061 4061
749 1777301105 141 3690 3667 3646 3582 3624 3624 3592 40 4063 4062 4062 4062 4062 4062 4062
750 1777301105 128 3693 3667 3646 3582 3624 3624 3592 40 4061 4060 4060 4060 4060 4060 4060
751 1777301105 116 3692 3667 3647 3583 3624 3624 3593 40 4061 4061 4061 4061 4061 4061 4061
752 1777301105 133 3692 3667 3646 3583 3624 3625 3593 40 4061 4060 4060 4060 4060 4060 4060
753 1777301105 114 3691 3666 3645 3582 3623 3624 3592 40 4060 4060 4060 4060 4060 4060 4060
754 1777301106 114 3692 3666 3646 3582 3623 3624 3591 40 4063 4062 4062 4062 4062 4062 4062
755 1777301106 119 3692 3667 3646 3582 3624 3624 3592 40 4061 4061 4061 4061 4061 4061 4061
756 1777301106 126 3691 3666 3646 3582 3624 3624 3592 40 4063 4062 4062 4062 4062 4062 4062
757 1777301106 132 3692 3667 3646 3582 3624 3624 3592 40 4061 4061 4061 4061 4061 4061 4061
758 1777301106 116 3693 3668 3647 3583 3625 3625 3593 40 4061 4061 4061 4061 4061 4061 4061
759 1777301106 145 3692 3667 3646 3582 3625 3625 3593 40 4061 4060 4060 4060 4060 4060 4060
760 1777301106 129 3691 3666 3646 3582 3624 3624 3592 40 4061 4060 4060 4060 4060 4060 4060
761 1777301106 121 3693 3667 3646 3582 3624 3624 3592 40 4061 4060 4060 4060 4060 4060 4060
762 1777301107 132 3693 3667 3646 3582 3624 3625 3593 40 4063 4062 4062 4062 4062 4062 4062
763 1777301107 121 3692 3667 3645 3582 3624 3624 3592 40 4061 4061 4061 4061 4061 4061 4061
764 1777301107 111 3691 3666 3645 3582 3624 3624 3592 40 4061 4061 4061 4061 4061 4061 4061
765 1777301108 131 3692 3667 3646 3582 3624 3625 3593 40 4061 4060 4060 4060 4060 4060 4060
766 1777301108 123 3693 3668 3646 3582 3624 3624 3593 40 4061 4060 4060 4060 4060 4060 4060
767 1777301108 146 3692 3667 3646 3582 3624 3624 3592 40 4061 4061 4061 4061 4061 4061 4061
768 1777301108 124 3692 3666 3646 3581 3623 3623 3592 40 4061 4061 4061 4061 4061 4061 4061
769 1777301108 118 3692 3667 3647 3582 3624 3624 3592 40 4061 4061 4061 4061 4061 4061 4061
770 1777301108 118 3693 3667 3646 3582 3624 3625 3593 40 4061 4061 4061 4061 4061 4061 4061
771 1777301108 100 3693 3667 3646 3583 3624 3624 3592 40 4061 4061 4061 4061 4061 4061 4061
772 1777301108 132 3693 3668 3647 3584 3625 3625 3594 40 4061 4060 4060 4060 4060 4060 4060
773 1777301108 98 3692 3667 3646 3582 3624 3625 3593 40 4061 4061 4061 4061 4061 4061 4061
774 1777301108 128 3693 3667 3646 3582 3624 3624 3592 40 4061 4060 4060 4060 4060 4060 4060
775 1777301109 114 3693 3667 3646 3582 3624 3624 3592 40 4061 4060 4060 4060 4060 4060 4060
776 1777301109 116 3691 3666 3645 3582 3624 3624 3592 40 4061 4061 4061 4061 4061 4061 4061
777 1777301109 121 3692 3666 3645 3581 3623 3623 3592 40 4061 4061 4061 4061 4061 4061 4061
778 1777301109 135 3693 3668 3646 3582 3624 3624 3593 40 4061 4061 4061 4061 4061 4061 4061
779 1777301109 119 3692 3667 3646 3582 3624 3624 3592 40 4061 4061 4061 4061 4061 4061 4061
780 1777301109 129 3693 3668 3647 3583 3625 3625 3593 40 4061 4060 4060 4060 4060 4060 4060
781 1777301109 134 3692 3667 3647 3582 3624 3625 3593 40 4061 4061 4061 4061 4061 4061 4061
782 1777301109 141 3692 3667 3645 3582 3624 3625 3593 40 4061 4061 4061 4061 4061 4061 4061
783 1777301110 143 3692 3667 3646 3582 3623 3624 3591 40 4061 4061 4061 4061 4061 4061 4061
784 1777301110 121 3692 3667 3645 3582 3624 3624 3593 40 4061 4061 4061 4061 4061 4061 4061
785 1777301110 119 3692 3666 3646 3582 3624 3625 3592 40 4061 4061 4061 4061 4061 4061 4061
786 1777301110 128 3693 3668 3646 3583 3625 3625 3592 40 4061 4061 4061 4061 4061 4061 4061
787 1777301110 137 3692 3667 3646 3582 3624 3625 3593 40 4061 4061 4061 4061 4061 4061 4061
788 1777301110 102 3691 3667 3645 3582 3624 3624 3593 40 4063 4062 4062 4062 4062 4062 4062
789 1777301110 135 3692 3667 3646 3583 3625 3625 3593 40 4061 4060 4060 4060 4060 4060 4060
790 1777301111 121 3693 3667 3646 3582 3625 3625 3593 40 4061 4061 4061 4061 4061 4061 4061
791 1777301111 140 3694 3668 3647 3584 3626 3626 3594 40 4061 4060 4060 4060 4060 4060 4060
792 1777301111 125 3693 3667 3647 3583 3625 3625 3593 40 4061 4061 4061 4061 4061 4061 4061
793 1777301111 123 3694 3668 3647 3583 1427 3624 3593 40 4061 4061 4061 4061 4061 4061 4061
794 1777301111 136 3693 3668 3647 3583 3624 3625 3593 40 4061 4060 4060 4060 4060 4060 4060
795 1777301111 132 3694 3668 3647 3583 3625 3625 3593 40 4061 4060 4060 4060 4060 4060 4060
796 1777301112 136 3693 3667 3646 3583 3624 3624 3592 40 4061 4060 4060 4060 4060 4060 4060
797 1777301112 100 3693 3667 3646 3582 3625 3624 3593 40 4061 4060 4060 4060 4060 4060 4060
798 1777301112 114 3693 3667 3646 3582 3624 3625 3593 40 4061 4061 4061 4061 4061 4061 4061
799 1777301112 121 3692 3667 3647 3583 3625 3625 3593 40 4061 4061 4061 4061 4061 4061 4061
800 1777301112 112 3693 3668 3647 3583 3625 3625 3593 40 4061 4060 4060 4060 4060 4060 4060
801 1777301112 128 3693 3667 3647 3583 3625 3625 3594 40 4061 4060 4060 4060 4060 4060 4060
802 1777301112 129 3693 3667 3646 3583 3624 3625 3593 40 4061 4061 4061 4061 4061 4061 4061
803 1777301112 133 3693 3668 3647 3582 1439 3624 3593 40 4061 4061 4061 4061 4061 4061 4061
804 1777301112 131 3693 3668 3647 3583 3624 3625 3593 40 4061 4061 4061 4061 4061 4061 4061
805 1777301112 103 3692 3667 3646 3582 3624 3624 3592 40 4061 4061 4061 4061 4061 4061 4061
806 1777301112 122 3693 3667 3646 3582 3624 3624 3592 40 4061 4061 4061 4061 4061 4061 4061
807 1777301113 144 3693 3668 3647 3583 3624 3625 3593 40 4061 4061 4061 4061 4061 4061 4061
808 1777301113 127 3693 3667 3647 3583 3625 3624 3592 40 4061 4060 4060 4060 4060 4060 4060
809 1777301113 144 3692 3666 3646 3582 3623 3623 3592 40 4061 4061 4061 4061 4061 4061 4061
810 1777301113 149 3692 3665 3645 3581 3623 3623 3591 40 4061 4061 4061 4061 4061 4061 4061
811 1777301113 110 3692 3668 3647 3583 3625 3625 3593 40 4061 4060 4060 4060 4060 4060 4060
812 1777301113 147 3691 3667 3647 3583 3625 3625 3593 40 4061 4060 4060 4060 4060 4060 4060
813 1777301113 134 3693 3667 3647 3583 3625 3625 3593 40 4061 4060 4060 4060 4060 4060 4060
814 1777301113 138 3693 3667 3646 3583 3625 3625 3593 40 4061 4061 4061 4061 4061 4061 4061
815 1777301113 109 3693 3668 3647 3583 3625 3625 3594 40 4061 4061 4061 4061 4061 4061 4061
816 1777301114 124 3693 3667 3646 3582 3625 3625 3593 40 4061 4060 4060 4060 4060 4060 4060
817 1777301114 130 3693 3668 3647 3583 3624 3624 3593 40 4061 4061 4061 4061 4061 4061 4061
818 1777301114 124 3693 3667 3646 3583 3624 3625 3593 40 4061 4060 4060 4060 4060 4060 4060
819 1777301114 112 3692 3667 3646 3583 3625 3625 3593 40 4061 4061 4061 4061 4061 4061 4061
820 1777301114 109 3693 3668 3647 3583 3626 3626 3593 40 4061 4061 4061 4061 4061 4061 4061
821 1777301115 142 3693 3667 3646 3583 3625 3625 3593 40 4061 4060 4060 4060 4060 4060 4060
822 1777301115 113 3693 3667 3646 3582 3625 3625 3593 40 4063 4062 4062 4062 4062 4062 4062
823 1777301115 135 3692 3667 3646 3582 3624 3624 3592 40 4061 4060 4060 4060 4060 4060 4060
824 1777301115 131 3692 3667 3646 3582 3623 3624 3592 40 4061 4061 4061 4061 4061 4061 4061
825 1777301115 125 3693 3667 3647 3582 3624 3624 3593 40 4061 4061 4061 4061 4061 4061 4061
826 1777301115 99 3693 3668 3647 3583 3625 3625 3593 40 4061 4061 4061 4061 4061 4061 4061
827 1777301115 143 3692 3667 3646 3582 3624 3625 3593 40 4061 4060 4060 4060 4060 4060 4060
828 1777301115 135 3693 3668 3647 3583 3625 3625 3593 40 4061 4061 4061 4061 4061 4061 4061
829 1777301116 117 3693 3667 3647 3583 3624 3624 3593 40 4061 4061 4061 4061 4061 4061 4061
830 1777301116 128 3693 3668 3646 3582 3625 3625 3593 40 4061 4061 4061 4061 4061 4061 4061
831 1777301116 130 3694 3668 3647 3583 3625 3626 3594 40 4061 4061 4061 4061 4061 4061 4061
832 1777301116 145 3692 3667 3646 3582 3624 3625 3592 40 4061 4060 4060 4060 4060 4060 4060
833 1777301116 106 3692 3667 3646 3582 3624 3624 3592 40 4061 4061 4061 4061 4061 4061 4061
834 1777301116 127 3693 3668 3647 3583 3625 3626 3594 40 4061 4061 4061 4061 4061 4061 4061
835 1777301116 118 3692 3667 3646 3582 3624 3625 3593 40 4061 4061 4061 4061 4061 4061 4061
836 1777301117 137 3693 3668 3647 3583 3624 3624 3592 40 4061 4060 4060 4060 4060 4060 4060
837 1777301117 127 3692 3667 3646 3582 3624 3624 3592 40 4061 4060 4060 4060 4060 4060 4060
838 1777301117 123 3693 3668 3647 3583 3625 3625 3593 40 4061 4061 4061 4061 4061 4061 4061
839 1777301117 123 3693 3667 3647 3583 3625 3625 3593 40 4061 4061 4061 4061 4061 4061 4061
840 1777301117 99 3693 3668 3647 3584 3625 3625 3593 40 4061 4060 4060 4060 4060 4060 4060
841 1777301118 129 3693 3667 3646 3583 3624 3625 3593 40 4061 4060 4060 4060 4060 4060 4060
842 1777301118 134 3693 3668 3647 3583 3625 3626 3594 40 4061 4060 4060 4060 4060 4060 4060
843 1777301118 122 3692 3668 3647 3583 3625 3625 3593 40 4061 4060 4060 4060 4060 4060 4060
844 1777301118 152 3694 3668 3648 3584 3626 3625 3594 40 4061 4060 4060 4060 4060 4060 4060
845 1777301118 148 3693 3667 3647 3583 3625 3625 3593 40 4061 4061 4061 4061 4061 4061 4061
846 1777301118 129 3693 3667 3647 3583 3625 3625 3593 40 4061 4061 4061 4061 4061 4061 4061
847 1777301119 131 3692 3667 3646 3583 3624 3624 3592 40 4061 4060 4060 4060 4060 4060 4060
848 1777301119 125 3693 3668 3647 3583 3625 3626 3593 40 4061 4061 4061 4061 4061 4061 4061
849 1777301119 91 3693 3668 3647 3583 3625 3625 3594 40 4061 4060 4060 4060 4060 4060 4060
850 1777301119 119 3693 3667 3647 3583 3625 3625 3593 40 4061 4060 4060 4060 4060 4060 4060
851 1777301119 122 3693 3668 3647 3583 3625 3625 3594 40 4061 4060 4060 4060 4060 4060 4060
852 1777301119 122 3693 3668 3647 3583 3625 3626 3594 40 4061 4060 4060 4060 4060 4060 4060
853 1777301119 116 3693 3668 3647 3583 3625 3625 3593 40 4061 4060 4060 4060 4060 4060 4060
854 1777301119 145 3691 3666 3645 3581 3623 3624 3592 40 4061 4061 4061 4061 4061 4061 4061
855 1777301120 116 3692 3666 3645 3581 3624 3624 3592 40 4061 4060 4060 4060 4060 4060 4060
856 1777301120 110 3692 3667 3646 3582 3624 3624 3592 40 4063 4062 4062 4062 4062 4062 4062
857 1777301120 110 3692 3666 3646 3582 3624 3625 3592 40 4061 4060 4060 4060 4060 4060 4060
858 1777301120 131 3692 3666 3646 3582 3624 3624 3592 40 4061 4060 4060 4060 4060 4060 4060
859 1777301120 142 3694 3668 3647 3584 3625 3625 3593 40 4061 4061 4061 4061 4061 4061 4061
860 1777301120 131 3691 3667 3646 3583 3624 3625 3593 40 4061 4061 4061 4061 4061 4061 4061
861 1777301120 135 3692 3667 3646 3583 3624 3625 3593 40 4061 4061 4061 4061 4061 4061 4061
862 1777301120 154 3693 3668 3647 3583 3625 3625 3593 40 4061 4060 4060 4060 4060 4060 4060
863 1777301120 168 3693 3667 3647 3583 3625 3626 3594 40 4061 4060 4060 4060 4060 4060 4060
864 1777301120 115 3693 3667 3647 3583 3624 3625 3593 40 4063 4062 4062 4062 4062 4062 4062
865 1777301121 105 3693 3668 3647 3583 3625 3625 3594 40 4061 4061 4061 4061 4061 4061 4061
866 1777301121 126 3693 3668 3647 3583 3625 3625 3593 40 4061 4061 4061 4061 4061 4061 4061
867 1777301121 120 3694 3668 3647 3584 3625 3625 3593 40 4061 4060 4060 4060 4060 4060 4060
868 1777301121 130 3693 3667 3646 3583 3624 3625 3593 40 4061 4061 4061 4061 4061 4061 4061
869 1777301121 136 3694 3668 3647 3583 3626 3625 3594 40 4061 4060 4060 4060 4060 4060 4060
870 1777301121 137 3694 3668 3647 3583 3626 3626 3593 40 4061 4061 4061 4061 4061 4061 4061
871 1777301121 131 3694 3668 3647 3583 3626 3626 3594 40 4061 4061 4061 4061 4061 4061 4061
872 1777301121 139 3693 3668 3647 3584 3625 3625 3593 40 4061 4061 4061 4061 4061 4061 4061
873 1777301121 125 3693 3667 3647 3583 3625 3625 3593 40 4061 4060 4060 4060 4060 4060 4060
874 1777301122 143 3693 3668 3647 3584 3626 3626 3594 40 4061 4060 4060 4060 4060 4060 4060
875 1777301122 144 3692 3668 3647 3583 3625 3625 3593 40 4060 4060 4060 4060 4060 4060 4060
876 1777301122 148 3693 3668 3647 3583 3625 3625 3593 40 4061 4061 4061 4061 4061 4061 4061
877 1777301122 122 3694 3669 3647 3584 3627 3626 3595 40 4061 4061 4061 4061 4061 4061 4061
878 1777301122 125 3693 3668 3647 3583 3625 3625 3594 40 4061 4061 4061 4061 4061 4061 4061
879 1777301122 125 3693 3668 3647 3583 3625 3625 3593 40 4061 4061 4061 4061 4061 4061 4061
880 1777301122 106 3693 3667 3646 3583 3624 3625 3592 40 4061 4061 4061 4061 4061 4061 4061
881 1777301122 116 3693 3668 3647 3584 3625 3626 3594 40 4061 4061 4061 4061 4061 4061 4061
882 1777301122 129 3693 3668 3647 3583 3625 3625 3594 40 4061 4061 4061 4061 4061 4061 4061
883 1777301122 131 3694 3669 3648 3584 3626 3626 3594 40 4061 4061 4061 4061 4061 4061 4061
884 1777301123 120 3693 3668 3647 3583 3625 3625 3594 40 4061 4061 4061 4061 4061 4061 4061
885 1777301123 109 3693 3668 3647 3583 3625 3626 3594 40 4061 4060 4060 4060 4060 4060 4060
886 1777301123 123 3693 3668 3647 3583 3625 3625 3593 40 4061 4060 4060 4060 4060 4060 4060
887 1777301123 122 3694 3669 3648 3584 3626 3626 3594 40 4061 4060 4060 4060 4060 4060 4060
888 1777301123 114 3693 3667 3647 3583 3625 3625 3593 40 4061 4061 4061 4061 4061 4061 4061
889 1777301123 129 3694 3668 3647 3583 3625 3625 3592 40 4061 4061 4061 4061 4061 4061 4061
890 1777301123 133 3693 3668 3647 3584 3626 3626 3594 40 4061 4060 4060 4060 4060 4060 4060
891 1777301124 135 3692 3668 3646 3582 3625 3625 3593 40 4061 4061 4061 4061 4061 4061 4061
892 1777301124 144 3693 3668 3647 3583 3625 3625 3593 40 4061 4060 4060 4060 4060 4060 4060
893 1777301124 109 3694 3669 3648 3585 3626 3626 3595 40 4061 4060 4060 4060 4060 4060 4060
894 1777301124 115 3693 3668 3647 3583 3625 3625 3593 40 4061 4060 4060 4060 4060 4060 4060
895 1777301124 124 3693 3668 3647 3583 3625 3625 3593 40 4061 4061 4061 4061 4061 4061 4061
896 1777301125 131 3693 3667 3647 3583 3625 3625 3594 40 4061 4060 4060 4060 4060 4060 4060
897 1777301125 117 3694 3668 3648 3584 3626 3626 3594 40 4061 4061 4061 4061 4061 4061 4061
898 1777301125 122 3694 3669 3648 3584 3625 3625 3593 40 4061 4061 4061 4061 4061 4061 4061
899 1777301125 135 3693 3668 3647 3583 3625 3625 3593 40 4061 4060 4060 4060 4060 4060 4060
900 1777301125 130 3694 3668 3648 3584 3626 3626 3594 40 4061 4060 4060 4060 4060 4060 4060
901 1777301125 150 3694 3668 3647 3583 3626 3626 3594 40 4061 4061 4061 4061 4061 4061 4061
902 1777301125 142 3693 3668 3647 3583 3626 3625 3594 40 4061 4060 4060 4060 4060 4060 4060
903 1777301125 129 3693 3668 3647 3584 3625 3626 3594 40 4061 4060 4060 4060 4060 4060 4060
904 1777301126 116 3694 3668 3648 3583 3625 3625 3593 40 4061 4061 4061 4061 4061 4061 4061
905 1777301126 120 3693 3669 3647 3583 3625 3625 3593 40 4061 4061 4061 4061 4061 4061 4061
906 1777301126 132 3693 3668 3647 3584 3625 3625 3593 40 4061 4060 4060 4060 4060 4060 4060
907 1777301126 95 3694 3669 3648 3584 3626 3626 3593 40 4061 4060 4060 4060 4060 4060 4060
908 1777301126 129 3693 3667 3646 3583 3625 3625 3593 40 4061 4061 4061 4061 4061 4061 4061
909 1777301127 140 3694 3668 3647 3583 3625 3626 3593 40 4061 4061 4061 4061 4061 4061 4061
910 1777301127 154 3693 3667 3646 3583 3625 3625 3594 40 4061 4060 4060 4060 4060 4060 4060
911 1777301127 109 3694 3669 3649 3585 3627 3626 3594 40 4061 4060 4060 4060 4060 4060 4060
912 1777301127 119 3694 3668 3648 3584 3626 3626 3594 40 4059 4059 4059 4059 4059 4059 4059
913 1777301127 125 3694 3668 3648 3584 3626 3626 3594 40 4061 4060 4060 4060 4060 4060 4060
914 1777301127 140 3693 3667 3647 3582 3624 3625 3593 40 4061 4061 4061 4061 4061 4061 4061
915 1777301127 164 3694 3668 3648 3584 3625 3626 3594 40 4061 4061 4061 4061 4061 4061 4061
916 1777301127 110 3693 3668 3647 3583 3625 3626 3594 40 4061 4061 4061 4061 4061 4061 4061
917 1777301127 110 3694 3669 3648 3583 3626 3626 3594 40 4061 4061 4061 4061 4061 4061 4061
918 1777301127 126 3694 3669 3647 3583 3625 3626 3594 40 4061 4061 4061 4061 4061 4061 4061
919 1777301127 137 3694 3669 3648 3584 3626 3626 3594 40 4061 4061 4061 4061 4061 4061 4061
920 1777301127 140 3692 3666 3645 3581 3623 3624 3591 40 4061 4061 4061 4061 4061 4061 4061
921 1777301128 161 3692 3667 3646 3582 3624 3624 3592 40 4061 4060 4060 4060 4060 4060 4060
922 1777301128 128 3692 3666 3646 3582 3624 3624 3592 40 4061 4061 4061 4061 4061 4061 4061
923 1777301128 111 3692 3667 3646 3582 3625 3625 3593 40 4061 4061 4061 4061 4061 4061 4061
924 1777301128 127 3691 3667 3646 3583 3624 3625 3592 40 4061 4060 4060 4060 4060 4060 4060
925 1777301128 123 3692 3667 3646 3581 3623 3623 3591 40 4061 4060 4060 4060 4060 4060 4060
926 1777301128 137 3692 3666 3646 3582 3624 3624 3592 40 4061 4061 4061 4061 4061 4061 4061
927 1777301128 123 3692 3666 3645 3581 3624 3624 3592 40 4061 4060 4060 4060 4060 4060 4060
928 1777301128 115 3691 3665 3644 3581 3623 3623 3591 40 4061 4061 4061 4061 4061 4061 4061
929 1777301128 138 3692 3667 3646 3582 3624 3624 3592 40 4061 4060 4060 4060 4060 4060 4060
930 1777301128 134 3693 3667 3646 3582 3624 3624 3592 40 4061 4061 4061 4061 4061 4061 4061
931 1777301128 121 3692 3667 3646 3582 3624 3625 3593 40 4061 4061 4061 4061 4061 4061 4061
932 1777301128 117 3692 3667 3646 3582 3624 3624 3592 40 4061 4060 4060 4060 4060 4060 4060
933 1777301129 121 3692 3666 3645 3581 3624 3624 3592 40 4061 4061 4061 4061 4061 4061 4061
934 1777301129 122 3693 3666 3646 3582 3624 3624 3592 40 4061 4061 4061 4061 4061 4061 4061
935 1777301129 134 3692 3666 3645 3582 3624 3624 3593 40 4061 4061 4061 4061 4061 4061 4061
936 1777301129 125 3693 3667 3646 3582 3624 3625 3592 40 4061 4061 4061 4061 4061 4061 4061
937 1777301129 132 3692 3666 3646 3582 3624 3624 3592 40 4061 4061 4061 4061 4061 4061 4061
938 1777301129 117 3691 3666 3645 3581 3622 3623 3591 40 4061 4060 4060 4060 4060 4060 4060
939 1777301129 139 3692 3666 3645 3581 3623 3624 3592 40 4061 4061 4061 4061 4061 4061 4061
940 1777301130 130 3691 3665 3645 3581 3623 3623 3591 40 4061 4060 4060 4060 4060 4060 4060
941 1777301130 133 3692 3667 3647 3583 3625 3625 3593 40 4061 4060 4060 4060 4060 4060 4060
942 1777301130 120 3691 3666 3645 3582 3623 3623 3591 40 4061 4061 4061 4061 4061 4061 4061
943 1777301130 135 3692 3666 3646 3582 3624 3624 3592 40 4061 4060 4060 4060 4060 4060 4060
944 1777301130 116 3692 3667 3646 3582 3624 3624 3592 40 4061 4061 4061 4061 4061 4061 4061
945 1777301131 142 3692 3667 3645 3582 3623 3624 3592 40 4061 4060 4060 4060 4060 4060 4060
946 1777301131 141 3693 3667 3646 3582 3624 3624 3592 40 4060 4060 4060 4060 4060 4060 4060
947 1777301131 135 3692 3667 3646 3582 3624 3624 3592 40 4061 4061 4061 4061 4061 4061 4061
948 1777301131 143 3691 3666 3645 3581 3624 3624 3592 40 4063 4062 4062 4062 4062 4062 4062
949 1777301132 156 3692 3666 3646 3582 3623 3624 3592 40 4061 4060 4060 4060 4060 4060 4060
950 1777301132 114 3693 3668 3646 3583 3625 3626 3593 40 4061 4061 4061 4061 4061 4061 4061
951 1777301132 120 3692 3667 3647 3583 3624 3625 3592 40 4061 4061 4061 4061 4061 4061 4061
952 1777301132 124 3692 3667 3646 3582 3624 3624 3593 40 4061 4061 4061 4061 4061 4061 4061
953 1777301132 139 3693 3667 3646 3582 3624 3624 3593 40 4061 4061 4061 4061 4061 4061 4061
954 1777301132 130 3693 3667 3646 3582 3624 3624 3593 40 4061 4061 4061 4061 4061 4061 4061
955 1777301132 112 3692 3666 3646 3582 3624 3624 3592 40 4061 4060 4060 4060 4060 4060 4060
956 1777301132 128 3692 3667 3646 3582 3624 3624 3592 40 4061 4060 4060 4060 4060 4060 4060
957 1777301132 124 3693 3667 3646 3582 3624 3624 3592 40 4061 4060 4060 4060 4060 4060 4060
958 1777301132 136 3693 3667 3646 3582 3624 3625 3592 40 4061 4061 4061 4061 4061 4061 4061
959 1777301132 130 3693 3668 3647 3583 3625 3625 3593 40 4061 4060 4060 4060 4060 4060 4060
960 1777301132 114 3692 3667 3646 3582 3623 3624 3592 40 4061 4061 4061 4061 4061 4061 4061
961 1777301133 145 3692 3667 3646 3582 3624 3624 3592 40 4061 4061 4061 4061 4061 4061 4061
962 1777301133 133 3692 3666 3645 3582 3624 3623 3592 40 4061 4061 4061 4061 4061 4061 4061
963 1777301133 131 3692 3667 3645 3581 3624 3624 3592 40 4061 4060 4060 4060 4060 4060 4060
964 1777301133 160 3692 3667 3646 3583 3624 3624 3593 40 4061 4061 4061 4061 4061 4061 4061
965 1777301133 121 3693 3668 3647 3583 3625 3625 3593 40 4061 4060 4060 4060 4060 4060 4060
966 1777301133 126 3693 3667 3647 3582 3624 3625 3593 40 4061 4061 4061 4061 4061 4061 4061
967 1777301133 108 3693 3668 3646 3582 3625 3625 3593 40 4061 4061 4061 4061 4061 4061 4061
968 1777301133 132 3693 3668 3647 3583 3625 3625 3594 40 4061 4061 4061 4061 4061 4061 4061
969 1777301133 116 3692 3667 3646 3583 3624 3624 3593 40 4061 4060 4060 4060 4060 4060 4060
970 1777301133 132 3693 3667 3647 3583 3625 3625 3593 40 4061 4061 4061 4061 4061 4061 4061
971 1777301133 125 3692 3668 3647 3583 3625 3625 3593 40 4063 4062 4062 4062 4062 4062 4062
972 1777301133 131 3693 3668 3647 3583 3625 3625 3593 40 4061 4060 4060 4060 4060 4060 4060
973 1777301134 140 3692 3667 3646 3582 3624 3624 3592 40 4061 4060 4060 4060 4060 4060 4060
974 1777301134 117 3694 3669 3648 3584 3626 3627 3594 40 4061 4061 4061 4061 4061 4061 4061
975 1777301134 121 3692 3667 3646 3582 3624 3624 3592 40 4061 4061 4061 4061 4061 4061 4061
976 1777301134 145 3692 3667 3645 3582 3624 3624 3592 40 4061 4061 4061 4061 4061 4061 4061
977 1777301134 126 3692 3667 3646 3582 3624 3624 3592 40 4061 4061 4061 4061 4061 4061 4061
978 1777301134 127 3692 3667 3646 3582 3624 3624 3592 40 4061 4061 4061 4061 4061 4061 4061
979 1777301134 149 3694 3669 3648 3584 3626 3626 3594 40 4061 4060 4060 4060 4060 4060 4060
980 1777301134 124 3692 3667 3646 3581 3624 3624 3593 40 4061 4061 4061 4061 4061 4061 4061
981 1777301135 120 3692 3667 3646 3582 3624 3625 3593 40 4061 4061 4061 4061 4061 4061 4061
982 1777301135 121 3691 3667 3646 3582 3624 3625 3593 40 4061 4061 4061 4061 4061 4061 4061
983 1777301135 113 3692 3666 3646 3582 3624 3625 3592 40 4061 4060 4060 4060 4060 4060 4060
984 1777301135 122 3692 3666 3645 3582 3623 3624 3592 40 4061 4060 4060 4060 4060 4060 4060
985 1777301135 133 3693 3668 3647 3582 3625 3625 3593 40 4061 4060 4060 4060 4060 4060 4060
986 1777301135 132 3693 3668 3647 3583 3625 3625 3593 40 4061 4060 4060 4060 4060 4060 4060
987 1777301135 120 3692 3667 3646 3582 3624 3625 3593 40 4061 4060 4060 4060 4060 4060 4060
988 1777301135 136 3693 3667 3646 3582 3624 3624 3593 40 4061 4061 4061 4061 4061 4061 4061
989 1777301135 99 3693 3667 3647 3583 3625 3625 3593 40 4061 4061 4061 4061 4061 4061 4061
990 1777301135 127 3693 3667 3646 3582 3624 3625 3592 40 4061 4061 4061 4061 4061 4061 4061
991 1777301136 127 3692 3666 3646 3582 3624 3625 3593 40 4061 4061 4061 4061 4061 4061 4061
992 1777301136 132 3693 3667 3646 3582 3624 3624 3593 40 4061 4061 4061 4061 4061 4061 4061
993 1777301136 111 3692 3667 3645 3582 3624 3624 3592 40 4063 4062 4062 4062 4062 4062 4062
994 1777301136 141 3692 3667 3646 3582 3624 3625 3593 40 4061 4060 4060 4060 4060 4060 4060
995 1777301136 124 3694 3668 3648 3583 3625 3625 3593 40 4061 4061 4061 4061 4061 4061 4061
996 1777301137 139 3693 3666 3645 3581 3623 3623 3592 40 4061 4061 4061 4061 4061 4061 4061
997 1777301137 140 3692 3667 3646 3582 3624 3624 3593 40 4061 4061 4061 4061 4061 4061 4061
998 1777301137 118 3692 3667 3646 3582 3624 3624 3592 40 4061 4061 4061 4061 4061 4061 4061
999 1777301137 112 3692 3667 3646 3582 3624 3624 3592 40 4061 4061 4061 4061 4061 4061 4061
1000 1777301137 108 3693 3668 3647 3583 3625 3625 3593 40 4061 4060 4060 4060 4060 4060 4060
