1 1777302159 198 151 248 278 146 1523 3627 1537 40 4060 4060 4060 4060 4060 4060 4060
2 1777302159 3550 3694 3667 3645 157 3622 3624 3592 40 4061 4060 4060 4060 4060 4060 4060
3 1777302159 3549 3694 3666 3646 139 3622 3624 3592 40 4061 4060 4060 4060 4060 4060 4060
4 1777302159 3550 3694 3667 3647 155 3623 3625 3593 40 4061 4061 4061 4061 4061 4061 4061
5 1777302159 3550 3695 3667 3646 142 3622 3624 3592 40 4061 4060 4060 4060 4060 4060 4060
6 1777302159 3549 3694 3666 3645 150 3622 3624 3591 40 4061 4061 4061 4061 4061 4061 4061
7 1777302159 3550 3695 3668 3647 123 3623 3624 3593 40 4061 4061 4061 4061 4061 4061 4061
8 1777302159 3550 3694 3667 3645 144 3622 3624 3592 40 4061 4061 4061 4061 4061 4061 4061
9 1777302159 3550 3694 3667 3646 126 3621 3624 3592 40 4061 4061 4061 4061 4061 4061 4061
10 1777302159 3550 3695 3667 3645 136 3622 3624 3592 40 4061 4061 4061 4061 4061 4061 4061
11 1777302160 3551 3695 3668 3647 138 3623 3625 3592 40 4061 4061 4061 4061 4061 4061 4061
12 1777302160 3551 3695 3667 3646 117 3622 3624 3592 40 4061 4060 4060 4060 4060 4060 4060
13 1777302160 3550 3694 3666 3646 132 3622 3624 3593 40 4061 4060 4060 4060 4060 4060 4060
14 1777302160 3551 3695 3668 3647 125 3623 3625 3593 40 4061 4061 4061 4061 4061 4061 4061
15 1777302160 3550 3694 3666 3645 108 3621 3624 3592 40 4061 4061 4061 4061 4061 4061 4061
16 1777302160 3551 3696 3668 3647 135 3622 3624 3592 40 4061 4060 4060 4060 4060 4060 4060
17 1777302160 3550 3693 3666 3646 150 3621 3624 3592 40 4061 4061 4061 4061 4061 4061 4061
18 1777302160 3549 3694 3667 3646 161 3622 3624 3592 40 4061 4061 4061 4061 4061 4061 4061
19 1777302161 3550 3695 3667 3646 142 3621 3624 3592 40 4061 4061 4061 4061 4061 4061 4061
20 1777302161 3550 3695 3667 3646 123 3622 3624 3592 40 4061 4061 4061 4061 4061 4061 4061
21 1777302161 3551 3696 3668 3647 154 3624 3625 3594 40 4061 4061 4061 4061 4061 4061 4061
22 1777302161 3550 3694 3667 3646 146 3622 3624 3592 40 4061 4060 4060 4060 4060 4060 4060
23 1777302161 3550 3696 3667 3646 117 3623 3625 3593 40 4061 4061 4061 4061 4061 4061 4061
24 1777302161 3551 3696 3668 3647 151 3623 3625 3593 40 4061 4061 4061 4061 4061 4061 4061
25 1777302161 3550 3695 3667 3646 141 3621 3624 3592 40 4061 4060 4060 4060 4060 4060 4060
26 1777302161 3551 3696 3668 3647 125 3623 3625 3593 40 4059 4059 4059 4059 4059 4059 4059
27 1777302162 3551 3696 3668 3647 131 3623 3625 3594 40 4061 4061 4061 4061 4061 4061 4061
28 1777302162 3551 3696 3668 3647 139 3623 3625 3593 40 4061 4060 4060 4060 4060 4060 4060
29 1777302162 3551 3695 3667 3647 129 3623 3625 3593 40 4061 4061 4061 4061 4061 4061 4061
30 1777302162 3552 3697 3669 3648 165 3624 3626 3594 40 4060 4060 4060 4060 4060 4060 4060
31 1777302162 3550 3695 3667 3646 128 3622 3624 3592 40 4061 4060 4060 4060 4060 4060 4060
32 1777302162 3551 3695 3667 3647 138 3623 3624 3593 40 4061 4061 4061 4061 4061 4061 4061
33 1777302162 3552 3696 3668 3647 136 3623 3625 3593 40 4061 4061 4061 4061 4061 4061 4061
34 1777302162 3551 3695 3668 3647 142 3622 3624 3593 40 4061 4061 4061 4061 4061 4061 4061
35 1777302162 3550 3695 3667 3646 117 3623 3625 3593 40 4061 4061 4061 4061 4061 4061 4061
36 1777302162 3550 3694 3667 3646 147 3622 3624 3592 40 4061 4061 4061 4061 4061 4061 4061
37 1777302162 3551 3695 3667 3646 156 3622 3625 3593 40 4061 4060 4060 4060 4060 4060 4060
38 1777302162 3551 3695 3668 3647 137 3623 3625 3593 40 4061 4061 4061 4061 4061 4061 4061
39 1777302163 3551 3695 3668 3647 148 3623 3625 3593 40 4061 4061 4061 4061 4061 4061 4061
40 1777302163 3551 3695 3667 3646 137 3622 3625 3593 40 4061 4061 4061 4061 4061 4061 4061
41 1777302163 3551 3695 3668 3647 152 3623 3625 3593 40 4061 4060 4060 4060 4060 4060 4060
42 1777302163 3551 3696 3669 3647 155 3624 3625 3593 40 4061 4061 4061 4061 4061 4061 4061
43 1777302163 3551 3695 3668 3647 136 3623 3625 3593 40 4061 4061 4061 4061 4061 4061 4061
44 1777302163 3551 3695 3668 3647 148 3622 3625 3593 40 4061 4061 4061 4061 4061 4061 4061
45 1777302163 3550 3695 3667 3646 133 3622 3624 3592 40 4061 4060 4060 4060 4060 4060 4060
46 1777302163 3551 3695 3667 3646 157 3622 3624 3592 40 4061 4060 4060 4060 4060 4060 4060
47 1777302163 3550 3694 3667 3646 129 3623 3624 3593 40 4061 4061 4061 4061 4061 4061 4061
48 1777302164 3550 3694 3666 3646 159 3622 3624 3592 40 4061 4061 4061 4061 4061 4061 4061
49 1777302164 3550 3695 3667 3646 118 3623 3625 3593 40 4061 4061 4061 4061 4061 4061 4061
50 1777302164 3550 3694 3667 3646 145 3622 3624 3592 40 4061 4061 4061 4061 4061 4061 4061
51 1777302164 3552 3696 3669 3648 135 3624 3626 3594 40 4061 4060 4060 4060 4060 4060 4060
52 1777302164 3551 3695 3667 81 135 3624 3626 3594 40 4061 4060 4060 4060 4060 4060 4060
53 1777302164 3551 3696 3668 3647 150 3623 3626 3594 40 4061 4060 4060 4060 4060 4060 4060
54 1777302164 3551 3696 3668 3647 127 3624 3625 3594 40 4060 4060 4060 4060 4060 4060 4060
55 1777302164 3550 3694 3667 3646 122 3622 3625 3592 40 4061 4060 4060 4060 4060 4060 4060
56 1777302164 3550 3695 3667 3646 129 3622 3624 3593 40 4061 4061 4061 4061 4061 4061 4061
57 1777302164 3551 3696 3668 3647 138 3623 3626 3593 40 4060 4060 4060 4060 4060 4060 4060
58 1777302164 3551 3696 3668 3647 173 3623 3625 3593 40 4060 4060 4060 4060 4060 4060 4060
59 1777302164 3552 3696 3668 3647 128 3623 3625 3594 40 4061 4061 4061 4061 4061 4061 4061
60 1777302164 3551 3695 3667 3646 145 3623 3625 3593 40 4061 4061 4061 4061 4061 4061 4061
61 1777302164 3551 3696 3668 3647 134 3623 3626 3594 40 4060 4060 4060 4060 4060 4060 4060
62 1777302165 3551 3695 3668 3647 133 3623 3625 3594 40 4060 4060 4060 4060 4060 4060 4060
63 1777302165 3550 3696 3668 3647 136 3623 3625 3593 40 4061 4060 4060 4060 4060 4060 4060
64 1777302165 3551 3695 3667 3646 120 3622 3624 3592 40 4061 4061 4061 4061 4061 4061 4061
65 1777302165 3551 3695 3668 3646 140 3623 3625 3593 40 4060 4060 4060 4060 4060 4060 4060
66 1777302165 3551 3696 3668 3647 151 3624 3625 3593 40 4061 4061 4061 4061 4061 4061 4061
67 1777302165 3551 3695 3668 3647 148 3623 3625 3594 40 4061 4060 4060 4060 4060 4060 4060
68 1777302165 3551 3695 3668 3647 131 3623 3625 3593 40 4061 4061 4061 4061 4061 4061 4061
69 1777302165 3551 3696 3668 3647 142 3623 3625 3593 40 4061 4061 4061 4061 4061 4061 4061
70 1777302165 3551 3695 3668 3647 135 3624 3625 3594 40 4061 4061 4061 4061 4061 4061 4061
71 1777302165 3551 3696 3668 3647 121 3623 3625 3594 40 4061 4061 4061 4061 4061 4061 4061
72 1777302165 3551 3696 3668 3647 157 3622 3625 3593 40 4061 4060 4060 4060 4060 4060 4060
73 1777302165 3551 3695 3668 3647 148 3623 3626 3594 40 4061 4061 4061 4061 4061 4061 4061
74 1777302165 3552 3696 3668 3647 124 3624 3626 3594 40 4061 4060 4060 4060 4060 4060 4060
75 1777302166 3550 3694 3667 3646 138 3623 3624 3593 40 4061 4061 4061 4061 4061 4061 4061
76 1777302166 3551 3696 3668 3648 124 3624 3626 3594 40 4061 4060 4060 4060 4060 4060 4060
77 1777302166 3551 3696 3668 3647 130 3623 3625 3593 40 4061 4060 4060 4060 4060 4060 4060
78 1777302166 3552 3696 3669 3647 131 3624 3626 3594 40 4061 4060 4060 4060 4060 4060 4060
79 1777302166 3552 3696 3669 3648 142 3624 3626 3594 40 4061 4060 4060 4060 4060 4060 4060
80 1777302166 3551 3696 3667 3646 143 3622 3625 3593 40 4061 4060 4060 4060 4060 4060 4060
81 1777302166 3551 3695 3668 3647 146 3623 3626 3594 40 4061 4061 4061 4061 4061 4061 4061
82 1777302166 3551 3696 3668 3647 135 3623 3625 3593 40 4061 4060 4060 4060 4060 4060 4060
83 1777302166 3551 3696 3668 3647 141 3623 3625 3593 40 4061 4061 4061 4061 4061 4061 4061
84 1777302166 3551 3695 3668 3647 147 3623 3625 3593 40 4061 4060 4060 4060 4060 4060 4060
85 1777302167 3551 3695 3668 3647 150 3623 3625 3593 40 4061 4061 4061 4061 4061 4061 4061
86 1777302167 3551 3695 3668 3647 133 3623 3625 3593 40 4061 4061 4061 4061 4061 4061 4061
87 1777302167 3551 3696 3668 3647 131 3623 3626 3594 40 4060 4060 4060 4060 4060 4060 4060
88 1777302167 3550 3695 3668 3646 128 3622 3625 3594 40 4061 4061 4061 4061 4061 4061 4061
89 1777302167 3552 3697 3669 3648 124 3624 3626 3594 40 4061 4060 4060 4060 4060 4060 4060
90 1777302167 3552 3697 3669 3648 149 3624 3626 3594 40 4061 4061 4061 4061 4061 4061 4061
91 1777302167 3552 3696 3668 3647 148 3623 3626 3593 40 4061 4061 4061 4061 4061 4061 4061
92 1777302167 3551 3695 3668 3647 116 3624 3625 3593 40 4061 4060 4060 4060 4060 4060 4060
93 1777302167 3551 3695 3668 3646 133 3622 3624 3592 40 4061 4061 4061 4061 4061 4061 4061
94 1777302168 3552 3696 3669 3648 147 3623 3625 3593 40 4061 4060 4060 4060 4060 4060 4060
95 1777302168 3552 3696 3669 3648 140 3624 3626 3594 40 4061 4061 4061 4061 4061 4061 4061
96 1777302168 3553 3696 3669 3648 131 3624 3626 3594 40 4061 4061 4061 4061 4061 4061 4061
97 1777302168 3551 3696 3668 3647 148 3624 3626 3594 40 4061 4060 4060 4060 4060 4060 4060
98 1777302168 3551 3696 3668 3647 133 3622 3625 3593 40 4061 4061 4061 4061 4061 4061 4061
99 1777302168 3551 3695 3668 3647 148 3623 3625 3593 40 4061 4060 4060 4060 4060 4060 4060
100 1777302168 3551 3695 3668 3647 109 3624 3625 3593 40 4061 4061 4061 4061 4061 4061 4061
101 1777302168 3553 3698 3670 3649 155 3625 3626 3595 40 4061 4060 4060 4060 4060 4060 4060
102 1777302168 3551 3696 3669 3647 159 3624 3625 3594 40 4061 4060 4060 4060 4060 4060 4060
103 1777302168 3552 3697 3669 3648 140 3623 3626 3594 40 4061 4060 4060 4060 4060 4060 4060
104 1777302168 3551 3695 3667 3646 120 3622 3625 3593 40 4061 4060 4060 4060 4060 4060 4060
105 1777302168 3551 3696 3668 3647 150 3623 3626 3594 40 4059 4059 4059 4059 4059 4059 4059
106 1777302169 3551 3696 3668 3647 119 3623 3625 3593 40 4061 4060 4060 4060 4060 4060 4060
107 1777302169 3552 3696 3669 3648 132 3624 3626 3594 40 4061 4061 4061 4061 4061 4061 4061
108 1777302169 3553 3697 3670 3649 144 3625 3627 3595 40 4061 4061 4061 4061 4061 4061 4061
109 1777302169 3552 3697 3668 3647 131 3623 3625 3594 40 4061 4060 4060 4060 4060 4060 4060
110 1777302169 3551 3696 3668 3647 139 3624 3625 3593 40 4061 4061 4061 4061 4061 4061 4061
111 1777302169 3552 3696 3669 3648 146 3624 3626 3594 40 4061 4060 4060 4060 4060 4060 4060
112 1777302169 3552 3696 3668 3648 113 3624 3625 3594 40 4061 4061 4061 4061 4061 4061 4061
113 1777302169 3552 3696 3668 3648 131 3624 3626 3594 40 4061 4061 4061 4061 4061 4061 4061
114 1777302169 3553 3697 3670 3648 143 3625 3626 3595 40 4061 4060 4060 4060 4060 4060 4060
115 1777302170 3551 3696 3669 3647 145 3623 3626 3594 40 4061 4060 4060 4060 4060 4060 4060
116 1777302170 3554 3698 3670 3649 151 3626 3627 3595 40 4059 4059 4059 4059 4059 4059 4059
117 1777302170 3552 3696 3669 3648 110 3625 3626 3595 40 4061 4060 4060 4060 4060 4060 4060
118 1777302170 3553 3697 3669 3648 181 3624 3626 3594 40 4061 4060 4060 4060 4060 4060 4060
119 1777302170 3552 3698 3670 3649 145 3624 3626 3594 40 4061 4061 4061 4061 4061 4061 4061
120 1777302170 3552 3697 3669 3648 141 3624 3626 3594 40 4061 4060 4060 4060 4060 4060 4060
121 1777302170 3551 3696 3668 3647 143 3623 3625 3593 40 4061 4061 4061 4061 4061 4061 4061
122 1777302170 3551 3696 3668 3647 125 3623 3626 3593 40 4061 4061 4061 4061 4061 4061 4061
123 1777302170 3551 3696 3668 3648 136 3623 3626 3593 40 4061 4060 4060 4060 4060 4060 4060
124 1777302170 3551 3697 3669 3649 145 3625 3627 3595 40 4061 4061 4061 4061 4061 4061 4061
125 1777302170 3551 3696 3668 3649 172 3624 3626 3594 40 4059 4059 4059 4059 4059 4059 4059
126 1777302170 3551 3696 3668 3647 155 3624 3626 3594 40 4061 4061 4061 4061 4061 4061 4061
127 1777302170 3552 3697 3669 3648 132 3624 3626 3594 40 4061 4061 4061 4061 4061 4061 4061
128 1777302170 3552 3697 3669 3648 131 3624 3626 3594 40 4061 4061 4061 4061 4061 4061 4061
129 1777302171 3552 3696 3668 3647 127 3623 3626 3594 40 4061 4061 4061 4061 4061 4061 4061
130 1777302171 3551 3695 3667 3647 123 3623 3625 3593 40 4061 4061 4061 4061 4061 4061 4061
131 1777302171 3551 3696 3668 3647 137 3623 3626 3594 40 4061 4060 4060 4060 4060 4060 4060
132 1777302171 3552 3696 3669 3648 132 3624 3626 3594 40 4059 4059 4059 4059 4059 4059 4059
133 1777302171 3551 3695 3668 3647 150 3623 3626 3593 40 4060 4060 4060 4060 4060 4060 4060
134 1777302171 3552 3696 3669 3648 143 3624 3626 3594 40 4061 4061 4061 4061 4061 4061 4061
135 1777302171 3553 3697 3669 3648 125 3625 3627 3595 40 4061 4061 4061 4061 4061 4061 4061
136 1777302171 3551 3696 3669 3647 128 3622 3626 3594 40 4061 4061 4061 4061 4061 4061 4061
137 1777302172 3551 3695 3668 3647 142 3623 3625 3593 40 4061 4060 4060 4060 4060 4060 4060
138 1777302172 3552 3697 3670 3648 163 3624 3626 3594 40 4060 4060 4060 4060 4060 4060 4060
139 1777302172 3552 3697 3669 3648 141 3624 3626 3594 40 4061 4061 4061 4061 4061 4061 4061
140 1777302172 3552 3697 3669 3648 151 3625 3626 3594 40 4061 4060 4060 4060 4060 4060 4060
141 1777302172 3552 3697 3669 3648 148 3624 3626 3594 40 4061 4060 4060 4060 4060 4060 4060
142 1777302172 3552 3696 3668 3648 147 3624 3626 3594 40 4061 4060 4060 4060 4060 4060 4060
143 1777302172 3552 3697 3669 3648 117 3623 3626 3594 40 4061 4061 4061 4061 4061 4061 4061
144 1777302173 3552 3696 3669 3648 143 3624 3627 3595 40 4061 4060 4060 4060 4060 4060 4060
145 1777302173 3553 3697 3670 3649 146 3625 3627 3595 40 4060 4060 4060 4060 4060 4060 4060
146 1777302173 3552 3697 3669 3648 123 3624 3626 3595 40 4060 4060 4060 4060 4060 4060 4060
147 1777302173 3552 3697 3669 3648 144 3624 3626 3594 40 4061 4060 4060 4060 4060 4060 4060
148 1777302173 3552 3696 3669 3647 143 3624 3626 3594 40 4061 4060 4060 4060 4060 4060 4060
149 1777302173 3553 3698 3670 3649 142 3625 3627 3595 40 4061 4061 4061 4061 4061 4061 4061
150 1777302173 3552 3697 3669 3649 127 3624 3627 3594 40 4061 4061 4061 4061 4061 4061 4061
151 1777302173 3552 3697 3670 3648 110 3625 3627 3594 40 4061 4060 4060 4060 4060 4060 4060
152 1777302173 3552 3697 3669 3648 131 3624 3626 3595 40 4061 4060 4060 4060 4060 4060 4060
153 1777302173 3553 3697 3670 3649 137 3625 3627 3595 40 4061 4061 4061 4061 4061 4061 4061
154 1777302173 3551 3696 3669 3648 115 3624 3625 3594 40 4061 4061 4061 4061 4061 4061 4061
155 1777302173 3552 3697 3669 3648 114 3624 3626 3594 40 4061 4060 4060 4060 4060 4060 4060
156 1777302173 3551 3696 3669 3647 143 3624 3626 3595 40 4061 4061 4061 4061 4061 4061 4061
157 1777302173 3552 3697 3669 3648 155 3624 3627 3595 40 4061 4060 4060 4060 4060 4060 4060
158 1777302173 3552 3696 3669 3648 137 3624 3626 3595 40 4061 4060 4060 4060 4060 4060 4060
159 1777302174 3552 3696 3668 3648 125 3624 3625 3593 40 4061 4061 4061 4061 4061 4061 4061
160 1777302174 3552 3696 3669 3648 140 3624 3626 3595 40 4061 4061 4061 4061 4061 4061 4061
161 1777302174 3551 3696 3669 3648 127 3624 3626 3594 40 4061 4060 4060 4060 4060 4060 4060
162 1777302174 3552 3696 3669 3648 125 3624 3626 3594 40 4061 4061 4061 4061 4061 4061 4061
163 1777302174 3552 3697 3669 3648 140 3624 3626 3594 40 4061 4061 4061 4061 4061 4061 4061
164 1777302174 3553 3697 3669 3648 151 3624 3626 3594 40 4061 4061 4061 4061 4061 4061 4061
165 1777302174 3553 3697 3670 3649 116 3625 3627 3595 40 4061 4060 4060 4060 4060 4060 4060
166 1777302175 3553 3698 3670 3649 140 3624 3626 3595 40 4061 4061 4061 4061 4061 4061 4061
167 1777302175 3552 3696 3669 3648 120 3623 3626 3594 40 4061 4060 4060 4060 4060 4060 4060
168 1777302175 3552 3697 3669 3648 143 3624 3626 3594 40 4063 4062 4062 4062 4062 4062 4062
169 1777302175 3553 3697 3670 3649 143 3625 3627 3595 40 4060 4060 4060 4060 4060 4060 4060
170 1777302175 3551 3696 3668 3647 146 3624 3626 3594 40 4061 4061 4061 4061 4061 4061 4061
171 1777302175 3552 3696 3670 3648 147 3624 3626 3595 40 4061 4060 4060 4060 4060 4060 4060
172 1777302175 3551 3696 3669 3647 120 3624 3625 3594 40 4061 4061 4061 4061 4061 4061 4061
173 1777302175 3553 3698 3669 3648 126 3625 3627 3594 40 4061 4061 4061 4061 4061 4061 4061
174 1777302176 3552 3697 3669 3649 137 3624 3626 3595 40 4061 4061 4061 4061 4061 4061 4061
175 1777302176 3553 3697 3670 3649 141 3625 3627 3595 40 4061 4061 4061 4061 4061 4061 4061
176 1777302176 3553 3698 3670 3649 143 3626 3627 3595 40 4061 4061 4061 4061 4061 4061 4061
177 1777302176 3553 3698 3670 3649 159 3625 3627 3595 40 4061 4061 4061 4061 4061 4061 4061
178 1777302176 3552 3697 3669 3649 131 3625 3627 3595 40 4060 4060 4060 4060 4060 4060 4060
179 1777302176 3553 3698 3670 3649 152 3625 3627 3595 40 4061 4060 4060 4060 4060 4060 4060
180 1777302176 3552 3697 3669 3648 139 3624 3626 3594 40 4061 4061 4061 4061 4061 4061 4061
181 1777302176 3552 3696 3669 3648 134 3625 3626 3595 40 4061 4060 4060 4060 4060 4060 4060
182 1777302176 3552 3697 3669 3648 144 3624 3626 3594 40 4060 4060 4060 4060 4060 4060 4060
183 1777302176 3552 3697 3670 3649 141 3625 3627 3595 40 4061 4060 4060 4060 4060 4060 4060
184 1777302177 3552 3697 3669 3648 151 3624 3627 3594 40 4061 4061 4061 4061 4061 4061 4061
185 1777302177 3553 3698 3669 3648 115 3625 3627 3594 40 4061 4060 4060 4060 4060 4060 4060
186 1777302177 3551 3696 3669 3647 120 3624 3626 3594 40 4061 4061 4061 4061 4061 4061 4061
187 1777302177 3552 3697 3669 3648 121 3624 3627 3594 40 4061 4061 4061 4061 4061 4061 4061
188 1777302177 3552 3696 3669 3649 134 3625 3627 3595 40 4061 4061 4061 4061 4061 4061 4061
189 1777302177 3554 3698 3670 3650 144 3625 3627 3595 40 4061 4060 4060 4060 4060 4060 4060
190 1777302177 3553 3698 3670 3649 141 3625 3627 3595 40 4061 4060 4060 4060 4060 4060 4060
191 1777302177 3553 3697 3670 3649 136 3625 3627 3595 40 4061 4061 4061 4061 4061 4061 4061
192 1777302177 3553 3698 3670 3649 168 3624 3626 3594 40 4061 4061 4061 4061 4061 4061 4061
193 1777302177 3554 3698 3670 3650 142 3625 3627 3595 40 4061 4061 4061 4061 4061 4061 4061
194 1777302177 3553 3697 3670 3649 140 3626 3627 3596 40 4061 4061 4061 4061 4061 4061 4061
195 1777302177 3553 3698 3670 3650 146 3626 3628 3596 40 4061 4060 4060 4060 4060 4060 4060
196 1777302177 3552 3697 3669 3648 145 3624 3627 3595 40 4061 4061 4061 4061 4061 4061 4061
197 1777302178 3553 3698 3670 3649 136 3625 3627 3595 40 4061 4060 4060 4060 4060 4060 4060
198 1777302178 3553 3697 3669 3649 125 3624 3627 3595 40 4061 4061 4061 4061 4061 4061 4061
199 1777302178 3553 3698 3670 3648 132 3623 3627 3595 40 4061 4060 4060 4060 4060 4060 4060
200 1777302178 3553 3697 3670 3649 141 3625 3626 3595 40 4061 4061 4061 4061 4061 4061 4061
201 1777302178 3552 3697 3670 3649 128 3625 3627 3595 40 4061 4060 4060 4060 4060 4060 4060
202 1777302179 3552 3697 3669 3648 117 3624 3626 3594 40 4061 4060 4060 4060 4060 4060 4060
203 1777302179 3553 3698 3670 3649 143 3625 3627 3595 40 4061 4061 4061 4061 4061 4061 4061
204 1777302179 3553 3698 3670 3649 148 3625 3627 3595 40 4061 4060 4060 4060 4060 4060 4060
205 1777302179 3552 3697 3669 3648 152 3624 3626 3594 40 4061 4061 4061 4061 4061 4061 4061
206 1777302179 3554 3699 3671 3650 133 3626 3628 3596 40 4061 4061 4061 4061 4061 4061 4061
207 1777302179 3553 3698 3670 3649 129 3625 3627 3595 40 4061 4061 4061 4061 4061 4061 4061
208 1777302179 3552 3697 3669 3648 136 3625 3627 3595 40 4060 4060 4060 4060 4060 4060 4060
209 1777302179 3552 3697 3669 3648 145 3624 3626 3594 40 4061 4060 4060 4060 4060 4060 4060
210 1777302179 3552 3697 3669 3648 155 3624 3626 3594 40 4061 4061 4061 4061 4061 4061 4061
211 1777302179 3552 3697 3669 3648 133 3625 3627 3595 40 4061 4061 4061 4061 4061 4061 4061
212 1777302179 3552 3697 3669 3648 148 3624 3626 3595 40 4061 4060 4060 4060 4060 4060 4060
213 1777302180 3552 3696 3669 3648 154 3624 3627 3595 40 4061 4060 4060 4060 4060 4060 4060
214 1777302180 3552 3697 3669 3649 137 3624 3627 3595 40 4061 4060 4060 4060 4060 4060 4060
215 1777302180 3553 3698 3670 3649 144 3625 3627 3595 40 4061 4060 4060 4060 4060 4060 4060
216 1777302180 3553 3697 3669 3648 135 3624 3627 3595 40 4061 4060 4060 4060 4060 4060 4060
217 1777302180 3553 3697 3669 3648 150 3624 3627 3595 40 4061 4061 4061 4061 4061 4061 4061
218 1777302181 3553 3697 3669 3649 151 3624 3627 3595 40 4061 4060 4060 4060 4060 4060 4060
219 1777302181 3553 3698 3670 3649 141 3625 3627 3596 40 4061 4061 4061 4061 4061 4061 4061
220 1777302181 3553 3698 3670 3649 150 3625 3627 3595 40 4060 4060 4060 4060 4060 4060 4060
221 1777302181 3553 3698 3670 3649 138 3625 3627 3595 40 4061 4061 4061 4061 4061 4061 4061
222 1777302181 3553 3697 3669 3649 120 3624 3626 3594 40 4061 4060 4060 4060 4060 4060 4060
223 1777302181 3553 3698 3670 3649 156 3625 3627 3595 40 4061 4061 4061 4061 4061 4061 4061
224 1777302181 3553 3697 3670 3649 136 3624 3627 3595 40 4061 4061 4061 4061 4061 4061 4061
225 1777302181 3553 3697 3670 3649 129 3625 3627 3595 40 4061 4061 4061 4061 4061 4061 4061
226 1777302181 3553 3697 3669 3649 157 3625 3627 3595 40 4061 4061 4061 4061 4061 4061 4061
227 1777302182 3553 3698 3670 3649 119 3625 3627 3596 40 4061 4060 4060 4060 4060 4060 4060
228 1777302182 3553 3698 3669 3649 131 3625 3627 3595 40 4061 4060 4060 4060 4060 4060 4060
229 1777302182 3552 3697 3670 3649 120 3625 3628 3595 40 4061 4061 4061 4061 4061 4061 4061
230 1777302182 3553 3698 3671 3649 157 3624 3627 3596 40 4061 4060 4060 4060 4060 4060 4060
231 1777302182 3552 3697 3669 3649 146 3625 3627 3595 40 4061 4061 4061 4061 4061 4061 4061
232 1777302182 3553 3697 3670 3649 135 3625 3627 3595 40 4061 4060 4060 4060 4060 4060 4060
233 1777302182 3554 3699 3671 3650 154 3626 3628 3596 40 4061 4060 4060 4060 4060 4060 4060
234 1777302182 3553 3698 3670 3649 129 3624 3627 3595 40 4061 4061 4061 4061 4061 4061 4061
235 1777302182 3553 3698 3670 3649 125 3625 3628 3595 40 4061 4061 4061 4061 4061 4061 4061
236 1777302183 3553 3697 3670 3648 119 3625 3627 3595 40 4061 4060 4060 4060 4060 4060 4060
237 1777302183 3552 3697 3669 3648 138 3624 3626 3594 40 4061 4061 4061 4061 4061 4061 4061
238 1777302183 3553 3697 3670 3649 144 3624 3627 3595 40 4061 4061 4061 4061 4061 4061 4061
239 1777302183 3551 3696 3668 3647 222 3623 3625 3594 40 4061 4061 4061 4061 4061 4061 4061
240 1777302183 3551 3695 3668 3647 139 3623 3625 3592 40 4061 4061 4061 4061 4061 4061 4061
241 1777302183 3551 3696 3668 3647 145 3623 3625 3593 40 4061 4061 4061 4061 4061 4061 4061
242 1777302183 3551 3695 3667 3646 120 3623 3625 3593 40 4061 4061 4061 4061 4061 4061 4061
243 1777302183 3553 3698 3670 3649 151 3625 3627 3595 40 4061 4060 4060 4060 4060 4060 4060
244 1777302183 3552 3696 3669 3647 149 3624 3625 3593 40 4061 4060 4060 4060 4060 4060 4060
245 1777302183 3551 3696 3668 3647 150 3623 3625 3593 40 4061 4060 4060 4060 4060 4060 4060
246 1777302183 3552 3696 3668 3648 152 3624 3626 3594 40 4061 4061 4061 4061 4061 4061 4061
247 1777302183 3551 3696 3668 3647 128 3623 3625 3593 40 4061 4061 4061 4061 4061 4061 4061
248 1777302184 3552 3696 3669 3648 135 3624 3626 3594 40 4061 4060 4060 4060 4060 4060 4060
249 1777302184 3552 3697 3668 3648 129 3624 3626 3594 40 4061 4061 4061 4061 4061 4061 4061
250 1777302184 3552 3697 3669 3648 130 3624 3626 3594 40 4061 4061 4061 4061 4061 4061 4061
251 1777302184 3551 3695 3668 3647 138 3623 3625 3593 40 4061 4061 4061 4061 4061 4061 4061
252 1777302184 3552 3696 3669 3648 119 3624 3626 3595 40 4061 4061 4061 4061 4061 4061 4061
253 1777302184 3551 3696 3669 3648 146 3624 3626 3594 40 4061 4061 4061 4061 4061 4061 4061
254 1777302184 3552 3697 3668 3648 138 3624 3626 3594 40 4061 4060 4060 4060 4060 4060 4060
255 1777302184 3552 3696 3668 3648 150 3623 3625 3594 40 4061 4061 4061 4061 4061 4061 4061
256 1777302184 3552 3696 3668 3647 160 3624 3625 3593 40 4061 4060 4060 4060 4060 4060 4060
257 1777302184 3552 3697 3669 3648 169 3625 3626 3595 40 4061 4061 4061 4061 4061 4061 4061
258 1777302184 3552 3696 3668 3648 159 3623 3625 3594 40 4060 4060 4060 4060 4060 4060 4060
259 1777302185 3551 3696 3668 3647 124 3623 3626 3593 40 4061 4061 4061 4061 4061 4061 4061
260 1777302185 3552 3697 3669 3648 128 3624 3626 3594 40 4061 4060 4060 4060 4060 4060 4060
261 1777302185 3552 3697 3669 3648 161 3624 3626 3594 40 4061 4061 4061 4061 4061 4061 4061
262 1777302185 3552 3696 3668 3648 130 3624 3626 3593 40 4061 4060 4060 4060 4060 4060 4060
263 1777302185 3552 3697 3669 3648 148 3623 3626 3594 40 4061 4060 4060 4060 4060 4060 4060
264 1777302185 3552 3697 3669 3648 147 3624 3626 3595 40 4061 4061 4061 4061 4061 4061 4061
265 1777302185 3552 3696 3668 3648 137 3624 3626 3594 40 4061 4060 4060 4060 4060 4060 4060
266 1777302185 3551 3696 3668 3647 117 3623 3626 3593 40 4061 4061 4061 4061 4061 4061 4061
267 1777302185 3552 3697 3669 3649 124 3625 3627 3594 40 4061 4060 4060 4060 4060 4060 4060
268 1777302185 3553 3697 3669 3648 135 3624 3626 3594 40 4061 4061 4061 4061 4061 4061 4061
269 1777302185 3552 3697 3669 3648 130 3624 3625 3594 40 4061 4060 4060 4060 4060 4060 4060
270 1777302186 3552 3697 3669 3648 130 3623 3625 3594 40 4061 4061 4061 4061 4061 4061 4061
271 1777302186 3552 3696 3668 3647 156 3623 3626 3594 40 4061 4061 4061 4061 4061 4061 4061
272 1777302186 3552 3696 3669 3648 143 3624 3626 3594 40 4061 4061 4061 4061 4061 4061 4061
273 1777302186 3551 3696 3668 3647 139 3623 3626 3594 40 4061 4061 4061 4061 4061 4061 4061
274 1777302186 3552 3697 3669 3648 133 3624 3626 3594 40 4061 4061 4061 4061 4061 4061 4061
275 1777302186 3553 3698 3670 3649 164 3625 3627 3595 40 4061 4061 4061 4061 4061 4061 4061
276 1777302186 3552 3697 3669 3648 124 3624 3626 3594 40 4061 4060 4060 4060 4060 4060 4060
277 1777302186 3552 3697 3669 3648 156 3625 3626 3595 40 4061 4060 4060 4060 4060 4060 4060
278 1777302186 3552 3697 3669 3648 137 3624 3626 3595 40 4061 4061 4061 4061 4061 4061 4061
279 1777302187 3551 3696 3668 3647 114 3623 3625 3594 40 4061 4061 4061 4061 4061 4061 4061
280 1777302187 3552 3697 3669 3648 135 3624 3626 3594 40 4061 4061 4061 4061 4061 4061 4061
281 1777302187 3552 3696 3669 3647 121 3623 3626 3594 40 4061 4060 4060 4060 4060 4060 4060
282 1777302187 3552 3697 3669 3648 141 3624 3626 3595 40 4061 4060 4060 4060 4060 4060 4060
283 1777302187 3551 3696 3668 3647 114 3623 3625 3593 40 4061 4060 4060 4060 4060 4060 4060
284 1777302187 3551 3696 3668 3647 169 3624 3626 3594 40 4061 4060 4060 4060 4060 4060 4060
285 1777302187 3552 3697 3669 3648 133 3624 3626 3594 40 4061 4061 4061 4061 4061 4061 4061
286 1777302188 3551 3695 3668 3647 155 3623 3625 3594 40 4061 4061 4061 4061 4061 4061 4061
287 1777302188 3552 3696 3668 3648 128 3623 3626 3593 40 4061 4060 4060 4060 4060 4060 4060
288 1777302188 3552 3697 3670 3649 155 3624 3626 3595 40 4061 4061 4061 4061 4061 4061 4061
289 1777302188 3550 3695 3667 3646 157 3623 3625 3593 40 4061 4061 4061 4061 4061 4061 4061
290 1777302188 3551 3696 3668 3647 166 3623 3626 3593 40 4061 4060 4060 4060 4060 4060 4060
291 1777302189 3551 3695 3668 3647 152 3623 3625 3594 40 4061 4061 4061 4061 4061 4061 4061
292 1777302189 3551 3696 3669 3647 143 3623 3625 3594 40 4061 4061 4061 4061 4061 4061 4061
293 1777302189 3551 3696 3669 3647 147 3624 3626 3594 40 4061 4061 4061 4061 4061 4061 4061
294 1777302189 3553 3697 3669 3648 150 3624 3626 3595 40 4060 4060 4060 4060 4060 4060 4060
295 1777302189 3552 3696 3668 3647 149 3623 3626 3594 40 4061 4061 4061 4061 4061 4061 4061
296 1777302190 3552 3697 3669 3648 131 3625 3627 3595 40 4061 4061 4061 4061 4061 4061 4061
297 1777302190 3553 3697 3670 3649 129 3625 3627 3595 40 4061 4060 4060 4060 4060 4060 4060
298 1777302190 3553 3697 3669 3649 133 3624 3626 3595 40 4061 4060 4060 4060 4060 4060 4060
299 1777302190 3552 3697 3669 3649 110 3625 3626 3594 40 4061 4060 4060 4060 4060 4060 4060
300 1777302190 3552 3696 3669 3648 164 3624 3626 3594 40 4063 4062 4062 4062 4062 4062 4062
301 1777302190 3552 3696 3669 3648 127 3624 3626 3594 40 4061 4061 4061 4061 4061 4061 4061
302 1777302190 3552 3697 3669 3648 161 3624 3627 3595 40 4060 4060 4060 4060 4060 4060 4060
303 1777302190 3552 3696 3669 3648 122 3623 3626 3594 40 4061 4060 4060 4060 4060 4060 4060
304 1777302191 3551 3696 3669 3647 143 3624 3626 3594 40 4061 4061 4061 4061 4061 4061 4061
305 1777302191 3552 3696 3668 3647 120 3624 3625 3594 40 4061 4060 4060 4060 4060 4060 4060
306 1777302191 3552 3697 3669 3648 139 3624 3626 3594 40 4061 4060 4060 4060 4060 4060 4060
307 1777302191 3552 3696 3669 3648 162 3623 3626 3594 40 4061 4061 4061 4061 4061 4061 4061
308 1777302191 3552 3697 3669 3648 134 3625 3626 3595 40 4061 4061 4061 4061 4061 4061 4061
309 1777302191 3552 3697 3669 3648 130 3625 3626 3594 40 4061 4060 4060 4060 4060 4060 4060
310 1777302191 3552 3697 3669 3648 143 3624 3626 3594 40 4061 4061 4061 4061 4061 4061 4061
311 1777302191 3554 3698 3670 3649 148 3625 3628 3596 40 4060 4060 4060 4060 4060 4060 4060
312 1777302191 3553 3697 3670 3649 130 3625 3627 3595 40 4061 4061 4061 4061 4061 4061 4061
313 1777302191 3552 3696 3669 3648 134 3625 3626 3595 40 4061 4060 4060 4060 4060 4060 4060
314 1777302191 3551 3696 3668 3648 141 3624 3626 3594 40 4061 4060 4060 4060 4060 4060 4060
315 1777302191 3552 3696 3669 3648 146 3624 3626 3594 40 4061 4061 4061 4061 4061 4061 4061
316 1777302191 3552 3696 3669 3648 131 3624 3626 3594 40 4061 4061 4061 4061 4061 4061 4061
317 1777302191 3552 3697 3669 3648 130 3624 3626 3595 40 4060 4060 4060 4060 4060 4060 4060
318 1777302192 3551 3695 3668 3647 146 3624 3625 3594 40 4061 4061 4061 4061 4061 4061 4061
319 1777302192 3552 3697 3669 3649 136 3625 3627 3595 40 4061 4061 4061 4061 4061 4061 4061
320 1777302192 3552 3696 3669 3648 138 3624 3626 3594 40 4061 4061 4061 4061 4061 4061 4061
321 1777302192 3552 3696 3668 3647 143 3624 3626 3594 40 4061 4061 4061 4061 4061 4061 4061
322 1777302192 3553 3697 3669 3649 136 3625 3627 3595 40 4061 4061 4061 4061 4061 4061 4061
323 1777302192 3552 3697 3669 3648 144 3625 3627 3595 40 4061 4061 4061 4061 4061 4061 4061
324 1777302192 3553 3698 3670 3648 158 3625 3627 3595 40 4061 4060 4060 4060 4060 4060 4060
325 1777302192 3552 3697 3669 3648 159 3624 3626 3595 40 4061 4060 4060 4060 4060 4060 4060
326 1777302192 3552 3697 3669 3649 151 3624 3626 3594 40 4061 4061 4061 4061 4061 4061 4061
327 1777302192 3552 3697 3668 3648 143 3623 3626 3595 40 4061 4061 4061 4061 4061 4061 4061
328 1777302192 3551 3696 3669 3648 154 3622 3625 3594 40 4061 4060 4060 4060 4060 4060 4060
329 1777302192 3552 3697 3670 3649 134 3625 3626 3594 40 4061 4060 4060 4060 4060 4060 4060
330 1777302192 3552 3697 3669 3648 141 3625 3626 3595 40 4061 4060 4060 4060 4060 4060 4060
331 1777302192 3552 3696 3669 3648 132 3624 3627 3595 40 4061 4060 4060 4060 4060 4060 4060
332 1777302192 3552 3696 3669 3648 138 3624 3626 3594 40 4061 4061 4061 4061 4061 4061 4061
333 1777302192 3552 3696 3669 3648 127 3625 3627 3595 40 4061 4060 4060 4060 4060 4060 4060
334 1777302192 3551 3696 3668 3648 145 3624 3625 3593 40 4061 4060 4060 4060 4060 4060 4060
335 1777302192 3552 3697 3669 3649 168 3625 3627 3595 40 4061 4061 4061 4061 4061 4061 4061
336 1777302192 3552 3697 3669 3648 133 3624 3626 3595 40 4061 4061 4061 4061 4061 4061 4061
337 1777302192 3554 3698 3671 3650 162 3626 3628 3596 40 4061 4061 4061 4061 4061 4061 4061
338 1777302192 3553 3698 3671 3650 137 3626 3628 3596 40 4061 4060 4060 4060 4060 4060 4060
339 1777302193 3553 3698 3670 3649 143 3625 3627 3595 40 4061 4061 4061 4061 4061 4061 4061
340 1777302193 3553 3697 3669 3649 139 3625 3627 3595 40 4061 4061 4061 4061 4061 4061 4061
341 1777302193 3552 3697 3669 3648 122 3624 3626 3594 40 4061 4060 4060 4060 4060 4060 4060
342 1777302193 3553 3697 3670 3649 153 3624 3627 3595 40 4061 4061 4061 4061 4061 4061 4061
343 1777302193 3552 3697 3669 3648 142 3625 3627 3595 40 4061 4061 4061 4061 4061 4061 4061
344 1777302193 3552 3697 3669 3648 128 3624 3626 3594 40 4061 4060 4060 4060 4060 4060 4060
345 1777302193 3553 3697 3670 3648 137 3625 3626 3595 40 4061 4061 4061 4061 4061 4061 4061
346 1777302193 3552 3697 3669 3648 149 3624 3627 3595 40 4061 4060 4060 4060 4060 4060 4060
347 1777302193 3553 3697 3669 3648 126 3624 3627 3595 40 4063 4062 4062 4062 4062 4062 4062
348 1777302193 3552 3697 3669 3648 115 3625 3627 3595 40 4061 4061 4061 4061 4061 4061 4061
349 1777302194 3553 3697 3669 3648 132 3625 3626 3595 40 4061 4061 4061 4061 4061 4061 4061
350 1777302194 3552 3697 3669 3648 148 3624 3627 3594 40 4061 4060 4060 4060 4060 4060 4060
351 1777302194 3553 3697 3669 3648 133 3624 3626 3595 40 4061 4061 4061 4061 4061 4061 4061
352 1777302194 3552 3697 3669 3648 127 3624 3626 3594 40 4061 4060 4060 4060 4060 4060 4060
353 1777302194 3554 3698 3671 3649 120 3625 3628 3596 40 4060 4060 4060 4060 4060 4060 4060
354 1777302194 3552 3697 3669 3648 141 3624 3626 3594 40 4060 4060 4060 4060 4060 4060 4060
355 1777302194 3554 3698 3671 3650 140 3626 3628 3596 40 4061 4060 4060 4060 4060 4060 4060
356 1777302194 3553 3697 3669 3649 128 3625 3626 3595 40 4061 4060 4060 4060 4060 4060 4060
357 1777302194 3554 3698 3671 3650 141 3625 3628 3596 40 4061 4061 4061 4061 4061 4061 4061
358 1777302194 3554 3698 3670 3649 130 3624 3627 3595 40 4061 4061 4061 4061 4061 4061 4061
359 1777302194 3553 3697 3670 3649 152 3625 3627 3595 40 4061 4060 4060 4060 4060 4060 4060
360 1777302195 3553 3698 3669 3649 135 3624 3627 3595 40 4061 4061 4061 4061 4061 4061 4061
361 1777302195 3553 3697 3670 3649 136 3625 3627 3595 40 4061 4060 4060 4060 4060 4060 4060
362 1777302195 3553 3697 3670 3649 140 3625 3627 3595 40 4061 4060 4060 4060 4060 4060 4060
363 1777302195 3552 3696 3669 3648 154 3625 3627 3595 40 4061 4060 4060 4060 4060 4060 4060
364 1777302195 3553 3698 3670 3649 131 3626 3628 3595 40 4061 4061 4061 4061 4061 4061 4061
365 1777302195 3553 3698 3671 3650 146 3626 3629 3597 40 4061 4060 4060 4060 4060 4060 4060
366 1777302195 3552 3697 3669 3649 131 3624 3627 3594 40 4061 4061 4061 4061 4061 4061 4061
367 1777302195 3553 3697 3670 3649 103 3625 3627 3595 40 4061 4061 4061 4061 4061 4061 4061
368 1777302196 3554 3698 3671 3649 154 3625 3627 3595 40 4061 4061 4061 4061 4061 4061 4061
369 1777302196 3553 3698 3670 3649 126 3625 3627 3595 40 4061 4060 4060 4060 4060 4060 4060
370 1777302196 3553 3697 3669 3648 173 3624 3626 3594 40 4061 4061 4061 4061 4061 4061 4061
371 1777302196 3553 3697 3670 3649 162 3625 3627 3595 40 4061 4061 4061 4061 4061 4061 4061
372 1777302196 3553 3697 3669 3649 151 3625 3626 3595 40 4061 4060 4060 4060 4060 4060 4060
373 1777302196 3553 3698 3670 3649 156 3625 3627 3595 40 4061 4061 4061 4061 4061 4061 4061
374 1777302196 3553 3697 3669 3649 148 3624 3627 3595 40 4061 4060 4060 4060 4060 4060 4060
375 1777302196 3553 3697 3670 3649 130 3625 3627 3594 40 4061 4060 4060 4060 4060 4060 4060
376 1777302196 3553 3698 3670 3649 137 3626 3628 3596 40 4061 4061 4061 4061 4061 4061 4061
377 1777302196 3553 3697 3670 3649 140 3625 3627 3595 40 4060 4060 4060 4060 4060 4060 4060
378 1777302197 3553 3698 3669 3649 145 3625 3627 3595 40 4060 4060 4060 4060 4060 4060 4060
379 1777302197 3554 3699 3671 3650 140 3627 3629 3597 40 4060 4060 4060 4060 4060 4060 4060
380 1777302197 3554 3699 3670 3649 127 3626 3627 3596 40 4061 4060 4060 4060 4060 4060 4060
381 1777302197 3552 3697 3669 3648 142 3624 3626 3594 40 4061 4061 4061 4061 4061 4061 4061
382 1777302197 3552 3697 3669 3649 145 3624 3627 3595 40 4061 4060 4060 4060 4060 4060 4060
383 1777302197 3554 3699 3671 3650 136 3626 3628 3596 40 4061 4061 4061 4061 4061 4061 4061
384 1777302197 3553 3698 3671 3649 143 3626 3627 3595 40 4061 4061 4061 4061 4061 4061 4061
385 1777302197 3553 3697 3670 3649 136 3625 3627 3595 40 4061 4061 4061 4061 4061 4061 4061
386 1777302197 3553 3697 3670 3649 140 3625 3627 3595 40 4060 4060 4060 4060 4060 4060 4060
387 1777302197 3552 3697 3670 3649 124 3625 3627 3595 40 4061 4060 4060 4060 4060 4060 4060
388 1777302197 3553 3698 3671 3649 117 3625 3627 3595 40 4060 4060 4060 4060 4060 4060 4060
389 1777302198 3553 3697 3670 3649 138 3625 3627 3595 40 4061 4060 4060 4060 4060 4060 4060
390 1777302198 3553 3697 3670 3649 126 3624 3628 3595 40 4061 4061 4061 4061 4061 4061 4061
391 1777302198 3553 3698 3670 3648 120 3625 3627 3595 40 4061 4060 4060 4060 4060 4060 4060
392 1777302198 3554 3698 3670 3650 133 3625 3627 3595 40 4061 4061 4061 4061 4061 4061 4061
393 1777302198 3553 3697 3669 3648 142 3624 3626 3594 40 4061 4061 4061 4061 4061 4061 4061
394 1777302198 3554 3698 3670 3649 119 3625 3627 3595 40 4062 4062 4062 4062 4062 4062 4062
395 1777302199 3553 3698 3670 3649 133 3625 3627 3595 40 4061 4061 4061 4061 4061 4061 4061
396 1777302199 3553 3698 3670 3649 141 3626 3627 3596 40 4061 4060 4060 4060 4060 4060 4060
397 1777302199 3553 3698 3670 3649 136 3625 3628 3595 40 4061 4061 4061 4061 4061 4061 4061
398 1777302199 3553 3697 3670 3649 150 3625 3628 3595 40 4060 4060 4060 4060 4060 4060 4060
399 1777302199 3554 3698 3671 3650 133 3626 3628 3596 40 4061 4061 4061 4061 4061 4061 4061
400 1777302199 3552 3697 3669 3648 145 3624 3626 3595 40 4061 4061 4061 4061 4061 4061 4061
401 1777302199 3554 3698 3671 3650 153 3626 3629 3597 40 4061 4061 4061 4061 4061 4061 4061
402 1777302199 3553 3697 3670 3649 141 3625 3627 3595 40 4061 4061 4061 4061 4061 4061 4061
403 1777302199 3552 3696 3669 3648 134 3624 3627 3595 40 4061 4061 4061 4061 4061 4061 4061
404 1777302199 3554 3698 3671 3650 141 3626 3627 3595 40 4061 4060 4060 4060 4060 4060 4060
405 1777302199 3553 3698 3670 3649 146 3625 3627 3595 40 4061 4061 4061 4061 4061 4061 4061
406 1777302199 3553 3698 3670 3649 133 3624 3627 3595 40 4061 4060 4060 4060 4060 4060 4060
407 1777302200 3553 3698 3670 3649 134 3625 3627 3595 40 4061 4061 4061 4061 4061 4061 4061
408 1777302200 3553 3698 3671 3649 131 3626 3627 3596 40 4060 4060 4060 4060 4060 4060 4060
409 1777302200 3553 3697 3670 3649 123 3625 3627 3595 40 4061 4061 4061 4061 4061 4061 4061
410 1777302200 3552 3697 3669 3648 161 3624 3627 3595 40 4060 4060 4060 4060 4060 4060 4060
411 1777302200 3553 3698 3670 3649 157 3625 3628 3596 40 4061 4061 4061 4061 4061 4061 4061
412 1777302200 3553 3697 3670 3649 156 3625 3627 3595 40 4061 4060 4060 4060 4060 4060 4060
413 1777302200 3553 3698 3670 3650 150 3625 3628 3596 40 4061 4061 4061 4061 4061 4061 4061
414 1777302200 3553 3697 3669 3649 125 3624 3627 3595 40 4061 4061 4061 4061 4061 4061 4061
415 1777302200 3553 3698 3670 3649 144 3625 3628 3596 40 4061 4061 4061 4061 4061 4061 4061
416 1777302200 3553 3697 3669 3649 167 3625 3627 3595 40 4061 4061 4061 4061 4061 4061 4061
417 1777302201 3553 3697 3670 3649 151 3625 3627 3596 40 4061 4061 4061 4061 4061 4061 4061
418 1777302201 3553 3697 3670 3649 134 3625 3627 3596 40 4061 4060 4060 4060 4060 4060 4060
419 1777302201 3553 3697 3669 3649 159 3624 3627 3595 40 4061 4061 4061 4061 4061 4061 4061
420 1777302201 3553 3698 3670 3649 129 3625 3627 3595 40 4061 4061 4061 4061 4061 4061 4061
421 1777302201 3554 3698 3671 3650 120 3625 3628 3596 40 4061 4061 4061 4061 4061 4061 4061
422 1777302201 3554 3698 3671 3650 124 3626 3628 3596 40 4061 4061 4061 4061 4061 4061 4061
423 1777302201 3554 3698 3670 3649 126 3625 3627 3596 40 4060 4060 4060 4060 4060 4060 4060
424 1777302201 3554 3699 3671 3650 167 3626 3628 3596 40 4061 4060 4060 4060 4060 4060 4060
425 1777302201 3553 3698 3670 3649 148 3625 3627 3595 40 4061 4061 4061 4061 4061 4061 4061
426 1777302201 3554 3699 3672 3651 124 3627 3629 3597 40 4063 4062 4062 4062 4062 4062 4062
427 1777302201 3552 3697 3669 3648 104 3624 3626 3595 40 4061 4061 4061 4061 4061 4061 4061
428 1777302201 3553 3697 3669 3649 138 3624 3627 3595 40 4061 4060 4060 4060 4060 4060 4060
429 1777302201 3553 3698 3670 3650 140 3625 3627 3596 40 4061 4061 4061 4061 4061 4061 4061
430 1777302201 3554 3698 3671 3649 146 3626 3628 3596 40 4061 4060 4060 4060 4060 4060 4060
431 1777302201 3553 3698 3670 3649 116 3627 3628 3596 40 4061 4060 4060 4060 4060 4060 4060
432 1777302201 3553 3698 3671 3650 129 3626 3627 3595 40 4060 4060 4060 4060 4060 4060 4060
433 1777302202 3553 3697 3670 3649 132 3625 3627 3595 40 4061 4060 4060 4060 4060 4060 4060
434 1777302202 3552 3697 3670 3649 144 3624 3627 3595 40 4061 4061 4061 4061 4061 4061 4061
435 1777302202 3552 3697 3669 3648 147 3625 3627 3595 40 4061 4060 4060 4060 4060 4060 4060
436 1777302202 3554 3698 3670 3649 145 3626 3627 3595 40 4061 4061 4061 4061 4061 4061 4061
437 1777302202 3552 3697 3669 3648 122 3624 3627 3595 40 4061 4060 4060 4060 4060 4060 4060
438 1777302203 3553 3697 3670 3649 133 3625 3628 3595 40 4063 4062 4062 4062 4062 4062 4062
439 1777302203 3553 3698 3671 3650 128 3626 3628 3596 40 4061 4060 4060 4060 4060 4060 4060
440 1777302203 3554 3698 3671 3649 151 3626 3627 3596 40 4061 4061 4061 4061 4061 4061 4061
441 1777302203 3553 3697 3669 3649 158 3625 3627 3595 40 4061 4061 4061 4061 4061 4061 4061
442 1777302203 3553 3698 3670 3649 145 3626 3628 3596 40 4061 4061 4061 4061 4061 4061 4061
443 1777302203 3554 3699 3671 3650 141 3627 3629 3596 40 4061 4061 4061 4061 4061 4061 4061
444 1777302203 3553 3698 3670 3649 139 3626 3628 3596 40 4061 4061 4061 4061 4061 4061 4061
445 1777302203 3554 3698 3670 3649 143 3625 3627 3596 40 4061 4060 4060 4060 4060 4060 4060
446 1777302203 3554 3698 3670 3649 139 3625 3627 3596 40 4061 4060 4060 4060 4060 4060 4060
447 1777302203 3553 3697 3670 3649 172 3625 3627 3595 40 4060 4060 4060 4060 4060 4060 4060
448 1777302204 3554 3698 3670 3650 128 3626 3628 3596 40 4061 4060 4060 4060 4060 4060 4060
449 1777302204 3553 3698 3670 3649 136 3625 3627 3595 40 4061 4061 4061 4061 4061 4061 4061
450 1777302204 3554 3698 3671 3651 130 3627 3629 3597 40 4061 4061 4061 4061 4061 4061 4061
451 1777302204 3554 3698 3671 3650 120 3626 3628 3596 40 4061 4061 4061 4061 4061 4061 4061
452 1777302204 3554 3698 3671 3649 137 3626 3628 3596 40 4061 4061 4061 4061 4061 4061 4061
453 1777302204 3553 3698 3670 3649 142 3625 3628 3596 40 4060 4060 4060 4060 4060 4060 4060
454 1777302204 3554 3699 3671 3650 138 3624 3628 3596 40 4061 4061 4061 4061 4061 4061 4061
455 1777302204 3554 3698 3672 3650 148 3627 3628 3596 40 4061 4060 4060 4060 4060 4060 4060
456 1777302204 3555 3699 3671 3650 138 3626 3629 3597 40 4061 4060 4060 4060 4060 4060 4060
457 1777302205 3554 3698 3671 3650 129 3625 3628 3596 40 4060 4060 4060 4060 4060 4060 4060
458 1777302205 3553 3698 3670 3649 135 3626 3628 3596 40 4061 4061 4061 4061 4061 4061 4061
459 1777302205 3554 3699 3671 3650 137 3626 3627 3596 40 4061 4061 4061 4061 4061 4061 4061
460 1777302205 3553 3697 3670 3649 121 3625 3627 3596 40 4061 4061 4061 4061 4061 4061 4061
461 1777302205 99 96 71 117 130 3628 1104 3597 40 4061 4061 4061 4061 4061 4061 4061
462 1777302205 3553 3698 3670 3649 143 3626 3628 3595 40 4061 4060 4060 4060 4060 4060 4060
463 1777302205 3553 3698 3671 3649 134 3625 3628 3596 40 4061 4061 4061 4061 4061 4061 4061
464 1777302206 3553 3697 3670 3649 127 3626 3627 3596 40 4061 4060 4060 4060 4060 4060 4060
465 1777302206 3554 3698 3671 3650 148 3626 3628 3596 40 4061 4061 4061 4061 4061 4061 4061
466 1777302206 3554 3698 3671 3650 134 3626 3628 3596 40 4061 4061 4061 4061 4061 4061 4061
467 1777302206 3555 3700 3672 3651 139 3627 3629 3597 40 4061 4061 4061 4061 4061 4061 4061
468 1777302206 3554 3698 3671 3650 128 3626 3629 3597 40 4061 4061 4061 4061 4061 4061 4061
469 1777302206 3554 3699 3670 3650 166 3625 3628 3596 40 4061 4060 4060 4060 4060 4060 4060
470 1777302206 3554 3699 3671 3650 136 3626 3628 3596 40 4061 4061 4061 4061 4061 4061 4061
471 1777302206 3555 3699 3671 3651 135 3627 3629 3596 40 4061 4061 4061 4061 4061 4061 4061
472 1777302207 3554 3698 3671 3650 144 3626 3628 3596 40 4061 4060 4060 4060 4060 4060 4060
473 1777302207 3554 3698 3670 3650 146 3626 3628 3596 40 4061 4061 4061 4061 4061 4061 4061
474 1777302207 3553 3698 3670 3649 124 3625 3627 3595 40 4061 4060 4060 4060 4060 4060 4060
475 1777302207 3555 3700 3672 3650 126 3627 3628 3597 40 4061 4061 4061 4061 4061 4061 4061
476 1777302207 3554 3698 3670 3650 121 3626 3628 3596 40 4061 4061 4061 4061 4061 4061 4061
477 1777302207 3555 3699 3672 3651 138 3627 3629 3597 40 4061 4061 4061 4061 4061 4061 4061
478 1777302207 3554 3699 3671 3650 135 3626 3629 3597 40 4060 4060 4060 4060 4060 4060 4060
479 1777302207 3553 3698 3671 3650 158 3625 3627 3596 40 4061 4060 4060 4060 4060 4060 4060
480 1777302207 3554 3699 3671 3650 155 3626 3628 3597 40 4061 4061 4061 4061 4061 4061 4061
481 1777302207 3554 3699 3671 3650 134 3626 3628 3596 40 4061 4060 4060 4060 4060 4060 4060
482 1777302208 3553 3698 3670 3649 154 3626 3628 3597 40 4061 4060 4060 4060 4060 4060 4060
483 1777302208 3554 3699 3672 3650 148 3627 3628 3597 40 4061 4061 4061 4061 4061 4061 4061
484 1777302208 3553 3698 3670 3650 207 3626 3628 3596 40 4061 4061 4061 4061 4061 4061 4061
485 1777302208 3554 3698 3671 3650 142 3625 3628 3596 40 4061 4061 4061 4061 4061 4061 4061
486 1777302208 3554 3698 3671 3649 132 3626 3628 3596 40 4061 4060 4060 4060 4060 4060 4060
487 1777302208 3555 3700 3672 3651 124 3627 3630 3597 40 4061 4060 4060 4060 4060 4060 4060
488 1777302208 3553 3698 3670 3650 139 3626 3628 3597 40 4060 4060 4060 4060 4060 4060 4060
489 1777302208 3554 3698 3671 3650 120 3627 3629 3597 40 4061 4060 4060 4060 4060 4060 4060
490 1777302209 3553 3698 3671 3650 102 3626 3628 3597 40 4060 4060 4060 4060 4060 4060 4060
491 1777302209 3554 3699 3671 3650 128 3626 3629 3597 40 4061 4061 4061 4061 4061 4061 4061
492 1777302209 3555 3699 3672 3651 140 3626 3629 3596 40 4061 4060 4060 4060 4060 4060 4060
493 1777302209 3555 3700 3672 3651 132 3627 3629 3597 40 4061 4061 4061 4061 4061 4061 4061
494 1777302209 3554 3699 3671 3650 137 3626 3629 3597 40 4061 4060 4060 4060 4060 4060 4060
495 1777302209 3552 3697 3669 3648 134 3624 3626 3594 40 4061 4060 4060 4060 4060 4060 4060
496 1777302209 3553 3697 3670 3649 138 3625 3626 3595 40 4061 4060 4060 4060 4060 4060 4060
497 1777302209 3552 3697 3669 3649 120 3624 3627 3594 40 4063 4062 4062 4062 4062 4062 4062
498 1777302209 3553 3698 3670 3649 141 3626 3627 3595 40 4061 4060 4060 4060 4060 4060 4060
499 1777302209 3553 3697 3669 3649 152 3624 3626 3594 40 4061 4061 4061 4061 4061 4061 4061
500 1777302209 3552 3697 3670 3649 128 3624 3627 3595 40 4061 4061 4061 4061 4061 4061 4061
501 1777302210 3552 3697 3670 3649 127 3625 3627 3595 40 4061 4061 4061 4061 4061 4061 4061
502 1777302210 3552 3697 3669 3649 154 3624 3627 3595 40 4061 4061 4061 4061 4061 4061 4061
503 1777302210 3553 3697 3669 3648 145 3624 3626 3594 40 4061 4060 4060 4060 4060 4060 4060
504 1777302210 3552 3696 3669 3648 116 3623 3626 3594 40 4061 4061 4061 4061 4061 4061 4061
505 1777302210 3552 3697 3669 3647 143 3624 3626 3594 40 4061 4061 4061 4061 4061 4061 4061
506 1777302210 3553 3696 3669 3649 155 3624 3627 3595 40 4061 4061 4061 4061 4061 4061 4061
507 1777302210 3552 3697 3669 3648 168 3624 3626 3595 40 4061 4061 4061 4061 4061 4061 4061
508 1777302210 3553 3697 3670 3648 127 3625 3627 3595 40 4061 4061 4061 4061 4061 4061 4061
509 1777302210 3553 3698 3670 3649 141 3625 3627 3595 40 4060 4060 4060 4060 4060 4060 4060
510 1777302210 3552 3696 3668 3647 141 3624 3627 3595 40 4060 4060 4060 4060 4060 4060 4060
511 1777302210 3553 3697 3670 3648 144 3624 3627 3594 40 4061 4061 4061 4061 4061 4061 4061
512 1777302210 3553 3698 3670 3649 135 3625 3627 3595 40 4060 4060 4060 4060 4060 4060 4060
513 1777302210 3553 3697 3670 3649 140 3625 3627 3595 40 4061 4061 4061 4061 4061 4061 4061
514 1777302211 3553 3698 3670 3649 135 3625 3627 3595 40 4061 4060 4060 4060 4060 4060 4060
515 1777302211 3553 3698 3670 3650 161 3625 3628 3596 40 4061 4061 4061 4061 4061 4061 4061
516 1777302211 3553 3697 3670 3649 127 3625 3627 3595 40 4061 4061 4061 4061 4061 4061 4061
517 1777302211 3553 3698 3670 3649 133 3625 3627 3595 40 4061 4061 4061 4061 4061 4061 4061
518 1777302211 3553 3698 3670 3649 157 3624 3627 3595 40 4061 4061 4061 4061 4061 4061 4061
519 1777302211 3553 3698 3670 3649 136 3625 3627 3596 40 4060 4060 4060 4060 4060 4060 4060
520 1777302211 3553 3697 3670 3649 145 3624 3627 3595 40 4061 4061 4061 4061 4061 4061 4061
521 1777302211 3551 3696 3668 3647 124 3621 3625 3593 40 4061 4061 4061 4061 4061 4061 4061
522 1777302211 3552 3697 3669 3648 117 3624 3626 3594 40 4061 4061 4061 4061 4061 4061 4061
523 1777302211 3552 3697 3669 3648 141 3623 3626 3594 40 4061 4060 4060 4060 4060 4060 4060
524 1777302211 3553 3697 3670 3649 132 3625 3627 3595 40 4061 4061 4061 4061 4061 4061 4061
525 1777302211 3553 3697 3669 3649 148 3625 3627 3595 40 4061 4060 4060 4060 4060 4060 4060
526 1777302211 3553 3697 3670 3649 131 3624 3627 3595 40 4061 4061 4061 4061 4061 4061 4061
527 1777302211 3552 3697 3670 3649 149 3625 3626 3594 40 4061 4061 4061 4061 4061 4061 4061
528 1777302211 3552 3697 3669 3648 140 3625 3627 3594 40 4061 4061 4061 4061 4061 4061 4061
529 1777302212 3553 3697 3670 3649 148 3625 3627 3594 40 4061 4061 4061 4061 4061 4061 4061
530 1777302212 3552 3696 3669 3648 110 3624 3627 3595 40 4061 4060 4060 4060 4060 4060 4060
531 1777302212 3552 3697 3669 3648 137 3624 3626 3595 40 4063 4062 4062 4062 4062 4062 4062
532 1777302212 3552 3697 3670 3649 120 3625 3626 3594 40 4061 4060 4060 4060 4060 4060 4060
533 1777302212 3552 3696 3669 3648 138 3624 3626 3594 40 4061 4061 4061 4061 4061 4061 4061
534 1777302212 3553 3698 3671 3649 138 3626 3628 3596 40 4061 4060 4060 4060 4060 4060 4060
535 1777302212 3553 3698 3670 3649 161 3625 3627 3595 41 4060 4060 4060 4060 4060 4060 4060
536 1777302212 3552 3697 3669 3648 145 3624 3627 3594 40 4061 4061 4061 4061 4061 4061 4061
537 1777302212 3553 3698 3670 3650 134 3625 3627 3595 40 4061 4060 4060 4060 4060 4060 4060
538 1777302212 3553 3697 3670 3649 140 3625 3627 3595 40 4061 4060 4060 4060 4060 4060 4060
539 1777302212 3552 3697 3668 3648 126 3624 3626 3594 40 4061 4060 4060 4060 4060 4060 4060
540 1777302213 3552 3698 3670 3649 123 3625 3627 3596 40 4061 4061 4061 4061 4061 4061 4061
541 1777302213 3552 3697 3670 3649 133 3625 3627 3595 40 4061 4061 4061 4061 4061 4061 4061
542 1777302213 3553 3697 3670 3649 160 3624 3626 3594 40 4060 4060 4060 4060 4060 4060 4060
543 1777302213 3553 3698 3670 3649 128 3625 3627 3595 40 4061 4060 4060 4060 4060 4060 4060
544 1777302213 3553 3698 3670 3649 143 3625 3627 3595 40 4061 4061 4061 4061 4061 4061 4061
545 1777302213 3553 3697 3670 3649 174 3626 3627 3595 40 4061 4061 4061 4061 4061 4061 4061
546 1777302213 3553 3698 3670 3649 147 3626 3628 3596 40 4061 4060 4060 4060 4060 4060 4060
547 1777302213 3552 3697 3670 3649 107 3625 3627 3595 40 4060 4060 4060 4060 4060 4060 4060
548 1777302213 3553 3698 3670 3649 111 3625 3627 3595 40 4061 4061 4061 4061 4061 4061 4061
549 1777302213 3553 3698 3670 3649 116 3625 3627 3595 40 4061 4061 4061 4061 4061 4061 4061
550 1777302214 3553 3698 3670 3649 134 3624 3627 3595 40 4061 4061 4061 4061 4061 4061 4061
551 1777302214 3553 3697 3669 3648 112 3623 3626 3595 40 4061 4061 4061 4061 4061 4061 4061
552 1777302214 3553 3697 3669 3648 137 3624 3626 3595 40 4061 4060 4060 4060 4060 4060 4060
553 1777302214 3553 3697 3670 3649 142 3625 3627 3596 40 4061 4061 4061 4061 4061 4061 4061
554 1777302214 3552 3696 3669 3648 149 3624 3626 3593 40 4061 4060 4060 4060 4060 4060 4060
555 1777302214 3553 3698 3670 3648 148 3625 3626 3595 40 4061 4061 4061 4061 4061 4061 4061
556 1777302214 3553 3697 3670 3649 127 3625 3626 3595 40 4061 4060 4060 4060 4060 4060 4060
557 1777302214 3552 3697 3670 3649 162 3625 3627 3595 40 4061 4061 4061 4061 4061 4061 4061
558 1777302214 3552 3697 3668 3648 113 3624 3626 3594 40 4061 4061 4061 4061 4061 4061 4061
559 1777302215 3553 3698 3670 3649 129 3625 3628 3596 40 4061 4061 4061 4061 4061 4061 4061
560 1777302215 3552 3697 3669 3648 129 3624 3626 3594 40 4061 4061 4061 4061 4061 4061 4061
561 1777302215 3553 3697 3670 3649 150 3625 3627 3595 40 4061 4061 4061 4061 4061 4061 4061
562 1777302215 3552 3697 3669 3649 163 3625 3627 3595 40 4060 4060 4060 4060 4060 4060 4060
563 1777302215 3552 3697 3670 3649 157 3624 3627 3595 40 4063 4062 4062 4062 4062 4062 4062
564 1777302215 3553 3698 3670 3649 123 3625 3627 3595 40 4061 4061 4061 4061 4061 4061 4061
565 1777302215 3553 3698 3670 3648 144 3625 3627 3595 40 4061 4061 4061 4061 4061 4061 4061
566 1777302215 3554 3698 3671 3649 142 3626 3628 3596 40 4061 4061 4061 4061 4061 4061 4061
567 1777302216 3553 3697 3670 3649 145 3625 3628 3595 40 4061 4060 4060 4060 4060 4060 4060
568 1777302216 3553 3697 3670 3649 151 3626 3627 3596 40 4061 4061 4061 4061 4061 4061 4061
569 1777302216 3552 3697 3670 3649 142 3625 3627 3595 40 4061 4060 4060 4060 4060 4060 4060
570 1777302216 3553 3698 3670 3649 143 3626 3628 3596 40 4061 4060 4060 4060 4060 4060 4060
571 1777302216 3552 3697 3669 3649 144 3625 3627 3595 40 4061 4060 4060 4060 4060 4060 4060
572 1777302216 3552 3697 3670 3648 137 3625 3627 3595 40 4061 4061 4061 4061 4061 4061 4061
573 1777302216 3552 3697 3669 3648 125 3624 3626 3594 40 4061 4061 4061 4061 4061 4061 4061
574 1777302216 3553 3697 3669 3648 124 3625 3627 3595 40 4061 4060 4060 4060 4060 4060 4060
575 1777302216 3553 3698 3670 3649 141 3626 3628 3596 40 4061 4061 4061 4061 4061 4061 4061
576 1777302217 3553 3696 3669 3649 143 3624 3627 3595 40 4061 4060 4060 4060 4060 4060 4060
577 1777302217 3553 3697 3670 3649 151 3625 3627 3596 40 4061 4061 4061 4061 4061 4061 4061
578 1777302217 3553 3698 3671 3650 158 3625 3628 3595 40 4063 4062 4062 4062 4062 4062 4062
579 1777302217 3553 3698 3670 3649 137 3626 3627 3596 40 4061 4060 4060 4060 4060 4060 4060
580 1777302217 3553 3698 3670 3649 145 3625 3627 3595 40 4061 4060 4060 4060 4060 4060 4060
581 1777302217 3553 3698 3670 3650 125 3625 3627 3596 40 4061 4061 4061 4061 4061 4061 4061
582 1777302217 3554 3699 3671 3649 150 3624 3628 3595 40 4061 4061 4061 4061 4061 4061 4061
583 1777302217 3553 3698 3671 3649 133 3626 3628 3596 40 4061 4060 4060 4060 4060 4060 4060
584 1777302217 3553 3699 3671 3650 140 3626 3628 3595 40 4061 4060 4060 4060 4060 4060 4060
585 1777302218 3552 3697 3669 3648 135 3625 3627 3595 40 4061 4061 4061 4061 4061 4061 4061
586 1777302218 3553 3698 3670 3649 170 3626 3627 3596 40 4061 4060 4060 4060 4060 4060 4060
587 1777302218 3553 3697 3670 3649 139 3625 3627 3595 40 4061 4061 4061 4061 4061 4061 4061
588 1777302218 3552 3697 3669 3648 140 3625 3627 3594 40 4061 4060 4060 4060 4060 4060 4060
589 1777302218 3553 3698 3670 3649 136 3625 3628 3596 40 4061 4060 4060 4060 4060 4060 4060
590 1777302218 3554 3698 3671 3650 125 3626 3628 3596 40 4060 4060 4060 4060 4060 4060 4060
591 1777302218 3552 3697 3669 3648 139 3625 3626 3595 40 4061 4061 4061 4061 4061 4061 4061
592 1777302219 3553 3697 3669 3649 136 3624 3627 3595 40 4060 4060 4060 4060 4060 4060 4060
593 1777302219 3554 3698 3670 3650 149 3625 3628 3595 40 4061 4061 4061 4061 4061 4061 4061
594 1777302219 3552 3697 3669 3649 128 3624 3627 3594 40 4061 4061 4061 4061 4061 4061 4061
595 1777302219 3553 3698 3669 3649 148 3625 3627 3595 40 4061 4061 4061 4061 4061 4061 4061
596 1777302219 3553 3698 3671 3649 163 3626 3627 3596 40 4061 4061 4061 4061 4061 4061 4061
597 1777302219 3553 3698 3670 3649 148 3625 3627 3595 40 4061 4061 4061 4061 4061 4061 4061
598 1777302219 3553 3698 3670 3649 153 3624 3628 3596 40 4061 4060 4060 4060 4060 4060 4060
599 1777302219 3553 3698 3670 3650 144 3625 3627 3596 40 4061 4061 4061 4061 4061 4061 4061
600 1777302219 3554 3698 3671 3649 123 3626 3627 3596 40 4061 4060 4060 4060 4060 4060 4060
601 1777302219 3552 3697 3670 3649 113 3625 3627 3596 40 4060 4060 4060 4060 4060 4060 4060
602 1777302219 3553 3698 3670 3649 133 3625 3627 3595 40 4061 4060 4060 4060 4060 4060 4060
603 1777302219 3553 3698 3670 3649 123 3625 3627 3595 40 4061 4060 4060 4060 4060 4060 4060
604 1777302219 3553 3698 3670 3649 140 3625 3627 3595 40 4061 4060 4060 4060 4060 4060 4060
605 1777302219 3553 3698 3670 3649 159 3625 3628 3595 40 4061 4061 4061 4061 4061 4061 4061
606 1777302219 3553 3698 3671 3649 137 3626 3628 3596 40 4061 4060 4060 4060 4060 4060 4060
607 1777302220 3552 3696 3668 3648 153 3623 3626 3594 40 4060 4060 4060 4060 4060 4060 4060
608 1777302220 3553 3698 3670 3649 138 3624 3626 3595 40 4061 4060 4060 4060 4060 4060 4060
609 1777302220 3553 3698 3671 3649 168 3626 3628 3596 40 4061 4060 4060 4060 4060 4060 4060
610 1777302220 3553 3698 3670 3649 141 3626 3628 3596 40 4061 4061 4061 4061 4061 4061 4061
611 1777302220 3553 3697 3670 3649 125 3625 3627 3595 40 4061 4061 4061 4061 4061 4061 4061
612 1777302221 3554 3698 3671 3649 133 3626 3628 3596 40 4060 4060 4060 4060 4060 4060 4060
613 1777302221 3553 3697 3670 3649 145 3625 3627 3595 40 4061 4061 4061 4061 4061 4061 4061
614 1777302221 3552 3697 3669 3649 148 3624 3627 3595 40 4061 4060 4060 4060 4060 4060 4060
615 1777302221 3554 3697 3670 3649 138 3625 3627 3595 40 4061 4060 4060 4060 4060 4060 4060
616 1777302221 3553 3697 3670 3649 136 3625 3627 3595 40 4061 4061 4061 4061 4061 4061 4061
617 1777302221 3554 3698 3671 3650 141 3626 3627 3596 40 4061 4061 4061 4061 4061 4061 4061
618 1777302221 3554 3699 3671 3650 147 3626 3628 3596 40 4061 4061 4061 4061 4061 4061 4061
619 1777302221 3553 3698 3670 3649 132 3625 3627 3595 40 4061 4061 4061 4061 4061 4061 4061
620 1777302221 3554 3699 3671 3650 132 3626 3628 3596 40 4061 4061 4061 4061 4061 4061 4061
621 1777302221 3554 3698 3670 3650 148 3625 3628 3596 40 4061 4060 4060 4060 4060 4060 4060
622 1777302221 3553 3697 3670 3649 129 3625 3628 3596 40 4061 4061 4061 4061 4061 4061 4061
623 1777302221 3553 3698 3670 3650 154 3626 3628 3596 40 4061 4061 4061 4061 4061 4061 4061
624 1777302221 3553 3697 3670 3649 127 3625 3627 3595 40 4061 4061 4061 4061 4061 4061 4061
625 1777302221 3554 3698 3670 3649 126 3625 3628 3596 40 4060 4060 4060 4060 4060 4060 4060
626 1777302222 3553 3697 3670 3649 120 3625 3627 3595 40 4061 4061 4061 4061 4061 4061 4061
627 1777302222 3554 3698 3671 3649 144 3626 3628 3596 40 4063 4062 4062 4062 4062 4062 4062
628 1777302222 3553 3698 3670 3650 99 3626 3628 3596 40 4061 4060 4060 4060 4060 4060 4060
629 1777302222 3553 3698 3670 3649 139 3625 3627 3596 40 4061 4060 4060 4060 4060 4060 4060
630 1777302222 3554 3698 3670 3649 138 3626 3628 3596 40 4061 4060 4060 4060 4060 4060 4060
631 1777302222 3552 3697 3669 3648 144 3625 3627 3595 40 4060 4060 4060 4060 4060 4060 4060
632 1777302222 3554 3698 3671 3649 129 3626 3628 3596 40 4061 4060 4060 4060 4060 4060 4060
633 1777302223 3553 3697 3670 3649 152 3625 3627 3595 40 4061 4061 4061 4061 4061 4061 4061
634 1777302223 3554 3699 3671 3650 126 3626 3628 3596 40 4061 4061 4061 4061 4061 4061 4061
635 1777302223 3553 3698 3670 3649 128 3625 3627 3595 40 4061 4061 4061 4061 4061 4061 4061
636 1777302223 3553 3697 3670 3648 133 3625 3626 3595 40 4061 4061 4061 4061 4061 4061 4061
637 1777302223 3554 3698 3670 3649 121 3625 3627 3596 40 4061 4060 4060 4060 4060 4060 4060
638 1777302223 3554 3698 3670 3649 117 3626 3627 3595 40 4061 4061 4061 4061 4061 4061 4061
639 1777302224 3554 3698 3670 3649 151 3625 3628 3596 40 4061 4060 4060 4060 4060 4060 4060
640 1777302224 3553 3698 3670 3649 144 3625 3627 3595 40 4061 4060 4060 4060 4060 4060 4060
641 1777302224 3553 3698 3670 3649 131 3625 3627 3595 40 4061 4060 4060 4060 4060 4060 4060
642 1777302224 3554 3699 3671 3650 143 3626 3628 3596 40 4061 4061 4061 4061 4061 4061 4061
643 1777302224 3554 3699 3671 3650 134 3626 3628 3596 40 4061 4061 4061 4061 4061 4061 4061
644 1777302224 3554 3698 3671 3650 132 3626 3628 3595 40 4060 4060 4060 4060 4060 4060 4060
645 1777302224 3555 3699 3671 3651 164 3625 3628 3596 40 4061 4060 4060 4060 4060 4060 4060
646 1777302224 3554 3698 3670 3650 145 3626 3627 3595 40 4061 4061 4061 4061 4061 4061 4061
647 1777302224 3554 3699 3670 3650 136 3626 3628 3596 40 4061 4060 4060 4060 4060 4060 4060
648 1777302224 3553 3698 3670 3649 132 3625 3627 3596 40 4061 4060 4060 4060 4060 4060 4060
649 1777302224 3554 3699 3671 3650 141 3626 3628 3596 40 4061 4061 4061 4061 4061 4061 4061
650 1777302224 3554 3698 3671 3649 141 3626 3627 3596 40 4061 4061 4061 4061 4061 4061 4061
651 1777302224 3554 3698 3671 3650 119 3625 3628 3596 40 4060 4060 4060 4060 4060 4060 4060
652 1777302224 3553 3698 3670 3649 116 3626 3628 3596 40 4061 4061 4061 4061 4061 4061 4061
653 1777302224 3554 3699 3671 3650 147 3627 3628 3596 40 4061 4060 4060 4060 4060 4060 4060
654 1777302224 3554 3699 3671 3650 141 3626 3628 3596 40 4060 4060 4060 4060 4060 4060 4060
655 1777302225 3554 3699 3671 3650 125 3626 3628 3596 40 4061 4061 4061 4061 4061 4061 4061
656 1777302225 3553 3698 3671 3650 132 3626 3628 3596 40 4061 4061 4061 4061 4061 4061 4061
657 1777302225 3553 3698 3670 3650 128 3626 3628 3596 40 4061 4060 4060 4060 4060 4060 4060
658 1777302225 3554 3698 3671 3649 163 3626 3627 3595 40 4061 4061 4061 4061 4061 4061 4061
659 1777302225 3554 3699 3672 3651 133 3627 3629 3597 40 4061 4060 4060 4060 4060 4060 4060
660 1777302225 3553 3698 3671 3650 147 3626 3628 3596 40 4061 4060 4060 4060 4060 4060 4060
661 1777302226 3554 3699 3672 3651 138 3626 3628 3596 40 4061 4060 4060 4060 4060 4060 4060
662 1777302226 3554 3698 3671 3650 117 3626 3628 3596 40 4061 4060 4060 4060 4060 4060 4060
663 1777302226 3554 3698 3671 3650 162 3626 3628 3596 40 4060 4060 4060 4060 4060 4060 4060
664 1777302226 3555 3700 3672 3651 153 3626 3629 3597 40 4061 4061 4061 4061 4061 4061 4061
665 1777302226 3554 3698 3670 3649 121 3625 3628 3596 40 4061 4061 4061 4061 4061 4061 4061
666 1777302226 3554 3698 3671 3650 136 3626 3627 3596 40 4060 4060 4060 4060 4060 4060 4060
667 1777302226 3554 3698 3671 3650 125 3626 3628 3596 40 4061 4060 4060 4060 4060 4060 4060
668 1777302226 3554 3698 3671 3650 123 3626 3628 3595 40 4061 4061 4061 4061 4061 4061 4061
669 1777302226 3554 3698 3670 3650 151 3626 3628 3596 40 4061 4061 4061 4061 4061 4061 4061
670 1777302226 3554 3699 3672 3651 141 3627 3628 3597 40 4061 4061 4061 4061 4061 4061 4061
671 1777302227 3554 3698 3671 3650 136 3626 3628 3596 40 4061 4061 4061 4061 4061 4061 4061
672 1777302227 3554 3698 3671 3649 132 3626 3628 3597 40 4061 4060 4060 4060 4060 4060 4060
673 1777302227 3554 3699 3671 3650 122 3627 3628 3597 40 4061 4061 4061 4061 4061 4061 4061
674 1777302227 3553 3698 3670 3649 154 3625 3628 3596 40 4061 4060 4060 4060 4060 4060 4060
675 1777302227 3554 3698 3671 3650 136 3626 3628 3596 40 4061 4060 4060 4060 4060 4060 4060
676 1777302227 3554 3698 3671 3649 134 3626 3628 3596 40 4061 4061 4061 4061 4061 4061 4061
677 1777302227 3554 3699 3671 3650 141 3627 3629 3597 40 4062 4062 4062 4062 4062 4062 4062
678 1777302227 3554 3698 3671 3650 137 3626 3628 3596 40 4061 4061 4061 4061 4061 4061 4061
679 1777302227 3553 3698 3671 3650 152 3626 3628 3596 40 4061 4061 4061 4061 4061 4061 4061
680 1777302227 3554 3699 3671 3650 144 3626 3629 3596 40 4060 4060 4060 4060 4060 4060 4060
681 1777302227 3554 3698 3671 3649 121 3625 3628 3596 40 4061 4061 4061 4061 4061 4061 4061
682 1777302227 3553 3697 3670 3649 149 3625 3627 3595 40 4061 4061 4061 4061 4061 4061 4061
683 1777302227 3554 3699 3670 3649 143 3625 3627 3596 40 4061 4061 4061 4061 4061 4061 4061
684 1777302227 3555 3699 3672 3651 155 3626 3628 3596 40 4061 4061 4061 4061 4061 4061 4061
685 1777302227 3555 3699 3672 3650 137 3626 3629 3596 40 4061 4061 4061 4061 4061 4061 4061
686 1777302228 3554 3698 3670 3650 142 3626 3628 3596 40 4061 4061 4061 4061 4061 4061 4061
687 1777302228 3554 3698 3671 3650 128 3626 3628 3596 40 4061 4060 4060 4060 4060 4060 4060
688 1777302228 3554 3698 3670 3649 143 3626 3628 3596 40 4061 4060 4060 4060 4060 4060 4060
689 1777302228 3554 3698 3670 3650 160 3626 3628 3596 40 4061 4060 4060 4060 4060 4060 4060
690 1777302228 3555 3700 3672 3651 145 3628 3630 3597 40 4061 4060 4060 4060 4060 4060 4060
691 1777302228 3555 3700 3672 3651 147 3627 3629 3597 40 4059 4059 4059 4059 4059 4059 4059
692 1777302228 3555 3700 3672 3651 134 3627 3629 3598 40 4061 4060 4060 4060 4060 4060 4060
693 1777302228 3554 3699 3672 3651 139 3627 3629 3597 40 4061 4061 4061 4061 4061 4061 4061
694 1777302228 3553 3698 3671 3649 169 3626 3628 3596 40 4061 4060 4060 4060 4060 4060 4060
695 1777302228 3555 3700 3672 3651 100 3627 3629 3597 40 4060 4060 4060 4060 4060 4060 4060
696 1777302228 3554 3698 3671 3650 135 3626 3628 3595 40 4061 4060 4060 4060 4060 4060 4060
697 1777302228 3554 3699 3671 3650 139 3626 3628 3596 40 4061 4061 4061 4061 4061 4061 4061
698 1777302228 3555 3699 3672 3650 163 3627 3629 3597 40 4061 4061 4061 4061 4061 4061 4061
699 1777302228 3554 3699 3671 3650 146 3626 3628 3596 40 4061 4061 4061 4061 4061 4061 4061
700 1777302228 3555 3699 3672 3651 147 3626 3628 3596 40 4061 4061 4061 4061 4061 4061 4061
701 1777302229 3554 3698 3670 3650 158 3626 3628 3596 40 4061 4061 4061 4061 4061 4061 4061
702 1777302229 3554 3699 3671 3650 131 3626 3628 3596 40 4061 4061 4061 4061 4061 4061 4061
703 1777302229 3555 3700 3672 3650 144 3627 3628 3597 40 4061 4061 4061 4061 4061 4061 4061
704 1777302229 3555 3699 3672 3651 139 3627 3629 3597 40 4061 4061 4061 4061 4061 4061 4061
705 1777302229 3554 3698 3671 3650 129 3626 3628 3596 40 4061 4061 4061 4061 4061 4061 4061
706 1777302229 3554 3698 3670 3650 157 3626 3628 3596 40 4061 4061 4061 4061 4061 4061 4061
707 1777302229 3554 3698 3671 3650 146 3626 3628 3596 40 4061 4061 4061 4061 4061 4061 4061
708 1777302229 3555 3700 3672 3651 121 3626 3628 3596 40 4061 4061 4061 4061 4061 4061 4061
709 1777302229 3554 3699 3671 3650 140 3625 3629 3597 40 4061 4061 4061 4061 4061 4061 4061
710 1777302229 3554 3699 3671 3650 127 3624 3628 3596 40 4061 4060 4060 4060 4060 4060 4060
711 1777302229 3553 3698 3671 3649 148 3625 3628 3596 40 4060 4060 4060 4060 4060 4060 4060
712 1777302229 3555 3699 3671 3651 123 3626 3629 3596 40 4061 4060 4060 4060 4060 4060 4060
713 1777302229 3554 3698 3671 3649 120 3625 3627 3595 40 4060 4060 4060 4060 4060 4060 4060
714 1777302230 3554 3699 3671 3650 153 3626 3629 3596 40 4061 4061 4061 4061 4061 4061 4061
715 1777302230 3554 3699 3671 3650 138 3626 3629 3596 40 4061 4060 4060 4060 4060 4060 4060
716 1777302230 3555 3700 3672 3651 145 3627 3630 3598 40 4061 4060 4060 4060 4060 4060 4060
717 1777302230 3554 3698 3670 3649 119 3625 3627 3595 40 4061 4060 4060 4060 4060 4060 4060
718 1777302230 3554 3698 3671 3650 131 3626 3628 3596 40 4061 4061 4061 4061 4061 4061 4061
719 1777302230 3554 3699 3671 3650 134 3626 3628 3596 40 4061 4061 4061 4061 4061 4061 4061
720 1777302230 3554 3699 3671 3650 141 3626 3628 3596 40 4060 4060 4060 4060 4060 4060 4060
721 1777302230 3554 3699 3671 3650 126 3626 3629 3596 40 4061 4061 4061 4061 4061 4061 4061
722 1777302230 3554 3698 3671 3650 143 3626 3628 3596 40 4060 4060 4060 4060 4060 4060 4060
723 1777302230 3554 3699 3671 3650 128 3627 3629 3597 40 4061 4061 4061 4061 4061 4061 4061
724 1777302230 3555 3700 3672 3651 139 3626 3629 3596 40 4061 4061 4061 4061 4061 4061 4061
725 1777302230 3554 3699 3671 3650 142 3625 3628 3597 40 4061 4061 4061 4061 4061 4061 4061
726 1777302231 3555 3700 3672 3651 157 3627 3628 3597 40 4061 4061 4061 4061 4061 4061 4061
727 1777302231 3555 3699 3672 3651 137 3627 3629 3597 40 4061 4061 4061 4061 4061 4061 4061
728 1777302231 3554 3698 3670 3649 152 3626 3628 3596 40 4060 4060 4060 4060 4060 4060 4060
729 1777302231 3554 3699 3671 3650 126 3627 3628 3596 40 4061 4061 4061 4061 4061 4061 4061
730 1777302231 3554 3699 3671 3650 120 3626 3628 3596 40 4061 4061 4061 4061 4061 4061 4061
731 1777302231 3554 3698 3671 3649 135 3626 3627 3596 40 4061 4061 4061 4061 4061 4061 4061
732 1777302231 3554 3699 3671 3650 157 3626 3628 3597 40 4061 4060 4060 4060 4060 4060 4060
733 1777302231 3554 3698 3671 3650 144 3626 3629 3596 40 4061 4061 4061 4061 4061 4061 4061
734 1777302231 3554 3698 3671 3650 133 3626 3628 3595 40 4061 4061 4061 4061 4061 4061 4061
735 1777302231 3555 3700 3672 3652 146 3627 3630 3597 40 4061 4061 4061 4061 4061 4061 4061
736 1777302231 3554 3698 3670 3649 132 3626 3627 3596 40 4061 4061 4061 4061 4061 4061 4061
737 1777302231 3553 3697 3670 3649 149 3626 3628 3596 40 4061 4061 4061 4061 4061 4061 4061
738 1777302231 3554 3699 3671 3650 154 3626 3628 3596 40 4061 4060 4060 4060 4060 4060 4060
739 1777302231 3554 3698 3670 3649 150 3625 3627 3596 40 4061 4060 4060 4060 4060 4060 4060
740 1777302232 3555 3699 3672 3651 132 3626 3629 3597 40 4061 4061 4061 4061 4061 4061 4061
741 1777302232 3554 3698 3671 3650 156 3625 3628 3597 40 4061 4060 4060 4060 4060 4060 4060
742 1777302232 3554 3699 3671 3651 133 3627 3629 3597 40 4061 4060 4060 4060 4060 4060 4060
743 1777302232 3553 3698 3670 3649 112 3626 3628 3596 40 4060 4060 4060 4060 4060 4060 4060
744 1777302232 3555 3700 3672 3651 161 3628 3629 3598 40 4061 4061 4061 4061 4061 4061 4061
745 1777302232 3555 3699 3671 3650 157 3626 3628 3596 40 4061 4061 4061 4061 4061 4061 4061
746 1777302232 3554 3699 3671 3650 147 3626 3628 3596 40 4061 4061 4061 4061 4061 4061 4061
747 1777302232 3554 3698 3670 3649 128 3626 3627 3596 40 4061 4061 4061 4061 4061 4061 4061
748 1777302232 3555 3699 3671 3651 126 3626 3629 3597 40 4061 4060 4060 4060 4060 4060 4060
749 1777302232 3555 3699 3672 3650 128 3627 3629 3597 40 4061 4061 4061 4061 4061 4061 4061
750 1777302232 3555 3700 3672 3651 129 3627 3629 3597 40 4061 4060 4060 4060 4060 4060 4060
751 1777302232 3553 3697 3670 3648 122 3625 3627 3595 40 4061 4060 4060 4060 4060 4060 4060
752 1777302232 3552 3696 3669 3648 137 3624 3626 3594 40 4060 4060 4060 4060 4060 4060 4060
753 1777302232 3552 3697 3670 3649 122 3625 3626 3595 40 4061 4061 4061 4061 4061 4061 4061
754 1777302233 3553 3698 3670 3649 145 3625 3627 3595 40 4061 4061 4061 4061 4061 4061 4061
755 1777302233 3553 3698 3670 3649 140 3625 3627 3595 40 4061 4061 4061 4061 4061 4061 4061
756 1777302233 3552 3696 3669 3648 118 3624 3625 3594 40 4061 4061 4061 4061 4061 4061 4061
757 1777302233 3553 3697 3670 3648 162 3625 3626 3595 40 4061 4060 4060 4060 4060 4060 4060
758 1777302233 3553 3697 3669 3649 143 3625 3627 3595 40 4061 4060 4060 4060 4060 4060 4060
759 1777302233 3553 3697 3670 3649 145 3625 3627 3595 40 4061 4061 4061 4061 4061 4061 4061
760 1777302233 3552 3697 3669 3648 156 3624 3626 3594 40 4061 4061 4061 4061 4061 4061 4061
761 1777302233 3553 3698 3670 3649 142 3625 3627 3595 40 4061 4060 4060 4060 4060 4060 4060
762 1777302234 3553 3697 3670 3649 155 3624 3627 3595 40 4061 4061 4061 4061 4061 4061 4061
763 1777302234 3554 3698 3670 3650 130 3626 3627 3596 40 4061 4061 4061 4061 4061 4061 4061
764 1777302234 3553 3698 3670 3649 136 3625 3627 3595 40 4061 4061 4061 4061 4061 4061 4061
765 1777302234 3553 3698 3670 3649 135 3625 3627 3595 40 4060 4060 4060 4060 4060 4060 4060
766 1777302234 3553 3697 3669 3649 159 3624 3627 3594 40 4061 4061 4061 4061 4061 4061 4061
767 1777302234 3552 3697 3670 3649 114 3625 3626 3595 40 4061 4060 4060 4060 4060 4060 4060
768 1777302234 3553 3697 3670 3649 143 3625 3627 3595 40 4061 4060 4060 4060 4060 4060 4060
769 1777302234 3553 3698 3670 3650 140 3625 3627 3596 40 4061 4061 4061 4061 4061 4061 4061
770 1777302234 3552 3697 3669 3648 145 3624 3627 3595 40 4061 4060 4060 4060 4060 4060 4060
771 1777302234 3553 3698 3669 3648 144 3625 3627 3595 40 4061 4061 4061 4061 4061 4061 4061
772 1777302234 3553 3698 3670 3649 161 3625 3627 3595 40 4060 4060 4060 4060 4060 4060 4060
773 1777302234 3553 3698 3670 3649 154 3625 3627 3595 40 4061 4060 4060 4060 4060 4060 4060
774 1777302235 3553 3698 3670 3649 161 3624 3628 3595 40 4061 4061 4061 4061 4061 4061 4061
775 1777302235 3553 3698 3670 3649 140 3623 3627 3595 40 4060 4060 4060 4060 4060 4060 4060
776 1777302235 3553 3697 3670 3649 154 3626 3627 3596 40 4061 4061 4061 4061 4061 4061 4061
777 1777302235 3552 3697 3670 3648 142 3624 3627 3594 40 4061 4060 4060 4060 4060 4060 4060
778 1777302235 3553 3697 3670 3648 119 3624 3626 3595 40 4061 4061 4061 4061 4061 4061 4061
779 1777302235 3553 3697 3670 3649 173 3624 3627 3595 40 4061 4061 4061 4061 4061 4061 4061
780 1777302235 3553 3697 3670 3649 135 3625 3627 3595 40 4061 4061 4061 4061 4061 4061 4061
781 1777302235 3552 3696 3669 3648 130 3624 3626 3595 40 4061 4060 4060 4060 4060 4060 4060
782 1777302235 3553 3698 3670 3649 161 3625 3627 3595 40 4060 4060 4060 4060 4060 4060 4060
783 1777302236 3554 3698 3670 3649 142 3625 3627 3595 40 4061 4061 4061 4061 4061 4061 4061
784 1777302236 3553 3698 3670 3649 136 3626 3627 3595 40 4061 4061 4061 4061 4061 4061 4061
785 1777302236 3553 3697 3670 3649 134 3625 3627 3595 40 4061 4061 4061 4061 4061 4061 4061
786 1777302236 3553 3698 3670 3649 131 3625 3628 3596 40 4061 4061 4061 4061 4061 4061 4061
787 1777302236 3554 3698 3670 3649 149 3625 3627 3595 40 4060 4060 4060 4060 4060 4060 4060
788 1777302236 3553 3698 3671 3650 142 3626 3628 3596 40 4061 4061 4061 4061 4061 4061 4061
789 1777302236 3553 3698 3670 3649 138 3625 3627 3595 40 4061 4061 4061 4061 4061 4061 4061
790 1777302236 3553 3697 3669 3649 123 3624 3627 3595 40 4061 4061 4061 4061 4061 4061 4061
791 1777302236 3553 3698 3671 3650 132 3626 3628 3596 40 4061 4060 4060 4060 4060 4060 4060
792 1777302236 3552 3697 3669 3649 136 3625 3626 3594 40 4061 4060 4060 4060 4060 4060 4060
793 1777302236 3553 3698 3670 3649 136 3625 3627 3595 40 4061 4060 4060 4060 4060 4060 4060
794 1777302236 3552 3697 3670 3649 124 3625 3627 3595 40 4061 4061 4061 4061 4061 4061 4061
795 1777302236 3554 3699 3671 3650 137 3626 3628 3596 40 4061 4061 4061 4061 4061 4061 4061
796 1777302236 3553 3698 3670 3649 129 3625 3627 3595 40 4061 4061 4061 4061 4061 4061 4061
797 1777302237 3554 3699 3671 3650 147 3626 3628 3596 40 4060 4060 4060 4060 4060 4060 4060
798 1777302237 3553 3697 3670 3649 133 3625 3627 3595 40 4061 4060 4060 4060 4060 4060 4060
799 1777302237 3554 3699 3671 3650 141 3626 3628 3596 40 4061 4061 4061 4061 4061 4061 4061
800 1777302237 3553 3698 3670 3649 124 3625 3627 3595 40 4061 4061 4061 4061 4061 4061 4061
801 1777302237 3553 3698 3670 3649 170 3626 3627 3596 40 4061 4061 4061 4061 4061 4061 4061
802 1777302237 3552 3697 3669 3649 136 3625 3626 3595 40 4061 4060 4060 4060 4060 4060 4060
803 1777302237 3553 3698 3670 3649 128 3625 3627 3595 40 4061 4060 4060 4060 4060 4060 4060
804 1777302237 3553 3698 3670 3649 130 3625 3627 3595 40 4061 4061 4061 4061 4061 4061 4061
805 1777302237 3552 3697 3669 3648 123 3624 3626 3594 40 4061 4061 4061 4061 4061 4061 4061
806 1777302237 3553 3697 3670 3649 132 3624 3627 3595 40 4061 4061 4061 4061 4061 4061 4061
807 1777302237 3553 3697 3670 3649 147 3625 3627 3595 40 4061 4060 4060 4060 4060 4060 4060
808 1777302237 3553 3697 3670 3648 127 3625 3627 3595 40 4060 4060 4060 4060 4060 4060 4060
809 1777302237 3554 3698 3670 3650 144 3626 3628 3596 40 4061 4060 4060 4060 4060 4060 4060
810 1777302237 3553 3698 3670 3649 145 3625 3627 3596 40 4061 4061 4061 4061 4061 4061 4061
811 1777302237 3553 3698 3670 3649 158 3625 3627 3595 40 4061 4061 4061 4061 4061 4061 4061
812 1777302237 3554 3698 3670 3649 129 3626 3628 3596 40 4061 4060 4060 4060 4060 4060 4060
813 1777302237 3553 3698 3669 3649 136 3624 3626 3595 40 4061 4061 4061 4061 4061 4061 4061
814 1777302238 3553 3697 3670 3649 129 3624 3627 3594 40 4063 4062 4062 4062 4062 4062 4062
815 1777302238 3553 3697 3670 3649 129 3625 3627 3595 40 4061 4061 4061 4061 4061 4061 4061
816 1777302238 3553 3698 3670 3649 143 3625 3627 3595 40 4061 4061 4061 4061 4061 4061 4061
817 1777302238 3552 3697 3670 3649 131 3625 3627 3595 40 4063 4062 4062 4062 4062 4062 4062
818 1777302238 3552 3697 3669 3649 142 3625 3627 3595 40 4061 4060 4060 4060 4060 4060 4060
819 1777302238 3552 3697 3669 3649 161 3625 3627 3595 40 4061 4061 4061 4061 4061 4061 4061
820 1777302238 3553 3697 3670 3649 147 3625 3628 3595 40 4060 4060 4060 4060 4060 4060 4060
821 1777302238 3553 3698 3670 3649 134 3625 3627 3595 40 4061 4060 4060 4060 4060 4060 4060
822 1777302238 3553 3698 3670 3649 143 3625 3627 3596 40 4061 4061 4061 4061 4061 4061 4061
823 1777302239 3553 3697 3669 3648 161 3625 3626 3594 40 4061 4060 4060 4060 4060 4060 4060
824 1777302239 3554 3699 3671 3650 151 3626 3628 3596 40 4061 4061 4061 4061 4061 4061 4061
825 1777302239 3553 3698 3670 3649 144 3625 3627 3595 40 4061 4061 4061 4061 4061 4061 4061
826 1777302239 3554 3699 3671 3650 139 3626 3628 3596 40 4061 4061 4061 4061 4061 4061 4061
827 1777302239 3553 3698 3670 3649 132 3625 3627 3595 40 4060 4060 4060 4060 4060 4060 4060
828 1777302239 3553 3698 3670 3648 159 3625 3626 3595 40 4060 4060 4060 4060 4060 4060 4060
829 1777302239 3554 3698 3671 3649 124 3625 3627 3595 40 4061 4060 4060 4060 4060 4060 4060
830 1777302239 3553 3698 3670 3649 158 3625 3627 3595 40 4060 4060 4060 4060 4060 4060 4060
831 1777302239 3553 3697 3670 3649 141 3625 3627 3595 40 4061 4061 4061 4061 4061 4061 4061
832 1777302239 3553 3698 3670 3650 144 3626 3628 3595 40 4061 4060 4060 4060 4060 4060 4060
833 1777302239 3554 3698 3671 3650 145 3626 3628 3595 40 4061 4061 4061 4061 4061 4061 4061
834 1777302239 3552 3698 3670 3649 156 3625 3627 3595 40 4061 4060 4060 4060 4060 4060 4060
835 1777302239 3554 3698 3670 3649 133 3625 3627 3595 40 4061 4061 4061 4061 4061 4061 4061
836 1777302240 3553 3698 3670 3649 139 3625 3627 3595 40 4061 4060 4060 4060 4060 4060 4060
837 1777302240 3554 3698 3670 3650 140 3625 3627 3596 40 4061 4061 4061 4061 4061 4061 4061
838 1777302240 3553 3698 3670 3649 124 3624 3627 3595 40 4061 4060 4060 4060 4060 4060 4060
839 1777302240 3552 3697 3669 3648 113 3623 3627 3595 40 4061 4060 4060 4060 4060 4060 4060
840 1777302240 3554 3699 3671 3650 138 3626 3628 3596 40 4061 4060 4060 4060 4060 4060 4060
841 1777302240 3553 3698 3670 3649 131 3625 3626 3595 40 4062 4062 4062 4062 4062 4062 4062
842 1777302240 3553 3698 3670 3649 137 3625 3627 3595 40 4060 4060 4060 4060 4060 4060 4060
843 1777302241 3554 3698 3670 3649 125 3626 3628 3596 40 4061 4061 4061 4061 4061 4061 4061
844 1777302241 3553 3698 3670 3649 136 3626 3627 3596 40 4061 4061 4061 4061 4061 4061 4061
845 1777302241 3555 3699 3671 3651 130 3627 3629 3597 40 4063 4062 4062 4062 4062 4062 4062
846 1777302241 3554 3698 3671 3650 147 3626 3628 3596 40 4061 4060 4060 4060 4060 4060 4060
847 1777302241 3554 3699 3671 3650 146 3626 3628 3596 40 4061 4060 4060 4060 4060 4060 4060
848 1777302241 3553 3698 3670 3649 126 3626 3627 3595 40 4061 4060 4060 4060 4060 4060 4060
849 1777302241 3553 3698 3670 3649 132 3625 3627 3595 40 4060 4060 4060 4060 4060 4060 4060
850 1777302241 3554 3699 3671 3649 132 3626 3628 3596 40 4061 4061 4061 4061 4061 4061 4061
851 1777302241 3554 3698 3671 3649 144 3626 3627 3596 40 4061 4061 4061 4061 4061 4061 4061
852 1777302241 3553 3698 3670 3649 184 3626 3627 3595 40 4061 4061 4061 4061 4061 4061 4061
853 1777302241 3554 3699 3671 3650 150 3625 3628 3596 40 4061 4061 4061 4061 4061 4061 4061
854 1777302242 3553 3698 3670 3649 133 3624 3627 3595 40 4061 4061 4061 4061 4061 4061 4061
855 1777302242 3553 3698 3670 3649 181 3625 3627 3595 40 4061 4061 4061 4061 4061 4061 4061
856 1777302242 3553 3698 3671 3650 147 3626 3628 3596 40 4061 4060 4060 4060 4060 4060 4060
857 1777302242 3554 3698 3671 3650 144 3626 3628 3596 40 4061 4060 4060 4060 4060 4060 4060
858 1777302242 3554 3698 3671 3650 129 3625 3627 3596 40 4061 4061 4061 4061 4061 4061 4061
859 1777302242 3553 3698 3670 3649 132 3625 3628 3596 40 4061 4061 4061 4061 4061 4061 4061
860 1777302242 3552 3697 3669 3649 154 3625 3627 3595 40 4061 4061 4061 4061 4061 4061 4061
861 1777302242 3554 3699 3671 3650 127 3626 3629 3597 40 4061 4061 4061 4061 4061 4061 4061
862 1777302243 3554 3698 3671 3650 139 3626 3628 3596 40 4061 4061 4061 4061 4061 4061 4061
863 1777302243 3552 3697 3670 3649 122 3625 3627 3595 40 4061 4061 4061 4061 4061 4061 4061
864 1777302243 3554 3698 3670 3649 136 3626 3627 3595 40 4061 4061 4061 4061 4061 4061 4061
865 1777302243 3552 3697 3669 3649 138 3625 3627 3595 40 4061 4060 4060 4060 4060 4060 4060
866 1777302243 3554 3699 3671 3650 131 3626 3628 3596 40 4061 4061 4061 4061 4061 4061 4061
867 1777302243 3554 3698 3671 3650 182 3626 3628 3596 40 4061 4061 4061 4061 4061 4061 4061
868 1777302243 3553 3698 3671 3649 127 3626 3628 3596 40 4061 4061 4061 4061 4061 4061 4061
869 1777302243 3554 3698 3671 3650 148 3625 3628 3595 40 4060 4060 4060 4060 4060 4060 4060
870 1777302243 3553 3698 3670 3649 143 3624 3627 3596 40 4061 4061 4061 4061 4061 4061 4061
871 1777302243 3554 3699 3671 3650 163 3626 3628 3596 40 4061 4060 4060 4060 4060 4060 4060
872 1777302244 3553 3697 3670 3649 129 3626 3627 3595 40 4061 4060 4060 4060 4060 4060 4060
873 1777302244 3553 3698 3670 3649 148 3625 3628 3596 40 4061 4061 4061 4061 4061 4061 4061
874 1777302244 3554 3699 3671 3651 136 3627 3628 3597 40 4061 4060 4060 4060 4060 4060 4060
875 1777302244 3553 3698 3671 3650 136 3626 3628 3597 40 4061 4061 4061 4061 4061 4061 4061
876 1777302244 3553 3698 3671 3649 140 3625 3627 3595 40 4061 4061 4061 4061 4061 4061 4061
877 1777302245 3554 3699 3671 3650 136 3626 3628 3596 40 4061 4061 4061 4061 4061 4061 4061
878 1777302245 3554 3698 3671 3650 125 3626 3628 3596 40 4061 4061 4061 4061 4061 4061 4061
879 1777302245 3554 3698 3670 3649 124 3625 3628 3596 40 4061 4061 4061 4061 4061 4061 4061
880 1777302245 3553 3698 3670 3649 154 3625 3627 3595 40 4061 4061 4061 4061 4061 4061 4061
881 1777302245 3554 3699 3671 3650 142 3626 3629 3596 40 4060 4060 4060 4060 4060 4060 4060
882 1777302245 3554 3699 3671 3650 142 3626 3628 3596 40 4061 4061 4061 4061 4061 4061 4061
883 1777302245 3553 3698 3671 3650 156 3626 3627 3596 40 4061 4061 4061 4061 4061 4061 4061
884 1777302245 3554 3698 3670 3649 135 3626 3627 3596 40 4061 4061 4061 4061 4061 4061 4061
885 1777302245 3554 3698 3671 3650 132 3625 3628 3596 40 4061 4061 4061 4061 4061 4061 4061
886 1777302245 3553 3698 3671 3649 121 3626 3627 3595 40 4061 4061 4061 4061 4061 4061 4061
887 1777302245 3553 3698 3671 3649 152 3626 3628 3596 40 4061 4060 4060 4060 4060 4060 4060
888 1777302245 3554 3699 3671 3650 133 3626 3628 3596 40 4061 4061 4061 4061 4061 4061 4061
889 1777302245 3552 3697 3669 3648 153 3625 3626 3595 40 4061 4061 4061 4061 4061 4061 4061
890 1777302246 3553 3698 3670 3649 127 3626 3627 3595 40 4061 4061 4061 4061 4061 4061 4061
891 1777302246 3553 3698 3670 3649 148 3625 3627 3595 40 4061 4061 4061 4061 4061 4061 4061
892 1777302246 3553 3697 3669 3649 131 3625 3627 3595 40 4060 4060 4060 4060 4060 4060 4060
893 1777302246 3553 3698 3670 3649 123 3625 3628 3596 40 4061 4061 4061 4061 4061 4061 4061
894 1777302246 3554 3698 3670 3649 115 3626 3628 3596 40 4061 4060 4060 4060 4060 4060 4060
895 1777302246 3553 3697 3671 3650 137 3626 3628 3596 40 4061 4061 4061 4061 4061 4061 4061
896 1777302247 3554 3699 3671 3650 130 3626 3628 3596 40 4061 4061 4061 4061 4061 4061 4061
897 1777302247 3554 3699 3671 3650 145 3626 3628 3596 40 4061 4060 4060 4060 4060 4060 4060
898 1777302247 3553 3698 3670 3649 150 3626 3628 3596 40 4061 4061 4061 4061 4061 4061 4061
899 1777302247 3554 3699 3672 3650 116 3627 3628 3596 40 4061 4061 4061 4061 4061 4061 4061
900 1777302247 3555 3699 3672 3651 139 3626 3630 3598 40 4061 4060 4060 4060 4060 4060 4060
901 1777302247 3554 3698 3671 3650 143 3625 3628 3596 40 4063 4062 4062 4062 4062 4062 4062
902 1777302247 3554 3699 3671 3650 123 3627 3628 3596 40 4061 4061 4061 4061 4061 4061 4061
903 1777302247 3553 3698 3671 3650 141 3626 3628 3595 40 4060 4060 4060 4060 4060 4060 4060
904 1777302247 3554 3698 3671 3650 135 3626 3628 3596 40 4061 4061 4061 4061 4061 4061 4061
905 1777302247 3554 3699 3671 3650 144 3626 3628 3596 40 4061 4060 4060 4060 4060 4060 4060
906 1777302247 3553 3697 3670 3649 149 3625 3627 3595 40 4061 4061 4061 4061 4061 4061 4061
907 1777302247 3554 3698 3671 3650 124 3626 3628 3596 40 4061 4061 4061 4061 4061 4061 4061
908 1777302247 3553 3698 3670 3650 159 3626 3628 3596 40 4061 4060 4060 4060 4060 4060 4060
909 1777302247 3554 3698 3670 3650 122 3626 3628 3596 40 4061 4060 4060 4060 4060 4060 4060
910 1777302247 3554 3698 3671 3650 153 3626 3628 3596 40 4061 4061 4061 4061 4061 4061 4061
911 1777302248 3554 3698 3671 3650 132 3626 3628 3596 40 4061 4060 4060 4060 4060 4060 4060
912 1777302248 3554 3699 3671 3650 131 3626 3628 3597 40 4059 4059 4059 4059 4059 4059 4059
913 1777302248 3554 3698 3670 3650 138 3625 3628 3596 40 4060 4060 4060 4060 4060 4060 4060
914 1777302248 3554 3699 3671 3649 174 3626 3628 3596 40 4061 4061 4061 4061 4061 4061 4061
915 1777302248 3553 3698 3670 3650 126 3625 3628 3596 40 4061 4060 4060 4060 4060 4060 4060
916 1777302248 3554 3698 3670 3650 139 3625 3628 3596 40 4061 4060 4060 4060 4060 4060 4060
917 1777302248 3553 3698 3670 3649 171 3625 3627 3596 40 4060 4060 4060 4060 4060 4060 4060
918 1777302248 3555 3699 3671 3650 162 3626 3628 3596 40 4061 4060 4060 4060 4060 4060 4060
919 1777302248 3554 3699 3672 3650 138 3627 3628 3596 40 4063 4062 4062 4062 4062 4062 4062
920 1777302248 3553 3698 3671 3649 137 3626 3628 3595 40 4061 4061 4061 4061 4061 4061 4061
921 1777302249 3553 3698 3670 3649 116 3625 3627 3595 40 4061 4061 4061 4061 4061 4061 4061
922 1777302249 3554 3698 3671 3650 112 3626 3627 3595 40 4061 4061 4061 4061 4061 4061 4061
923 1777302249 3554 3699 3671 3650 145 3625 3628 3596 40 4061 4061 4061 4061 4061 4061 4061
924 1777302249 3553 3698 3670 3649 139 3626 3627 3596 40 4061 4060 4060 4060 4060 4060 4060
925 1777302249 3554 3698 3670 3650 146 3626 3628 3596 40 4061 4061 4061 4061 4061 4061 4061
926 1777302249 3554 3699 3671 3650 122 3626 3628 3596 40 4061 4061 4061 4061 4061 4061 4061
927 1777302249 3555 3699 3672 3650 137 3627 3629 3597 40 4061 4061 4061 4061 4061 4061 4061
928 1777302250 3553 3698 3671 3649 141 3626 3628 3596 40 4063 4062 4062 4062 4062 4062 4062
929 1777302250 3555 3699 3672 3651 136 3627 3629 3597 40 4061 4061 4061 4061 4061 4061 4061
930 1777302250 3555 3699 3672 3651 153 3627 3628 3597 40 4061 4061 4061 4061 4061 4061 4061
931 1777302250 3554 3698 3671 3650 146 3626 3628 3596 40 4061 4061 4061 4061 4061 4061 4061
932 1777302250 3553 3698 3670 3649 147 3626 3628 3596 40 4061 4061 4061 4061 4061 4061 4061
933 1777302250 3555 3699 3672 3651 130 3627 3629 3597 40 4061 4060 4060 4060 4060 4060 4060
934 1777302250 3554 3698 3671 3650 150 3626 3628 3596 40 4061 4061 4061 4061 4061 4061 4061
935 1777302250 3554 3698 3671 3650 134 3626 3628 3596 40 4061 4061 4061 4061 4061 4061 4061
936 1777302250 3554 3698 3671 3650 131 3626 3627 3596 40 4061 4060 4060 4060 4060 4060 4060
937 1777302250 3554 3699 3672 3651 113 3627 3629 3597 40 4060 4060 4060 4060 4060 4060 4060
938 1777302250 3554 3699 3671 3650 143 3626 3628 3597 40 4061 4061 4061 4061 4061 4061 4061
939 1777302250 3555 3700 3672 3652 144 3627 3629 3598 40 4061 4061 4061 4061 4061 4061 4061
940 1777302250 3554 3698 3670 3649 159 3626 3627 3595 40 4061 4061 4061 4061 4061 4061 4061
941 1777302250 3554 3698 3670 3650 138 3626 3628 3596 40 4061 4061 4061 4061 4061 4061 4061
942 1777302251 3554 3699 3671 3650 155 3626 3628 3596 40 4061 4060 4060 4060 4060 4060 4060
943 1777302251 3555 3699 3672 3651 134 3627 3628 3597 40 4061 4060 4060 4060 4060 4060 4060
944 1777302251 3554 3698 3671 3650 136 3626 3628 3596 40 4061 4060 4060 4060 4060 4060 4060
945 1777302251 3554 3700 3671 3651 149 3627 3629 3596 40 4061 4061 4061 4061 4061 4061 4061
946 1777302251 3554 3699 3671 3650 185 3626 3628 3596 40 4061 4061 4061 4061 4061 4061 4061
947 1777302251 3554 3698 3671 3650 139 3627 3628 3596 40 4061 4061 4061 4061 4061 4061 4061
948 1777302251 3554 3699 3671 3650 147 3626 3628 3596 40 4061 4061 4061 4061 4061 4061 4061
949 1777302251 3554 3699 3671 3651 135 3627 3629 3597 40 4060 4060 4060 4060 4060 4060 4060
950 1777302251 3554 3699 3671 3650 169 3626 3629 3597 40 4061 4061 4061 4061 4061 4061 4061
951 1777302252 3554 3699 3671 3650 173 3626 3628 3596 40 4061 4060 4060 4060 4060 4060 4060
952 1777302252 3554 3699 3671 3650 137 3626 3628 3596 40 4061 4061 4061 4061 4061 4061 4061
953 1777302252 3554 3699 3671 3651 157 3627 3629 3598 40 4061 4061 4061 4061 4061 4061 4061
954 1777302252 3553 3698 3670 3649 120 3626 3628 3595 40 4061 4060 4060 4060 4060 4060 4060
955 1777302252 3554 3698 3671 3650 129 3626 3628 3596 40 4061 4061 4061 4061 4061 4061 4061
956 1777302252 3554 3698 3671 3650 100 3626 3628 3596 40 4061 4060 4060 4060 4060 4060 4060
957 1777302252 3554 3699 3671 3649 142 3625 3628 3596 40 4061 4060 4060 4060 4060 4060 4060
958 1777302253 3554 3699 3671 3650 126 3626 3629 3596 40 4061 4060 4060 4060 4060 4060 4060
959 1777302253 3554 3699 3671 3651 144 3627 3628 3596 40 4061 4060 4060 4060 4060 4060 4060
960 1777302253 3555 3699 3671 3650 137 3627 3629 3597 40 4061 4060 4060 4060 4060 4060 4060
961 1777302253 3554 3698 3671 3650 145 3626 3628 3596 40 4061 4060 4060 4060 4060 4060 4060
962 1777302253 3555 3699 3671 3651 129 3626 3629 3597 40 4060 4060 4060 4060 4060 4060 4060
963 1777302253 3554 3699 3672 3650 154 3627 3629 3596 40 4060 4060 4060 4060 4060 4060 4060
964 1777302253 3554 3698 3671 3650 151 3626 3628 3596 40 4061 4061 4061 4061 4061 4061 4061
965 1777302253 3554 3698 3670 3649 147 3625 3628 3596 40 4061 4061 4061 4061 4061 4061 4061
966 1777302253 3555 3700 3672 3651 149 3628 3629 3598 40 4061 4061 4061 4061 4061 4061 4061
967 1777302253 3554 3699 3671 3650 146 3626 3628 3596 40 4061 4061 4061 4061 4061 4061 4061
968 1777302253 3554 3699 3671 3649 149 3626 3628 3596 40 4061 4060 4060 4060 4060 4060 4060
969 1777302253 3555 3700 3672 3651 115 3627 3629 3597 40 4061 4060 4060 4060 4060 4060 4060
970 1777302253 3554 3699 3672 3651 117 3626 3629 3597 40 4061 4061 4061 4061 4061 4061 4061
971 1777302253 3554 3700 3671 3650 135 3626 3628 3595 40 4061 4060 4060 4060 4060 4060 4060
972 1777302253 3554 3699 3671 3650 119 3626 3628 3597 40 4061 4060 4060 4060 4060 4060 4060
973 1777302253 3555 3699 3671 3650 141 3625 3628 3596 40 4061 4060 4060 4060 4060 4060 4060
974 1777302254 3553 3698 3671 3650 129 3626 3627 3596 40 4061 4061 4061 4061 4061 4061 4061
975 1777302254 3554 3699 3672 3651 134 3627 3629 3597 40 4061 4061 4061 4061 4061 4061 4061
976 1777302254 3554 3699 3671 3651 133 3626 3629 3597 40 4061 4061 4061 4061 4061 4061 4061
977 1777302254 3554 3699 3671 3650 150 3626 3628 3596 40 4061 4061 4061 4061 4061 4061 4061
978 1777302254 3554 3699 3671 3650 149 3627 3628 3596 40 4061 4060 4060 4060 4060 4060 4060
979 1777302254 3555 3699 3672 3651 145 3627 3629 3597 40 4061 4061 4061 4061 4061 4061 4061
980 1777302254 3555 3698 3670 3650 143 3626 3628 3596 40 4061 4061 4061 4061 4061 4061 4061
981 1777302254 3554 3699 3672 3651 116 3627 3629 3597 40 4061 4061 4061 4061 4061 4061 4061
982 1777302254 3554 3700 3672 3651 145 3628 3629 3597 40 4061 4060 4060 4060 4060 4060 4060
983 1777302255 3554 3699 3671 3650 130 3626 3628 3596 40 4061 4061 4061 4061 4061 4061 4061
984 1777302255 3554 3698 3670 3649 143 3625 3627 3595 40 4061 4061 4061 4061 4061 4061 4061
985 1777302255 3555 3700 3672 3651 150 3627 3630 3597 40 4061 4061 4061 4061 4061 4061 4061
986 1777302255 3555 3700 970 3650 129 3627 3629 3597 40 4061 4060 4060 4060 4060 4060 4060
987 1777302255 3555 3700 3672 3652 132 3627 3629 3597 40 4061 4061 4061 4061 4061 4061 4061
988 1777302255 3555 3699 3672 3651 141 3626 3628 3597 40 4061 4060 4060 4060 4060 4060 4060
989 1777302255 3554 3699 3671 3650 143 3626 3628 3596 40 4061 4060 4060 4060 4060 4060 4060
990 1777302255 3554 3699 3671 3650 135 3627 3628 3597 40 4061 4061 4061 4061 4061 4061 4061
991 1777302255 3555 3699 3671 3650 146 3626 3628 3597 40 4061 4060 4060 4060 4060 4060 4060
992 1777302255 3554 3699 3671 3650 139 3626 3628 3596 40 4061 4060 4060 4060 4060 4060 4060
993 1777302255 3554 3699 3671 3651 147 3627 3629 3597 40 4061 4060 4060 4060 4060 4060 4060
994 1777302255 3554 3699 3671 3650 176 3627 3628 3597 40 4061 4061 4061 4061 4061 4061 4061
995 1777302256 3554 3698 3671 3650 140 3626 3627 3596 40 4061 4061 4061 4061 4061 4061 4061
996 1777302256 3555 3699 3672 3651 141 3626 3629 3597 40 4061 4060 4060 4060 4060 4060 4060
997 1777302256 3555 3700 3672 3651 124 3627 3629 3597 40 4061 4061 4061 4061 4061 4061 4061
998 1777302256 3554 3699 3671 3650 147 3626 3628 3596 40 4061 4061 4061 4061 4061 4061 4061
999 1777302256 3554 3698 3671 3650 149 3626 3628 3597 40 4061 4061 4061 4061 4061 4061 4061
1000 1777302256 3555 3700 3672 3651 146 3627 3629 3597 40 4061 4060 4060 4060 4060 4060 4060
