708V_30dB_27ua_histo.txt
340.4214 338.2241 333.2275 333.3400 328.6569 327.7061
333.5960
idx  mean mean_err  sigma sigma_err  norm norm_err  pvalue
0  5.00 0.21  28.67 0.17  2121.01 19.71  0.00063472
1  345.42 0.22  34.50 0.21  2577.41 20.50  0.00000024
2  683.64 0.33  41.78 0.35  2224.31 18.50  0.00000000
3  1016.87 0.53  53.17 0.66  1576.95 14.72  0.00000000
4  1350.21 0.67  59.33 0.96  1098.60 11.94  0.00003731
5  1678.87 1.48  74.57 2.19  716.51 9.13  0.37221995
6  2006.57 2.84  105.75 6.99  454.20 7.26  0.21346339