708V_30dB_24ua_histo.txt
340.5244 336.1270 330.9856 332.7716 329.7787 316.8446
331.1720
idx  mean mean_err  sigma sigma_err  norm norm_err  pvalue
0  4.21 0.13  28.97 0.11  5635.31 32.03  0.00000000
1  344.73 0.18  35.01 0.17  4290.76 26.54  0.00000000
2  680.86 0.36  44.52 0.38  2534.33 19.55  0.00000000
3  1011.85 0.58  57.12 0.78  1436.24 13.69  0.00000000
4  1344.62 0.96  65.61 1.45  809.53 10.07  0.07657472
5  1674.40 2.52  83.45 3.75  446.32 7.00  0.63888386
6  1991.24 4.53  113.07 11.36  254.33 5.38  0.71345987
