1 22 33 33 48 128 85 20 4 26 13 34 28
2 22 40 50 38 72 47 25 7 31 32 35 28
3 23 32 28 28 126 108 22 25 26 1 34 28
4 22 34 41 47 263 50 24 25 26 29 35 28
5 23 31 31 34 189 53 25 24 25 16 34 28
6 22 39 45 13 83 13 20 20 28 21 34 28
7 22 38 54 22 57 49 31 34 33 33 35 28
8 22 31 3 19 66 1 32 34 35 11 34 28
9 22 35 18 39 118 1 20 39 30 41 35 28
10 22 37 44 33 57 29 27 29 30 34 35 28
11 22 37 49 26 163 3 26 22 26 8 34 28
12 22 42 59 15 119 107 29 43 34 30 35 28
13 23 37 37 23 73 1 40 20 29 8 34 29
14 22 30 21 16 113 18 20 29 26 1 34 28
15 22 38 54 17 71 1 18 19 27 1 34 28
16 23 39 59 24 158 43 21 44 21 26 34 28
17 22 33 28 36 205 1 20 31 31 37 35 28
18 22 26 24 38 85 1 20 31 32 25 34 28
19 22 29 16 24 96 28 28 41 27 23 34 28
20 22 34 34 20 110 37 21 1 35 20 34 28
21 22 29 13 20 101 85 27 27 31 18 34 28
22 22 33 35 22 93 27 26 44 30 23 34 28
23 22 41 53 29 92 147 28 1 56 28 34 28
24 23 40 62 22 109 54 23 20 28 31 35 28
25 22 31 46 25 117 6 28 29 26 26 34 28
26 22 38 55 19 78 1 28 25 23 27 34 28
27 23 38 27 42 55 54 27 1 32 24 34 28
28 22 22 1 20 43 38 13 19 22 1 33 27
29 22 30 14 26 89 1 23 29 30 28 34 28
30 23 31 32 26 69 48 18 25 33 9 35 28
31 22 39 47 27 131 1 24 34 30 19 34 28
32 22 35 36 28 57 6 19 31 21 13 34 28
33 22 28 4 19 138 115 16 24 20 1 34 28
34 22 36 33 28 79 23 23 31 25 37 35 28
35 22 32 41 28 93 8 22 33 33 32 35 28
36 22 34 34 27 108 103 17 26 33 19 34 28
37 23 33 32 28 76 5 23 34 30 18 34 28
38 22 30 13 29 101 24 32 22 35 21 34 28
39 22 29 27 31 111 1 23 32 31 23 34 28
40 22 43 56 29 159 1 24 30 34 31 35 28
41 23 38 32 25 86 111 20 9 29 36 35 29
42 22 16 1 30 96 1 24 20 24 1 34 28
43 22 44 70 9 102 54 35 27 37 24 34 28
44 22 34 31 31 44 59 19 27 23 41 35 28
45 22 42 62 34 128 1 25 1 29 38 35 28
46 22 32 38 29 104 27 17 26 21 19 34 29
47 22 31 31 26 59 56 19 26 28 2 34 28
48 22 38 39 25 223 1 27 25 25 32 35 28
49 22 42 45 18 96 1 26 24 35 32 35 28
50 22 27 7 45 193 85 20 25 28 30 35 28
51 22 31 29 18 165 1 24 18 34 3 34 28
52 22 29 26 40 59 97 23 18 24 11 34 28
53 22 27 1 31 94 48 21 30 27 20 34 28
54 22 40 47 31 77 44 29 28 31 26 34 28
55 23 35 35 32 83 12 17 28 26 15 35 29
56 22 31 30 33 57 37 26 25 29 35 35 28
57 22 25 11 36 71 80 22 20 28 8 34 28
58 23 31 27 32 75 1 24 36 28 25 34 28
59 23 41 46 10 294 12 19 19 25 27 35 28
60 22 43 53 18 143 73 29 30 27 17 34 28
61 22 34 45 20 101 1 22 22 23 9 34 28
62 22 34 29 31 125 89 21 29 27 25 34 29
63 22 34 27 24 78 23 24 23 22 19 34 28
64 22 40 44 23 107 32 28 25 27 35 35 28
65 22 32 18 38 55 42 21 45 26 22 34 28
66 23 33 26 30 134 45 25 36 27 33 35 29
67 22 29 24 16 72 67 24 23 33 1 34 28
68 23 35 37 29 94 1 25 31 34 27 34 28
69 22 30 9 40 107 1 26 18 25 13 34 28
70 22 31 20 30 100 1 22 29 24 16 34 28
71 22 37 55 29 103 1 24 40 29 19 34 28
72 23 44 72 28 76 51 26 28 24 45 35 28
73 22 36 43 17 129 25 24 25 25 16 34 28
74 22 24 1 27 139 15 25 14 28 9 34 28
75 22 31 23 11 110 36 23 32 30 19 34 28
76 22 34 36 22 57 41 20 34 26 18 34 28
77 23 26 11 34 101 56 21 27 35 29 35 29
78 22 33 24 18 147 131 22 19 29 5 34 28
79 22 35 36 28 111 1 23 19 21 8 34 28
80 22 26 13 18 65 26 23 24 28 5 34 28
81 22 33 34 43 86 1 36 33 29 17 34 28
82 22 24 6 22 103 1 23 24 20 26 34 28
83 22 37 28 28 47 1 25 34 17 38 35 28
84 22 33 12 29 76 14 28 39 22 30 34 28
85 23 49 22 13 85 20 21 20 31 29 35 29
86 22 27 25 38 137 37 21 26 27 9 34 28
87 22 33 32 20 88 86 21 32 29 1 34 28
88 22 35 42 30 65 1 21 23 29 29 35 28
89 22 29 9 23 69 1 27 26 36 18 34 29
90 23 38 42 46 69 1 24 32 23 45 35 29
91 23 35 48 25 109 1 25 27 28 24 34 28
92 22 33 25 33 207 48 21 47 24 7 34 28
93 22 39 45 22 195 45 25 29 31 35 35 28
94 22 30 17 21 347 1 27 33 26 38 35 28
95 22 27 12 17 98 1 26 23 32 1 34 28
96 22 35 42 32 189 16 29 29 37 42 35 28
97 22 36 32 22 60 20 30 33 35 17 34 28
98 22 27 18 34 93 41 15 17 25 11 34 28
99 22 33 48 20 116 7 21 21 24 10 35 28
100 22 26 19 15 53 1 19 17 21 20 34 28
101 22 27 9 22 223 1 23 25 30 15 34 28
102 22 35 38 23 184 55 16 27 25 21 34 28
103 22 29 13 15 86 54 21 27 21 10 34 28
104 23 31 24 31 75 55 14 29 27 20 34 29
105 22 34 42 31 108 32 28 21 30 14 34 28
106 22 32 25 22 97 1 21 14 31 1 34 28
107 22 32 34 31 105 1 22 35 27 28 35 28
108 23 32 17 28 133 55 22 35 32 23 35 29
109 22 30 31 29 85 1 24 28 31 15 34 28
110 22 32 33 17 125 21 20 27 23 3 34 28
111 22 39 51 29 80 74 22 24 31 7 34 28
112 22 31 22 37 49 69 24 27 27 26 34 28
113 22 31 24 23 57 66 22 23 30 19 34 28
114 22 41 51 28 93 1 22 28 27 29 35 28
115 23 26 16 19 81 50 21 25 35 7 35 29
116 22 31 31 36 197 16 21 29 22 23 34 28
117 23 35 45 39 115 73 20 31 27 26 34 28
118 22 32 34 28 102 28 26 22 31 15 34 28
119 22 32 22 25 63 69 19 28 26 20 34 28
120 22 30 20 18 66 43 22 25 34 12 34 28
121 22 39 63 24 136 79 23 1 31 22 34 28
122 22 36 41 29 113 97 28 21 29 13 34 28
123 23 32 31 38 105 1 24 32 21 29 34 28
124 22 38 43 30 63 21 15 21 13 17 34 28
125 22 35 29 31 105 1 23 34 22 38 35 28
126 22 29 25 30 102 4 25 39 24 30 35 28
127 22 32 28 26 103 18 28 31 36 31 35 28
128 23 33 30 24 108 1 24 26 18 21 34 28
129 22 34 36 47 144 41 24 27 29 45 35 28
130 22 32 21 28 62 13 33 25 30 28 35 28
131 23 28 23 13 51 1 22 39 32 12 34 28
132 22 40 48 33 87 1 24 32 31 30 35 28
133 22 32 31 25 104 31 25 27 29 32 35 28
134 22 36 34 32 88 1 25 26 25 29 35 28
135 22 30 23 29 185 43 22 29 26 30 35 28
136 22 31 31 16 57 45 18 18 26 8 34 28
137 22 32 37 39 139 44 23 23 29 28 35 28
138 22 29 19 25 64 1 26 33 32 15 34 28
139 23 40 45 11 134 1 28 27 28 36 35 28
140 22 25 1 31 72 10 18 21 23 4 34 28
141 22 22 1 21 107 1 19 26 25 16 34 28
142 22 37 36 31 113 65 26 22 30 21 34 28
143 22 28 19 42 50 20 20 22 27 16 34 28
144 22 28 17 32 69 1 23 32 24 22 34 28
145 22 31 30 39 121 1 21 28 27 21 34 28
146 22 37 45 27 76 10 18 26 33 29 34 28
147 22 27 9 23 163 1 21 30 28 11 34 28
148 22 39 37 16 245 11 24 20 26 24 34 28
149 22 35 31 40 109 27 28 1 34 31 34 28
150 22 118 34 35 196 35 21 30 26 32 35 28
151 22 31 27 33 89 11 18 29 33 11 34 28
152 22 29 18 21 87 41 26 20 33 19 34 28
153 22 27 14 28 69 1 22 25 26 15 34 28
154 22 27 25 28 74 1 21 32 33 24 34 28
155 23 29 22 30 77 20 22 31 22 22 34 28
156 22 33 39 27 142 40 20 34 30 14 34 28
157 22 30 24 23 92 1 19 26 26 20 34 28
158 23 40 64 36 97 116 21 20 31 25 34 28
159 22 29 19 33 104 48 17 1 27 6 34 28
160 22 28 7 36 110 24 23 19 23 20 34 28
161 23 33 34 41 72 20 23 25 23 25 34 28
162 22 35 35 21 175 62 23 33 23 28 35 28
163 22 33 24 25 39 1 24 12 31 25 34 28
164 22 49 80 25 88 1 29 19 34 25 34 28
165 23 34 35 44 122 79 34 18 31 23 34 29
166 22 23 1 19 205 1 24 31 24 11 34 28
167 22 30 24 32 50 1 25 32 28 26 34 28
168 22 30 18 24 88 52 26 19 31 26 34 28
169 23 35 33 36 228 26 25 24 38 32 35 28
170 23 37 47 36 62 1 27 28 29 13 34 28
171 22 26 4 38 105 46 19 38 35 25 34 28
172 22 33 38 41 52 25 24 35 20 32 35 28
173 22 35 40 27 144 82 29 31 28 11 34 28
174 22 38 52 14 107 63 31 17 36 23 34 28
175 22 38 44 20 149 77 34 27 34 14 34 28
176 22 28 35 16 117 16 23 21 30 13 34 28
177 22 37 38 33 116 29 26 30 25 25 34 28
178 22 31 19 28 51 1 15 25 22 17 34 28
179 22 33 26 21 68 33 22 32 32 12 34 28
180 22 37 60 22 68 1 21 43 28 26 34 28
181 23 32 25 33 102 46 32 34 23 33 35 28
182 22 30 30 24 633 1 23 23 24 17 34 28
183 22 27 19 25 139 1 18 29 17 7 34 28
184 22 34 22 27 146 75 24 32 26 28 34 28
185 23 35 40 22 278 102 27 23 32 12 34 28
186 22 39 42 32 113 124 19 40 27 34 35 28
187 22 37 44 18 71 63 23 29 18 22 34 28
188 22 31 11 30 231 71 22 27 32 17 34 28
189 22 37 45 22 126 2 29 43 38 21 34 28
190 22 28 22 35 75 1 27 28 35 30 34 28
191 22 33 26 34 144 94 25 23 30 22 34 28
192 22 32 28 18 275 53 26 25 32 15 34 28
193 22 25 5 19 269 1 14 22 25 7 34 28
194 22 29 18 23 109 1 22 28 22 1 34 28
195 22 38 36 22 57 129 27 28 40 22 34 28
196 22 39 42 32 106 1 30 29 35 33 35 28
197 22 22 1 34 79 13 17 22 27 5 34 28
198 22 31 16 33 96 14 23 29 27 23 34 28
199 22 29 18 40 68 22 21 37 30 34 35 28
200 22 37 39 38 114 16 21 34 30 13 34 29
201 22 34 27 18 81 12 14 28 29 19 34 28
202 22 26 4 37 163 21 18 28 30 29 34 28
203 22 29 18 28 159 30 26 33 24 16 34 28
204 22 37 31 25 224 2 14 16 27 26 34 28
205 22 33 35 30 125 19 29 28 30 30 35 28
206 22 36 42 21 189 37 26 23 28 25 34 28
207 22 32 36 21 109 29 27 33 27 9 34 28
208 22 34 24 38 69 20 28 24 28 28 34 28
209 23 31 21 31 117 1 26 36 26 32 35 28
210 22 28 15 22 109 1 23 32 24 12 34 28
211 23 33 27 16 81 2 25 26 24 8 34 28
212 22 28 9 39 87 1 19 28 30 30 34 28
213 22 31 32 41 97 16 18 27 28 35 35 28
214 22 35 37 15 124 1 26 19 38 20 34 28
215 22 38 46 43 91 140 22 24 24 31 35 28
216 22 36 43 35 147 13 23 35 37 28 35 28
217 22 36 42 26 97 48 24 21 27 32 35 28
218 22 25 12 25 45 5 29 26 36 25 34 28
219 22 35 56 20 100 13 21 27 28 16 34 28
220 23 34 38 32 86 1 27 35 29 15 35 29
221 22 32 26 26 120 40 24 24 40 27 34 28
222 22 37 45 27 152 18 29 43 34 27 34 28
223 22 35 33 17 90 1 23 24 32 22 34 28
224 22 29 11 25 94 1 29 30 36 19 34 28
225 22 24 9 14 59 1 16 24 22 5 34 28
226 22 34 27 36 77 1 18 26 21 28 34 28
227 22 29 1 41 91 1 20 17 24 11 34 28
228 23 41 66 34 66 57 27 20 31 29 35 28
229 23 30 27 38 57 1 23 34 29 25 34 28
230 22 37 40 28 135 47 20 17 27 22 34 28
231 22 27 9 22 59 32 26 1 34 5 34 28
232 22 36 43 35 240 50 23 29 26 31 35 28
233 22 32 32 19 60 26 39 32 25 18 34 28
234 22 34 30 29 279 1 26 27 29 29 35 28
235 22 33 31 27 51 73 18 23 24 27 35 28
236 22 33 34 10 73 1 25 19 23 5 34 28
237 22 24 7 20 98 1 18 12 25 12 34 28
238 22 27 25 29 84 28 23 29 28 31 35 28
239 22 36 43 41 153 16 26 28 27 36 35 28
240 22 347 42 30 177 45 22 35 25 17 34 28
241 23 35 49 44 91 62 23 30 32 34 35 28
242 22 36 50 39 102 88 29 26 38 37 35 28
243 22 31 34 21 127 1 23 29 22 8 34 28
244 22 34 39 30 85 108 16 1 32 29 35 28
245 22 34 38 24 79 1 14 27 22 22 34 28
246 22 32 27 33 74 1 22 30 25 17 34 28
247 22 36 48 27 243 116 24 29 31 10 34 28
248 22 30 26 40 50 65 18 28 25 29 35 28
249 22 35 43 22 213 7 26 30 28 16 34 28
250 22 28 33 25 107 39 22 24 33 20 34 28
251 22 34 30 28 138 77 21 29 26 19 34 28
252 23 36 43 41 57 53 28 24 32 40 35 28
253 22 33 33 26 114 75 16 16 23 14 34 28
254 22 34 28 28 197 78 25 36 30 30 35 28
255 23 34 45 37 108 22 22 29 29 39 35 28
256 23 30 28 37 151 1 24 25 22 10 34 28
257 22 30 1 30 65 1 19 1 26 12 34 28
258 22 40 50 28 77 55 30 1 36 29 35 28
259 23 42 67 18 63 47 14 25 28 37 35 28
260 23 39 35 23 93 11 24 36 35 34 35 28
261 22 27 19 21 85 72 22 14 31 16 34 28
262 22 29 34 13 68 19 20 23 24 3 34 28
263 22 37 44 19 93 17 26 24 28 13 34 28
264 22 45 52 21 64 42 34 29 34 41 35 28
265 22 30 32 31 55 1 16 32 23 28 34 28
266 22 33 35 24 122 95 24 30 34 19 34 28
267 22 36 22 28 163 52 28 40 36 42 35 28
268 22 29 31 33 87 2 15 36 29 16 34 28
269 23 31 28 29 113 1 19 26 30 21 34 28
270 22 31 23 24 103 24 22 22 27 1 34 28
271 23 36 38 20 220 78 23 31 26 14 35 29
272 22 34 43 31 117 68 22 27 22 12 34 28
273 23 35 49 37 65 55 21 27 23 15 35 29
274 22 32 15 29 65 83 20 31 28 14 34 28
275 22 26 8 25 85 1 19 25 28 13 34 28
276 22 45 58 24 63 67 31 26 33 35 35 28
277 22 36 40 17 126 1 23 19 26 1 34 28
278 22 34 37 19 70 84 19 23 26 1 34 28
279 22 29 20 32 101 1 26 35 22 17 34 28
280 22 29 26 35 79 38 18 28 25 15 34 28
281 22 37 38 23 124 80 23 18 29 1 34 28
282 22 32 30 24 61 16 17 27 24 1 34 28
283 22 32 21 22 275 43 23 27 30 4 34 28
284 22 32 31 41 116 47 25 34 32 38 35 28
285 22 39 39 25 150 52 29 23 22 27 34 28
286 22 28 19 30 166 75 15 21 26 5 34 28
287 22 30 29 32 95 8 19 36 18 10 34 28
288 22 35 29 14 113 51 25 30 30 25 34 28
289 22 29 12 28 84 1 23 36 26 30 34 28
290 23 35 43 27 71 70 31 21 33 18 35 29
291 22 38 45 30 96 84 27 36 36 37 35 28
292 22 38 60 23 261 21 30 22 26 25 34 28
293 22 36 43 23 69 83 22 36 27 26 34 28
294 22 30 27 30 233 46 18 41 20 11 34 28
295 22 31 37 37 78 28 19 28 23 21 34 28
296 22 26 4 21 89 49 14 13 25 4 34 28
297 22 21 1 36 80 12 20 28 33 7 34 28
298 22 33 28 33 234 1 22 32 33 28 34 28
299 22 41 65 21 149 35 26 33 23 26 34 28
300 22 32 25 35 71 90 26 26 29 26 34 28
301 22 33 30 29 93 67 22 31 27 15 34 28
302 22 31 24 34 63 1 25 34 27 32 35 28
303 22 29 4 34 701 25 26 24 24 18 34 28
304 22 37 39 17 65 31 30 29 29 29 34 28
305 22 31 29 7 214 1 30 22 30 9 34 28
306 22 29 23 25 191 13 21 34 31 23 34 28
307 22 34 45 22 92 107 20 27 23 2 34 28
308 23 28 5 26 86 1 17 32 26 8 34 29
309 22 37 36 22 78 53 26 1 32 23 34 28
310 22 36 35 40 130 18 29 38 29 41 35 28
311 22 38 42 25 151 65 26 27 33 32 35 28
312 22 22 1 20 133 71 16 48 21 8 34 28
313 22 30 22 14 123 69 27 21 32 18 34 28
314 22 28 18 23 161 1 26 35 29 34 35 28
315 23 32 33 42 82 13 26 1 26 1 34 28
316 23 33 23 27 84 1 26 27 30 29 35 28
317 22 29 19 21 61 46 22 15 27 1 34 28
318 22 37 45 15 105 14 25 36 28 22 34 28
319 23 29 21 31 88 1 22 32 21 25 34 28
320 22 39 29 37 299 28 21 23 30 24 34 28
321 22 35 35 21 237 1 21 24 24 25 34 28
322 22 32 31 27 144 13 16 32 30 30 35 28
323 22 33 38 15 79 34 24 18 30 12 34 28
324 22 31 54 29 99 1 24 24 25 24 34 28
325 22 36 47 16 151 23 26 26 26 21 34 28
326 22 33 35 17 187 1 24 36 24 2 34 28
327 22 38 56 25 230 47 25 29 24 12 34 28
328 22 30 8 32 126 29 22 25 34 21 34 28
329 22 32 34 19 207 93 25 17 31 1 34 28
330 22 39 42 30 157 121 27 28 31 20 34 28
331 22 29 28 30 110 74 23 22 27 1 34 28
332 22 41 52 43 87 1 24 37 32 37 35 28
333 22 30 34 31 170 58 20 32 28 28 35 28
334 22 31 21 38 46 88 21 35 32 36 35 28
335 22 30 26 11 86 14 30 30 32 12 34 28
336 22 40 42 18 107 85 27 26 21 23 34 28
337 22 40 45 33 221 21 27 26 26 35 35 28
338 23 28 12 23 78 1 22 38 29 30 35 29
339 22 30 40 26 275 77 20 24 18 5 34 28
340 23 31 22 32 101 106 22 25 29 14 34 28
341 22 31 25 43 229 12 26 31 28 34 35 28
342 22 32 17 32 148 1 23 28 35 26 34 28
343 22 37 37 20 123 83 19 23 29 4 34 28
344 22 20 1 30 62 6 19 25 30 4 34 28
345 22 29 18 17 139 3 18 31 23 17 34 28
346 22 37 38 15 94 16 23 28 35 9 34 28
347 22 33 30 33 57 1 26 41 26 37 35 28
348 22 23 1 18 86 1 21 21 32 12 34 28
349 22 23 1 35 58 6 30 38 27 6 34 28
350 22 37 43 28 57 1 17 29 25 31 35 28
351 22 36 35 21 129 106 20 22 29 1 34 28
352 23 29 31 36 90 1 27 23 26 7 35 29
353 22 35 26 18 67 55 20 29 26 5 34 28
354 22 33 35 30 69 9 20 30 21 20 34 28
355 22 33 29 11 122 19 15 27 28 1 34 28
356 22 32 26 44 151 1 22 33 27 90 35 28
357 22 34 38 29 69 9 27 32 29 20 34 28
358 22 37 37 16 93 66 25 25 24 11 34 28
359 22 38 48 22 85 4 25 6 29 42 35 28
360 22 35 44 39 93 1 19 24 27 11 34 28
361 22 35 38 25 125 64 19 22 27 21 34 28
362 22 28 21 23 69 1 23 39 28 7 34 28
363 22 32 23 21 167 42 25 32 23 22 34 28
364 23 38 44 21 216 1 19 29 28 1 34 28
365 23 35 55 23 87 54 28 25 28 22 34 28
366 22 42 32 29 58 1 31 1 30 32 35 28
367 22 26 1 48 114 115 21 21 25 10 34 28
368 22 40 48 13 66 1 23 42 21 27 34 28
369 22 37 35 34 188 75 23 26 29 39 34 28
370 22 39 57 21 66 22 25 29 28 30 35 28
371 22 29 28 30 137 19 24 29 29 32 35 28
372 22 44 57 30 177 4 23 29 28 43 35 28
373 22 30 22 24 201 1 24 34 24 33 35 28
374 22 35 35 32 97 1 26 27 30 14 34 28
375 22 35 36 20 90 25 18 15 27 1 34 28
376 22 37 31 24 263 107 17 26 31 9 34 28
377 22 25 1 30 81 1 19 31 22 5 34 28
378 22 34 27 26 113 1 28 25 21 28 34 28
379 22 41 46 42 145 6 30 33 36 39 35 28
380 22 34 38 34 150 34 25 33 24 27 35 28
381 22 39 50 33 62 6 28 21 27 30 35 28
382 23 40 45 40 87 99 25 25 24 29 35 28
383 22 40 37 15 147 1 22 43 30 23 34 28
384 22 31 23 25 91 1 22 31 29 21 34 28
385 22 29 25 26 105 75 30 23 28 12 34 28
386 22 38 34 28 80 59 17 27 22 7 34 28
387 22 31 29 30 77 1 24 28 25 3 34 28
388 22 38 39 19 225 87 22 38 35 24 34 28
389 22 35 31 31 137 1 25 27 25 28 34 28
390 22 32 32 17 54 43 20 27 26 14 34 28
391 23 21 17 29 113 19 24 22 26 19 34 28
392 22 34 45 19 179 10 20 28 21 8 34 28
393 22 28 17 33 49 30 27 34 29 31 35 28
394 23 35 29 28 136 28 24 28 32 17 34 28
395 22 26 1 26 126 76 20 33 26 11 34 28
396 22 35 35 33 81 31 21 29 30 28 34 28
397 22 25 1 21 108 1 20 26 28 7 34 28
398 22 32 34 40 56 27 26 29 32 36 35 28
399 22 32 25 39 290 27 20 19 36 26 34 28
400 22 29 15 27 74 7 25 25 29 8 34 28
401 22 28 12 42 82 88 25 24 28 24 34 28
402 23 35 32 23 230 23 27 28 35 33 35 28
403 23 34 40 30 81 1 22 21 27 21 34 28
404 22 29 1 36 69 1 19 30 24 23 34 28
405 22 26 1 20 154 1 21 18 30 5 34 28
406 23 34 25 19 224 29 19 31 21 4 34 28
407 23 30 28 26 118 32 28 17 41 27 34 28
408 22 32 42 32 90 10 27 31 32 24 34 28
409 22 28 28 16 92 29 24 27 30 1 34 28
410 22 31 15 24 60 1 24 27 29 20 34 28
411 22 34 46 31 64 41 25 36 26 25 34 28
412 22 37 45 38 59 79 28 22 35 24 34 28
413 22 37 40 44 100 73 27 27 32 33 35 28
414 22 31 21 38 59 1 27 27 26 38 35 28
415 22 34 34 23 75 44 20 24 32 33 35 28
416 22 45 68 10 107 86 24 23 25 32 35 28
417 22 37 48 22 113 1 27 23 29 25 34 28
418 22 38 51 20 139 26 17 1 30 21 34 28
419 22 38 44 40 85 53 29 25 28 38 35 28
420 22 27 4 35 78 1 22 32 31 23 34 28
421 23 41 54 24 187 1 29 35 36 40 35 29
422 22 32 36 32 56 40 21 21 30 17 34 28
423 22 32 24 22 173 8 24 16 28 12 34 28
424 22 38 58 14 105 21 27 30 27 22 34 28
425 22 31 30 35 166 1 26 37 29 36 35 28
426 22 32 28 24 57 13 26 21 25 37 35 28
427 22 38 27 31 94 109 27 21 35 36 35 28
428 22 31 20 32 91 1 20 27 29 26 34 28
429 22 38 35 19 81 79 26 25 28 33 35 28
430 22 32 27 28 79 61 34 22 31 20 34 28
431 23 35 36 39 69 28 29 30 24 35 35 28
432 22 26 10 28 67 31 29 38 29 31 35 28
433 22 39 51 36 174 1 22 29 28 25 34 28
434 22 34 35 29 85 1 23 31 28 22 34 28
435 22 33 39 30 143 36 18 21 19 9 34 28
436 22 36 30 19 262 50 19 30 22 22 34 28
437 22 29 18 14 86 8 25 24 28 9 34 28
438 23 33 26 36 98 59 15 27 25 20 34 28
439 22 36 47 43 104 1 19 28 29 35 35 28
440 22 31 32 9 154 3 11 20 23 7 34 28
441 23 30 26 27 84 1 25 32 21 24 34 28
442 22 32 37 24 56 18 16 18 22 25 34 28
443 22 34 31 32 183 47 24 16 25 12 34 28
444 22 34 43 34 113 72 21 19 27 15 34 28
445 23 37 45 39 120 56 25 29 30 37 35 28
446 22 28 14 30 84 42 17 22 26 7 34 28
447 22 43 66 15 94 19 26 35 28 31 35 28
448 22 36 40 28 102 126 21 26 32 13 34 28
449 22 31 19 32 237 1 21 39 27 27 34 28
450 22 34 26 26 150 56 17 26 23 9 34 28
451 22 16 1 42 98 27 20 30 26 2 34 28
452 22 29 26 44 95 89 22 27 28 15 34 28
453 23 35 42 26 138 1 23 1 33 25 34 28
454 22 32 25 27 216 1 21 33 28 18 34 28
455 22 46 70 35 313 44 37 19 31 31 35 28
456 22 32 36 22 184 12 23 27 29 33 35 28
457 22 34 38 13 62 1 21 44 23 16 34 28
458 22 32 26 29 55 4 23 21 27 13 34 28
459 22 29 19 39 174 1 26 37 32 20 34 28
460 22 30 25 17 114 32 27 34 30 12 34 28
461 22 29 28 34 89 50 18 21 31 18 34 28
462 22 32 34 40 285 70 18 28 24 13 34 28
463 22 29 11 19 173 7 21 34 27 23 34 28
464 22 38 41 26 116 1 22 23 26 16 34 28
465 22 36 47 32 72 53 21 22 23 17 34 28
466 22 30 28 36 84 1 25 30 34 18 34 28
467 22 22 1 34 78 1 19 25 30 17 34 28
468 23 31 24 34 46 8 22 38 20 33 35 29
469 22 34 37 22 168 8 23 23 26 21 34 28
470 22 30 25 34 87 80 26 22 25 14 34 28
471 22 27 1 26 146 1 27 42 26 8 34 28
472 22 34 27 40 278 88 26 27 31 34 35 28
473 22 47 71 15 89 116 22 27 34 30 35 28
474 22 31 18 25 95 1 24 30 22 15 34 28
475 22 27 1 44 58 41 21 19 36 25 34 28
476 22 25 18 33 89 40 29 26 27 26 34 28
477 22 37 37 30 119 83 29 34 37 32 35 28
478 22 29 25 31 157 21 23 30 32 9 34 28
479 22 39 39 27 108 54 29 24 37 25 34 28
480 22 35 48 24 132 19 26 27 54 16 34 28
481 22 36 36 33 124 1 25 26 24 29 35 28
482 22 29 8 35 120 29 33 28 34 22 34 29
483 22 28 14 25 118 1 25 36 25 23 34 28
484 22 38 42 33 65 1 31 49 30 36 35 28
485 22 32 25 30 77 20 18 33 28 21 34 28
486 22 29 18 20 43 26 18 31 33 13 34 28
487 22 32 25 27 111 78 20 20 26 21 34 28
488 22 37 45 34 75 95 22 33 30 22 34 28
489 22 27 13 32 77 1 20 1 32 18 34 28
490 22 38 38 32 117 2 20 22 27 18 34 28
491 22 29 29 9 213 39 22 27 30 1 34 28
492 22 30 27 26 59 1 24 31 25 15 34 28
493 22 38 52 25 151 30 21 28 21 28 34 28
494 23 38 43 38 119 1 21 25 27 29 35 29
495 22 44 61 16 140 1 30 20 31 33 35 28
496 22 37 39 19 66 1 27 19 28 13 34 28
497 22 39 50 33 88 19 31 33 30 23 34 28
498 22 36 31 43 115 40 30 29 36 27 34 28
499 22 28 1 36 90 1 16 29 19 18 34 28
500 22 27 9 33 130 1 21 30 33 23 34 28
501 22 22 1 38 273 34 24 20 27 12 34 28
502 22 28 17 32 70 1 25 20 34 23 34 28
503 22 36 34 39 89 51 19 29 26 25 34 28
504 22 26 9 28 166 1 20 29 31 14 34 28
505 22 30 16 26 92 1 21 24 24 18 34 28
506 22 27 16 14 109 1 18 25 18 14 34 28
507 22 32 26 14 152 1 23 18 35 17 34 28
508 22 29 26 36 93 59 18 29 33 26 34 28
509 22 31 38 25 131 1 28 25 28 30 34 28
510 22 33 18 19 66 1 22 15 24 20 34 28
511 22 32 25 27 101 39 22 32 31 17 34 28
512 22 21 1 32 70 1 25 22 31 1 34 28
513 22 25 9 24 78 1 21 32 22 19 34 28
514 22 34 39 29 110 133 19 26 32 18 34 28
515 22 33 31 24 84 11 21 26 27 17 34 28
516 22 35 38 40 90 1 28 25 28 15 34 28
517 22 27 1 47 55 1 17 1 23 12 34 28
518 23 32 29 38 70 106 16 36 27 18 34 28
519 22 37 31 24 60 67 29 34 27 13 34 28
520 23 37 34 34 184 1 25 1 29 19 34 28
521 22 34 36 27 83 15 27 26 25 28 34 28
522 22 32 21 34 71 1 28 27 25 32 35 28
523 22 29 17 20 72 15 22 34 31 27 34 28
524 22 25 1 30 78 1 15 23 15 12 34 28
525 22 40 48 21 149 1 31 24 31 18 34 28
526 22 34 27 15 104 71 20 21 28 1 34 28
527 22 26 21 9 80 1 17 22 26 1 34 28
528 22 30 24 25 134 1 31 27 25 26 34 28
529 22 36 37 34 114 29 23 28 20 33 35 28
530 22 31 30 20 85 57 27 25 31 10 34 28
531 22 34 37 32 84 34 28 10 32 38 35 28
532 22 33 36 37 78 57 25 26 28 13 34 28
533 22 31 34 19 139 6 31 28 29 16 34 28
534 22 37 38 32 109 77 22 17 32 23 34 28
535 22 22 1 28 47 1 16 26 21 1 34 28
536 22 35 47 17 125 1 25 23 31 15 34 28
537 22 41 62 43 104 9 31 25 38 38 35 28
538 22 36 41 29 110 89 28 23 35 13 34 28
539 22 32 24 32 85 1 20 26 33 23 34 28
540 22 27 22 31 79 40 17 14 25 19 34 28
541 22 39 44 20 178 1 20 24 26 10 34 28
542 22 29 22 26 79 9 18 27 31 21 34 28
543 22 30 15 38 78 1 19 30 24 32 35 28
544 22 24 1 43 153 49 17 18 23 15 34 28
545 22 34 35 35 193 61 24 25 28 29 35 28
546 22 33 35 45 97 80 21 24 31 20 34 28
547 22 31 22 19 100 13 25 26 28 13 34 28
548 22 26 26 16 79 1 26 31 30 16 34 28
549 22 29 6 28 94 84 27 27 26 23 34 28
550 22 36 24 34 92 19 23 26 33 26 34 28
551 22 42 79 12 128 47 23 27 27 27 35 28
552 22 29 11 36 62 4 23 31 37 26 34 28
553 23 39 32 30 117 1 20 28 33 25 35 29
554 22 32 25 27 83 46 21 27 31 18 34 28
555 22 27 21 27 62 55 23 1 29 15 34 28
556 22 22 1 42 116 1 22 25 32 22 34 28
557 22 30 35 21 111 3 26 30 30 1 34 28
558 23 29 10 37 132 69 29 21 29 28 35 29
559 23 39 42 29 77 1 22 41 25 20 34 28
560 22 39 68 27 140 32 17 28 19 25 34 28
561 22 39 44 34 127 1 24 39 28 33 35 28
562 22 42 66 31 83 89 31 27 36 44 35 28
563 22 24 15 25 92 1 18 22 29 2 34 28
564 22 36 37 25 73 1 22 18 29 10 34 28
565 22 32 32 27 76 1 27 20 26 6 34 28
566 22 22 1 30 126 18 22 51 24 5 34 28
567 22 33 26 37 100 1 21 25 32 13 34 28
568 22 34 32 28 102 12 26 26 29 20 34 28
569 22 31 35 30 130 66 22 23 29 4 34 28
570 22 24 21 20 81 41 29 34 21 5 34 28
571 22 28 23 21 112 32 27 26 27 15 34 28
572 23 32 24 28 94 40 27 30 27 20 35 29
573 22 31 21 31 172 79 25 28 31 20 34 28
574 22 37 42 19 136 1 29 31 38 27 34 28
575 22 30 37 29 195 1 19 6 23 12 34 28
576 22 37 43 22 153 142 22 30 31 6 34 28
577 22 26 21 11 158 1 25 26 27 6 34 28
578 22 31 18 33 84 78 20 32 23 22 34 28
579 22 38 40 18 87 80 28 28 31 18 34 28
580 22 29 23 31 121 1 25 47 21 11 34 28
581 22 35 31 31 162 41 20 29 33 37 35 28
582 22 41 44 29 91 57 24 28 32 28 35 28
583 23 33 22 34 179 1 30 1 38 22 34 28
584 22 28 1 34 149 39 394 135 19 14 34 28
585 22 34 37 37 95 45 24 34 26 36 35 28
586 22 28 10 32 203 1 26 41 31 29 34 28
587 23 37 66 22 154 31 18 42 20 17 34 28
588 23 32 25 36 66 39 25 34 24 18 35 29
589 22 35 34 35 113 34 27 33 31 27 34 28
590 22 27 1 33 60 24 24 15 29 24 34 28
591 22 27 21 31 72 1 20 24 26 26 34 28
592 22 32 30 20 70 1 17 27 29 1 34 28
593 22 31 23 19 70 16 25 25 35 21 34 28
594 22 30 17 22 89 1 21 27 21 17 34 28
595 22 28 24 27 103 13 24 16 28 18 34 28
596 22 35 49 22 53 13 20 29 19 16 34 28
597 22 43 65 29 93 44 26 29 32 35 34 28
598 22 34 42 24 61 75 22 24 20 16 34 28
599 22 49 86 24 123 59 24 21 23 45 35 28
600 22 35 51 33 66 82 28 27 34 37 35 28
601 23 36 35 40 84 105 29 33 28 27 35 29
602 22 34 29 32 154 17 25 29 23 20 34 28
603 22 30 42 15 191 38 18 26 23 10 34 28
604 22 34 37 31 121 33 21 22 28 19 34 28
605 22 38 37 23 128 1 18 27 22 26 34 28
606 22 28 5 28 109 1 22 26 33 24 34 28
607 22 33 41 19 103 1 29 38 36 19 34 28
608 22 42 54 9 156 24 25 1 29 17 34 28
609 22 33 21 32 196 45 33 28 32 22 34 28
610 22 41 50 26 96 38 23 23 32 12 34 28
611 23 37 43 38 73 1 25 41 29 26 34 28
612 22 32 41 24 95 13 24 38 20 21 34 28
613 22 22 1 19 135 1 22 26 27 12 34 28
614 22 29 36 24 280 46 21 19 26 3 34 28
615 22 28 1 33 159 1 27 24 28 12 34 28
616 22 31 33 14 289 37 19 21 24 3 34 28
617 22 35 41 30 77 1 23 29 28 25 34 28
618 22 36 42 43 225 1 24 30 28 43 35 28
619 22 45 60 9 154 1 26 26 25 16 34 28
620 22 22 1 45 95 18 24 1 30 1 33 28
621 22 34 24 24 90 105 23 16 22 12 34 28
622 22 31 35 23 74 7 18 7 23 18 34 28
623 23 33 42 31 75 1 23 26 33 21 34 28
624 22 41 39 23 69 5 26 19 28 22 34 28
625 22 32 19 19 80 1 22 7 35 16 34 28
626 22 32 23 17 116 69 24 22 26 1 34 28
627 22 22 25 22 105 54 17 35 24 3 34 28
628 22 37 54 28 93 45 22 28 29 36 35 28
629 22 35 47 31 56 27 25 16 36 35 35 28
630 22 28 22 15 123 25 19 17 28 3 34 28
631 22 32 33 22 86 13 21 25 24 1 34 28
632 22 23 18 23 55 1 24 22 31 26 34 28
633 22 37 39 38 86 26 24 26 34 24 34 28
634 23 33 25 24 59 1 29 30 31 23 34 28
635 22 24 12 26 186 1 23 29 30 11 34 28
636 22 38 45 14 109 1 20 18 19 19 34 28
637 22 34 38 12 123 28 23 15 31 17 34 28
638 22 32 16 28 79 68 22 29 29 18 34 28
639 22 38 49 20 75 54 25 41 30 42 35 28
640 22 29 19 28 71 89 21 43 27 11 34 28
641 22 31 24 42 126 15 24 33 21 30 35 28
642 22 33 24 27 116 1 24 42 24 33 35 28
643 22 35 37 31 94 77 31 23 36 19 34 28
644 22 37 42 29 151 38 26 27 33 28 35 28
645 22 34 36 18 77 8 37 25 27 26 34 28
646 22 32 38 24 87 1 21 25 23 34 35 28
647 22 31 29 17 95 64 24 26 26 1 34 28
648 22 34 49 27 114 51 23 35 24 37 35 28
649 22 39 47 24 74 58 16 24 18 18 34 28
650 22 27 19 28 191 44 19 27 33 1 34 28
651 22 20 5 24 88 1 25 34 30 12 34 28
652 22 26 4 18 147 1 22 25 27 13 34 28
653 23 35 26 20 124 24 22 27 32 23 35 29
654 22 39 49 27 83 18 23 31 26 30 35 28
655 22 26 9 25 133 30 21 19 27 1 34 28
656 22 32 44 24 210 3 24 21 29 16 34 28
657 22 20 1 35 119 49 23 26 28 3 34 28
658 22 30 15 19 91 1 23 28 32 26 34 28
659 22 34 23 23 57 18 24 49 28 24 34 28
660 22 33 32 28 109 59 25 23 24 2 34 28
661 22 26 1 34 130 1 20 25 22 4 34 28
662 22 29 27 32 88 16 22 29 32 31 35 28
663 22 39 42 30 94 96 21 30 33 18 34 28
664 22 34 43 20 76 1 27 22 24 25 34 28
665 22 30 18 25 92 45 22 27 31 16 34 28
666 22 35 42 23 59 1 27 28 28 3 34 28
667 22 34 37 27 204 24 23 28 24 20 34 28
668 22 25 19 35 109 26 23 32 28 19 34 28
669 22 36 45 26 193 1 30 28 30 18 34 28
670 22 35 35 31 119 1 25 29 27 29 35 28
671 22 34 45 36 93 82 27 24 28 20 34 28
672 22 35 29 25 106 1 26 27 28 23 34 28
673 23 37 42 25 438 101 20 26 27 1 34 28
674 22 35 29 30 103 88 23 29 25 12 34 28
675 22 29 23 13 185 8 22 30 28 24 34 28
676 22 31 23 25 60 26 28 23 28 21 34 28
677 22 29 29 26 122 77 22 25 25 1 34 28
678 23 43 78 14 109 28 22 26 28 20 35 29
679 22 30 34 28 49 1 26 29 31 34 35 28
680 22 35 38 24 103 44 24 27 26 17 34 28
681 22 30 21 30 44 13 19 25 18 34 35 28
682 22 32 30 37 98 1 31 36 33 42 35 29
683 22 35 93 336 301 28 201 280 263 18 34 28
684 22 27 13 22 78 90 21 25 36 4 34 28
685 22 33 13 24 104 47 26 31 26 24 34 28
686 22 31 26 17 135 11 22 26 24 1 34 28
687 22 37 55 36 82 23 26 36 25 16 34 28
688 22 24 1 30 50 1 21 24 24 8 33 28
689 22 41 41 41 149 1 24 29 31 33 35 28
690 22 40 45 30 116 112 28 31 29 15 34 28
691 22 36 42 13 149 49 23 27 27 26 34 28
692 22 32 36 17 99 83 22 26 27 20 34 28
693 22 30 21 23 89 3 27 33 33 34 35 28
694 23 33 42 16 70 15 21 14 29 11 34 28
695 22 31 25 26 159 18 15 30 23 26 34 28
696 22 30 29 19 56 4 24 26 31 12 34 28
697 22 25 1 17 129 1 22 31 27 32 35 28
698 22 34 27 31 62 7 20 35 29 32 35 28
699 22 33 22 36 103 20 25 31 25 38 35 28
700 23 38 45 35 56 8 22 44 23 13 34 28
701 22 33 14 27 131 48 26 1 30 31 35 28
702 22 29 25 35 85 39 24 23 29 21 34 28
703 22 32 19 28 84 28 25 14 28 4 34 28
704 22 34 28 35 142 1 22 43 21 37 35 28
705 22 30 15 34 90 1 30 25 34 32 35 28
706 22 26 17 29 96 46 19 30 26 18 34 28
707 22 27 1 38 91 51 18 22 32 21 34 28
708 22 26 22 29 139 30 17 25 30 27 34 28
709 22 28 7 30 196 86 25 19 32 1 34 28
710 22 38 45 45 107 78 25 27 26 37 35 28
711 22 29 18 24 87 73 23 39 27 21 34 28
712 22 35 36 24 103 1 26 26 32 21 34 28
713 23 37 45 27 165 90 22 27 27 2 35 28
714 22 34 25 26 73 1 25 24 24 30 35 28
715 22 29 25 26 356 1 21 32 26 33 35 28
716 22 37 34 20 87 62 28 42 29 32 35 28
717 22 33 28 17 85 98 21 21 28 1 34 28
718 23 33 31 30 108 11 19 24 25 12 34 28
719 22 26 17 23 87 52 21 26 33 10 34 28
720 22 32 35 28 424 74 24 22 32 7 34 28
721 22 39 50 28 96 23 16 25 19 15 34 28
722 22 34 25 30 57 1 26 42 26 39 35 28
723 23 34 39 32 133 1 18 33 21 12 34 28
724 22 28 1 26 107 109 15 17 23 1 34 28
725 22 39 45 11 77 40 26 24 34 30 35 28
726 22 36 37 17 49 44 19 25 18 28 35 28
727 22 37 42 29 128 112 22 20 30 25 34 28
728 22 34 31 20 357 30 27 18 31 34 35 28
729 22 25 5 30 96 70 23 27 29 13 34 28
730 22 20 1 33 136 1 22 17 23 6 34 28
731 22 41 60 20 159 3 28 24 31 26 34 28
732 22 38 38 22 76 40 22 24 31 11 34 28
733 22 24 1 34 69 1 17 25 33 9 34 28
734 23 33 28 20 125 6 17 21 24 5 34 28
735 22 26 26 39 61 34 27 31 31 11 34 28
736 22 40 49 9 108 1 29 28 27 21 34 28
737 22 41 46 27 64 120 22 24 28 29 35 28
738 23 39 50 35 126 34 29 32 33 25 34 28
739 22 34 22 19 80 68 22 38 23 19 34 28
740 22 22 1 22 160 1 19 20 29 15 34 28
741 22 33 37 41 79 1 21 34 30 41 35 28
742 22 27 14 18 77 1 310 25 27 2 34 28
743 22 34 37 31 108 88 19 25 27 30 35 28
744 22 32 28 42 167 1 20 22 31 25 34 28
745 22 41 67 22 108 24 22 22 33 42 35 28
746 23 42 54 24 116 1 27 34 32 30 35 28
747 22 37 49 33 83 80 15 25 25 22 34 28
748 22 29 13 11 90 7 25 29 29 7 34 28
749 22 32 26 11 126 87 13 20 27 10 34 28
750 22 30 1 35 104 1 24 31 33 7 34 28
751 22 35 38 18 185 36 28 36 30 35 35 28
752 22 28 15 29 130 64 26 21 27 16 34 28
753 22 33 41 23 82 1 25 34 23 22 34 28
754 22 33 36 22 73 27 23 25 25 14 34 28
755 22 34 42 20 141 1 28 29 39 17 34 28
756 22 34 32 26 153 6 29 26 29 15 34 28
757 22 32 11 35 55 50 21 26 27 29 35 28
758 22 38 37 29 179 77 26 30 33 12 34 28
759 22 38 39 32 172 1 27 33 29 32 35 28
760 22 38 42 30 99 13 24 28 28 18 34 28
761 22 29 29 28 48 1 19 23 29 29 34 28
762 22 20 1 28 144 1 21 34 32 16 34 28
763 22 39 43 17 237 71 24 25 30 35 35 28
764 22 38 39 25 98 36 29 31 35 27 35 29
765 22 37 46 24 102 40 29 41 31 28 34 28
766 22 27 8 34 101 58 25 29 28 25 34 28
767 22 30 32 24 77 53 25 23 31 13 34 28
768 22 34 28 33 231 1 22 13 24 16 34 28
769 22 34 36 17 234 22 18 1 23 15 34 28
770 22 34 18 30 151 1 25 28 34 14 34 28
771 22 26 16 16 68 1 22 23 21 1 34 28
772 22 35 42 23 146 1 26 33 29 14 34 28
773 22 38 53 21 89 82 26 26 31 23 34 28
774 22 30 25 24 389 25 22 32 27 22 34 28
775 22 35 36 41 96 36 23 37 25 28 34 28
776 23 35 33 27 117 26 26 21 31 22 34 29
777 22 30 32 22 129 26 23 19 30 15 34 28
778 22 34 26 25 107 58 27 28 27 26 34 28
779 22 30 6 32 47 88 21 30 26 18 34 28
780 22 35 39 23 151 1 17 27 20 17 34 28
781 22 33 32 17 264 3 27 24 36 15 34 28
782 22 38 48 30 107 24 29 32 28 35 35 28
783 22 27 9 27 106 1 24 1 37 14 34 28
784 22 34 21 18 311 15 30 30 22 14 34 28
785 23 31 27 14 65 1 21 22 28 8 34 28
786 22 37 49 33 86 60 16 27 26 27 35 28
787 22 30 29 37 95 15 22 36 22 29 34 28
788 22 32 15 39 70 48 23 22 24 21 34 28
789 22 33 38 30 52 1 26 34 29 28 34 28
790 22 36 24 27 95 1 26 31 31 27 34 28
791 22 35 41 25 64 35 23 30 26 20 34 28
792 22 34 37 35 45 72 25 30 27 29 35 28
793 22 44 77 12 85 7 18 10 18 23 34 28
794 22 39 40 38 116 67 26 28 30 29 34 28
795 22 34 52 26 74 82 19 27 25 21 34 28
796 23 41 49 12 76 15 23 24 49 14 34 28
797 22 27 1 13 128 1 16 28 25 7 34 28
798 22 28 6 31 199 27 24 28 28 28 34 28
799 22 37 26 27 82 41 23 24 36 36 35 28
800 22 29 31 24 54 1 22 26 28 13 34 28
801 22 26 17 26 113 44 22 26 28 9 34 28
802 22 32 34 15 112 1 23 19 25 10 34 28
803 23 39 55 10 131 1 17 30 27 28 35 28
804 22 35 53 23 107 3 27 26 28 17 34 28
805 22 30 1 31 267 1 25 42 28 8 34 28
806 22 37 42 20 83 79 20 32 31 33 35 28
807 22 39 40 24 68 1 24 29 19 22 34 28
808 22 29 6 36 81 1 20 24 28 32 35 28
809 22 37 51 28 70 1 28 19 20 10 34 28
810 22 31 34 38 59 1 22 28 21 25 34 28
811 23 30 21 38 93 81 28 1 31 12 35 29
812 22 38 33 37 193 1 24 30 24 30 35 28
813 22 34 43 36 131 18 28 34 35 35 35 28
814 22 27 15 29 48 66 25 31 26 13 34 28
815 22 32 24 28 65 1 27 30 33 27 34 28
816 22 28 23 26 94 1 25 22 27 24 34 28
817 23 39 61 12 91 1 23 42 26 20 34 28
818 22 33 22 30 52 26 19 29 25 30 35 28
819 22 35 48 31 59 84 26 30 33 42 35 28
820 22 37 50 22 97 73 26 38 20 21 34 28
821 22 31 20 37 80 34 23 39 20 14 34 28
822 22 27 24 6 93 1 26 26 29 8 34 28
823 22 32 23 41 168 1 19 26 24 17 34 28
824 22 41 45 30 83 1 19 24 24 33 35 28
825 22 30 35 28 174 17 26 26 31 16 34 28
826 22 30 18 29 82 21 19 30 28 24 34 28
827 22 32 34 22 68 24 23 26 20 28 35 28
828 22 33 31 37 78 27 21 33 22 31 35 28
829 22 30 24 14 138 1 20 24 19 1 34 28
830 22 27 9 26 109 1 14 26 24 1 34 28
831 22 39 36 21 164 1 29 1 36 25 34 28
832 22 29 21 17 70 21 23 28 30 25 34 28
833 22 32 24 38 149 75 28 28 32 17 34 28
834 22 31 31 8 236 1 26 26 34 21 34 28
835 22 42 66 20 128 69 27 1 29 37 35 28
836 22 39 46 26 62 22 24 38 30 26 34 28
837 22 30 23 30 59 63 20 29 29 14 34 28
838 22 41 53 21 140 19 26 19 27 27 34 28
839 22 36 36 31 112 60 26 28 27 32 35 28
840 22 29 22 35 203 13 24 37 25 36 35 28
841 23 34 42 23 127 4 23 29 25 21 34 28
842 23 30 26 15 122 14 25 21 26 26 35 29
843 23 35 41 25 141 21 28 28 32 29 35 28
844 22 32 22 28 277 10 23 33 31 31 35 28
845 22 34 44 31 123 74 24 20 28 14 34 28
846 22 41 59 32 115 117 19 28 22 26 34 28
847 22 34 38 17 117 1 24 32 27 13 34 28
848 22 33 1 35 56 49 27 24 19 2 34 28
849 22 33 31 26 105 73 26 27 29 10 34 28
850 22 43 72 18 119 84 16 28 24 24 34 28
851 22 35 37 15 79 41 21 34 25 19 34 28
852 22 34 37 24 114 23 24 29 32 29 35 28
853 22 39 46 24 84 68 20 32 33 17 34 28
854 22 35 36 26 90 1 25 28 27 26 34 28
855 22 29 39 25 85 1 29 34 35 28 34 28
856 22 29 14 40 70 73 27 23 28 23 34 28
857 22 40 52 43 148 62 32 1 35 27 34 28
858 22 31 27 34 90 78 20 28 30 26 34 28
859 23 32 38 28 68 1 21 1 32 23 34 28
860 22 38 47 25 99 1 27 27 28 28 34 28
861 22 41 54 20 98 117 19 35 26 13 34 28
862 22 28 22 30 102 39 27 32 27 38 35 28
863 22 40 55 3 110 19 18 19 24 24 34 28
864 22 27 19 30 83 1 22 28 32 10 34 28
865 22 44 70 16 176 10 28 25 22 28 34 28
866 22 32 29 25 71 1 24 25 30 19 34 28
867 22 36 39 12 85 1 26 31 35 10 34 28
868 22 26 8 29 50 1 20 1 29 13 34 28
869 22 32 27 39 82 65 24 29 29 20 34 28
870 22 26 9 21 59 1 26 26 25 9 34 28
871 22 36 45 17 174 65 24 19 24 4 34 28
872 22 26 21 26 123 1 26 1 35 14 34 28
873 23 37 49 23 92 46 23 26 31 15 35 29
874 22 41 73 24 178 1 25 32 25 18 34 28
875 22 27 25 30 68 1 17 18 26 9 34 28
876 23 42 45 30 128 59 25 24 28 32 35 28
877 22 38 40 16 71 1 23 22 25 2 34 28
878 22 41 43 19 129 66 20 29 22 11 34 28
879 22 36 38 16 102 36 19 22 29 4 34 28
880 22 39 64 1 131 1 23 17 21 18 34 28
881 22 38 49 21 159 30 29 29 20 15 34 28
882 22 37 46 20 272 60 25 21 32 6 34 28
883 22 30 23 24 88 54 18 23 30 8 34 28
884 23 37 44 34 96 1 26 43 33 21 34 28
885 22 29 23 25 213 1 19 27 27 23 34 28
886 22 25 16 21 125 10 23 19 29 1 34 28
887 22 29 17 31 85 41 18 20 20 15 34 28
888 22 24 1 21 93 1 18 28 27 5 34 28
889 22 24 5 23 128 47 22 40 28 19 34 28
890 22 30 26 16 127 49 22 33 25 1 34 28
891 22 28 18 21 96 67 26 32 27 1 34 29
892 22 31 19 17 96 1 24 25 32 3 34 28
893 23 34 47 21 127 23 23 26 32 20 34 28
894 22 26 24 37 96 34 22 34 26 42 35 28
895 22 34 40 23 122 81 26 34 28 16 34 28
896 22 26 8 29 58 29 26 18 37 10 34 28
897 22 32 38 29 211 53 22 18 27 4 34 28
898 22 31 28 31 82 45 28 33 30 17 34 28
899 22 35 47 31 273 111 23 29 23 13 34 28
900 22 32 36 21 136 54 23 19 25 7 34 28
901 22 29 20 29 72 1 22 33 27 31 35 28
902 22 34 58 35 63 28 22 32 26 27 34 28
903 22 31 17 23 140 30 23 1 33 14 34 28
904 22 33 35 41 150 8 17 34 26 10 34 28
905 22 25 1 22 102 1 17 27 25 1 34 28
906 22 30 26 22 45 15 25 23 20 7 34 28
907 22 34 37 12 119 40 25 36 30 27 35 28
908 23 32 31 30 99 63 25 28 27 23 34 28
909 22 30 21 28 91 5 22 26 24 32 35 28
910 22 30 19 32 94 1 22 39 28 9 34 28
911 22 36 31 25 79 3 21 27 24 35 35 28
912 22 37 39 39 81 1 21 34 32 43 35 28
913 22 30 34 28 151 61 24 20 29 8 34 28
914 22 33 27 32 117 1 27 36 30 38 35 28
915 22 35 31 37 119 5 25 33 22 29 35 28
916 22 30 39 28 80 6 19 32 24 16 34 28
917 22 32 35 32 66 1 22 30 28 19 34 28
918 22 37 41 26 79 1 19 28 27 27 34 28
919 22 35 28 26 200 66 22 28 25 2 34 28
920 22 28 16 36 78 40 27 26 42 34 35 28
921 22 33 34 27 86 68 23 26 27 17 34 28
922 22 30 26 31 84 20 19 29 22 27 34 28
923 23 35 40 8 119 29 23 26 25 13 34 28
924 22 29 1 28 103 1 24 31 23 4 34 28
925 22 32 20 29 116 28 24 30 28 21 34 28
926 22 32 18 32 173 48 19 22 23 16 34 28
927 22 29 24 30 85 23 23 30 26 32 35 28
928 22 34 33 29 120 51 25 25 28 33 35 28
929 22 33 32 22 150 1 23 35 29 21 34 29
930 22 31 26 33 158 8 23 31 28 19 34 28
931 22 34 30 12 108 72 25 26 29 1 34 28
932 22 30 23 27 121 30 23 36 28 37 35 28
933 22 40 58 8 115 1 22 20 21 18 34 28
934 22 40 56 21 85 1 20 26 25 21 34 28
935 22 36 51 30 69 1 18 16 23 22 34 28
936 22 35 42 29 89 47 26 33 26 2 34 28
937 22 34 30 36 95 20 21 12 24 11 34 28
938 22 35 32 8 238 1 24 26 25 7 34 28
939 22 31 27 32 59 48 23 28 28 26 34 28
940 22 31 37 22 118 1 20 25 32 14 34 28
941 22 32 14 30 79 14 21 34 27 43 35 28
942 22 34 30 28 81 1 26 33 34 36 35 28
943 22 24 4 31 122 71 27 38 29 23 34 28
944 22 31 41 27 115 1 22 25 29 22 34 28
945 22 30 27 29 80 29 25 23 35 15 34 28
946 23 29 18 23 63 17 24 27 31 3 34 28
947 22 28 6 33 79 71 22 24 24 5 34 28
948 22 31 21 28 64 2 22 17 32 27 34 28
949 22 30 32 34 47 12 21 35 26 40 35 28
950 22 31 21 34 47 78 20 20 31 35 35 28
951 22 34 36 14 101 47 23 31 27 23 34 28
952 22 32 1 28 293 36 20 23 22 5 34 28
953 22 28 12 17 58 56 26 18 32 4 34 28
954 22 33 47 30 85 25 23 33 29 39 35 28
955 22 30 32 31 125 1 26 27 25 25 34 28
956 22 33 39 28 101 49 25 49 29 24 34 28
957 22 36 16 35 91 79 23 28 28 12 34 28
958 22 36 57 25 264 66 27 28 25 8 34 28
959 22 39 59 36 105 68 23 28 36 24 34 28
960 22 42 48 27 89 13 19 23 30 19 34 28
961 22 37 50 17 160 70 20 25 30 17 34 28
962 22 35 33 28 113 1 22 36 28 27 34 28
963 22 27 13 22 79 14 24 33 31 17 34 28
964 22 34 34 25 72 1 25 27 26 25 34 28
965 23 34 13 15 86 1 23 32 26 16 34 28
966 22 30 37 33 105 1 24 9 22 22 34 28
967 22 35 36 24 83 66 27 34 34 37 35 28
968 22 32 38 28 90 47 21 36 25 14 34 28
969 22 32 31 24 76 1 22 36 26 32 35 28
970 22 33 22 18 71 124 24 28 29 1 34 28
971 23 31 16 24 162 1 21 31 28 21 34 28
972 22 30 24 26 93 54 19 30 26 15 34 28
973 22 25 2 36 44 88 20 20 21 17 34 28
974 22 35 31 15 143 75 23 32 32 1 34 28
975 22 32 37 31 127 25 27 25 25 22 34 28
976 22 35 34 25 118 58 26 29 28 19 34 28
977 22 31 26 24 132 37 20 27 31 13 34 28
978 22 31 24 30 178 91 26 21 27 11 34 28
979 22 43 53 19 189 10 21 24 24 28 34 28
980 22 29 36 22 62 1 19 29 28 10 34 28
981 22 36 57 19 109 66 22 26 32 11 34 28
982 22 30 30 32 404 1 18 25 24 17 34 28
983 22 28 1 38 143 49 25 42 22 8 34 28
984 22 34 32 35 69 1 25 37 33 33 35 28
985 22 35 48 29 89 57 33 32 40 29 35 28
986 22 34 44 23 166 69 20 21 29 11 34 28
987 22 40 41 26 63 40 22 26 30 34 35 28
988 22 33 23 22 88 3 21 30 31 35 35 28
989 22 38 44 37 104 60 18 32 31 32 35 28
990 22 34 26 29 146 1 22 31 28 36 35 28
991 23 37 38 26 84 14 28 34 28 31 35 28
992 22 36 41 29 78 44 18 33 24 18 34 28
993 22 28 17 26 89 1 24 30 25 26 34 28
994 22 31 21 25 82 45 28 35 29 27 34 28
995 22 35 37 31 52 9 24 28 27 37 35 28
996 22 33 32 29 85 1 27 39 29 33 35 28
997 22 36 35 24 103 52 30 28 30 24 34 28
998 22 42 53 25 143 97 24 13 32 11 34 28
999 22 30 18 14 103 47 24 27 30 1 34 28
1000 22 25 21 25 86 3 21 54 27 9 34 28
