1 1777386523 3550 3694 3666 648 3581 3624 3624 3592 4063 4063 4062 4062 4062 4062 4062 4062
2 1777386523 3550 3694 3666 648 3580 3624 3624 3592 4061 4061 4061 4061 4061 4061 4061 4061
3 1777386523 3550 3694 3666 649 3580 3624 3624 3592 4061 4061 4061 4061 4061 4061 4061 4061
4 1777386523 3550 3694 3667 648 3581 3625 3624 3592 4063 4063 4062 4062 4062 4062 4062 4062
5 1777386523 3550 3694 3667 648 3581 3624 3624 3593 4061 4061 4061 4061 4061 4061 4061 4061
6 1777386523 3550 3694 3667 648 3581 3624 3625 3593 4061 4061 4060 4060 4060 4060 4060 4060
7 1777386523 3549 3693 3666 648 3580 3624 3624 3592 4063 4063 4062 4062 4062 4062 4062 4062
8 1777386523 3551 3695 3667 648 3581 3625 3625 3593 4061 4061 4061 4061 4061 4061 4061 4061
9 1777386523 3550 3695 3666 648 3581 3624 3625 3593 4063 4063 4062 4062 4062 4062 4062 4062
10 1777386523 3549 3693 3666 650 3581 3624 3624 3592 4061 4061 4060 4060 4060 4060 4060 4060
11 1777386523 3550 3694 3666 649 3580 3623 3624 3591 4061 4061 4061 4061 4061 4061 4061 4061
12 1777386523 3550 3695 3667 648 3581 3625 3625 3592 4063 4063 4062 4062 4062 4062 4062 4062
13 1777386523 3550 3695 3667 649 3581 3625 3625 3593 4061 4061 4061 4061 4061 4061 4061 4061
14 1777386524 3550 3695 3667 648 3581 3625 3625 3593 4063 4063 4062 4062 4062 4062 4062 4062
15 1777386524 3551 3695 3667 648 3581 3625 3625 3593 4063 4062 4062 4062 4062 4062 4062 4062
16 1777386524 3551 3696 3667 648 3582 3625 3625 3593 4061 4061 4060 4060 4060 4060 4060 4060
17 1777386524 3550 3694 3667 648 3581 3624 3624 3592 4061 4061 4061 4061 4061 4061 4061 4061
18 1777386524 3550 3695 3666 649 3581 3624 3625 3592 4063 4063 4062 4062 4062 4062 4062 4062
19 1777386524 3550 3694 3667 649 3581 3625 3624 3592 4061 4061 4060 4060 4060 4060 4060 4060
20 1777386524 3551 3696 3667 648 3582 3625 3626 3593 4061 4061 4061 4061 4061 4061 4061 4061
21 1777386524 3551 3695 3667 648 3581 3625 3625 3593 4061 4061 4061 4061 4061 4061 4061 4061
22 1777386524 3550 3695 3667 648 3581 3625 3625 3593 4061 4061 4061 4061 4061 4061 4061 4061
23 1777386524 3552 3696 3669 648 3583 3626 3626 3595 4061 4061 4061 4061 4061 4061 4061 4061
24 1777386524 3550 3695 3667 648 3581 3625 3625 3593 4063 4063 4062 4062 4062 4062 4062 4062
25 1777386524 3552 3696 3668 648 3582 3626 3626 3594 4061 4061 4061 4061 4061 4061 4061 4061
26 1777386524 3551 3696 3668 648 3581 3625 3625 3593 4061 4061 4061 4061 4061 4061 4061 4061
27 1777386524 3551 3696 3668 649 3582 3625 3625 3594 4061 4061 4061 4061 4061 4061 4061 4061
28 1777386524 3551 3696 3668 648 3582 3625 3626 3594 4061 4061 4061 4061 4061 4061 4061 4061
29 1777386524 3551 3695 3667 648 3581 3625 3625 3593 4061 4061 4061 4061 4061 4061 4061 4061
30 1777386524 3551 3695 3667 649 3581 3625 3625 3593 4063 4063 4062 4062 4062 4062 4062 4062
31 1777386524 3551 3696 3667 648 3582 3625 3625 3593 4061 4061 4061 4061 4061 4061 4061 4061
32 1777386524 3551 3696 3668 649 3583 3626 3626 3594 4061 4061 4061 4061 4061 4061 4061 4061
33 1777386524 3551 3696 3668 649 3583 3626 3626 3594 4061 4061 4061 4061 4061 4061 4061 4061
34 1777386524 3551 3695 3667 648 3581 3625 3625 3593 4063 4063 4062 4062 4062 4062 4062 4062
35 1777386524 3551 3695 3666 649 3581 3625 3625 3593 4061 4061 4061 4061 4061 4061 4061 4061
36 1777386524 3551 3696 3668 649 3582 3625 3625 3593 4061 4061 4061 4061 4061 4061 4061 4061
37 1777386524 3551 3695 3667 649 3582 3626 3625 3593 4061 4061 4061 4061 4061 4061 4061 4061
38 1777386524 3550 3695 3667 649 3581 3625 3625 3593 4063 4063 4062 4062 4062 4062 4062 4062
39 1777386524 3551 3695 3667 648 3581 3624 3625 3593 4063 4063 4062 4062 4062 4062 4062 4062
40 1777386524 3552 3696 3668 649 3582 3625 3626 3594 4063 4063 4062 4062 4062 4062 4062 4062
41 1777386524 3552 3697 3668 648 3582 3626 3626 3594 4061 4061 4061 4061 4061 4061 4061 4061
42 1777386524 3551 3696 3667 650 3582 3625 3626 3594 4063 4063 4062 4062 4062 4062 4062 4062
43 1777386524 3552 3697 3668 649 3583 3626 3626 3594 4063 4063 4062 4062 4062 4062 4062 4062
44 1777386524 3551 3696 3668 648 3582 3625 3626 3593 4063 4062 4062 4062 4062 4062 4062 4062
45 1777386524 3551 3696 3668 649 3582 3626 3626 3594 4061 4061 4061 4061 4061 4061 4061 4061
46 1777386524 3552 3696 3668 648 3583 3626 3626 3594 4061 4061 4061 4061 4061 4061 4061 4061
47 1777386524 3552 3696 3668 649 3582 3626 3627 3595 4061 4061 4061 4061 4061 4061 4061 4061
48 1777386524 3551 3696 3668 648 3583 3626 3626 3594 4063 4063 4062 4062 4062 4062 4062 4062
49 1777386524 3551 3696 3667 649 3582 3625 3625 3593 4061 4061 4060 4060 4060 4060 4060 4060
50 1777386524 3551 3696 3668 649 3582 3626 3626 3594 4063 4063 4062 4062 4062 4062 4062 4062
51 1777386524 3551 3696 3668 649 3583 3626 3626 3594 4063 4063 4062 4062 4062 4062 4062 4062
52 1777386524 3552 3696 3669 648 3583 3626 3627 3594 4061 4061 4061 4061 4061 4061 4061 4061
53 1777386524 3552 3697 3668 648 3582 3626 3626 3594 4061 4061 4061 4061 4061 4061 4061 4061
54 1777386524 3551 3695 3668 648 3581 3626 3626 3594 4063 4062 4062 4062 4062 4062 4062 4062
55 1777386524 3551 3696 3668 649 3582 3626 3626 3593 4061 4061 4061 4061 4061 4061 4061 4061
56 1777386524 3552 3696 3668 648 3583 3626 3626 3595 4061 4061 4061 4061 4061 4061 4061 4061
57 1777386524 3551 3696 3668 648 3583 3626 3627 3594 4063 4063 4062 4062 4062 4062 4062 4062
58 1777386524 3552 3696 3668 649 3582 3625 3625 3593 4063 4063 4062 4062 4062 4062 4062 4062
59 1777386524 3552 3696 3668 649 3583 3626 3626 3594 4063 4063 4062 4062 4062 4062 4062 4062
60 1777386524 3551 3696 3668 648 3582 3626 3626 3594 4063 4063 4062 4062 4062 4062 4062 4062
61 1777386524 3552 3697 3669 649 3583 3626 3626 3594 4061 4061 4061 4061 4061 4061 4061 4061
62 1777386524 3551 3696 3668 648 3583 3626 3626 3594 4061 4061 4061 4061 4061 4061 4061 4061
63 1777386524 3552 3696 3669 649 3583 3627 3627 3595 4061 4061 4061 4061 4061 4061 4061 4061
64 1777386524 3551 3696 3668 648 3583 3626 3626 3594 4063 4061 4061 4061 4061 4061 4061 4061
65 1777386525 3552 3696 3668 649 3583 3626 3626 3594 4057 4057 4057 4057 4057 4057 4057 4057
66 1777386525 3552 3696 3668 649 3583 3626 3626 3594 4063 4063 4062 4062 4062 4062 4062 4062
67 1777386525 3551 3695 3668 649 3582 3625 3625 3594 4063 4062 4062 4062 4062 4062 4062 4062
68 1777386525 3550 3695 3667 648 3581 3625 3625 3593 4061 4061 4061 4061 4061 4061 4061 4061
69 1777386525 3552 3696 3668 649 3582 3625 3626 3594 4061 4061 4061 4061 4061 4061 4061 4061
70 1777386525 3551 3696 3669 649 3583 3626 3626 3594 4061 4061 4061 4061 4061 4061 4061 4061
71 1777386525 3552 3696 3668 649 3582 3626 3626 3594 4063 4063 4062 4062 4062 4062 4062 4062
72 1777386525 3552 3696 3668 648 3582 3625 3626 3593 4063 4063 4062 4062 4062 4062 4062 4062
73 1777386525 3552 3696 3668 648 3582 3626 3626 3594 4059 4059 4059 4059 4059 4059 4059 4059
74 1777386525 3551 3695 3668 648 3582 3626 3626 3594 4061 4061 4060 4060 4060 4060 4060 4060
75 1777386525 3551 3696 3668 649 3582 3626 3626 3594 4061 4061 4061 4061 4061 4061 4061 4061
76 1777386525 3552 3696 3669 649 3583 3626 3627 3595 4061 4061 4061 4061 4061 4061 4061 4061
77 1777386525 3551 3695 3667 649 3582 3626 3626 3594 4063 4063 4062 4062 4062 4062 4062 4062
78 1777386525 3550 3695 3667 649 3581 3625 3625 3593 4063 4063 4062 4062 4062 4062 4062 4062
79 1777386525 3551 3696 3668 649 3583 3626 3627 3594 4061 4061 4061 4061 4061 4061 4061 4061
80 1777386525 3553 3697 3669 649 3583 3626 3627 3595 4061 4061 4061 4061 4061 4061 4061 4061
81 1777386525 3551 3696 3668 649 3582 3626 3626 3594 4061 4061 4060 4060 4060 4060 4060 4060
82 1777386525 3552 3696 3668 649 3582 3626 3626 3594 4063 4063 4062 4062 4062 4062 4062 4062
83 1777386525 3552 3696 3668 649 3582 3626 3626 3594 4063 4063 4062 4062 4062 4062 4062 4062
84 1777386525 3551 3696 3668 648 3583 3626 3626 3594 4063 4063 4062 4062 4062 4062 4062 4062
85 1777386525 3552 3696 3668 649 3582 3626 3627 3594 4063 4063 4062 4062 4062 4062 4062 4062
86 1777386525 3551 3696 3668 648 3583 3626 3626 3594 4063 4063 4062 4062 4062 4062 4062 4062
87 1777386525 3552 3696 3668 649 3582 3625 3626 3593 4063 4063 4062 4062 4062 4062 4062 4062
88 1777386525 3553 3697 3669 648 3583 3627 3628 3595 4061 4061 4061 4061 4061 4061 4061 4061
89 1777386525 3552 3696 3668 649 3583 3626 3626 3594 4063 4063 4062 4062 4062 4062 4062 4062
90 1777386525 3552 3696 3669 649 3583 3627 3627 3595 4063 4063 4062 4062 4062 4062 4062 4062
91 1777386525 3552 3696 3669 649 3583 3627 3626 3594 4063 4063 4062 4062 4062 4062 4062 4062
92 1777386525 3552 3696 3668 649 3583 3625 3626 3594 4063 4063 4062 4062 4062 4062 4062 4062
93 1777386525 3552 3696 3669 649 3583 3626 3626 3594 4063 4063 4062 4062 4062 4062 4062 4062
94 1777386525 3551 3696 3668 649 3583 3626 3626 3595 4063 4063 4062 4062 4062 4062 4062 4062
95 1777386525 3553 3697 3669 649 3583 3626 3627 3595 4063 4063 4062 4062 4062 4062 4062 4062
96 1777386525 3551 3696 3667 649 3582 3626 3626 3594 4063 4062 4062 4062 4062 4062 4062 4062
97 1777386525 3552 3696 3668 649 3583 3626 3627 3594 4063 4063 4062 4062 4062 4062 4062 4062
98 1777386525 3552 3697 3669 649 3583 3626 3626 3594 4061 4061 4061 4061 4061 4061 4061 4061
99 1777386525 3551 3696 3668 649 3582 3626 3626 3594 4063 4063 4062 4062 4062 4062 4062 4062
100 1777386525 3552 3696 3669 649 3583 3626 3627 3595 4063 4063 4062 4062 4062 4062 4062 4062
101 1777386525 3552 3696 3668 649 3582 3626 3626 3594 4061 4061 4061 4061 4061 4061 4061 4061
102 1777386525 3552 3697 3668 649 3583 3626 3626 3595 4063 4063 4062 4062 4062 4062 4062 4062
103 1777386525 3552 3697 3669 649 3583 3626 3627 3594 4061 4061 4061 4061 4061 4061 4061 4061
104 1777386525 3551 3696 3669 649 3583 3626 3627 3595 4063 4063 4062 4062 4062 4062 4062 4062
105 1777386525 3551 3696 3668 649 3582 3625 3626 3594 4061 4061 4061 4061 4061 4061 4061 4061
106 1777386525 3553 3698 3670 649 3584 3627 3627 3595 4063 4062 4062 4062 4062 4062 4062 4062
107 1777386525 3553 3697 3670 649 3584 3627 3627 3596 4061 4061 4061 4061 4061 4061 4061 4061
108 1777386525 3553 3697 3669 649 3583 3626 3627 3594 4063 4063 4062 4062 4062 4062 4062 4062
109 1777386525 3552 3696 3668 649 3583 3626 3626 3594 4061 4061 4061 4061 4061 4061 4061 4061
110 1777386525 3551 3696 3668 649 3583 3626 3626 3594 4061 4061 4061 4061 4061 4061 4061 4061
111 1777386525 3552 3697 3669 649 3582 3626 3627 3594 4063 4063 4062 4062 4062 4062 4062 4062
112 1777386525 3551 3696 3668 648 3583 3626 3626 3594 4063 4063 4062 4062 4062 4062 4062 4062
113 1777386525 3552 3696 3668 649 3582 3626 3626 3595 4061 4061 4061 4061 4061 4061 4061 4061
114 1777386525 3553 3698 3669 649 3583 3627 3627 3595 4061 4061 4061 4061 4061 4061 4061 4061
115 1777386525 3553 3697 3669 649 3582 3626 3626 3594 4063 4063 4062 4062 4062 4062 4062 4062
116 1777386525 3553 3697 3669 649 3583 3627 3627 3595 4061 4061 4060 4060 4060 4060 4060 4060
117 1777386525 3553 3697 3669 649 3584 3627 3627 3595 4061 4061 4061 4061 4061 4061 4061 4061
118 1777386525 3554 3698 3670 650 3584 3627 3628 3596 4061 4061 4061 4061 4061 4061 4061 4061
119 1777386525 3551 3696 3668 649 3583 3626 3626 3594 4061 4061 4061 4061 4061 4061 4061 4061
120 1777386525 3551 3696 3668 649 3582 3625 3625 3594 4061 4061 4061 4061 4061 4061 4061 4061
121 1777386525 3552 3697 3669 649 3583 3627 3627 3595 4063 4063 4062 4062 4062 4062 4062 4062
122 1777386525 3552 3697 3669 650 3583 3626 3627 3595 4063 4063 4062 4062 4062 4062 4062 4062
123 1777386525 3552 3696 3668 649 3582 3625 3626 3594 4061 4061 4061 4061 4061 4061 4061 4061
124 1777386525 3552 3696 3669 649 3582 3626 3626 3594 4061 4061 4061 4061 4061 4061 4061 4061
125 1777386525 3552 3696 3669 649 3582 3626 3626 3594 4063 4063 4062 4062 4062 4062 4062 4062
126 1777386526 3551 3696 3668 649 3582 3626 3626 3594 4061 4061 4061 4061 4061 4061 4061 4061
127 1777386526 3552 3697 3668 649 3583 3626 3626 3594 4061 4061 4061 4061 4061 4061 4061 4061
128 1777386526 3552 3697 3669 650 3583 3626 3626 3595 4063 4063 4062 4062 4062 4062 4062 4062
129 1777386526 3552 3697 3669 649 3583 3627 3627 3595 4063 4061 4061 4061 4061 4061 4061 4061
130 1777386526 3552 3696 3669 649 3583 3626 3626 3594 4063 4062 4062 4062 4062 4062 4062 4062
131 1777386526 3552 3697 3669 649 3583 3626 3626 3595 4061 4061 4061 4061 4061 4061 4061 4061
132 1777386526 3552 3697 3669 649 3583 3627 3627 3595 4061 4061 4061 4061 4061 4061 4061 4061
133 1777386526 3553 3696 3669 649 3583 3626 3626 3595 4061 4061 4061 4061 4061 4061 4061 4061
134 1777386526 3552 3696 3669 649 3583 3626 3626 3594 4061 4061 4061 4061 4061 4061 4061 4061
135 1777386526 3553 3697 3669 649 3583 3626 3626 3595 4063 4063 4062 4062 4062 4062 4062 4062
136 1777386526 3551 3696 3668 649 3583 3626 3626 3594 4063 4063 4062 4062 4062 4062 4062 4062
137 1777386526 3553 3697 3669 651 3583 3627 3627 3595 4061 4061 4061 4061 4061 4061 4061 4061
138 1777386526 3552 3696 3668 650 3583 3625 3626 3594 4061 4061 4061 4061 4061 4061 4061 4061
139 1777386526 3551 3696 3668 649 3582 3625 3626 3594 4063 4063 4062 4062 4062 4062 4062 4062
140 1777386526 3551 3696 3668 649 3582 3626 3626 3594 4061 4061 4061 4061 4061 4061 4061 4061
141 1777386526 3552 3696 3668 649 3582 3626 3626 3594 4063 4061 4061 4061 4061 4061 4061 4061
142 1777386526 3554 3698 3670 649 3585 3628 3628 3596 4063 4063 4062 4062 4062 4062 4062 4062
143 1777386526 3552 3697 3669 649 3582 3626 3626 3594 4061 4061 4061 4061 4061 4061 4061 4061
144 1777386526 3552 3696 3669 650 3583 3627 3627 3595 4063 4063 4062 4062 4062 4062 4062 4062
145 1777386526 3552 3697 3668 649 3583 3626 3626 3594 4061 4061 4061 4061 4061 4061 4061 4061
146 1777386526 3552 3697 3669 649 3583 3626 3626 3594 4063 4061 4061 4061 4061 4061 4061 4061
147 1777386526 3553 3697 3669 649 3583 3626 3627 3594 4063 4063 4062 4062 4062 4062 4062 4062
148 1777386526 3550 3694 3666 647 3581 3623 3624 3592 4061 4061 4061 4061 4061 4061 4061 4061
149 1777386526 3551 3695 3667 647 3582 3624 3624 3593 4061 4061 4061 4061 4061 4061 4061 4061
150 1777386526 3550 3695 3667 647 3581 3624 3624 3593 4061 4061 4061 4061 4061 4061 4061 4061
151 1777386526 3550 3695 3667 647 3580 3625 3624 3593 4063 4062 4062 4062 4062 4062 4062 4062
152 1777386526 3551 3696 3668 647 3582 3625 3625 3594 4063 4063 4062 4062 4062 4062 4062 4062
153 1777386526 3550 3695 3667 647 3581 3624 3624 3593 4061 4061 4061 4061 4061 4061 4061 4061
154 1777386526 3549 3694 3666 647 3580 3623 3624 3592 4061 4061 4061 4061 4061 4061 4061 4061
155 1777386526 3551 3695 3667 648 3581 3625 3625 3593 4061 4061 4061 4061 4061 4061 4061 4061
156 1777386526 3550 3694 3667 648 3581 3624 3625 3593 4063 4063 4062 4062 4062 4062 4062 4062
157 1777386526 3551 3695 3667 648 3581 3624 3625 3593 4063 4063 4062 4062 4062 4062 4062 4062
158 1777386526 3551 3696 3668 647 3582 3626 3625 3594 4061 4061 4061 4061 4061 4061 4061 4061
159 1777386526 3551 3695 3667 647 3582 3625 3625 3593 4063 4063 4062 4062 4062 4062 4062 4062
160 1777386526 3550 3694 3666 648 3581 3624 3624 3592 4063 4063 4062 4062 4062 4062 4062 4062
161 1777386526 3551 479 3666 648 3582 3625 3625 3593 4061 4061 4060 4060 4060 4060 4060 4060
162 1777386526 3551 3696 3668 648 3583 3626 3626 3594 4061 4061 4060 4060 4060 4060 4060 4060
163 1777386526 3551 3696 3667 648 3582 3625 3626 3594 4063 4062 4062 4062 4062 4062 4062 4062
164 1777386526 3551 3696 3667 648 3582 3625 3625 3593 4061 4061 4061 4061 4061 4061 4061 4061
165 1777386526 3551 3696 3667 648 3581 3624 3625 3593 4061 4061 4061 4061 4061 4061 4061 4061
166 1777386526 3551 3695 3667 648 3581 3625 3625 3593 4061 4061 4061 4061 4061 4061 4061 4061
167 1777386526 3550 3695 3667 647 3581 3625 3625 3593 4063 4063 4062 4062 4062 4062 4062 4062
168 1777386526 3551 3695 3667 648 3581 3625 3626 3594 4061 4061 4061 4061 4061 4061 4061 4061
169 1777386526 3550 3695 3666 648 3581 3624 3624 3592 4063 4063 4062 4062 4062 4062 4062 4062
170 1777386526 3551 3696 3667 648 3582 3625 3625 3593 4063 4062 4062 4062 4062 4062 4062 4062
171 1777386526 3551 3695 3667 647 3582 3625 3625 3593 4061 4061 4061 4061 4061 4061 4061 4061
172 1777386526 3551 3695 3667 648 3582 3624 3625 3593 4061 4061 4060 4060 4060 4060 4060 4060
173 1777386526 3550 3695 3667 647 3582 3625 3625 3593 4061 4061 4061 4061 4061 4061 4061 4061
174 1777386526 3550 3695 3667 647 3581 3625 3624 3593 4061 4061 4061 4061 4061 4061 4061 4061
175 1777386526 3551 3696 3668 647 3582 3625 3625 3593 4061 4061 4061 4061 4061 4061 4061 4061
176 1777386526 3551 3695 3667 647 3581 3623 3624 3592 4061 4061 4060 4060 4060 4060 4060 4060
177 1777386526 3551 3696 3668 648 3582 3625 3626 3594 4061 4061 4061 4061 4061 4061 4061 4061
178 1777386526 3550 3694 3667 647 3581 3624 3625 3593 4061 4061 4061 4061 4061 4061 4061 4061
179 1777386526 3551 3695 3668 647 3582 3625 3626 3593 4061 4061 4061 4061 4061 4061 4061 4061
180 1777386526 3550 3694 3666 648 3581 3624 3624 3592 4063 4063 4062 4062 4062 4062 4062 4062
181 1777386526 3552 3696 3668 648 3582 3625 3626 3594 4061 4061 4061 4061 4061 4061 4061 4061
182 1777386526 3551 3695 3667 647 3581 3624 3625 3593 4061 4061 4061 4061 4061 4061 4061 4061
183 1777386526 3550 3695 3667 648 3580 3625 3625 3593 4063 4063 4062 4062 4062 4062 4062 4062
184 1777386526 3551 3695 3668 648 3582 3625 3625 3593 4061 4061 4061 4061 4061 4061 4061 4061
185 1777386526 3551 3695 3667 647 3582 3625 3626 3594 4061 4061 4061 4061 4061 4061 4061 4061
186 1777386526 3551 3696 3667 648 3582 3625 3626 3593 4061 4061 4061 4061 4061 4061 4061 4061
187 1777386527 3550 3695 3667 649 3582 3625 3626 3593 4061 4061 4061 4061 4061 4061 4061 4061
188 1777386527 3551 3695 3668 648 3581 3625 3626 3593 4061 4061 4061 4061 4061 4061 4061 4061
189 1777386527 3550 3695 3667 648 3581 3625 3625 3593 4061 4061 4061 4061 4061 4061 4061 4061
190 1777386527 3551 3695 3667 648 3581 3625 3625 3593 4061 4061 4060 4060 4060 4060 4060 4060
191 1777386527 3551 3695 3667 648 3582 3625 3625 3593 4063 4063 4062 4062 4062 4062 4062 4062
192 1777386527 3551 3695 3667 648 3581 3624 3625 3592 4061 4061 4061 4061 4061 4061 4061 4061
193 1777386527 3551 3695 3668 648 3582 3625 3625 3593 4061 4061 4061 4061 4061 4061 4061 4061
194 1777386527 3551 3695 3667 648 3581 3625 3626 3594 4063 4063 4062 4062 4062 4062 4062 4062
195 1777386527 3552 3696 3668 648 3582 3625 3626 3594 4061 4061 4061 4061 4061 4061 4061 4061
196 1777386527 3550 3695 3667 648 3581 3625 3625 3593 4061 4061 4060 4060 4060 4060 4060 4060
197 1777386527 3550 3695 3667 648 3582 3625 3626 3594 4063 4061 4061 4061 4061 4061 4061 4061
198 1777386527 3551 3695 3668 648 3581 3626 3626 3593 4061 4061 4061 4061 4061 4061 4061 4061
199 1777386527 3550 3694 3666 648 3580 3624 3624 3592 4063 4062 4062 4062 4062 4062 4062 4062
200 1777386527 3551 3696 3668 648 3583 3626 3626 3594 4061 4061 4061 4061 4061 4061 4061 4061
201 1777386527 3550 3695 3667 647 3581 3625 3625 3593 4061 4061 4061 4061 4061 4061 4061 4061
202 1777386527 3550 3694 3667 648 3581 3624 3624 3593 4063 4063 4062 4062 4062 4062 4062 4062
203 1777386527 3551 3695 3667 649 3582 3625 3625 3593 4063 4063 4062 4062 4062 4062 4062 4062
204 1777386527 3551 3696 3667 648 3582 3625 3625 3594 4063 4063 4062 4062 4062 4062 4062 4062
205 1777386527 3552 3696 3668 647 3582 3626 3626 3594 4061 4061 4061 4061 4061 4061 4061 4061
206 1777386527 3551 3696 3668 648 3583 3625 3626 3593 4061 4061 4061 4061 4061 4061 4061 4061
207 1777386527 3550 3694 3667 647 3581 3624 3624 3592 4061 4061 4061 4061 4061 4061 4061 4061
208 1777386527 3552 3696 3668 648 3583 3626 3626 3594 4061 4061 4061 4061 4061 4061 4061 4061
209 1777386527 3552 3696 3668 648 3583 3627 3627 3595 4063 4061 4061 4061 4061 4061 4061 4061
210 1777386527 3551 3695 3667 648 3581 3625 3625 3593 4061 4061 4061 4061 4061 4061 4061 4061
211 1777386527 3551 3695 3667 648 3582 3624 3624 3593 4061 4061 4061 4061 4061 4061 4061 4061
212 1777386527 3550 3695 3667 648 3581 3625 3625 3594 4061 4061 4060 4060 4060 4060 4060 4060
213 1777386527 3551 3695 3667 648 3582 3624 3624 3593 4061 4061 4061 4061 4061 4061 4061 4061
214 1777386527 3551 3695 3668 648 3581 3625 3625 3593 4063 4063 4062 4062 4062 4062 4062 4062
215 1777386527 3551 3696 3668 648 3582 3625 3625 3593 4063 4063 4062 4062 4062 4062 4062 4062
216 1777386535 3550 3694 3666 647 3580 3623 3623 3592 4063 4063 4062 4062 4062 4062 4062 4062
217 1777386535 3550 3695 3666 648 3580 3623 3623 3591 4061 4061 4061 4061 4061 4061 4061 4061
218 1777386535 3550 3694 3666 649 3581 3624 3624 3592 4061 4061 4061 4061 4061 4061 4061 4061
219 1777386535 3550 3694 3666 648 3580 3624 3624 3592 4063 4063 4062 4062 4062 4062 4062 4062
220 1777386535 3549 3693 3665 648 3580 3623 3623 3591 4061 4061 4061 4061 4061 4061 4061 4061
221 1777386535 3550 3694 3666 648 3581 3624 3625 3592 4059 4059 4059 4059 4059 4059 4059 4059
222 1777386535 3550 3695 3667 648 3581 3624 3624 3592 4061 4061 4061 4061 4061 4061 4061 4061
223 1777386535 3550 3694 3666 648 3581 3624 3624 3592 4061 4061 4061 4061 4061 4061 4061 4061
224 1777386535 3550 3695 3666 649 3580 3624 3624 3592 4063 4063 4062 4062 4062 4062 4062 4062
225 1777386535 3550 3694 3667 648 3581 3624 3625 3592 4061 4061 4061 4061 4061 4061 4061 4061
226 1777386535 3550 3694 3666 649 3581 3624 3624 3592 4063 4063 4062 4062 4062 4062 4062 4062
227 1777386535 3551 3696 3667 648 3582 3625 3625 3593 4061 4061 4061 4061 4061 4061 4061 4061
228 1777386535 3551 3695 3668 648 3582 3625 3625 3592 4063 4063 4062 4062 4062 4062 4062 4062
229 1777386535 3550 3695 3667 648 3581 3624 3624 3593 4061 4061 4061 4061 4061 4061 4061 4061
230 1777386535 3550 3694 3666 648 3580 3624 3624 3592 4063 4063 4062 4062 4062 4062 4062 4062
231 1777386535 3551 3696 3668 648 3582 3625 3625 3594 4063 4063 4062 4062 4062 4062 4062 4062
232 1777386535 3550 3695 3667 648 3581 3625 3625 3593 4063 4063 4062 4062 4062 4062 4062 4062
233 1777386535 3550 3695 3667 648 3581 3624 3625 3592 4063 4062 4062 4062 4062 4062 4062 4062
234 1777386535 3551 3695 3667 647 3581 3624 3624 3592 4061 4061 4061 4061 4061 4061 4061 4061
235 1777386535 3551 3695 3667 648 3581 3624 3625 3592 4061 4061 4061 4061 4061 4061 4061 4061
236 1777386535 3551 3695 3667 648 3582 3625 3626 3594 4061 4061 4061 4061 4061 4061 4061 4061
237 1777386535 3551 3695 3667 648 3582 3625 3625 3593 4061 4061 4061 4061 4061 4061 4061 4061
238 1777386535 3550 3694 3667 648 3582 3625 3625 3593 4061 4061 4061 4061 4061 4061 4061 4061
239 1777386535 3552 3696 3668 648 3582 3626 3625 3593 4061 4061 4061 4061 4061 4061 4061 4061
240 1777386535 3550 3694 3667 648 3581 3624 3625 3592 4061 4061 4061 4061 4061 4061 4061 4061
241 1777386535 3551 3695 3667 649 3581 3625 3625 3594 4059 4059 4059 4059 4059 4059 4059 4059
242 1777386535 3551 3695 3667 648 3581 3624 3625 3593 4063 4063 4062 4062 4062 4062 4062 4062
243 1777386535 3550 3695 3667 648 3581 3624 3625 3593 4063 4063 4062 4062 4062 4062 4062 4062
244 1777386535 3551 3696 3668 648 3582 3626 3626 3594 4061 4061 4061 4061 4061 4061 4061 4061
245 1777386535 3549 3694 3666 648 3580 3624 3624 3592 4061 4061 4061 4061 4061 4061 4061 4061
246 1777386535 3552 3696 3668 648 3582 3625 3626 3593 4063 4061 4061 4061 4061 4061 4061 4061
247 1777386535 3550 3694 3667 648 3581 3624 3624 3592 4061 4061 4060 4060 4060 4060 4060 4060
248 1777386535 3551 3696 3668 649 3582 3626 3626 3594 4061 4061 4061 4061 4061 4061 4061 4061
249 1777386535 3550 3695 3667 648 3581 3625 3625 3593 4063 4063 4062 4062 4062 4062 4062 4062
250 1777386535 3550 3695 3667 649 3581 3625 3625 3593 4061 4061 4060 4060 4060 4060 4060 4060
251 1777386535 3551 3695 3667 648 3581 3624 3625 3593 4061 4061 4061 4061 4061 4061 4061 4061
252 1777386535 3551 3695 3667 648 3581 3625 3625 3592 4061 4061 4060 4060 4060 4060 4060 4060
253 1777386535 3551 3695 3668 648 3581 3625 3625 3593 4061 4061 4061 4061 4061 4061 4061 4061
254 1777386535 3550 3695 3667 648 3581 3624 3625 3593 4063 4063 4062 4062 4062 4062 4062 4062
255 1777386535 3551 3695 3667 648 3581 3625 3625 3593 4061 4061 4061 4061 4061 4061 4061 4061
256 1777386535 3551 3695 3667 648 3581 3624 3625 3593 4061 4061 4061 4061 4061 4061 4061 4061
257 1777386535 3551 3695 3667 648 3582 3625 3625 3593 4061 4061 4061 4061 4061 4061 4061 4061
258 1777386535 3551 3696 3668 649 3582 3626 3626 3594 4063 4063 4062 4062 4062 4062 4062 4062
259 1777386535 3551 3696 3668 648 3582 3625 3625 3593 4061 4061 4060 4060 4060 4060 4060 4060
260 1777386535 3551 3696 3668 648 3582 3625 3626 3594 4061 4061 4061 4061 4061 4061 4061 4061
261 1777386535 3552 3696 3668 648 3583 3625 3626 3594 4063 4063 4062 4062 4062 4062 4062 4062
262 1777386535 3550 3695 3667 648 3582 3625 3625 3593 4063 4062 4062 4062 4062 4062 4062 4062
263 1777386535 3552 3696 3668 648 3582 3625 3626 3594 4063 4063 4062 4062 4062 4062 4062 4062
264 1777386535 3551 3695 3667 648 3581 3624 3625 3593 4061 4061 4061 4061 4061 4061 4061 4061
265 1777386535 3552 3696 3669 650 3583 3627 3627 3595 4061 4061 4061 4061 4061 4061 4061 4061
266 1777386535 3552 3696 3668 649 3582 3626 3626 3594 4063 4062 4062 4062 4062 4062 4062 4062
267 1777386535 3552 3697 3668 648 3583 3626 3626 3594 4061 4061 4061 4061 4061 4061 4061 4061
268 1777386535 3551 3696 3668 648 3583 3626 3626 3594 4061 4061 4061 4061 4061 4061 4061 4061
269 1777386536 3551 3695 3667 648 3581 3625 3625 3593 4063 4062 4062 4062 4062 4062 4062 4062
270 1777386536 3551 3695 3668 648 3582 3625 3625 3593 4063 4061 4061 4061 4061 4061 4061 4061
271 1777386536 3551 3695 3667 648 3581 3625 3625 3593 4063 4062 4062 4062 4062 4062 4062 4062
272 1777386536 3551 3695 3667 648 3582 3625 3625 3593 4063 4063 4062 4062 4062 4062 4062 4062
273 1777386536 3551 3696 3668 648 3582 3625 3626 3594 4063 4063 4062 4062 4062 4062 4062 4062
274 1777386536 3551 3696 3668 649 3582 3625 3626 3594 4063 4063 4062 4062 4062 4062 4062 4062
275 1777386536 3551 3696 3668 648 3582 3625 3625 3593 4063 4061 4061 4061 4061 4061 4061 4061
276 1777386536 3551 3696 3668 649 3582 3626 3626 3594 4061 4061 4061 4061 4061 4061 4061 4061
277 1777386536 3551 3695 3668 648 3581 3625 3626 3594 4061 4061 4061 4061 4061 4061 4061 4061
278 1777386536 3551 3696 3667 648 3580 3625 3625 3593 4063 4063 4062 4062 4062 4062 4062 4062
279 1777386536 3551 3696 3668 648 3583 3625 3626 3594 4061 4061 4061 4061 4061 4061 4061 4061
280 1777386536 3552 3696 3668 648 3582 3625 3626 3593 4063 4063 4062 4062 4062 4062 4062 4062
281 1777386536 3552 3696 3668 648 3583 3626 3626 3594 4061 4061 4060 4060 4060 4060 4060 4060
282 1777386536 3551 3695 3667 649 3581 3625 3625 3593 4061 4061 4061 4061 4061 4061 4061 4061
283 1777386536 3551 3695 3667 648 3581 3624 3625 3593 4063 4063 4062 4062 4062 4062 4062 4062
284 1777386536 3552 3696 3669 649 3583 3627 3627 3594 4063 4063 4062 4062 4062 4062 4062 4062
285 1777386536 3551 3696 3668 648 3582 3625 3626 3593 4061 4061 4061 4061 4061 4061 4061 4061
286 1777386536 3550 3695 3667 648 3581 3624 3625 3593 4061 4061 4061 4061 4061 4061 4061 4061
287 1777386536 3551 3696 3668 648 3583 3626 3626 3594 4063 4063 4062 4062 4062 4062 4062 4062
288 1777386536 3552 3696 3669 649 3582 3626 3626 3593 4063 4063 4062 4062 4062 4062 4062 4062
289 1777386536 3551 3696 3668 649 3583 3626 3626 3594 4063 4063 4062 4062 4062 4062 4062 4062
290 1777386536 3551 3697 3668 649 3582 3626 3626 3594 4061 4061 4061 4061 4061 4061 4061 4061
291 1777386536 3551 3696 3667 648 3582 3625 3625 3594 4063 4063 4062 4062 4062 4062 4062 4062
292 1777386536 3552 3696 3668 648 3582 3626 3626 3594 4063 4063 4062 4062 4062 4062 4062 4062
293 1777386536 3552 3696 3668 649 3583 3626 3626 3594 4061 4061 4061 4061 4061 4061 4061 4061
294 1777386536 3551 3695 3668 649 3582 3625 3625 3593 4061 4061 4061 4061 4061 4061 4061 4061
295 1777386536 3551 3696 3668 648 3582 3625 3626 3594 4061 4061 4061 4061 4061 4061 4061 4061
296 1777386536 3552 3696 3668 648 3583 3626 3626 3594 4063 4063 4062 4062 4062 4062 4062 4062
297 1777386536 3552 3696 3668 648 3582 3625 3626 3593 4063 4063 4062 4062 4062 4062 4062 4062
298 1777386536 3551 3695 3667 649 3582 3625 3625 3593 4061 4061 4061 4061 4061 4061 4061 4061
299 1777386536 3551 3695 3667 649 3582 3625 3626 3594 4061 4061 4061 4061 4061 4061 4061 4061
300 1777386536 3551 3695 3668 649 3582 3625 3626 3594 4063 4063 4062 4062 4062 4062 4062 4062
301 1777386536 3551 3695 3668 649 3582 3625 3626 3594 4061 4061 4061 4061 4061 4061 4061 4061
302 1777386536 3552 3697 3668 649 3583 3626 3626 3594 4063 4063 4062 4062 4062 4062 4062 4062
303 1777386536 3552 3696 3668 649 3582 3626 3626 3593 4061 4061 4061 4061 4061 4061 4061 4061
304 1777386536 3552 3696 3668 648 3582 3626 3626 3594 4063 4063 4062 4062 4062 4062 4062 4062
305 1777386536 3551 3696 3668 649 3583 3626 3626 3594 4061 4061 4061 4061 4061 4061 4061 4061
306 1777386536 3552 3696 3669 649 3583 3626 3627 3595 4063 4063 4062 4062 4062 4062 4062 4062
307 1777386536 3552 3696 3668 648 3583 3626 3626 3594 4063 4063 4062 4062 4062 4062 4062 4062
308 1777386536 3551 3695 3667 648 3582 3625 3625 3593 4061 4061 4061 4061 4061 4061 4061 4061
309 1777386536 3551 3696 3669 648 3583 3626 3626 3594 4061 4061 4061 4061 4061 4061 4061 4061
310 1777386536 3552 3696 3668 649 3582 3625 3626 3594 4063 4063 4062 4062 4062 4062 4062 4062
311 1777386536 3552 3696 3668 648 3583 3626 3626 3594 4063 4062 4062 4062 4062 4062 4062 4062
312 1777386536 3552 3696 3668 648 3583 3626 3626 3595 4061 4061 4061 4061 4061 4061 4061 4061
313 1777386536 3551 3696 3668 648 3582 3625 3625 3594 4061 4061 4061 4061 4061 4061 4061 4061
314 1777386536 3551 3696 3668 649 3582 3626 3626 3594 4061 4061 4061 4061 4061 4061 4061 4061
315 1777386536 3551 3695 3667 648 3582 3625 3625 3593 4061 4061 4061 4061 4061 4061 4061 4061
316 1777386536 3551 3696 3668 649 3582 3626 3626 3594 4061 4061 4061 4061 4061 4061 4061 4061
317 1777386536 3552 3696 3668 648 3583 3626 3627 3594 4063 4063 4062 4062 4062 4062 4062 4062
318 1777386536 3553 3697 3669 649 3583 3627 3627 3595 4063 4063 4062 4062 4062 4062 4062 4062
319 1777386536 3551 3696 3668 649 3582 3625 3626 3594 4061 4061 4061 4061 4061 4061 4061 4061
320 1777386536 3552 3697 3668 649 3583 3626 3627 3595 4061 4061 4061 4061 4061 4061 4061 4061
321 1777386536 3552 3696 3669 648 3583 3626 3626 3594 4063 4063 4062 4062 4062 4062 4062 4062
322 1777386536 3552 3696 3669 649 3583 3626 3626 3594 4063 4063 4062 4062 4062 4062 4062 4062
323 1777386536 3553 3698 3669 648 3583 3627 3627 3595 4057 4057 4057 4057 4057 4057 4057 4057
324 1777386536 3552 3696 3669 649 3583 3626 3627 3595 4061 4061 4061 4061 4061 4061 4061 4061
325 1777386536 3553 3698 3669 649 3584 3627 3627 3596 4061 4061 4061 4061 4061 4061 4061 4061
326 1777386536 3551 3696 3668 649 3582 3626 3626 3594 4061 4061 4061 4061 4061 4061 4061 4061
327 1777386536 3552 3696 3669 648 3582 3626 3625 3594 4063 4063 4062 4062 4062 4062 4062 4062
328 1777386536 3551 3696 3668 649 3582 3626 3626 3594 4061 4061 4061 4061 4061 4061 4061 4061
329 1777386537 3552 3696 3668 650 3582 3626 3626 3594 4061 4060 4060 4060 4060 4060 4060 4060
330 1777386537 3553 3697 3669 649 3583 3627 3627 3595 4061 4061 4061 4061 4061 4061 4061 4061
331 1777386537 3552 3696 3669 648 3583 3626 3626 3594 4063 4063 4062 4062 4062 4062 4062 4062
332 1777386537 3551 3696 3668 649 3582 3626 3626 3594 4063 4063 4062 4062 4062 4062 4062 4062
333 1777386537 3552 3697 3669 649 3583 3626 3626 3594 4061 4061 4061 4061 4061 4061 4061 4061
334 1777386537 3552 3697 3668 649 3582 3626 3626 3595 4061 4061 4061 4061 4061 4061 4061 4061
335 1777386537 3552 3696 3668 648 3583 3626 3626 3595 4063 4063 4062 4062 4062 4062 4062 4062
336 1777386537 3551 3696 3669 649 3583 3625 3626 3594 4061 4061 4061 4061 4061 4061 4061 4061
337 1777386537 3552 3697 3669 649 3583 3626 3626 3595 4061 4061 4060 4060 4060 4060 4060 4060
338 1777386537 3551 3695 3668 649 3582 3626 3626 3594 4061 4061 4061 4061 4061 4061 4061 4061
339 1777386537 3551 3696 3668 649 3582 3626 3626 3594 4061 4061 4061 4061 4061 4061 4061 4061
340 1777386537 3552 3696 3668 649 3582 3626 3626 3595 4061 4061 4060 4060 4060 4060 4060 4060
341 1777386537 3551 3696 3668 649 3583 3626 3626 3594 4061 4061 4061 4061 4061 4061 4061 4061
342 1777386537 3552 3697 3669 649 3583 3626 3626 3594 4063 4063 4062 4062 4062 4062 4062 4062
343 1777386537 3552 3697 3669 648 3583 3626 3626 3594 4061 4061 4060 4060 4060 4060 4060 4060
344 1777386537 3552 3696 3668 648 3582 3626 3626 3594 4061 4061 4061 4061 4061 4061 4061 4061
345 1777386537 3552 3696 3668 649 3583 3626 3626 3594 4061 4061 4061 4061 4061 4061 4061 4061
346 1777386537 3551 3696 3667 649 3582 3626 3626 3593 4061 4061 4061 4061 4061 4061 4061 4061
347 1777386537 3551 3696 3668 649 3583 3627 3626 3595 4063 4063 4062 4062 4062 4062 4062 4062
348 1777386537 3551 3695 3668 649 3582 3625 3626 3594 4061 4061 4061 4061 4061 4061 4061 4061
349 1777386537 3552 3697 3669 649 3583 3627 3627 3595 4061 4061 4061 4061 4061 4061 4061 4061
350 1777386537 3552 3696 3669 649 3582 3626 3626 3594 4061 4061 4061 4061 4061 4061 4061 4061
351 1777386537 3552 3696 3668 649 3583 3626 3626 3594 4061 4061 4061 4061 4061 4061 4061 4061
352 1777386537 3552 3697 3669 649 3583 3626 3627 3595 4061 4061 4061 4061 4061 4061 4061 4061
353 1777386537 3552 3696 3668 649 3583 3626 3626 3594 4063 4063 4062 4062 4062 4062 4062 4062
354 1777386537 3552 3697 3668 649 3582 3626 3626 3594 4061 4061 4061 4061 4061 4061 4061 4061
355 1777386537 3553 3697 3670 649 3583 3627 3627 3595 4063 4061 4061 4061 4061 4061 4061 4061
356 1777386537 3553 3697 3669 649 3582 3626 3626 3595 4061 4061 4061 4061 4061 4061 4061 4061
357 1777386537 3552 3697 3669 649 3583 3627 3627 3595 4063 4063 4062 4062 4062 4062 4062 4062
358 1777386537 3552 3696 3667 649 3583 3626 3625 3593 4063 4063 4062 4062 4062 4062 4062 4062
359 1777386537 3552 3696 3668 649 3583 3626 3626 3594 4063 4063 4062 4062 4062 4062 4062 4062
360 1777386537 3553 3697 3669 649 3584 3627 3627 3595 4063 4063 4062 4062 4062 4062 4062 4062
361 1777386537 3552 3697 3669 650 3583 3626 3626 3594 4063 4063 4062 4062 4062 4062 4062 4062
362 1777386537 3552 3697 3669 649 3583 3626 3626 3594 4061 4060 4060 4060 4060 4060 4060 4060
363 1777386537 3552 3697 3668 649 3582 3626 3626 3595 4063 4063 4062 4062 4062 4062 4062 4062
364 1777386537 3552 3696 3669 649 3583 3626 3627 3595 4061 4061 4060 4060 4060 4060 4060 4060
365 1777386537 3552 3697 3669 648 3583 3626 3626 3594 4061 4061 4060 4060 4060 4060 4060 4060
366 1777386537 3552 3697 3669 649 3583 3626 3626 3595 4061 4061 4061 4061 4061 4061 4061 4061
367 1777386537 3552 3696 3669 648 3583 3626 3626 3595 4061 4061 4061 4061 4061 4061 4061 4061
368 1777386537 3552 3697 3668 649 3583 3626 3626 3595 4063 4063 4062 4062 4062 4062 4062 4062
369 1777386537 3553 3697 3670 649 3583 3627 3627 3595 4061 4061 4060 4060 4060 4060 4060 4060
370 1777386537 3552 3697 3669 649 3583 3626 3626 3595 4061 4061 4061 4061 4061 4061 4061 4061
371 1777386537 3552 3696 3668 649 3583 3626 3627 3595 4061 4061 4061 4061 4061 4061 4061 4061
372 1777386537 3552 3696 3669 649 3582 3626 3627 3595 4061 4061 4061 4061 4061 4061 4061 4061
373 1777386537 3552 3697 3669 649 3583 3626 3627 3594 4061 4061 4061 4061 4061 4061 4061 4061
374 1777386537 3551 3696 3669 649 3583 3626 3626 3595 4063 4063 4062 4062 4062 4062 4062 4062
375 1777386537 3552 3696 3668 650 3582 3626 3626 3594 4063 4063 4062 4062 4062 4062 4062 4062
376 1777386537 3551 3696 3668 649 3582 3626 3626 3594 4061 4061 4061 4061 4061 4061 4061 4061
377 1777386537 3552 3697 3669 649 3583 3626 3626 3594 4061 4061 4061 4061 4061 4061 4061 4061
378 1777386537 3551 3696 3668 649 3583 3625 3626 3595 4061 4061 4061 4061 4061 4061 4061 4061
379 1777386537 3552 3696 3669 649 3583 3627 3627 3595 4063 4062 4062 4062 4062 4062 4062 4062
380 1777386537 3552 3696 3669 649 3584 3626 3626 3594 4063 4063 4062 4062 4062 4062 4062 4062
381 1777386537 3552 3696 3668 649 3583 3626 3626 3594 4061 4061 4061 4061 4061 4061 4061 4061
382 1777386537 3552 3696 3668 649 3582 3625 3625 3594 4061 4061 4061 4061 4061 4061 4061 4061
383 1777386537 3552 3696 3669 649 3583 3627 3627 3595 4061 4061 4061 4061 4061 4061 4061 4061
384 1777386537 3552 3696 3668 649 3582 3626 3626 3594 4061 4061 4061 4061 4061 4061 4061 4061
385 1777386537 3552 3697 3669 649 3583 3626 3626 3594 4063 4063 4062 4062 4062 4062 4062 4062
386 1777386537 3551 3696 3668 649 3582 3626 3626 3594 4063 4063 4062 4062 4062 4062 4062 4062
387 1777386537 3553 3697 3669 649 3583 3626 3627 3594 4061 4061 4061 4061 4061 4061 4061 4061
388 1777386537 3552 3697 3669 649 3582 3626 3627 3595 4063 4063 4062 4062 4062 4062 4062 4062
389 1777386537 3552 3697 3669 649 3583 3626 3626 3594 4059 4059 4058 4058 4058 4058 4058 4058
390 1777386537 3552 3697 3669 649 3583 3626 3626 3595 4061 4061 4060 4060 4060 4060 4060 4060
391 1777386537 3552 3696 3669 649 3583 3627 3627 3595 4061 4061 4061 4061 4061 4061 4061 4061
392 1777386537 3552 3696 3668 651 3583 3627 3627 3595 4061 4061 4061 4061 4061 4061 4061 4061
393 1777386537 3553 3698 3670 650 3585 3627 3627 3595 4061 4061 4061 4061 4061 4061 4061 4061
394 1777386538 3553 3697 3669 649 3583 3626 3626 3595 4063 4061 4061 4061 4061 4061 4061 4061
395 1777386538 3552 3696 3669 649 3583 3626 3626 3594 4063 4063 4062 4062 4062 4062 4062 4062
396 1777386538 3552 3696 3668 649 3582 3626 3626 3594 4061 4061 4061 4061 4061 4061 4061 4061
397 1777386538 3552 3696 3668 649 3583 3626 3626 3594 4063 4063 4062 4062 4062 4062 4062 4062
398 1777386538 3552 3697 3669 649 3583 3626 3626 3594 4063 4063 4062 4062 4062 4062 4062 4062
399 1777386538 3552 3697 3668 649 3583 3626 3627 3595 4063 4063 4062 4062 4062 4062 4062 4062
400 1777386538 3551 3696 3667 650 3582 3626 3626 3595 4061 4061 4060 4060 4060 4060 4060 4060
401 1777386538 3552 3696 3668 650 3583 3625 3626 3594 4061 4061 4061 4061 4061 4061 4061 4061
402 1777386538 3552 3697 3669 649 3583 3626 3627 3594 4061 4061 4061 4061 4061 4061 4061 4061
403 1777386538 3551 3695 3667 648 3581 3625 3625 3593 98 4061 4061 4061 4061 4061 4061 4061
404 1777386538 3551 3695 3667 647 3582 3625 3625 3594 4061 4061 4060 4060 4060 4060 4060 4060
405 1777386538 3550 3694 3666 647 3581 3625 3625 3593 4061 4061 4061 4061 4061 4061 4061 4061
406 1777386538 3551 3695 3667 648 3580 3625 3625 3593 4061 4061 4060 4060 4060 4060 4060 4060
407 1777386538 3550 3694 3666 648 3579 3624 3624 3592 4063 4063 4062 4062 4062 4062 4062 4062
408 1777386538 3551 3695 3667 648 3581 3624 3625 3593 4063 4063 4062 4062 4062 4062 4062 4062
409 1777386538 3551 3695 3668 647 3581 3625 3625 3593 4061 4061 4060 4060 4060 4060 4060 4060
410 1777386538 3550 3695 3667 647 3581 3625 3625 3592 4061 4061 4060 4060 4060 4060 4060 4060
411 1777386538 3550 3694 3666 648 3581 3625 3624 3592 4063 4063 4062 4062 4062 4062 4062 4062
412 1777386538 3550 3694 3666 648 3580 3624 3623 3591 4063 4062 4062 4062 4062 4062 4062 4062
413 1777386538 3551 3696 3668 647 3583 3625 3625 3594 4063 4063 4062 4062 4062 4062 4062 4062
414 1777386538 3550 3695 3667 648 3582 3624 3625 3593 4061 4061 4061 4061 4061 4061 4061 4061
415 1777386538 3551 3695 3668 648 3581 3624 3625 3593 4061 4061 4061 4061 4061 4061 4061 4061
416 1777386538 3551 3695 3668 647 3582 3625 3625 3593 4063 4063 4062 4062 4062 4062 4062 4062
417 1777386538 3551 3695 3668 648 3582 3626 3625 3593 4063 4063 4062 4062 4062 4062 4062 4062
418 1777386538 3551 3695 3667 648 3581 3624 3625 3593 4061 4061 4061 4061 4061 4061 4061 4061
419 1777386538 3551 3695 3667 648 3581 3625 3625 3593 4063 4063 4062 4062 4062 4062 4062 4062
420 1777386538 3551 3695 3667 647 3582 3625 3625 3593 4063 4062 4062 4062 4062 4062 4062 4062
421 1777386538 3551 3695 3667 648 3581 3625 3625 3593 4061 4061 4061 4061 4061 4061 4061 4061
422 1777386538 3551 3695 3668 648 3582 3625 3625 3594 4061 4061 4061 4061 4061 4061 4061 4061
423 1777386538 3551 3695 3667 648 3581 3624 3625 3593 4061 4061 4061 4061 4061 4061 4061 4061
424 1777386538 3551 3696 3667 647 3582 3626 3626 3593 4063 4063 4062 4062 4062 4062 4062 4062
425 1777386538 3551 3696 3668 648 3582 3625 3625 3593 4063 4063 4062 4062 4062 4062 4062 4062
426 1777386538 3551 3695 3667 648 3582 3625 3625 3594 4063 4063 4062 4062 4062 4062 4062 4062
427 1777386538 3551 3696 3668 648 3582 3625 3625 3593 4061 4061 4061 4061 4061 4061 4061 4061
428 1777386538 3550 3695 3667 648 3580 3624 3624 3592 4061 4061 4061 4061 4061 4061 4061 4061
429 1777386538 3550 3694 3666 648 3581 3624 3625 3593 4063 4061 4061 4061 4061 4061 4061 4061
430 1777386538 3551 3695 3667 648 3582 3625 3626 3593 4061 4061 4061 4061 4061 4061 4061 4061
431 1777386538 3551 3695 3667 648 3582 3625 3625 3593 4062 4063 4062 4062 4062 4062 4062 4062
432 1777386538 3551 3695 3667 647 3581 3625 3625 3593 4063 4062 4062 4062 4062 4062 4062 4062
433 1777386538 3551 3696 3668 647 3582 3625 3625 3593 4061 4061 4061 4061 4061 4061 4061 4061
434 1777386538 3552 3696 3668 648 3583 3625 3626 3594 4061 4061 4061 4061 4061 4061 4061 4061
435 1777386538 3550 3694 3667 648 3581 3624 3625 3592 4061 4061 4060 4060 4060 4060 4060 4060
436 1777386538 3551 3695 3667 647 3582 3625 3625 3593 4063 4062 4062 4062 4062 4062 4062 4062
437 1777386538 3551 3695 3668 648 3581 3625 3625 3593 4061 4061 4061 4061 4061 4061 4061 4061
438 1777386538 3550 3694 3667 648 3580 3624 3624 3593 4061 4061 4061 4061 4061 4061 4061 4061
439 1777386538 3551 3695 3667 648 3581 3625 3625 3593 4063 4061 4061 4061 4061 4061 4061 4061
440 1777386538 3551 3695 3668 648 3582 3625 3625 3593 4063 4061 4061 4061 4061 4061 4061 4061
441 1777386538 3551 3696 3668 648 3582 3625 3625 3593 4063 4063 4062 4062 4062 4062 4062 4062
442 1777386538 3551 3696 3667 647 3582 3625 3625 3593 4063 4063 4062 4062 4062 4062 4062 4062
443 1777386538 3551 3696 3667 648 3581 3624 3625 3593 4061 4061 4060 4060 4060 4060 4060 4060
444 1777386538 3551 3695 3667 648 3582 3624 3625 3592 4061 4061 4061 4061 4061 4061 4061 4061
445 1777386538 3551 3695 3668 648 3581 3625 3625 3593 4063 4063 4062 4062 4062 4062 4062 4062
446 1777386538 3552 3696 3669 648 3583 3626 3626 3594 4063 4062 4062 4062 4062 4062 4062 4062
447 1777386538 3551 3695 3668 648 3581 3625 3625 3593 4063 4063 4062 4062 4062 4062 4062 4062
448 1777386538 3552 3696 3668 647 3582 3626 3626 3594 4061 4061 4061 4061 4061 4061 4061 4061
449 1777386538 3551 3696 3667 648 3582 3625 3625 3593 4063 4063 4062 4062 4062 4062 4062 4062
450 1777386538 3552 3697 3669 648 3583 3626 3626 3594 4063 4063 4062 4062 4062 4062 4062 4062
451 1777386538 3550 3695 3667 648 3581 3625 3625 3593 4063 4062 4062 4062 4062 4062 4062 4062
452 1777386538 3551 3696 3668 648 3582 3626 3626 3594 4063 4063 4062 4062 4062 4062 4062 4062
453 1777386538 3551 3695 3667 648 3581 3625 3625 3593 4061 4061 4060 4060 4060 4060 4060 4060
454 1777386538 3552 3696 3668 648 3583 3625 3625 3594 4061 4061 4061 4061 4061 4061 4061 4061
455 1777386538 3551 3695 3667 648 3582 3626 3625 3593 4061 4061 4061 4061 4061 4061 4061 4061
456 1777386538 3551 3695 3667 648 3582 3625 3625 3593 4063 4063 4062 4062 4062 4062 4062 4062
457 1777386538 3550 3695 3667 647 3582 3625 3625 3593 4061 4061 4061 4061 4061 4061 4061 4061
458 1777386538 3551 3696 3668 647 3582 3626 3626 3593 4063 4063 4062 4062 4062 4062 4062 4062
459 1777386538 3552 3696 3668 648 3582 3626 3626 3593 4063 4063 4062 4062 4062 4062 4062 4062
460 1777386538 3551 3695 3667 648 3582 3625 3625 3593 4063 4063 4062 4062 4062 4062 4062 4062
461 1777386539 3551 3695 3667 648 3581 3624 3624 3593 4061 4061 4060 4060 4060 4060 4060 4060
462 1777386539 3550 3694 3666 648 3581 3624 3625 3592 4063 4063 4062 4062 4062 4062 4062 4062
463 1777386539 3551 3696 3667 648 3581 3625 3625 3593 4061 4061 4061 4061 4061 4061 4061 4061
464 1777386539 3550 3695 3667 648 3581 3625 3625 3593 4063 4061 4061 4061 4061 4061 4061 4061
465 1777386539 3551 3695 3668 648 3582 3625 3625 3593 4063 4063 4062 4062 4062 4062 4062 4062
466 1777386539 3551 3696 3668 648 3582 3625 3626 3593 4063 4063 4062 4062 4062 4062 4062 4062
467 1777386539 3551 3695 3667 648 3582 3625 3625 3593 4063 4063 4062 4062 4062 4062 4062 4062
468 1777386539 3550 3695 3666 648 3581 3624 3624 3592 4061 4061 4061 4061 4061 4061 4061 4061
469 1777386539 3552 3697 3669 647 3583 3626 3626 3594 4063 4063 4062 4062 4062 4062 4062 4062
470 1777386547 3550 3694 3667 648 3579 3624 3624 3592 4061 4061 4061 4061 4061 4061 4061 4061
471 1777386547 3549 3694 3666 648 3580 3623 3624 3592 4059 4059 4059 4059 4059 4059 4059 4059
472 1777386547 3549 3694 3666 647 3581 3624 3624 3591 4063 4063 4062 4062 4062 4062 4062 4062
473 1777386547 3550 3695 3667 649 3580 3625 3624 3593 4061 4061 4061 4061 4061 4061 4061 4061
474 1777386547 3551 3695 3667 648 3581 3624 3625 3593 4063 4063 4062 4062 4062 4062 4062 4062
475 1777386547 3550 3695 3667 648 3581 3624 3624 3592 4061 4061 4061 4061 4061 4061 4061 4061
476 1777386547 3550 3695 3666 648 3581 3624 3624 3592 4061 4061 4061 4061 4061 4061 4061 4061
477 1777386547 3551 3696 3667 648 3582 3625 3625 3593 4061 4061 4061 4061 4061 4061 4061 4061
478 1777386547 3550 3695 3667 648 3581 3625 3625 3593 4061 4061 4061 4061 4061 4061 4061 4061
479 1777386547 3551 3695 3667 648 3582 3625 3625 3593 4063 4062 4062 4062 4062 4062 4062 4062
480 1777386547 3550 3695 3667 648 3581 3624 3624 3592 4063 4063 4062 4062 4062 4062 4062 4062
481 1777386547 3550 3695 3667 648 3581 3624 3624 3592 4061 4061 4061 4061 4061 4061 4061 4061
482 1777386547 3550 3694 3667 648 3581 3624 3624 3592 4061 4061 4061 4061 4061 4061 4061 4061
483 1777386547 3550 3695 3667 648 3581 3625 3625 3593 4061 4061 4061 4061 4061 4061 4061 4061
484 1777386547 3550 3694 3666 648 3580 3623 3623 3592 4061 4061 4061 4061 4061 4061 4061 4061
485 1777386547 3551 3695 3668 648 3582 3625 3625 3593 4063 4063 4062 4062 4062 4062 4062 4062
486 1777386547 3551 3695 3667 648 3581 3624 3625 3593 4061 4061 4061 4061 4061 4061 4061 4061
487 1777386547 3552 3697 3669 647 3583 3627 3626 1576 4061 4060 4060 4060 4060 4060 4060 4060
488 1777386547 3551 3696 3667 648 3581 3625 3626 3593 4061 4061 4061 4061 4061 4061 4061 4061
489 1777386547 3551 3695 3667 649 3581 3625 3624 3593 4061 4061 4061 4061 4061 4061 4061 4061
490 1777386547 3551 3696 3668 648 3582 3625 3625 3593 4063 4062 4062 4062 4062 4062 4062 4062
491 1777386547 3551 3695 3667 648 3582 3625 3625 3593 4061 4061 4061 4061 4061 4061 4061 4061
492 1777386547 3550 3695 3667 648 3581 3625 3625 3593 4061 4061 4061 4061 4061 4061 4061 4061
493 1777386547 3550 3695 3666 648 3580 3624 3625 3593 4063 4063 4062 4062 4062 4062 4062 4062
494 1777386547 3551 3695 3667 648 3582 3625 3625 3593 4063 4063 4062 4062 4062 4062 4062 4062
495 1777386547 3551 3695 3668 649 3582 3625 3625 3594 4061 4061 4061 4061 4061 4061 4061 4061
496 1777386547 3550 3695 3667 649 3581 3625 3625 3593 4063 4063 4062 4062 4062 4062 4062 4062
497 1777386547 3552 3696 3668 648 3583 3626 3626 3594 4063 4063 4062 4062 4062 4062 4062 4062
498 1777386547 3551 3696 3668 648 3582 3625 3625 3593 4061 4061 4061 4061 4061 4061 4061 4061
499 1777386547 3551 3695 3667 648 3582 3625 3625 3593 4061 4061 4061 4061 4061 4061 4061 4061
500 1777386547 3550 3695 3667 648 3581 3625 3625 3593 4061 4061 4061 4061 4061 4061 4061 4061
501 1777386547 3551 3696 3668 648 3583 3625 3626 3594 4063 4061 4061 4061 4061 4061 4061 4061
502 1777386547 3551 3695 3667 648 3581 3624 3625 3593 4063 4063 4062 4062 4062 4062 4062 4062
503 1777386547 3552 3696 3669 648 3583 3626 3626 3594 4063 4063 4062 4062 4062 4062 4062 4062
504 1777386547 3551 3696 3668 648 3583 3626 3627 3595 4063 4063 4062 4062 4062 4062 4062 4062
505 1777386547 3551 3695 3667 648 3582 3625 3625 3593 4061 4061 4061 4061 4061 4061 4061 4061
506 1777386547 3551 3696 3668 648 3582 3625 3626 3593 4063 4063 4062 4062 4062 4062 4062 4062
507 1777386547 3553 3697 3669 648 3583 3626 3627 3594 4063 4063 4062 4062 4062 4062 4062 4062
508 1777386547 3551 3695 3667 648 3581 3625 3625 3593 4063 4063 4062 4062 4062 4062 4062 4062
509 1777386547 3551 3695 3668 648 3582 3625 3625 3593 4063 4063 4062 4062 4062 4062 4062 4062
510 1777386547 3551 3696 3668 648 3582 3626 3626 3594 4061 4061 4061 4061 4061 4061 4061 4061
511 1777386547 3552 3696 3668 648 3582 3626 3626 3594 4061 4061 4061 4061 4061 4061 4061 4061
512 1777386547 3551 3696 3667 648 3582 3625 3625 3593 4061 4061 4060 4060 4060 4060 4060 4060
513 1777386547 3551 3696 3668 648 3582 3626 3626 3594 4061 4061 4061 4061 4061 4061 4061 4061
514 1777386547 3550 3694 3667 648 3581 3624 3625 3592 4061 4061 4061 4061 4061 4061 4061 4061
515 1777386547 3550 3695 3667 648 3581 3625 3625 3593 4063 4063 4062 4062 4062 4062 4062 4062
516 1777386547 3551 3696 3668 648 3582 3625 3625 3594 4063 4063 4062 4062 4062 4062 4062 4062
517 1777386547 3551 3696 3667 649 3582 3625 3625 3593 4061 4061 4061 4061 4061 4061 4061 4061
518 1777386547 3551 3695 3667 648 3581 3625 3625 3593 4063 4063 4062 4062 4062 4062 4062 4062
519 1777386547 3551 3696 3668 648 3582 3625 3625 3594 4061 4061 4061 4061 4061 4061 4061 4061
520 1777386547 3551 3695 3667 650 3581 3625 3625 3593 4063 4063 4062 4062 4062 4062 4062 4062
521 1777386547 3552 3696 3668 649 3582 3625 3625 3594 4061 4061 4061 4061 4061 4061 4061 4061
522 1777386547 3550 3695 3668 648 3582 3625 3625 3593 4061 4061 4061 4061 4061 4061 4061 4061
523 1777386547 3551 3695 3667 649 3582 3624 3625 3593 4061 4061 4061 4061 4061 4061 4061 4061
524 1777386547 3552 3696 3669 648 3583 3626 3626 3594 4063 4063 4062 4062 4062 4062 4062 4062
525 1777386547 3552 3696 3668 649 3583 3626 3626 3595 4061 4061 4061 4061 4061 4061 4061 4061
526 1777386547 3551 3695 3667 648 3582 3625 3625 3593 4061 4061 4061 4061 4061 4061 4061 4061
527 1777386548 3551 3696 3668 648 3582 3626 3626 3594 4061 4061 4061 4061 4061 4061 4061 4061
528 1777386548 3551 3695 3667 648 3582 3625 3625 3593 4061 4061 4061 4061 4061 4061 4061 4061
529 1777386548 3552 3696 3669 648 3583 3626 3626 3594 4063 4063 4062 4062 4062 4062 4062 4062
530 1777386548 3552 3696 3668 648 3583 3626 3625 3594 4061 4061 4061 4061 4061 4061 4061 4061
531 1777386548 3552 3696 3668 648 3582 3626 3627 3594 4063 4063 4062 4062 4062 4062 4062 4062
532 1777386548 3552 3696 3668 649 3581 3625 3626 3594 4063 4062 4062 4062 4062 4062 4062 4062
533 1777386548 3552 3696 3669 649 3582 3626 3626 3594 4063 4063 4062 4062 4062 4062 4062 4062
534 1777386548 3550 3695 3667 648 3581 3624 3624 3593 4061 4061 4061 4061 4061 4061 4061 4061
535 1777386548 3550 3695 3667 648 3582 3625 3625 3593 4063 4063 4062 4062 4062 4062 4062 4062
536 1777386548 3551 3696 3668 648 3583 3626 3626 3594 4061 4061 4061 4061 4061 4061 4061 4061
537 1777386548 3551 3697 3668 649 3582 3625 3626 3594 4063 4063 4062 4062 4062 4062 4062 4062
538 1777386548 3552 3696 3668 648 3582 3625 3626 3594 4063 4063 4062 4062 4062 4062 4062 4062
539 1777386548 3551 3695 3667 649 3582 3625 3626 3594 4063 4063 4062 4062 4062 4062 4062 4062
540 1777386548 3551 3695 3667 648 3581 3625 3625 3593 4061 4061 4061 4061 4061 4061 4061 4061
541 1777386548 3551 3695 3667 648 3581 3625 3625 3593 4063 4063 4062 4062 4062 4062 4062 4062
542 1777386548 3551 3696 3668 648 3582 3625 3625 3594 4063 4062 4062 4062 4062 4062 4062 4062
543 1777386548 3551 3695 3667 648 3582 3625 3625 3593 4061 4061 4061 4061 4061 4061 4061 4061
544 1777386548 3551 3696 3667 648 3582 3625 3626 3593 4063 4063 4062 4062 4062 4062 4062 4062
545 1777386548 3552 3696 3668 649 3582 3626 3626 3594 4061 4061 4061 4061 4061 4061 4061 4061
546 1777386548 3551 3696 3668 648 3582 3625 3626 3594 4061 4061 4061 4061 4061 4061 4061 4061
547 1777386548 3552 3696 3669 648 3583 3627 3626 3594 4063 4062 4062 4062 4062 4062 4062 4062
548 1777386548 3550 3695 3667 649 3581 3624 3625 3593 4061 4061 4061 4061 4061 4061 4061 4061
549 1777386548 3552 3697 3668 648 3582 3626 3626 3594 4063 4063 4062 4062 4062 4062 4062 4062
550 1777386548 3552 3697 3669 649 3583 3626 3627 3595 4063 4063 4062 4062 4062 4062 4062 4062
551 1777386548 3552 3697 3669 648 3583 3626 3627 3594 4063 4062 4062 4062 4062 4062 4062 4062
552 1777386548 3551 3696 3668 649 3582 3625 3625 3594 4061 4061 4061 4061 4061 4061 4061 4061
553 1777386548 3551 3696 3667 649 3582 3625 3625 3593 4061 4061 4061 4061 4061 4061 4061 4061
554 1777386548 3551 3696 3668 648 3583 3625 3626 3594 4063 4063 4062 4062 4062 4062 4062 4062
555 1777386548 3551 3696 3668 649 3582 3626 3626 3594 4063 4063 4062 4062 4062 4062 4062 4062
556 1777386548 3551 3695 3668 649 3582 3625 3625 3593 4061 4061 4060 4060 4060 4060 4060 4060
557 1777386548 3552 3696 3668 648 3583 3627 3627 3595 4063 4063 4062 4062 4062 4062 4062 4062
558 1777386548 3551 3696 3668 648 3582 3625 3626 3594 4061 4061 4061 4061 4061 4061 4061 4061
559 1777386548 3552 3697 3669 649 3583 3626 3627 3594 4063 4063 4062 4062 4062 4062 4062 4062
560 1777386548 3552 3696 3669 648 3583 3627 3626 3595 4061 4061 4061 4061 4061 4061 4061 4061
561 1777386548 3552 3696 3668 649 3583 3627 3627 3595 4063 4063 4062 4062 4062 4062 4062 4062
562 1777386548 3551 3696 3667 649 3582 3625 3625 3594 4061 4061 4060 4060 4060 4060 4060 4060
563 1777386548 3551 3696 3668 649 3582 3626 3626 3594 4063 4063 4062 4062 4062 4062 4062 4062
564 1777386548 3552 3696 3668 649 3581 3626 3626 3594 4061 4061 4061 4061 4061 4061 4061 4061
565 1777386548 3552 3696 3668 649 3582 3625 3625 3593 4061 4061 4061 4061 4061 4061 4061 4061
566 1777386548 3552 3697 3669 648 3583 3626 3626 3594 4063 4063 4062 4062 4062 4062 4062 4062
567 1777386548 3552 3696 3668 649 3582 3625 3625 3594 4061 4061 4061 4061 4061 4061 4061 4061
568 1777386548 3552 3697 3669 649 3583 3627 3627 3595 4061 4061 4061 4061 4061 4061 4061 4061
569 1777386548 3552 3696 3669 649 3582 3626 3626 3594 4063 4063 4062 4062 4062 4062 4062 4062
570 1777386548 3552 3697 3669 648 3583 3627 3627 3595 4063 4063 4062 4062 4062 4062 4062 4062
571 1777386548 3551 3696 3668 648 3582 3626 3626 3593 4061 4061 4061 4061 4061 4061 4061 4061
572 1777386548 3551 3696 3668 649 3582 3626 3625 3594 4063 4063 4062 4062 4062 4062 4062 4062
573 1777386548 3552 3696 3669 649 3583 3626 3627 3595 4063 4063 4062 4062 4062 4062 4062 4062
574 1777386548 3552 3696 3668 649 3583 3626 3626 3594 4061 4061 4060 4060 4060 4060 4060 4060
575 1777386548 3552 3697 3669 649 3584 3627 3627 3595 4063 4063 4062 4062 4062 4062 4062 4062
576 1777386548 3552 3696 3669 649 3583 3626 3627 3594 4063 4063 4062 4062 4062 4062 4062 4062
577 1777386548 3552 3696 3668 649 3583 3626 3626 3594 4063 4063 4062 4062 4062 4062 4062 4062
578 1777386548 3552 3696 3669 649 3583 3627 3627 3595 4063 4063 4062 4062 4062 4062 4062 4062
579 1777386548 3553 3697 3669 648 3583 3626 3627 3595 4061 4061 4060 4060 4060 4060 4060 4060
580 1777386548 3552 3696 3668 649 3583 3626 3626 3595 4063 4063 4062 4062 4062 4062 4062 4062
581 1777386548 3552 3696 3668 649 3583 3626 3626 3595 4063 4063 4062 4062 4062 4062 4062 4062
582 1777386548 3551 3696 3668 649 3582 3626 3627 3595 4061 4061 4061 4061 4061 4061 4061 4061
583 1777386548 3552 3696 3668 649 3582 3626 3626 3594 4063 4063 4062 4062 4062 4062 4062 4062
584 1777386548 3552 3696 3668 648 3583 3626 3626 3594 4061 4061 4061 4061 4061 4061 4061 4061
585 1777386548 3551 3696 3668 649 3583 3626 3626 3594 4061 4061 4061 4061 4061 4061 4061 4061
586 1777386548 3552 3696 3668 649 3583 3627 3627 3595 4063 4063 4062 4062 4062 4062 4062 4062
587 1777386548 3552 3696 3669 649 3583 3626 3626 3594 4063 4063 4062 4062 4062 4062 4062 4062
588 1777386548 3552 3696 3669 649 3584 3627 3627 3595 4063 4063 4062 4062 4062 4062 4062 4062
589 1777386548 3552 3697 3668 649 3583 3626 3626 3595 4063 4061 4061 4061 4061 4061 4061 4061
590 1777386548 3553 3697 3670 648 3584 3627 3627 3595 4063 4063 4062 4062 4062 4062 4062 4062
591 1777386548 3551 3696 3668 649 3582 3625 3626 3594 4063 4063 4062 4062 4062 4062 4062 4062
592 1777386548 3552 3696 3669 648 3583 3626 3626 3594 4061 4061 4061 4061 4061 4061 4061 4061
593 1777386548 3552 3696 3668 649 3582 3626 3626 3594 4061 4061 4061 4061 4061 4061 4061 4061
594 1777386548 3552 3696 3669 648 3583 3626 3627 3595 4061 4061 4061 4061 4061 4061 4061 4061
595 1777386548 3552 3697 3669 649 3582 3626 3627 3595 4063 4063 4062 4062 4062 4062 4062 4062
596 1777386549 3552 3696 3668 649 3581 3625 3626 3594 4061 4061 4061 4061 4061 4061 4061 4061
597 1777386549 3552 3697 3669 649 3584 3627 3627 3595 4063 4063 4062 4062 4062 4062 4062 4062
598 1777386549 3552 3696 3668 649 3583 3625 3626 3593 4061 4061 4061 4061 4061 4061 4061 4061
599 1777386549 3552 3696 3668 649 3583 3626 3627 3594 4063 4063 4062 4062 4062 4062 4062 4062
600 1777386549 3552 3697 3669 648 3584 3627 3627 3595 4061 4061 4061 4061 4061 4061 4061 4061
601 1777386549 3553 3697 3669 649 3584 3627 3627 3596 4061 4061 4061 4061 4061 4061 4061 4061
602 1777386549 3552 3697 3668 649 3583 3626 3626 3594 4061 4061 4061 4061 4061 4061 4061 4061
603 1777386549 3551 3696 3668 649 3582 3625 3626 3594 4063 4063 4062 4062 4062 4062 4062 4062
604 1777386549 3552 3697 3668 650 3583 3626 3626 3594 4057 4057 4057 4057 4057 4057 4057 4057
605 1777386549 3552 3697 3669 649 3583 3626 3627 3594 4061 4061 4061 4061 4061 4061 4061 4061
606 1777386549 3553 3696 3669 649 3583 3626 3627 3594 4063 4063 4062 4062 4062 4062 4062 4062
607 1777386549 3551 3695 3668 649 3582 3625 3626 3593 4061 4061 4061 4061 4061 4061 4061 4061
608 1777386549 3553 3697 3669 649 3584 3627 3627 3595 4061 4060 4060 4060 4060 4060 4060 4060
609 1777386549 3551 3697 3668 649 3583 3626 3626 3594 4063 4063 4062 4062 4062 4062 4062 4062
610 1777386549 3552 3696 3668 649 3583 3626 3627 3594 4063 4063 4062 4062 4062 4062 4062 4062
611 1777386549 3552 3697 3669 649 3583 3627 3627 3595 4063 4063 4062 4062 4062 4062 4062 4062
612 1777386549 3552 3696 3669 649 3582 3626 3627 3594 4061 4061 4061 4061 4061 4061 4061 4061
613 1777386549 3552 3697 3669 649 3584 3626 3627 3595 4061 4061 4061 4061 4061 4061 4061 4061
614 1777386549 3552 3697 3669 649 3583 3626 3626 3594 4063 4063 4062 4062 4062 4062 4062 4062
615 1777386549 3552 3696 3668 649 3582 3626 3627 3595 4061 4061 4061 4061 4061 4061 4061 4061
616 1777386549 3552 3696 3668 650 3583 3626 3627 3594 4063 4063 4062 4062 4062 4062 4062 4062
617 1777386549 3552 3697 3669 649 3583 3626 3627 3595 4063 4063 4062 4062 4062 4062 4062 4062
618 1777386549 3552 3696 3668 649 3583 3626 3626 3594 4061 4061 4061 4061 4061 4061 4061 4061
619 1777386549 3553 3697 3669 649 3583 3627 3626 3595 4061 4061 4061 4061 4061 4061 4061 4061
620 1777386549 3552 3697 3670 649 3583 3626 3627 3595 4063 4063 4062 4062 4062 4062 4062 4062
621 1777386549 3553 3697 3669 649 3583 3626 3627 3595 4061 4061 4061 4061 4061 4061 4061 4061
622 1777386557 3551 3695 3667 649 3582 3625 3625 3593 4061 4061 4060 4060 4060 4060 4060 4060
623 1777386557 3552 3696 3668 649 3582 3625 3626 3594 4061 4061 4061 4061 4061 4061 4061 4061
624 1777386557 3550 3695 3667 649 3581 3625 3625 3593 4061 4061 4061 4061 4061 4061 4061 4061
625 1777386557 3551 3695 3668 649 3582 3626 3626 3594 4063 4063 4062 4062 4062 4062 4062 4062
626 1777386557 3551 3695 3667 649 3582 3625 3625 3594 4061 4061 4061 4061 4061 4061 4061 4061
627 1777386557 3552 3696 3668 649 3583 3626 3626 3594 4063 4063 4062 4062 4062 4062 4062 4062
628 1777386557 3551 3695 3667 649 3582 3625 3625 3593 4061 4061 4061 4061 4061 4061 4061 4061
629 1777386557 3551 3696 3668 649 3582 3625 3625 3594 4061 4061 4060 4060 4060 4060 4060 4060
630 1777386557 3551 3696 3668 649 3582 3626 3626 3594 4063 4063 4062 4062 4062 4062 4062 4062
631 1777386557 3551 3696 3667 650 3583 3625 3625 3594 4061 4060 4060 4060 4060 4060 4060 4060
632 1777386557 3551 3695 3668 649 3582 3626 3626 3593 4061 4061 4061 4061 4061 4061 4061 4061
633 1777386557 3552 3696 3668 649 3583 3626 3627 3595 4063 4062 4062 4062 4062 4062 4062 4062
634 1777386557 3551 3695 3667 649 3582 3625 3625 3593 4061 4061 4061 4061 4061 4061 4061 4061
635 1777386557 3551 3695 3668 649 3583 3626 3626 3594 4063 4063 4062 4062 4062 4062 4062 4062
636 1777386557 3551 3697 3668 649 3583 3626 3626 3594 4063 4063 4062 4062 4062 4062 4062 4062
637 1777386557 3550 3695 3666 649 3581 3625 3625 3593 4063 4063 4062 4062 4062 4062 4062 4062
638 1777386557 3551 3696 3668 649 3582 3625 3625 3593 4061 4061 4061 4061 4061 4061 4061 4061
639 1777386557 3552 3697 3669 649 3584 3627 3626 3594 4061 4061 4061 4061 4061 4061 4061 4061
640 1777386557 3552 3697 3669 649 3583 3626 3626 3595 4061 4061 4061 4061 4061 4061 4061 4061
641 1777386557 3553 3697 3669 649 3583 3627 3627 3595 4063 4061 4061 4061 4061 4061 4061 4061
642 1777386557 3550 3695 3667 649 3582 3625 3625 3593 4061 4061 4061 4061 4061 4061 4061 4061
643 1777386557 3552 3697 3669 649 3583 3626 3626 3594 4061 4061 4061 4061 4061 4061 4061 4061
644 1777386557 3552 3697 3669 649 3583 3626 3626 3594 4063 4063 4062 4062 4062 4062 4062 4062
645 1777386557 3551 3695 3668 649 3582 3626 3626 3593 4063 4063 4062 4062 4062 4062 4062 4062
646 1777386557 3551 3696 3668 649 3582 3626 3626 3594 4063 4063 4062 4062 4062 4062 4062 4062
647 1777386557 3552 3697 3669 650 3583 3627 3627 3595 4061 4060 4060 4060 4060 4060 4060 4060
648 1777386557 3552 3696 3668 649 3583 3626 3626 3594 4063 4062 4062 4062 4062 4062 4062 4062
649 1777386557 3551 3696 3668 649 3582 3625 3625 3593 4063 4063 4062 4062 4062 4062 4062 4062
650 1777386557 3551 3696 3668 649 3582 3626 3626 3594 4063 4062 4062 4062 4062 4062 4062 4062
651 1777386557 3551 3695 3667 650 3582 3626 3626 3594 4061 4061 4061 4061 4061 4061 4061 4061
652 1777386557 3552 3697 3669 649 3583 3626 3626 3594 4063 4063 4062 4062 4062 4062 4062 4062
653 1777386557 3552 3696 3669 649 3583 3626 3626 3595 4063 4062 4062 4062 4062 4062 4062 4062
654 1777386557 3552 3696 3668 649 3583 3627 3627 3595 4061 4061 4061 4061 4061 4061 4061 4061
655 1777386557 3553 3698 3670 649 3583 3627 3627 3594 4061 4061 4061 4061 4061 4061 4061 4061
656 1777386557 3552 3696 3668 649 3582 3626 3626 3594 4063 4063 4062 4062 4062 4062 4062 4062
657 1777386557 3550 3694 3666 648 3581 3624 3624 3592 4061 4061 4061 4061 4061 4061 4061 4061
658 1777386557 3551 3695 3667 647 3581 3624 3624 3592 4063 4063 4062 4062 4062 4062 4062 4062
659 1777386557 3550 3694 3666 647 3581 3624 3624 3592 4063 4063 4062 4062 4062 4062 4062 4062
660 1777386557 3550 3694 3667 648 3580 3624 3625 3593 4063 4063 4062 4062 4062 4062 4062 4062
661 1777386557 3550 3695 3667 648 3581 3625 3625 3593 4063 4063 4062 4062 4062 4062 4062 4062
662 1777386557 3550 3694 3667 647 3581 3624 3625 3592 4063 4063 4062 4062 4062 4062 4062 4062
663 1777386557 3550 3694 3667 648 3581 3624 3625 3593 4063 4061 4061 4061 4061 4061 4061 4061
664 1777386558 3550 3695 3667 647 3582 3625 3625 3593 4061 4061 4060 4060 4060 4060 4060 4060
665 1777386558 3551 3696 3667 648 3582 3625 3625 3594 4063 4063 4062 4062 4062 4062 4062 4062
666 1777386558 3551 3696 3667 648 3581 3624 3625 3593 4063 4063 4062 4062 4062 4062 4062 4062
667 1777386558 3550 3695 3667 647 3581 3624 3625 3593 4063 4061 4061 4061 4061 4061 4061 4061
668 1777386558 3550 3695 3667 647 3581 3624 3625 3593 4061 4061 4061 4061 4061 4061 4061 4061
669 1777386558 3551 3695 3668 648 3582 3625 3626 3594 4063 4063 4062 4062 4062 4062 4062 4062
670 1777386558 3550 3695 3667 647 3581 3625 3624 3592 4063 4061 4061 4061 4061 4061 4061 4061
671 1777386558 3551 3695 3667 648 3581 3625 3625 3593 4063 4061 4061 4061 4061 4061 4061 4061
672 1777386558 3550 3695 3667 647 3582 3625 3625 3592 4061 4061 4061 4061 4061 4061 4061 4061
673 1777386558 3550 3694 3667 647 3581 3625 3624 3593 4061 4061 4061 4061 4061 4061 4061 4061
674 1777386558 3550 3695 3667 648 3581 3624 3625 3593 4063 4063 4062 4062 4062 4062 4062 4062
675 1777386558 3551 3695 3667 647 3581 3625 3625 3594 4061 4061 4061 4061 4061 4061 4061 4061
676 1777386558 3550 3695 3667 647 3581 3624 3624 3593 4063 4063 4062 4062 4062 4062 4062 4062
677 1777386566 3549 3694 3666 648 3580 3623 3623 3591 4063 4063 4062 4062 4062 4062 4062 4062
678 1777386566 3550 3694 3667 648 3581 3625 3625 3593 4061 4060 4060 4060 4060 4060 4060 4060
679 1777386566 3549 3694 3666 648 3580 3624 3624 3592 4063 4063 4062 4062 4062 4062 4062 4062
680 1777386566 3550 3694 3666 648 3581 3624 3624 3592 4063 4063 4062 4062 4062 4062 4062 4062
681 1777386566 3550 3694 3666 648 3581 3624 3624 3592 4063 4063 4062 4062 4062 4062 4062 4062
682 1777386566 3549 3694 3666 648 3580 3624 3624 3591 4063 4063 4062 4062 4062 4062 4062 4062
683 1777386566 3549 3694 3666 647 3580 3624 3624 3592 4061 4061 4061 4061 4061 4061 4061 4061
684 1777386566 3550 3694 3666 648 3581 3624 3624 3592 4061 4060 4060 4060 4060 4060 4060 4060
685 1777386566 3550 3694 3666 647 3580 3623 3624 3591 4061 4061 4061 4061 4061 4061 4061 4061
686 1777386566 3550 3694 3667 648 3581 3624 3624 3592 4061 4061 4060 4060 4060 4060 4060 4060
687 1777386566 3550 3694 3666 647 3580 3623 3624 3592 4061 4061 4061 4061 4061 4061 4061 4061
688 1777386566 3550 3695 3667 648 3581 3624 3624 3592 4061 4061 4061 4061 4061 4061 4061 4061
689 1777386566 3550 3694 3666 647 3581 3624 3624 3592 4063 4063 4062 4062 4062 4062 4062 4062
690 1777386566 3550 3694 3666 647 3581 3624 3624 3592 4061 4061 4061 4061 4061 4061 4061 4061
691 1777386566 3550 3694 3667 647 3580 3624 3624 3592 4063 4063 4062 4062 4062 4062 4062 4062
692 1777386566 3550 3695 3667 648 3581 3624 3625 3592 4063 4063 4062 4062 4062 4062 4062 4062
693 1777386566 3550 3694 3666 648 3580 3624 3625 3592 4063 4063 4062 4062 4062 4062 4062 4062
694 1777386566 3550 3694 3667 648 3581 3624 3624 3593 4063 4063 4062 4062 4062 4062 4062 4062
695 1777386566 3550 3694 3666 648 3580 3624 3624 3592 4063 4063 4062 4062 4062 4062 4062 4062
696 1777386566 3551 3695 3667 648 3581 3625 3625 3593 4063 4061 4061 4061 4061 4061 4061 4061
697 1777386566 3550 3695 3667 647 3581 3625 3625 3593 4061 4061 4061 4061 4061 4061 4061 4061
698 1777386566 3550 3694 3666 648 3581 3623 3624 3592 4061 4061 4061 4061 4061 4061 4061 4061
699 1777386566 3550 3694 3666 649 3581 3624 3624 3592 4061 4061 4061 4061 4061 4061 4061 4061
700 1777386566 3549 3693 3665 648 3579 3623 3623 3591 4061 4061 4061 4061 4061 4061 4061 4061
701 1777386566 3550 3695 3667 647 3581 3624 3624 3592 4061 4061 4061 4061 4061 4061 4061 4061
702 1777386566 3549 3693 3666 648 3580 3623 3623 3592 4061 4061 4061 4061 4061 4061 4061 4061
703 1777386566 3550 3694 3666 647 3581 3624 3625 3592 4061 4061 4061 4061 4061 4061 4061 4061
704 1777386566 3550 3696 3668 648 3582 3625 3625 3593 4063 4062 4062 4062 4062 4062 4062 4062
705 1777386566 3550 3694 3666 648 3581 3624 3624 3592 4063 4063 4062 4062 4062 4062 4062 4062
706 1777386566 3550 3694 3666 648 3580 3623 3624 3591 4059 4059 4059 4059 4059 4059 4059 4059
707 1777386566 3550 3694 3666 648 3580 3624 3624 3592 4061 4061 4061 4061 4061 4061 4061 4061
708 1777386566 3550 3694 3666 648 3580 3623 3624 3592 4063 4062 4062 4062 4062 4062 4062 4062
709 1777386566 3551 3696 3667 648 3582 3626 3626 3593 4061 4061 4061 4061 4061 4061 4061 4061
710 1777386566 3550 3695 3666 648 3581 3625 3625 3593 4063 4063 4062 4062 4062 4062 4062 4062
711 1777386566 3550 3695 3667 649 3582 3625 3625 3593 4063 4063 4062 4062 4062 4062 4062 4062
712 1777386566 3550 3694 3666 648 3581 3624 3624 3592 4061 4061 4061 4061 4061 4061 4061 4061
713 1777386566 3550 3695 3667 648 3581 3624 3625 3592 4061 4061 4060 4060 4060 4060 4060 4060
714 1777386566 3550 3694 3666 648 3581 3624 3624 3592 4061 4061 4061 4061 4061 4061 4061 4061
715 1777386566 3550 3695 3667 647 3581 3624 3625 3592 4063 4063 4062 4062 4062 4062 4062 4062
716 1777386566 3550 3694 3666 648 3581 3624 3624 3592 4061 4061 4061 4061 4061 4061 4061 4061
717 1777386566 3550 3695 3666 648 3581 3624 3624 3592 4063 4063 4062 4062 4062 4062 4062 4062
718 1777386566 3550 3694 3666 648 3581 3624 3624 3592 4061 4061 4060 4060 4060 4060 4060 4060
719 1777386566 3549 3694 3666 648 3580 3623 3624 3592 4061 4061 4061 4061 4061 4061 4061 4061
720 1777386566 3549 3694 3666 647 3581 3624 3624 3592 4063 4063 4062 4062 4062 4062 4062 4062
721 1777386566 3550 3694 3666 648 3581 3623 3624 3592 4063 4063 4062 4062 4062 4062 4062 4062
722 1777386566 3550 3695 3666 648 3581 3624 3624 3592 4061 4061 4061 4061 4061 4061 4061 4061
723 1777386566 3550 3695 3667 648 3582 3625 3625 3593 4063 4063 4062 4062 4062 4062 4062 4062
724 1777386566 3550 3694 3667 648 3581 3624 3625 3592 4063 4063 4062 4062 4062 4062 4062 4062
725 1777386566 3551 3696 3668 648 3582 3625 3626 3594 4063 4063 4062 4062 4062 4062 4062 4062
726 1777386566 3551 3695 3667 648 3581 3625 3624 3593 4061 4061 4061 4061 4061 4061 4061 4061
727 1777386566 3550 3694 3667 648 3580 3624 3624 3592 4063 4062 4062 4062 4062 4062 4062 4062
728 1777386566 3550 3694 3667 648 3581 3625 3625 3593 4063 4062 4062 4062 4062 4062 4062 4062
729 1777386566 3550 3695 3667 648 3581 3624 3625 3592 4061 4061 4061 4061 4061 4061 4061 4061
730 1777386566 3550 3694 3667 648 3581 3624 3624 3592 4061 4061 4061 4061 4061 4061 4061 4061
731 1777386566 3551 3695 3667 648 3582 3625 3625 3593 4063 4061 4061 4061 4061 4061 4061 4061
732 1777386566 3551 3696 3668 648 3582 3625 3625 3594 4063 4063 4062 4062 4062 4062 4062 4062
733 1777386566 3550 3695 3667 648 3581 3624 3624 3592 4061 4061 4061 4061 4061 4061 4061 4061
734 1777386566 3551 3695 3667 648 3582 3625 3626 3593 4061 4061 4061 4061 4061 4061 4061 4061
735 1777386566 3550 3695 3667 648 3581 3625 3625 3593 4061 4061 4061 4061 4061 4061 4061 4061
736 1777386566 3552 3696 3668 648 3581 3625 3625 3593 4061 4061 4061 4061 4061 4061 4061 4061
737 1777386566 3550 3694 3666 648 3581 3625 3625 3592 4063 4063 4062 4062 4062 4062 4062 4062
738 1777386566 3550 3695 3666 648 3581 3624 3625 3593 4061 4061 4061 4061 4061 4061 4061 4061
739 1777386566 3550 3694 3666 648 3580 3624 3624 3592 4061 4061 4060 4060 4060 4060 4060 4060
740 1777386566 3550 3695 3667 648 3581 3624 3625 3593 4061 4061 4061 4061 4061 4061 4061 4061
741 1777386566 3551 3695 3668 648 3582 3626 3627 3594 4063 4063 4062 4062 4062 4062 4062 4062
742 1777386566 3551 3696 3667 648 3582 3625 3625 3593 4061 4061 4061 4061 4061 4061 4061 4061
743 1777386566 3550 3695 3667 649 3581 3624 3625 3593 4061 4061 4061 4061 4061 4061 4061 4061
744 1777386566 3551 3695 3667 648 3582 3625 3625 3593 4061 4060 4060 4060 4060 4060 4060 4060
745 1777386566 3550 3695 3666 648 3581 3624 3624 3593 4063 4063 4062 4062 4062 4062 4062 4062
746 1777386566 3550 3694 3666 649 3581 3624 3625 3593 4063 4063 4062 4062 4062 4062 4062 4062
747 1777386566 3552 3697 3669 649 3583 3626 3627 3594 4063 4063 4062 4062 4062 4062 4062 4062
748 1777386566 3551 3696 3667 648 3582 3625 3625 3593 4063 4063 4062 4062 4062 4062 4062 4062
749 1777386566 3550 3695 3667 648 3582 3625 3625 3592 4061 4061 4061 4061 4061 4061 4061 4061
750 1777386566 3550 3695 3667 648 3581 3624 3625 3593 4063 4063 4062 4062 4062 4062 4062 4062
751 1777386567 3550 3695 3667 648 3582 3625 3625 3593 4061 4061 4061 4061 4061 4061 4061 4061
752 1777386567 3550 3695 3667 648 3582 3625 3625 3593 4061 4061 4061 4061 4061 4061 4061 4061
753 1777386567 3551 3696 3668 648 3582 3625 3626 3594 4061 4061 4060 4060 4060 4060 4060 4060
754 1777386567 3551 3695 3667 648 3581 3625 3625 3593 4061 4061 4061 4061 4061 4061 4061 4061
755 1777386567 3550 3695 3667 648 3581 3624 3625 3593 4061 4061 4061 4061 4061 4061 4061 4061
756 1777386567 3551 3695 3667 648 3582 3625 3625 3593 4061 4061 4061 4061 4061 4061 4061 4061
757 1777386567 3550 3695 3666 648 3581 3625 3624 3592 4063 4063 4062 4062 4062 4062 4062 4062
758 1777386567 3550 3694 3666 648 3581 3625 3625 3593 4063 4063 4062 4062 4062 4062 4062 4062
759 1777386567 3551 3696 3668 648 3583 3625 3625 3593 4061 4061 4061 4061 4061 4061 4061 4061
760 1777386567 3551 3696 3668 648 3582 3625 3625 3593 4061 4061 4061 4061 4061 4061 4061 4061
761 1777386567 3550 3695 3667 648 3582 3625 3625 3593 4061 4061 4061 4061 4061 4061 4061 4061
762 1777386567 3551 3696 3667 648 3581 3625 3625 3593 4063 4063 4062 4062 4062 4062 4062 4062
763 1777386567 3551 3696 3668 648 3582 3625 3625 3593 4063 4063 4062 4062 4062 4062 4062 4062
764 1777386567 3552 3696 3668 648 3582 3625 3625 3594 4061 4061 4061 4061 4061 4061 4061 4061
765 1777386567 3551 3695 3667 648 3582 3625 3625 3593 4063 4063 4062 4062 4062 4062 4062 4062
766 1777386567 3551 3695 3668 648 3582 3625 3625 3593 4063 4063 4062 4062 4062 4062 4062 4062
767 1777386567 3552 3696 3668 649 3582 3625 3626 3594 4063 4063 4062 4062 4062 4062 4062 4062
768 1777386567 3552 3696 3668 648 3582 3625 3625 3593 4065 4063 4063 4063 4063 4063 4063 4063
769 1777386567 3551 3695 3667 649 3582 3625 3626 3593 4063 4063 4062 4062 4062 4062 4062 4062
770 1777386567 3551 3695 3667 648 3581 3625 3626 3593 4061 4061 4061 4061 4061 4061 4061 4061
771 1777386567 3552 3696 3668 648 3582 3625 3626 3594 4061 4061 4061 4061 4061 4061 4061 4061
772 1777386567 3550 3695 3667 648 3581 3624 3625 3593 4061 4061 4060 4060 4060 4060 4060 4060
773 1777386567 3551 3696 3668 648 3582 3626 3626 3594 4063 4063 4062 4062 4062 4062 4062 4062
774 1777386567 3552 3697 3669 650 3583 3626 3627 3594 4061 4061 4061 4061 4061 4061 4061 4061
775 1777386567 3551 3695 3667 649 3581 3625 3625 3593 4063 4063 4062 4062 4062 4062 4062 4062
776 1777386567 3551 3695 3667 648 3582 3625 3626 3593 4063 4063 4062 4062 4062 4062 4062 4062
777 1777386567 3550 3695 3667 648 3582 3625 3625 3593 4063 4063 4062 4062 4062 4062 4062 4062
778 1777386567 3550 3694 3666 648 3581 3624 3624 3592 4063 4063 4062 4062 4062 4062 4062 4062
779 1777386567 3551 3695 3668 649 3582 3625 3625 3593 4063 4063 4062 4062 4062 4062 4062 4062
780 1777386567 3552 3696 3668 648 3581 3625 3625 3593 4063 4063 4062 4062 4062 4062 4062 4062
781 1777386567 3551 3697 3668 648 3583 3626 3627 3595 4061 4061 4061 4061 4061 4061 4061 4061
782 1777386567 3551 3696 3668 648 3582 3625 3626 3593 4061 4061 4061 4061 4061 4061 4061 4061
783 1777386567 3551 3695 3667 648 3582 3625 3625 3593 4063 4063 4062 4062 4062 4062 4062 4062
784 1777386567 3551 3696 3668 648 3581 3625 3625 3593 4063 4063 4062 4062 4062 4062 4062 4062
785 1777386567 3551 3696 3668 648 3582 3625 3625 3593 4061 4061 4061 4061 4061 4061 4061 4061
786 1777386567 3551 3696 3668 649 3581 3626 3626 3594 4063 4063 4062 4062 4062 4062 4062 4062
787 1777386567 3551 3695 3667 649 3580 3625 3625 3593 4061 4061 4061 4061 4061 4061 4061 4061
788 1777386567 3552 3696 3668 649 3583 3626 3626 3594 4063 4063 4062 4062 4062 4062 4062 4062
789 1777386567 3551 3695 3667 648 3582 3625 3625 3593 4061 4061 4061 4061 4061 4061 4061 4061
790 1777386567 3551 3696 3668 649 3583 3626 3626 3594 4063 4062 4062 4062 4062 4062 4062 4062
791 1777386567 3551 3695 3667 649 3581 3625 3625 3593 4061 4061 4061 4061 4061 4061 4061 4061
792 1777386567 3551 3696 3668 649 3583 3626 3626 3594 4061 4061 4061 4061 4061 4061 4061 4061
793 1777386567 3552 3697 3669 648 3583 3626 3626 3594 4061 4061 4061 4061 4061 4061 4061 4061
794 1777386567 3551 3695 3667 648 3581 3625 3625 3593 4063 4063 4062 4062 4062 4062 4062 4062
795 1777386567 3552 3696 3668 649 3582 3625 3625 3593 4063 4063 4062 4062 4062 4062 4062 4062
796 1777386567 3551 3695 3668 649 3582 3625 3625 3594 4061 4061 4061 4061 4061 4061 4061 4061
797 1777386567 3552 3696 3668 648 3582 3625 3626 3594 4063 4063 4062 4062 4062 4062 4062 4062
798 1777386567 3551 3696 3668 648 3582 3625 3625 3593 4063 4063 4062 4062 4062 4062 4062 4062
799 1777386567 3551 3696 3668 649 3582 3626 3626 3594 4061 4061 4061 4061 4061 4061 4061 4061
800 1777386567 3551 3696 3668 648 3583 3625 3626 3594 4063 4063 4062 4062 4062 4062 4062 4062
801 1777386567 3551 3696 3667 648 3582 3625 3625 3593 4061 4061 4061 4061 4061 4061 4061 4061
802 1777386567 3550 3695 3667 648 3581 3625 3625 3593 4061 4061 4060 4060 4060 4060 4060 4060
803 1777386567 3552 3696 3668 648 3582 3625 3625 3593 4061 4061 4061 4061 4061 4061 4061 4061
804 1777386567 3552 3696 3668 648 3582 3625 3625 3593 4063 4063 4062 4062 4062 4062 4062 4062
805 1777386567 3551 3695 3668 648 3582 3626 3626 3594 4061 4061 4061 4061 4061 4061 4061 4061
806 1777386567 3550 3695 3667 648 3582 3625 3625 3593 4062 4062 4062 4062 4062 4062 4062 4062
807 1777386567 3552 3696 3668 649 3582 3625 3626 3594 4061 4061 4060 4060 4060 4060 4060 4060
808 1777386567 3552 3697 3668 648 3582 3625 3626 3594 4063 4063 4062 4062 4062 4062 4062 4062
809 1777386567 3553 3697 3669 648 3583 3626 3626 3595 4061 4061 4061 4061 4061 4061 4061 4061
810 1777386567 3551 3696 3668 649 3583 3625 3626 3593 4061 4061 4061 4061 4061 4061 4061 4061
811 1777386567 3551 3695 3667 648 3582 3626 3626 3594 4061 4061 4061 4061 4061 4061 4061 4061
812 1777386567 3551 3696 3668 648 3583 3626 3626 3594 4063 4063 4062 4062 4062 4062 4062 4062
813 1777386567 3551 3696 3668 649 3582 3626 3626 3594 4061 4061 4060 4060 4060 4060 4060 4060
814 1777386567 3551 3696 3668 649 3582 3626 3626 3593 4061 4061 4061 4061 4061 4061 4061 4061
815 1777386567 3551 3696 3669 648 3583 3626 3626 3594 4063 4063 4062 4062 4062 4062 4062 4062
816 1777386567 3551 3695 3667 649 3582 3625 3624 3593 4061 4061 4061 4061 4061 4061 4061 4061
817 1777386567 3551 3696 3669 648 3582 3626 3626 3594 4063 4063 4062 4062 4062 4062 4062 4062
818 1777386567 3552 3696 3668 648 3583 3626 3626 3595 4061 4061 4061 4061 4061 4061 4061 4061
819 1777386568 3552 3697 3669 649 3583 3626 3626 3594 4063 4063 4062 4062 4062 4062 4062 4062
820 1777386568 3551 3696 3668 648 3583 3626 3625 3594 4063 4063 4062 4062 4062 4062 4062 4062
821 1777386568 3550 3695 3667 649 3582 3625 3625 3593 4061 4061 4061 4061 4061 4061 4061 4061
822 1777386568 3552 3696 3669 650 3582 3626 3626 3594 4061 4061 4061 4061 4061 4061 4061 4061
823 1777386568 3552 3696 3668 649 3583 3626 3627 3595 4061 4061 4061 4061 4061 4061 4061 4061
824 1777386568 3552 3696 3668 649 3582 3626 3626 3594 4061 4061 4061 4061 4061 4061 4061 4061
825 1777386568 3553 3698 3669 649 3584 3627 3627 3595 4061 4061 4061 4061 4061 4061 4061 4061
826 1777386568 3551 3696 3668 650 3582 3625 3626 3594 4063 4063 4062 4062 4062 4062 4062 4062
827 1777386568 3551 3696 3669 649 3582 3626 3626 3595 4063 4063 4062 4062 4062 4062 4062 4062
828 1777386568 3552 3696 3668 649 3583 3625 3625 3594 4063 4063 4062 4062 4062 4062 4062 4062
829 1777386568 3552 3697 3669 649 3583 3626 3626 3595 4063 4063 4062 4062 4062 4062 4062 4062
830 1777386568 3552 3696 3669 648 3583 3626 3626 3594 4063 4063 4062 4062 4062 4062 4062 4062
831 1777386568 3551 3695 3667 649 3581 3625 3625 3593 4061 4061 4061 4061 4061 4061 4061 4061
832 1777386568 3552 3697 3669 649 3583 3626 3626 3594 4063 4063 4062 4062 4062 4062 4062 4062
833 1777386568 3551 3695 3667 649 3582 3626 3626 3594 4063 4063 4062 4062 4062 4062 4062 4062
834 1777386568 3552 3697 3668 648 3583 3626 3626 3594 4063 4062 4062 4062 4062 4062 4062 4062
835 1777386568 3552 3697 3668 649 3583 3626 3626 3594 4063 4063 4062 4062 4062 4062 4062 4062
836 1777386568 3552 3696 3668 648 3583 3626 3626 3594 4063 4063 4062 4062 4062 4062 4062 4062
837 1777386568 3552 3697 3668 648 3583 3626 3626 3594 4061 4061 4061 4061 4061 4061 4061 4061
838 1777386568 3552 3696 3668 650 3583 3626 3627 3594 4061 4061 4060 4060 4060 4060 4060 4060
839 1777386568 3552 3697 3668 649 3583 3626 3626 3594 4061 4061 4061 4061 4061 4061 4061 4061
840 1777386568 3552 3696 3668 649 3582 3626 3626 3594 4061 4061 4061 4061 4061 4061 4061 4061
841 1777386568 3552 3696 3668 648 3583 3626 3627 3595 4063 4063 4062 4062 4062 4062 4062 4062
842 1777386568 3552 3696 3668 649 3582 3626 3626 3594 4063 4062 4062 4062 4062 4062 4062 4062
843 1777386568 3552 3696 3669 649 3583 3626 3626 3594 4063 4063 4062 4062 4062 4062 4062 4062
844 1777386568 3552 3696 3668 649 3583 3626 3626 3594 4063 4063 4062 4062 4062 4062 4062 4062
845 1777386568 3552 3696 3668 649 3582 3626 3626 3594 4063 4063 4062 4062 4062 4062 4062 4062
846 1777386568 3551 3696 3668 649 3582 3626 3626 3594 4061 4061 4061 4061 4061 4061 4061 4061
847 1777386568 3552 3697 3669 649 3584 3627 3627 3595 4061 4061 4061 4061 4061 4061 4061 4061
848 1777386568 3551 3696 3668 649 3582 3625 3626 3593 4063 4063 4062 4062 4062 4062 4062 4062
849 1777386568 3551 3696 3669 649 3582 3626 3626 3594 4061 4061 4061 4061 4061 4061 4061 4061
850 1777386568 3552 3697 3669 649 3584 3627 3628 3595 4061 4061 4061 4061 4061 4061 4061 4061
851 1777386568 3552 3696 3668 649 3582 3626 3626 3594 4063 4063 4063 4063 4063 4063 4063 4063
852 1777386568 3552 3697 3669 648 3583 3626 3626 3594 4061 4061 4061 4061 4061 4061 4061 4061
853 1777386568 3551 3696 3668 649 3582 3625 3626 3594 4063 4062 4062 4062 4062 4062 4062 4062
854 1777386568 3552 3696 3668 648 3582 3625 3626 3594 4061 4061 4061 4061 4061 4061 4061 4061
855 1777386568 3552 3696 3668 649 3582 3626 3626 3594 4061 4060 4060 4060 4060 4060 4060 4060
856 1777386568 3552 3696 3668 648 3583 3626 3626 3594 4061 4061 4061 4061 4061 4061 4061 4061
857 1777386568 3552 3697 3669 648 3583 3627 3627 3595 4061 4061 4061 4061 4061 4061 4061 4061
858 1777386568 3553 3697 3669 649 3583 3627 3627 3595 4063 4063 4062 4062 4062 4062 4062 4062
859 1777386568 3552 3696 3668 649 3583 3627 3627 3595 4061 4061 4061 4061 4061 4061 4061 4061
860 1777386568 3552 3696 3668 648 3583 3626 3626 3594 4061 4061 4061 4061 4061 4061 4061 4061
861 1777386568 3551 3695 3667 649 3582 3625 3625 3594 4063 4061 4061 4061 4061 4061 4061 4061
862 1777386568 3552 3696 3668 650 3583 3626 3626 3594 4063 4062 4062 4062 4062 4062 4062 4062
863 1777386568 3552 3697 3669 649 3583 3627 3627 3595 4061 4061 4061 4061 4061 4061 4061 4061
864 1777386568 3551 3696 3668 649 3583 3626 3626 3594 4063 4063 4062 4062 4062 4062 4062 4062
865 1777386568 3552 3697 3668 649 3582 3625 3626 3594 4063 4063 4062 4062 4062 4062 4062 4062
866 1777386568 3552 3697 3669 649 3583 3627 3627 3595 4063 4063 4062 4062 4062 4062 4062 4062
867 1777386568 3553 3697 3669 649 3583 3626 3627 3595 4063 4063 4062 4062 4062 4062 4062 4062
868 1777386568 3552 3697 3668 650 3583 3626 3627 3595 4063 4063 4062 4062 4062 4062 4062 4062
869 1777386568 3552 3697 3669 649 3584 3627 3627 3594 4061 4061 4061 4061 4061 4061 4061 4061
870 1777386568 3552 3697 3669 650 3584 3627 3627 3595 4063 4063 4062 4062 4062 4062 4062 4062
871 1777386568 3552 3697 3669 649 3584 3626 3626 3595 4061 4061 4060 4060 4060 4060 4060 4060
872 1777386568 3552 3697 3669 649 3583 3626 3627 3595 4063 4063 4062 4062 4062 4062 4062 4062
873 1777386568 3551 3696 3667 650 3582 3625 3626 3594 4061 4061 4061 4061 4061 4061 4061 4061
874 1777386568 3553 3697 3669 649 3582 3626 3626 3594 4061 4061 4061 4061 4061 4061 4061 4061
875 1777386568 3551 3695 3667 649 3582 3625 3625 3593 4063 4063 4062 4062 4062 4062 4062 4062
876 1777386568 3552 3696 3668 649 3583 3625 3626 3594 4061 4061 4061 4061 4061 4061 4061 4061
877 1777386568 3553 3697 3670 649 3584 3627 3627 3595 4063 4063 4062 4062 4062 4062 4062 4062
878 1777386569 3552 3697 3669 649 3583 3626 3626 3594 4061 4061 4061 4061 4061 4061 4061 4061
879 1777386569 3553 3698 3670 649 3584 3627 3628 2415 4061 4061 4061 4061 4061 4061 4061 4061
880 1777386569 3555 3699 3670 649 3586 3629 3629 1718 4061 4061 4061 4061 4061 4061 4061 4061
881 1777386569 3553 3697 3669 649 3582 3626 3626 3595 4061 4061 4061 4061 4061 4061 4061 4061
882 1777386569 3552 3697 3669 649 3583 3626 3626 3594 4063 4063 4062 4062 4062 4062 4062 4062
883 1777386569 3554 3698 3670 649 3584 3627 3628 3595 4061 4061 4060 4060 4060 4060 4060 4060
884 1777386569 3552 3697 3668 649 3583 3626 3627 3595 4061 4060 4060 4060 4060 4060 4060 4060
885 1777386569 3552 3696 3669 649 3583 3627 3627 3595 4063 4063 4062 4062 4062 4062 4062 4062
886 1777386569 3552 3696 3669 650 3583 3626 3626 3594 4061 4061 4061 4061 4061 4061 4061 4061
887 1777386569 3553 3697 3669 649 3584 3627 3627 3595 4061 4061 4061 4061 4061 4061 4061 4061
888 1777386569 3552 3696 3668 649 3583 3626 3626 3594 4061 4061 4061 4061 4061 4061 4061 4061
889 1777386569 3551 3696 3668 649 3582 3626 3626 3594 4063 4063 4062 4062 4062 4062 4062 4062
890 1777386569 3552 3697 3669 650 3583 3627 3627 3595 4063 4063 4062 4062 4062 4062 4062 4062
891 1777386569 3552 3696 3669 649 3583 3626 3626 3594 4061 4061 4061 4061 4061 4061 4061 4061
892 1777386569 3554 3698 3670 649 3584 3627 3628 3596 4061 4061 4061 4061 4061 4061 4061 4061
893 1777386569 3552 3696 3668 649 3583 3626 3627 3595 4063 4063 4062 4062 4062 4062 4062 4062
894 1777386569 3552 3697 3669 649 3583 3627 3627 3595 4061 4061 4061 4061 4061 4061 4061 4061
895 1777386569 3553 3697 3669 649 3584 3627 3627 3595 4063 4063 4062 4062 4062 4062 4062 4062
896 1777386569 3552 3697 3669 649 3583 3627 3627 3595 4063 4063 4062 4062 4062 4062 4062 4062
897 1777386569 3553 3697 3670 648 3584 3627 3627 3595 4061 4061 4061 4061 4061 4061 4061 4061
898 1777386569 3553 3696 3669 649 3583 3626 3627 3595 4061 4061 4060 4060 4060 4060 4060 4060
899 1777386569 3553 3697 3670 649 3584 3627 3628 3596 4063 4063 4062 4062 4062 4062 4062 4062
900 1777386569 3553 3697 3670 649 3584 3627 3627 3596 4063 4063 4062 4062 4062 4062 4062 4062
901 1777386569 3552 3696 3668 649 3582 3626 3626 3594 4063 4063 4062 4062 4062 4062 4062 4062
902 1777386569 3553 3697 3669 650 3583 3627 3627 3595 4061 4061 4061 4061 4061 4061 4061 4061
903 1777386569 3552 3697 3669 649 3583 3627 3627 3595 4061 4061 4061 4061 4061 4061 4061 4061
904 1777386569 3552 418 3667 650 3583 3627 3627 3595 4063 4062 4062 4062 4062 4062 4062 4062
905 1777386569 3551 3695 3668 649 3582 3626 3626 3594 4061 4061 4061 4061 4061 4061 4061 4061
906 1777386569 3553 3697 3669 649 3583 3626 3627 3594 4063 4063 4062 4062 4062 4062 4062 4062
907 1777386569 3552 3696 3668 649 3582 3625 3625 3593 4063 4063 4062 4062 4062 4062 4062 4062
908 1777386569 3552 3697 3669 649 3583 3627 3627 3595 4063 4063 4062 4062 4062 4062 4062 4062
909 1777386569 3552 3697 3669 649 3584 3627 3627 3595 4063 4063 4062 4062 4062 4062 4062 4062
910 1777386569 3552 3696 3668 649 3582 3626 3626 3594 4061 4061 4060 4060 4060 4060 4060 4060
911 1777386569 3553 3697 3669 649 3583 3626 3627 3594 4061 4061 4060 4060 4060 4060 4060 4060
912 1777386569 3550 3695 3667 648 3581 3625 3625 3593 4063 4063 4062 4062 4062 4062 4062 4062
913 1777386569 3551 3696 3668 647 3582 3625 3625 3593 4061 4060 4060 4060 4060 4060 4060 4060
914 1777386569 3551 3695 3668 648 3581 3625 3625 3594 4061 4061 4061 4061 4061 4061 4061 4061
915 1777386569 3550 3695 3667 648 3580 3624 3624 3593 4061 4061 4061 4061 4061 4061 4061 4061
916 1777386569 3550 3694 3666 648 3579 3624 3625 3592 4063 4062 4062 4062 4062 4062 4062 4062
917 1777386569 3551 3695 3667 647 3582 3625 3625 3593 4061 4061 4061 4061 4061 4061 4061 4061
918 1777386569 3551 3696 3668 648 3581 3625 3625 3593 4063 4063 4062 4062 4062 4062 4062 4062
919 1777386569 3549 3694 3666 647 3580 3623 3624 3592 4063 4063 4063 4063 4063 4063 4063 4063
920 1777386569 3551 3695 3667 648 3582 3625 3625 3593 4063 4063 4062 4062 4062 4062 4062 4062
921 1777386569 3550 3695 3666 648 3581 3624 3624 3592 4063 4063 4062 4062 4062 4062 4062 4062
922 1777386569 3551 3695 3667 647 3581 3625 3625 3593 4061 4061 4061 4061 4061 4061 4061 4061
923 1777386569 3550 3695 3667 647 3582 3624 3625 3592 4061 4061 4061 4061 4061 4061 4061 4061
924 1777386569 3551 3695 3668 648 3582 3625 3626 3593 4061 4061 4061 4061 4061 4061 4061 4061
925 1777386569 3551 3695 3667 647 3582 3625 3625 3593 4063 4063 4062 4062 4062 4062 4062 4062
926 1777386569 3550 3695 3667 648 3581 3624 3625 3593 4063 4062 4062 4062 4062 4062 4062 4062
927 1777386569 3551 3695 3667 647 3582 3625 3625 3593 4063 4063 4062 4062 4062 4062 4062 4062
928 1777386569 3550 3696 3667 648 3582 3625 3625 3593 4063 4063 4062 4062 4062 4062 4062 4062
929 1777386569 3549 3695 3666 648 3581 3624 3624 3593 4061 4061 4061 4061 4061 4061 4061 4061
930 1777386569 3550 3695 3667 648 3581 3625 3625 3593 4063 4063 4062 4062 4062 4062 4062 4062
931 1777386569 3550 3695 3667 647 3582 3625 3625 3593 4061 4061 4061 4061 4061 4061 4061 4061
932 1777386569 3550 3695 3667 648 3581 3625 3625 3593 4061 4061 4061 4061 4061 4061 4061 4061
933 1777386569 3551 3696 3667 647 3582 3625 3625 3593 4063 4063 4062 4062 4062 4062 4062 4062
934 1777386569 3551 3696 3668 648 3582 3626 3626 3593 4061 4061 4061 4061 4061 4061 4061 4061
935 1777386569 3551 3695 3667 648 3582 3625 3625 3593 4063 4063 4062 4062 4062 4062 4062 4062
936 1777386569 3550 3694 3666 648 3581 3624 3624 3593 4061 4061 4061 4061 4061 4061 4061 4061
937 1777386569 3551 3695 3667 648 3582 3625 3626 3593 4063 4063 4062 4062 4062 4062 4062 4062
938 1777386569 3551 3695 3668 648 3582 3625 3625 3593 4063 4063 4062 4062 4062 4062 4062 4062
939 1777386569 3550 3694 3666 648 3581 3624 3624 3593 4063 4061 4061 4061 4061 4061 4061 4061
940 1777386569 3551 3696 3668 647 3582 3625 3626 3594 4061 4061 4061 4061 4061 4061 4061 4061
941 1777386569 3551 3696 3667 647 3582 3625 3625 3593 4061 4061 4060 4060 4060 4060 4060 4060
942 1777386569 3551 3696 3668 647 3581 3625 3626 3593 4063 4062 4062 4062 4062 4062 4062 4062
943 1777386570 3550 3694 3666 648 3581 3624 3624 3592 4061 4061 4061 4061 4061 4061 4061 4061
944 1777386570 3551 3695 3668 647 3582 3625 3625 3592 4061 4061 4061 4061 4061 4061 4061 4061
945 1777386570 3552 3696 3669 647 3582 3626 3626 3594 4063 4063 4062 4062 4062 4062 4062 4062
946 1777386570 3551 3695 3667 648 3581 3625 3625 3593 4061 4061 4061 4061 4061 4061 4061 4061
947 1777386570 3551 3696 3668 648 3582 3626 3625 3594 4061 4061 4061 4061 4061 4061 4061 4061
948 1777386570 3551 3696 3668 648 3582 3625 3626 3594 4061 4061 4061 4061 4061 4061 4061 4061
949 1777386570 3551 3695 3667 648 3581 3625 3625 3593 4061 4061 4061 4061 4061 4061 4061 4061
950 1777386570 3551 3696 3668 648 3583 3625 3626 3594 4063 4063 4062 4062 4062 4062 4062 4062
951 1777386570 3551 3695 3668 647 3582 3625 3625 3593 4063 4063 4062 4062 4062 4062 4062 4062
952 1777386570 3552 3696 3668 648 3583 3626 3626 3594 4061 4061 4061 4061 4061 4061 4061 4061
953 1777386570 3551 3695 3667 648 3581 3625 3625 3593 4063 4063 4062 4062 4062 4062 4062 4062
954 1777386570 3551 3695 3668 648 3581 3625 3625 3593 4063 4061 4061 4061 4061 4061 4061 4061
955 1777386570 3552 3696 3668 648 3582 3625 3626 3594 4063 4063 4062 4062 4062 4062 4062 4062
956 1777386570 3550 3695 3667 648 3582 3625 3625 3593 4061 4061 4061 4061 4061 4061 4061 4061
957 1777386578 3550 3694 3666 648 3581 3624 3624 3592 4061 4061 4061 4061 4061 4061 4061 4061
958 1777386578 3549 3694 3666 648 3580 3624 3624 3592 4061 4061 4061 4061 4061 4061 4061 4061
959 1777386578 3550 3694 3666 648 3581 3624 3624 3592 4061 4061 4061 4061 4061 4061 4061 4061
960 1777386578 3549 3694 3665 647 3580 3623 3623 3591 4063 4063 4062 4062 4062 4062 4062 4062
961 1777386578 3549 3694 3665 647 3580 3623 3624 3591 4061 4061 4061 4061 4061 4061 4061 4061
962 1777386578 3551 3695 3667 648 3581 3625 3625 3593 4063 4063 4062 4062 4062 4062 4062 4062
963 1777386578 3549 3694 3666 648 3581 3624 3624 3592 4063 4062 4062 4062 4062 4062 4062 4062
964 1777386578 3551 3695 3667 647 3582 3625 3625 3593 4061 4061 4061 4061 4061 4061 4061 4061
965 1777386578 3549 3693 3666 648 3581 3624 3624 3592 4061 4061 4061 4061 4061 4061 4061 4061
966 1777386578 3550 3695 3667 649 3581 3624 3624 3592 4061 4061 4061 4061 4061 4061 4061 4061
967 1777386578 3550 3694 3666 648 3581 3624 3624 3592 4063 4063 4062 4062 4062 4062 4062 4062
968 1777386578 3551 3695 3667 648 3582 3625 3626 3593 4061 4061 4061 4061 4061 4061 4061 4061
969 1777386578 3550 3695 3667 648 3581 3625 3625 3593 4061 4061 4061 4061 4061 4061 4061 4061
970 1777386578 3549 3693 3665 648 3580 3623 3624 3592 4061 4061 4061 4061 4061 4061 4061 4061
971 1777386578 3550 3695 3667 648 3581 3624 3625 3593 4061 4061 4061 4061 4061 4061 4061 4061
972 1777386578 3550 3695 3667 648 3581 3624 3625 3593 4063 4063 4062 4062 4062 4062 4062 4062
973 1777386578 3550 3694 3667 648 3581 3624 3625 3593 4061 4061 4061 4061 4061 4061 4061 4061
974 1777386578 3551 3695 3667 647 3581 3624 3624 3593 4063 4063 4062 4062 4062 4062 4062 4062
975 1777386578 3551 3695 3667 648 3582 3625 3625 3593 4061 4061 4061 4061 4061 4061 4061 4061
976 1777386578 3551 3695 3667 648 3582 3625 3625 3593 4061 4061 4061 4061 4061 4061 4061 4061
977 1777386578 3550 3694 3667 648 3581 3624 3624 3593 4063 4063 4062 4062 4062 4062 4062 4062
978 1777386578 3551 3695 3667 648 3580 3625 3625 3593 4063 4063 4062 4062 4062 4062 4062 4062
979 1777386578 3551 3696 3668 648 3582 3625 3625 3593 4063 4063 4062 4062 4062 4062 4062 4062
980 1777386578 3551 3695 3667 648 3582 3624 3625 3593 4061 4061 4061 4061 4061 4061 4061 4061
981 1777386578 3551 3696 3669 648 3582 3625 3626 3593 4061 4061 4061 4061 4061 4061 4061 4061
982 1777386578 3550 3694 3666 649 3580 3624 3624 3592 4061 4060 4060 4060 4060 4060 4060 4060
983 1777386578 3550 3695 3667 648 3581 3624 3625 3593 4063 4062 4062 4062 4062 4062 4062 4062
984 1777386578 3550 3695 3667 647 3581 3625 3625 3593 4061 4061 4061 4061 4061 4061 4061 4061
985 1777386578 3551 3696 3667 648 3581 3625 3625 3593 4063 4063 4062 4062 4062 4062 4062 4062
986 1777386578 3551 3695 3667 648 3582 3625 3625 3593 4061 4061 4061 4061 4061 4061 4061 4061
987 1777386578 3550 3694 3667 648 3581 3625 3625 3593 4063 4062 4062 4062 4062 4062 4062 4062
988 1777386578 3551 3695 3668 648 3582 3625 3626 3594 4061 4061 4061 4061 4061 4061 4061 4061
989 1777386578 3551 3695 3667 648 3581 3625 3625 3593 4061 4061 4060 4060 4060 4060 4060 4060
990 1777386578 3551 3695 3667 648 3582 3625 3625 3593 4061 4061 4061 4061 4061 4061 4061 4061
991 1777386578 3551 3695 3667 648 3582 3625 3625 3593 4063 4063 4062 4062 4062 4062 4062 4062
992 1777386578 3550 3695 3666 649 3581 3624 3624 3592 4061 4061 4061 4061 4061 4061 4061 4061
993 1777386578 3551 3695 3668 648 3582 3625 3626 1734 4063 4063 4062 4062 4062 4062 4062 4062
994 1777386578 3551 3695 3667 648 3582 3625 3625 3593 4063 4063 4062 4062 4062 4062 4062 4062
995 1777386578 3551 3695 3668 648 3582 3625 3626 3593 4063 4063 4062 4062 4062 4062 4062 4062
996 1777386578 3550 3694 3666 648 3581 3624 3625 3593 4063 4062 4062 4062 4062 4062 4062 4062
997 1777386578 3550 3695 3666 648 3581 3624 3625 3593 4061 4061 4061 4061 4061 4061 4061 4061
998 1777386578 3550 3695 3667 649 3581 3624 3625 3593 4061 4061 4061 4061 4061 4061 4061 4061
999 1777386578 3551 3695 3667 648 3582 3625 3625 3593 4063 4063 4062 4062 4062 4062 4062 4062
1000 1777386578 3550 3695 3667 648 3581 3624 3625 3592 4063 4063 4062 4062 4062 4062 4062 4062
