1 1777385758 3550 3694 3666 201 3581 3624 3625 3592 4061 4061 4060 4060 4060 4060 4060 4060
2 1777385758 3551 3696 3667 201 3581 3625 3625 3593 4063 4063 4062 4062 4062 4062 4062 4062
3 1777385758 3550 3695 3667 200 3582 3625 3625 3593 4063 4063 4062 4062 4062 4062 4062 4062
4 1777385758 3550 3694 3667 201 3581 3625 3624 3592 4063 4063 4062 4062 4062 4062 4062 4062
5 1777385758 3551 3695 3667 201 3580 3625 3625 3593 4063 4063 4062 4062 4062 4062 4062 4062
6 1777385758 3550 3695 3667 201 3579 3624 3624 3592 4063 4063 4062 4062 4062 4062 4062 4062
7 1777385758 3552 3696 3668 201 3582 3627 3627 3595 4061 4061 4060 4060 4060 4060 4060 4060
8 1777385758 3550 3695 3666 200 3581 3625 3625 3592 4063 4063 4062 4062 4062 4062 4062 4062
9 1777385758 3551 3695 3667 201 3582 3626 3626 3594 4061 4061 4061 4061 4061 4061 4061 4061
10 1777385758 3551 3696 3668 201 3581 3625 3625 3593 4061 4061 4061 4061 4061 4061 4061 4061
11 1777385758 3551 3696 3668 200 3582 3626 3626 3593 4061 4061 4061 4061 4061 4061 4061 4061
12 1777385758 3551 3696 3668 200 3582 3626 3626 3594 4063 4063 4062 4062 4062 4062 4062 4062
13 1777385758 3551 3696 3667 201 3582 3625 3625 3593 4063 4063 4062 4062 4062 4062 4062 4062
14 1777385758 3552 3697 3668 200 3583 3626 3626 3595 4061 4061 4061 4061 4061 4061 4061 4061
15 1777385758 3551 3695 3668 200 3581 3625 3626 3593 4063 4063 4062 4062 4062 4062 4062 4062
16 1777385758 3552 3696 3668 200 3581 3626 3625 3594 4061 4061 4061 4061 4061 4061 4061 4061
17 1777385758 3552 3697 3668 201 3583 3627 3626 3594 4063 4063 4062 4062 4062 4062 4062 4062
18 1777385758 3551 3696 3667 201 3582 3625 3625 3593 4061 4061 4061 4061 4061 4061 4061 4061
19 1777385758 3551 3695 3667 200 3582 3626 3625 3593 4061 4061 4061 4061 4061 4061 4061 4061
20 1777385758 3551 3695 3667 201 3581 3625 3625 3593 4061 4061 4061 4061 4061 4061 4061 4061
21 1777385766 3550 3694 3666 200 3579 3624 3624 3592 4061 4061 4061 4061 4061 4061 4061 4061
22 1777385766 3551 3695 3668 201 3582 3626 3626 3593 4063 4063 4062 4062 4062 4062 4062 4062
23 1777385766 3550 3695 3667 200 3581 3625 3625 3593 4061 4061 4061 4061 4061 4061 4061 4061
24 1777385766 3551 3695 3666 201 3580 3625 3625 3593 4061 4061 4061 4061 4061 4061 4061 4061
25 1777385766 3552 3696 3668 200 3583 3626 3626 3594 4063 4063 4062 4062 4062 4062 4062 4062
26 1777385766 3552 3696 3668 201 3582 3626 3626 3594 4063 4062 4062 4062 4062 4062 4062 4062
27 1777385766 3551 3696 3668 201 3582 3626 3626 3594 4063 4063 4062 4062 4062 4062 4062 4062
28 1777385766 3552 3697 3668 201 3582 3626 3625 3593 4061 4061 4061 4061 4061 4061 4061 4061
29 1777385766 3552 3696 3668 201 3582 3626 3626 3594 4063 4063 4062 4062 4062 4062 4062 4062
30 1777385766 3551 3695 3668 201 3582 3626 3626 3594 4063 4063 4062 4062 4062 4062 4062 4062
31 1777385766 3552 3696 3668 201 3583 3626 3626 3594 4061 4061 4061 4061 4061 4061 4061 4061
32 1777385766 3550 3696 3667 201 3582 3625 3625 3593 4061 4061 4061 4061 4061 4061 4061 4061
33 1777385766 3552 3697 3668 201 3583 3627 3626 3594 4061 4061 4061 4061 4061 4061 4061 4061
34 1777385766 3551 3696 3667 201 3582 3626 3626 3593 4063 4063 4062 4062 4062 4062 4062 4062
35 1777385766 3550 3695 3668 200 3581 3625 3625 3594 4061 4061 4061 4061 4061 4061 4061 4061
36 1777385766 3551 3696 3667 201 3582 3626 3625 3594 4063 4063 4062 4062 4062 4062 4062 4062
37 1777385766 3550 3695 3667 200 3582 3625 3625 3593 4063 4063 4062 4062 4062 4062 4062 4062
38 1777385766 3552 3697 3669 201 3583 3626 3626 3594 4063 4063 4063 4063 4063 4063 4063 4063
39 1777385766 3552 3697 3669 201 3583 3626 3626 3595 4063 4063 4062 4062 4062 4062 4062 4062
40 1777385766 3552 3696 3668 201 3582 3626 3626 3594 4061 4061 4061 4061 4061 4061 4061 4061
41 1777385774 3550 3695 3667 201 3581 3625 3625 3593 4063 4063 4062 4062 4062 4062 4062 4062
42 1777385774 3550 3694 3666 201 3581 3625 3625 3593 4061 4061 4061 4061 4061 4061 4061 4061
43 1777385774 3552 3696 3668 201 3582 3627 3626 3594 4063 4063 4062 4062 4062 4062 4062 4062
44 1777385774 3552 3696 3668 200 3583 3627 3626 3594 4063 4062 4062 4062 4062 4062 4062 4062
45 1777385774 3551 3696 3668 201 3582 3626 3626 3594 4063 4063 4062 4062 4062 4062 4062 4062
46 1777385774 3552 3697 3669 200 3583 3627 3627 3595 4063 4063 4062 4062 4062 4062 4062 4062
47 1777385774 3551 3695 3667 201 3581 3625 3625 3594 4061 4061 4061 4061 4061 4061 4061 4061
48 1777385774 3552 3696 3668 200 3583 3627 3627 3594 4063 4063 4062 4062 4062 4062 4062 4062
49 1777385774 3551 3695 3668 201 3582 3626 3626 3594 4063 4062 4062 4062 4062 4062 4062 4062
50 1777385774 3551 3695 3668 201 3582 3626 3626 3594 4061 4061 4061 4061 4061 4061 4061 4061
51 1777385774 3551 3696 3668 201 3582 3626 3626 3594 4063 4063 4062 4062 4062 4062 4062 4062
52 1777385774 3552 3697 3669 200 3583 3627 3627 3595 4061 4061 4060 4060 4060 4060 4060 4060
53 1777385774 3551 3696 3668 201 3582 3625 3626 3594 4063 4063 4062 4062 4062 4062 4062 4062
54 1777385774 3552 3696 3668 202 3582 3626 3626 3594 4061 4061 4061 4061 4061 4061 4061 4061
55 1777385774 3551 3696 3668 201 3582 3626 3626 3594 4063 4063 4062 4062 4062 4062 4062 4062
56 1777385774 3553 3697 3668 201 3583 3626 3626 3595 4063 4063 4063 4063 4063 4063 4063 4063
57 1777385774 3551 3696 3667 201 3582 3626 3626 3594 4061 4061 4061 4061 4061 4061 4061 4061
58 1777385774 3552 3696 3668 201 3582 3626 3626 3594 4061 4061 4060 4060 4060 4060 4060 4060
59 1777385774 3553 3697 3669 201 3583 3627 3627 3595 4063 4063 4062 4062 4062 4062 4062 4062
60 1777385774 3552 3697 3669 200 3583 3627 3627 3596 4063 4063 4062 4062 4062 4062 4062 4062
61 1777385774 3552 3696 3669 201 3582 3627 3627 3594 4061 4061 4061 4061 4061 4061 4061 4061
62 1777385774 3552 3696 3669 201 3583 3626 3626 3594 4061 4061 4061 4061 4061 4061 4061 4061
63 1777385774 3552 3697 3668 201 3582 3626 3626 3594 4063 4063 4062 4062 4062 4062 4062 4062
64 1777385775 3549 3694 3667 200 3579 3624 3624 3592 4063 4063 4062 4062 4062 4062 4062 4062
65 1777385775 3550 3695 3667 199 3581 3624 3624 3592 4063 4063 4062 4062 4062 4062 4062 4062
66 1777385775 3551 3695 3667 199 3580 3625 3624 3593 4061 4061 4061 4061 4061 4061 4061 4061
67 1777385775 3550 3694 3667 199 3580 3625 3625 3592 4063 4063 4062 4062 4062 4062 4062 4062
68 1777385775 3549 3693 3665 199 3579 3623 3623 3591 4063 4063 4062 4062 4062 4062 4062 4062
69 1777385775 3549 3694 3666 199 3578 3624 3624 3593 4063 4063 4062 4062 4062 4062 4062 4062
70 1777385775 3550 3695 3667 199 3581 3625 3625 3593 4063 4063 4062 4062 4062 4062 4062 4062
71 1777385775 3550 3695 3667 199 3580 3624 3624 3592 4063 4063 4062 4062 4062 4062 4062 4062
72 1777385775 3550 3695 3667 199 3581 3625 3624 3593 4063 4063 4062 4062 4062 4062 4062 4062
73 1777385775 3550 3695 3667 199 3581 3625 3625 3593 4061 4061 4061 4061 4061 4061 4061 4061
74 1777385775 3551 3695 3667 199 3581 3624 3625 3593 4061 4061 4061 4061 4061 4061 4061 4061
75 1777385775 3550 3695 3667 199 3581 3625 3625 3593 4061 4061 4061 4061 4061 4061 4061 4061
76 1777385775 3550 3695 3667 199 3581 3624 3624 3592 4063 4063 4062 4062 4062 4062 4062 4062
77 1777385775 3550 3695 3667 199 3581 3625 3625 3593 4063 4063 4062 4062 4062 4062 4062 4062
78 1777385775 3549 3694 3667 199 3581 3625 3625 3593 4063 4063 4062 4062 4062 4062 4062 4062
79 1777385775 3551 3695 3667 199 3581 3625 3626 3593 4063 4063 4062 4062 4062 4062 4062 4062
80 1777385775 3551 3695 3667 200 3581 3625 3625 3593 4063 4063 4062 4062 4062 4062 4062 4062
81 1777385775 3550 3695 3667 199 3581 3624 3625 3593 4063 4063 4062 4062 4062 4062 4062 4062
82 1777385775 3551 3695 3667 199 3581 3625 3625 3592 4061 4061 4061 4061 4061 4061 4061 4061
83 1777385775 3551 3696 3668 199 3582 3626 3626 3593 4063 4063 4062 4062 4062 4062 4062 4062
84 1777385775 3550 3695 3667 200 3581 3624 3625 3593 4061 4061 4061 4061 4061 4061 4061 4061
85 1777385775 3549 3694 3666 199 3580 3624 3624 3592 4063 4063 4062 4062 4062 4062 4062 4062
86 1777385775 3551 3695 3667 199 3581 3625 3625 3593 4063 4063 4062 4062 4062 4062 4062 4062
87 1777385775 3550 3695 3667 199 3581 3625 3624 3593 4061 4061 4061 4061 4061 4061 4061 4061
88 1777385775 3550 3695 3667 200 3581 3625 3625 3593 4063 4061 4061 4061 4061 4061 4061 4061
89 1777385775 3551 3695 3667 199 3581 3625 3624 3592 4063 4063 4062 4062 4062 4062 4062 4062
90 1777385775 3550 3695 3666 200 3581 3624 3625 3592 4063 4063 4062 4062 4062 4062 4062 4062
91 1777385775 3550 3695 3667 199 3581 3625 3624 3593 4063 4063 4062 4062 4062 4062 4062 4062
92 1777385775 3550 3695 3667 200 3581 3625 3625 3592 4061 4061 4061 4061 4061 4061 4061 4061
93 1777385775 3551 3695 3667 200 3582 3625 3625 3593 4061 4061 4061 4061 4061 4061 4061 4061
94 1777385775 3550 3695 3667 199 3581 3625 3625 3593 4063 4063 4062 4062 4062 4062 4062 4062
95 1777385775 3551 3696 3668 199 3581 3626 3625 3593 4063 4063 4062 4062 4062 4062 4062 4062
96 1777385775 3552 3695 3668 200 3582 3626 3626 3593 4061 4061 4061 4061 4061 4061 4061 4061
97 1777385783 3550 3694 3666 200 3580 3624 3623 3591 4063 4063 4062 4062 4062 4062 4062 4062
98 1777385783 3550 3695 3667 199 3580 3624 3624 3592 4063 4063 4062 4062 4062 4062 4062 4062
99 1777385783 3549 3694 3665 200 3579 3624 3624 3592 4063 4063 4062 4062 4062 4062 4062 4062
100 1777385783 3550 3695 3667 199 3581 3625 3625 3592 4061 4061 4061 4061 4061 4061 4061 4061
101 1777385783 3550 3694 3666 200 3581 3624 3624 3592 4061 4061 4061 4061 4061 4061 4061 4061
102 1777385783 3549 3694 3666 199 3580 3624 3624 3592 4061 4061 4061 4061 4061 4061 4061 4061
103 1777385783 3549 3694 3666 200 3581 3624 3624 3593 4061 4061 4061 4061 4061 4061 4061 4061
104 1777385783 3550 3695 3667 199 3581 3625 3625 3593 4063 4063 4062 4062 4062 4062 4062 4062
105 1777385783 3549 3694 3666 200 3579 3624 3624 3592 4061 4061 4060 4060 4060 4060 4060 4060
106 1777385783 3551 3695 3667 200 3581 3625 3624 3593 4063 4063 4062 4062 4062 4062 4062 4062
107 1777385783 3551 3695 3668 199 3581 3626 3625 3594 4061 4061 4061 4061 4061 4061 4061 4061
108 1777385783 3549 3694 3666 199 3580 3625 3624 3592 4063 4063 4062 4062 4062 4062 4062 4062
109 1777385783 3549 3694 3666 200 3580 3624 3624 3592 4063 4063 4062 4062 4062 4062 4062 4062
110 1777385783 3550 3694 3666 199 3581 3625 3625 3593 4063 4063 4062 4062 4062 4062 4062 4062
111 1777385783 3551 3695 3667 199 3581 3625 3624 3592 4063 4063 4063 4063 4063 4063 4063 4063
112 1777385783 3550 3695 3667 200 3581 3625 3625 3593 4063 4063 4062 4062 4062 4062 4062 4062
113 1777385783 3549 3694 3665 199 3580 3623 3624 3592 4061 4061 4061 4061 4061 4061 4061 4061
114 1777385783 3550 3695 3667 199 3581 3625 3624 3592 4063 4063 4062 4062 4062 4062 4062 4062
115 1777385783 3551 3695 3667 200 3581 3624 3625 3593 4061 4061 4061 4061 4061 4061 4061 4061
116 1777385783 3550 3695 3667 199 3581 3625 3624 3592 4063 4063 4062 4062 4062 4062 4062 4062
117 1777385783 3551 3695 3667 202 3581 3626 3626 3593 4063 4063 4063 4063 4063 4063 4063 4063
118 1777385783 3550 3695 3667 201 3582 3625 3625 3593 4061 4061 4061 4061 4061 4061 4061 4061
119 1777385783 3550 3695 3667 200 3582 3625 3625 3593 4063 4063 4062 4062 4062 4062 4062 4062
120 1777385783 3551 3695 3667 199 3581 3625 3624 3592 4061 4061 4061 4061 4061 4061 4061 4061
121 1777385783 3550 3695 3667 200 3581 3625 3625 3593 4061 4061 4061 4061 4061 4061 4061 4061
122 1777385783 3550 3695 3667 199 3581 3625 3625 3593 4061 4061 4061 4061 4061 4061 4061 4061
123 1777385783 3549 3694 3666 200 3581 3625 3624 3593 4061 4061 4061 4061 4061 4061 4061 4061
124 1777385783 3550 3695 3667 199 3581 3625 3626 3593 4063 4063 4062 4062 4062 4062 4062 4062
125 1777385783 3551 3695 3667 200 3581 3625 3625 3593 4063 4063 4062 4062 4062 4062 4062 4062
126 1777385783 3551 3695 3666 200 3581 3625 3625 3593 4061 4061 4061 4061 4061 4061 4061 4061
127 1777385783 3550 3694 3667 200 3581 3625 3625 3592 4061 4061 4061 4061 4061 4061 4061 4061
128 1777385783 3551 3695 3667 200 3582 3625 3625 3593 4063 4063 4062 4062 4062 4062 4062 4062
129 1777385783 3551 3695 3667 199 3581 3625 3626 3593 4061 4061 4060 4060 4060 4060 4060 4060
130 1777385783 3550 3694 3667 199 3580 3625 3625 3593 4063 4063 4062 4062 4062 4062 4062 4062
131 1777385783 3551 3696 3668 200 3582 3626 3626 3594 4061 4061 4061 4061 4061 4061 4061 4061
132 1777385783 3551 3695 3667 199 3582 3625 3625 3593 4063 4063 4062 4062 4062 4062 4062 4062
133 1777385783 3550 3694 3666 200 3581 3624 3625 3592 4063 4063 4062 4062 4062 4062 4062 4062
134 1777385783 3552 3696 3668 200 3582 3626 3626 3594 4063 4063 4062 4062 4062 4062 4062 4062
135 1777385784 3551 3696 3668 200 3582 3626 3625 3593 4063 4063 4062 4062 4062 4062 4062 4062
136 1777385784 3550 3695 3667 200 3581 3625 3625 3593 4063 4063 4063 4063 4063 4063 4063 4063
137 1777385784 3551 3695 3667 200 3581 3625 3624 3592 4063 4063 4062 4062 4062 4062 4062 4062
138 1777385784 3551 3695 3667 200 3582 3626 3625 3593 4063 4063 4062 4062 4062 4062 4062 4062
139 1777385784 3550 3695 3667 200 3581 3625 3625 3593 4063 4063 4062 4062 4062 4062 4062 4062
140 1777385784 3551 3695 3667 199 3581 3625 3625 3593 4061 4061 4060 4060 4060 4060 4060 4060
141 1777385784 3551 3696 3667 200 3582 3626 3626 3594 4061 4061 4061 4061 4061 4061 4061 4061
142 1777385784 3552 3696 3667 201 3582 3625 3625 3593 4063 4063 4062 4062 4062 4062 4062 4062
143 1777385784 3551 3696 3668 200 3581 3625 3625 3593 4063 4063 4062 4062 4062 4062 4062 4062
144 1777385784 3551 3695 3667 199 3582 3626 3625 3593 4061 4061 4061 4061 4061 4061 4061 4061
145 1777385784 3552 3696 3668 200 3581 3626 3626 3594 4063 4063 4062 4062 4062 4062 4062 4062
146 1777385784 3552 3697 3668 200 3582 3626 3626 3593 4061 4061 4061 4061 4061 4061 4061 4061
147 1777385784 3551 3695 3667 200 3581 3625 3625 3593 4063 4061 4061 4061 4061 4061 4061 4061
148 1777385784 3551 3696 3667 199 3582 3625 3625 3593 4063 4063 4062 4062 4062 4062 4062 4062
149 1777385784 3551 3696 3668 200 3582 3626 3626 3594 4063 4063 4062 4062 4062 4062 4062 4062
150 1777385792 3550 3695 3667 200 3581 3625 3624 3593 4061 4061 4061 4061 4061 4061 4061 4061
151 1777385792 3550 3695 3667 200 3581 3625 3625 3593 4063 4063 4062 4062 4062 4062 4062 4062
152 1777385792 3552 3696 3668 200 3583 3626 3626 3594 4061 4061 4061 4061 4061 4061 4061 4061
153 1777385792 3550 3694 3667 199 3581 3625 3624 3592 4063 4063 4062 4062 4062 4062 4062 4062
154 1777385792 3551 3695 3667 200 3581 3625 3625 3593 4063 4063 4062 4062 4062 4062 4062 4062
155 1777385792 3551 3695 3668 200 3581 3625 3625 3593 4063 4063 4062 4062 4062 4062 4062 4062
156 1777385792 3551 3695 3667 200 3581 3626 3625 3593 4061 4061 4061 4061 4061 4061 4061 4061
157 1777385792 3551 3696 3668 200 3582 3625 3625 3593 4063 4063 4062 4062 4062 4062 4062 4062
158 1777385792 3550 3695 3667 200 3581 3625 3625 3592 4061 4061 4061 4061 4061 4061 4061 4061
159 1777385792 3550 3695 3667 200 3580 3624 3624 3592 4063 4063 4062 4062 4062 4062 4062 4062
160 1777385792 3551 3695 3667 200 3581 3625 3625 3594 4061 4061 4061 4061 4061 4061 4061 4061
161 1777385792 3551 3695 3667 200 3580 3625 3625 3593 4063 4063 4062 4062 4062 4062 4062 4062
162 1777385792 3551 3696 3668 200 3582 3625 3625 3593 4063 4063 4062 4062 4062 4062 4062 4062
163 1777385792 3550 3695 3667 200 3581 3625 3624 3593 4063 4063 4062 4062 4062 4062 4062 4062
164 1777385792 3551 3695 3667 201 3581 3625 3625 3593 4063 4063 4062 4062 4062 4062 4062 4062
165 1777385792 3551 3695 3668 201 3582 3625 3625 3593 4063 4063 4062 4062 4062 4062 4062 4062
166 1777385792 3550 3695 3667 200 3582 3626 3625 3593 4061 4061 4061 4061 4061 4061 4061 4061
167 1777385792 3551 3696 3668 200 3582 3626 3626 3594 4063 4063 4062 4062 4062 4062 4062 4062
168 1777385792 3551 3696 3668 200 3582 3626 3626 3594 4063 4063 4062 4062 4062 4062 4062 4062
169 1777385792 3551 3696 3667 201 3582 3625 3625 3594 4061 4061 4061 4061 4061 4061 4061 4061
170 1777385792 3551 3696 3668 200 3582 3626 3626 3594 4063 4063 4062 4062 4062 4062 4062 4062
171 1777385792 3551 3695 3667 200 3582 3625 3626 3594 4063 4063 4062 4062 4062 4062 4062 4062
172 1777385792 3550 3695 3667 199 3581 3625 3625 3593 4061 4061 4061 4061 4061 4061 4061 4061
173 1777385792 3551 3695 3667 199 3581 3625 3625 3593 4063 4063 4062 4062 4062 4062 4062 4062
174 1777385792 3552 3696 3668 200 3583 3626 3626 3594 4061 4061 4060 4060 4060 4060 4060 4060
175 1777385792 3552 3697 3668 200 3582 3626 3626 3594 4061 4061 4061 4061 4061 4061 4061 4061
176 1777385792 3551 3696 3668 200 3581 3626 3626 3594 4063 4063 4062 4062 4062 4062 4062 4062
177 1777385792 3551 3696 3667 200 3581 3626 3626 3593 4063 4063 4062 4062 4062 4062 4062 4062
178 1777385792 3551 3696 3668 200 3582 3626 3626 3593 4061 4061 4061 4061 4061 4061 4061 4061
179 1777385792 3551 3696 3668 200 3582 3626 3626 3593 4063 4063 4063 4063 4063 4063 4063 4063
180 1777385792 3552 3696 3668 200 3582 3626 3627 3594 4063 4063 4063 4063 4063 4063 4063 4063
181 1777385792 3551 3696 3667 201 3582 3625 3625 3593 4063 4063 4062 4062 4062 4062 4062 4062
182 1777385792 3551 3696 3668 200 3582 3625 3625 3593 4061 4061 4061 4061 4061 4061 4061 4061
183 1777385792 3552 3696 3668 200 3582 3626 3626 3594 4063 4063 4062 4062 4062 4062 4062 4062
184 1777385792 3551 3695 3667 199 3581 3625 3625 3593 4063 4063 4062 4062 4062 4062 4062 4062
185 1777385792 3551 3695 3667 200 3582 3625 3625 3593 4063 4063 4062 4062 4062 4062 4062 4062
186 1777385792 3551 3696 3668 200 3582 3626 3626 3593 4059 4059 4059 4059 4059 4059 4059 4059
187 1777385792 3551 3696 3668 199 3582 3626 3626 3594 4061 4061 4061 4061 4061 4061 4061 4061
188 1777385792 3552 3696 3668 200 3582 3625 3625 3594 4063 4063 4062 4062 4062 4062 4062 4062
189 1777385792 3551 3696 3668 201 3582 3625 3626 3593 4061 4061 4061 4061 4061 4061 4061 4061
190 1777385792 3552 3696 3669 200 3583 3626 3627 3594 4061 4061 4061 4061 4061 4061 4061 4061
191 1777385792 3551 3695 3668 200 3582 3626 3626 3594 4063 4063 4062 4062 4062 4062 4062 4062
192 1777385792 3551 3695 3667 200 3581 3625 3625 3594 4061 4061 4061 4061 4061 4061 4061 4061
193 1777385792 3552 3696 3668 201 3580 3626 3625 3593 4061 4061 4061 4061 4061 4061 4061 4061
194 1777385792 3552 3696 3668 200 3582 3626 3626 3594 4061 4061 4061 4061 4061 4061 4061 4061
195 1777385792 3551 3696 3668 201 3582 3626 3626 3594 4061 4061 4061 4061 4061 4061 4061 4061
196 1777385792 3551 3695 3667 200 3581 3625 3625 3594 4063 4063 4062 4062 4062 4062 4062 4062
197 1777385792 3551 3696 3668 201 3582 3626 3626 3594 4063 4063 4062 4062 4062 4062 4062 4062
198 1777385792 3552 3697 3669 200 3583 3627 3626 3594 4063 4061 4061 4061 4061 4061 4061 4061
199 1777385792 3552 3696 3668 200 3582 3626 3626 3593 4063 4063 4062 4062 4062 4062 4062 4062
200 1777385792 3551 3696 3668 200 3582 3625 3625 3593 4063 4063 4062 4062 4062 4062 4062 4062
201 1777385792 3552 3696 3669 200 3582 3626 3625 3594 4061 4061 4061 4061 4061 4061 4061 4061
202 1777385792 3552 3697 3668 200 3583 3626 3626 3594 4061 4061 4061 4061 4061 4061 4061 4061
203 1777385792 3552 3697 3669 200 3583 3627 3626 3594 4061 4061 4061 4061 4061 4061 4061 4061
204 1777385792 3552 3697 3668 200 3583 3626 3626 3594 4063 4063 4062 4062 4062 4062 4062 4062
205 1777385792 3551 3697 3668 201 3582 3626 3626 3594 4063 4063 4062 4062 4062 4062 4062 4062
206 1777385792 3551 3696 3668 200 3582 3626 3626 3594 4061 4061 4061 4061 4061 4061 4061 4061
207 1777385792 3552 3697 3669 200 3582 3627 3626 3594 4061 4061 4060 4060 4060 4060 4060 4060
208 1777385793 3551 3696 3667 200 3581 3626 3626 3594 4063 4063 4063 4063 4063 4063 4063 4063
209 1777385793 3552 3696 3669 201 3582 3626 3626 3594 4061 4061 4060 4060 4060 4060 4060 4060
210 1777385793 3552 3698 3669 200 3583 3627 3628 3596 4061 4061 4061 4061 4061 4061 4061 4061
211 1777385793 3552 3697 3668 200 3583 3627 3626 3594 4061 4061 4061 4061 4061 4061 4061 4061
212 1777385793 3552 3696 3668 200 3583 3627 3626 3594 4061 4061 4061 4061 4061 4061 4061 4061
213 1777385793 3552 3697 3669 201 3583 3626 3626 3595 4062 4063 4062 4062 4062 4062 4062 4062
214 1777385793 3552 3696 3668 200 3583 3626 3626 3594 4063 4063 4062 4062 4062 4062 4062 4062
215 1777385793 3551 3696 3668 200 3582 3626 3626 3594 4061 4061 4061 4061 4061 4061 4061 4061
216 1777385793 3550 3695 3667 200 3582 3625 3625 3593 4061 4061 4060 4060 4060 4060 4060 4060
217 1777385793 3552 3696 3668 201 3582 3626 3626 3594 4061 4061 4061 4061 4061 4061 4061 4061
218 1777385793 3552 3697 3669 200 3583 3627 3626 3594 4061 4061 4061 4061 4061 4061 4061 4061
219 1777385793 3552 3696 3669 200 3582 3627 3627 3595 4063 4063 4062 4062 4062 4062 4062 4062
220 1777385793 3552 3697 3669 200 3583 3627 3627 3595 4063 4063 4062 4062 4062 4062 4062 4062
221 1777385793 3552 3696 3669 200 3582 3627 3626 3594 4063 4063 4062 4062 4062 4062 4062 4062
222 1777385793 3552 3697 3669 200 3583 3627 3627 3595 4061 4061 4061 4061 4061 4061 4061 4061
223 1777385793 3552 3696 3668 200 3582 3627 3626 3594 4061 4061 4061 4061 4061 4061 4061 4061
224 1777385793 3551 3696 3668 200 3583 3626 3627 3594 4061 4061 4061 4061 4061 4061 4061 4061
225 1777385793 3552 3696 3668 200 3582 3626 3626 3593 4063 4063 4062 4062 4062 4062 4062 4062
226 1777385793 3551 3696 3668 201 3582 3626 3626 3594 4061 4061 4061 4061 4061 4061 4061 4061
227 1777385793 3552 3696 3668 200 3582 3626 3626 3593 4063 4063 4062 4062 4062 4062 4062 4062
228 1777385793 3553 3698 3670 200 3585 3628 3628 3596 4061 4061 4061 4061 4061 4061 4061 4061
229 1777385793 3553 3697 3670 201 3584 3628 3628 3596 4063 4062 4062 4062 4062 4062 4062 4062
230 1777385793 3552 3696 3668 200 3582 3626 3626 3594 4059 4059 4059 4059 4059 4059 4059 4059
231 1777385793 3552 3697 3669 201 3582 3627 3627 3594 4061 4061 4061 4061 4061 4061 4061 4061
232 1777385793 3553 3697 3669 201 3583 3627 3627 3595 4061 4061 4061 4061 4061 4061 4061 4061
233 1777385793 3552 3696 3669 200 3583 3627 3627 3595 4063 4063 4062 4062 4062 4062 4062 4062
234 1777385793 3552 3697 3668 200 3583 3626 3626 3594 4061 4061 4061 4061 4061 4061 4061 4061
235 1777385793 3552 3697 3668 201 3582 3626 3627 3595 4061 4061 4061 4061 4061 4061 4061 4061
236 1777385793 3552 3696 3668 201 3582 3626 3626 3594 4063 4063 4062 4062 4062 4062 4062 4062
237 1777385793 3553 3697 3669 201 3583 3627 3627 3594 4061 4061 4061 4061 4061 4061 4061 4061
238 1777385793 3552 3696 3668 200 3582 3626 3626 3594 4063 4063 4062 4062 4062 4062 4062 4062
239 1777385793 3551 3696 3668 200 3582 3627 3627 3595 4063 4063 4062 4062 4062 4062 4062 4062
240 1777385793 3552 3696 3668 200 3583 3627 3626 3594 4063 4063 4062 4062 4062 4062 4062 4062
241 1777385793 3552 3696 3669 200 3582 3626 3626 3594 4063 4063 4062 4062 4062 4062 4062 4062
242 1777385793 3552 3697 3669 200 3583 3627 3627 3595 4063 4063 4062 4062 4062 4062 4062 4062
243 1777385793 3552 3697 3668 200 3582 3626 3627 3595 4063 4063 4063 4063 4063 4063 4063 4063
244 1777385793 3552 3697 3668 202 3582 3626 3626 3595 4061 4061 4060 4060 4060 4060 4060 4060
245 1777385793 3552 3696 3669 201 3583 3626 3626 3595 4063 4063 4062 4062 4062 4062 4062 4062
246 1777385793 3553 3697 3669 200 3583 3626 3626 3594 4061 4061 4061 4061 4061 4061 4061 4061
247 1777385793 3552 3696 3669 200 3582 3626 3626 3594 4063 4063 4062 4062 4062 4062 4062 4062
248 1777385793 3551 3697 3669 201 3583 3626 3626 3594 4063 4063 4063 4063 4063 4063 4063 4063
249 1777385793 3552 3697 3669 201 3583 3626 3627 3594 4061 4061 4061 4061 4061 4061 4061 4061
250 1777385793 3553 3697 3669 200 3584 3628 3627 3595 4061 4061 4061 4061 4061 4061 4061 4061
251 1777385793 3551 3697 3668 201 3582 3626 3626 3594 4061 4061 4061 4061 4061 4061 4061 4061
252 1777385793 3552 3696 3668 201 3582 3626 3626 3594 4063 4063 4062 4062 4062 4062 4062 4062
253 1777385793 3552 3697 3668 200 3583 3627 3626 3595 4061 4061 4061 4061 4061 4061 4061 4061
254 1777385793 3551 3696 3668 201 3582 3627 3626 3594 4061 4061 4061 4061 4061 4061 4061 4061
255 1777385793 3553 3697 3669 201 3582 3627 3627 3595 4061 4061 4061 4061 4061 4061 4061 4061
256 1777385793 3552 3696 3668 200 3581 3626 3627 3595 4061 4061 4061 4061 4061 4061 4061 4061
257 1777385793 3552 3696 3669 200 3583 3627 3626 3594 4063 4063 4062 4062 4062 4062 4062 4062
258 1777385793 3552 3697 3669 200 3583 3626 3626 3594 4061 4061 4061 4061 4061 4061 4061 4061
259 1777385793 3553 3697 3669 200 3583 3627 3627 3595 4063 4063 4062 4062 4062 4062 4062 4062
260 1777385793 3553 3697 3669 201 3583 3627 3626 3594 4063 4063 4062 4062 4062 4062 4062 4062
261 1777385793 3552 3697 3668 201 3583 3627 3626 3594 4063 4063 4063 4063 4063 4063 4063 4063
262 1777385793 3552 3696 3668 200 3583 3627 3626 3594 4063 4063 4062 4062 4062 4062 4062 4062
263 1777385793 3552 3697 3669 200 3583 3627 3626 3594 4061 4061 4061 4061 4061 4061 4061 4061
264 1777385793 3552 3697 3669 201 3583 3627 3627 3595 4063 4063 4062 4062 4062 4062 4062 4062
265 1777385794 3552 3696 3669 200 3582 3627 3626 3594 4063 4063 4062 4062 4062 4062 4062 4062
266 1777385794 3552 3697 3669 200 3583 3627 3627 3595 4061 4061 4060 4060 4060 4060 4060 4060
267 1777385794 3552 3697 3668 201 3582 3626 3626 3595 4061 4061 4061 4061 4061 4061 4061 4061
268 1777385794 3553 3697 3669 200 3583 3627 3626 3594 4063 4062 4062 4062 4062 4062 4062 4062
269 1777385794 3551 3696 3668 201 3582 3625 3626 3594 4063 4063 4062 4062 4062 4062 4062 4062
270 1777385794 3552 3696 3668 201 3583 3626 3626 3594 4063 4063 4062 4062 4062 4062 4062 4062
271 1777385794 3553 3697 3669 201 3582 3627 3627 3595 4061 4061 4061 4061 4061 4061 4061 4061
272 1777385794 3552 3697 3669 201 3583 3627 3626 3595 4061 4061 4061 4061 4061 4061 4061 4061
273 1777385794 3552 3697 3669 201 3583 3627 3627 3595 4061 4061 4061 4061 4061 4061 4061 4061
274 1777385794 3552 3696 3668 200 3583 3626 3626 3594 4061 4061 4061 4061 4061 4061 4061 4061
275 1777385794 3551 3696 3668 201 3582 3626 3626 3594 4063 4063 4062 4062 4062 4062 4062 4062
276 1777385794 3552 3697 3669 202 3584 3627 3627 3595 4061 4061 4061 4061 4061 4061 4061 4061
277 1777385794 3551 3696 3668 201 3582 3626 3626 3594 4063 4061 4061 4061 4061 4061 4061 4061
278 1777385794 3552 3696 3668 201 3583 3627 3626 3594 4061 4061 4061 4061 4061 4061 4061 4061
279 1777385794 3552 3697 3669 201 3583 3626 3627 3595 4061 4061 4061 4061 4061 4061 4061 4061
280 1777385794 3552 3696 3668 200 3583 3626 3626 3594 4061 4061 4061 4061 4061 4061 4061 4061
281 1777385794 3553 3697 3669 201 3583 3627 3627 3595 4061 4061 4061 4061 4061 4061 4061 4061
282 1777385794 3553 3697 96 200 3583 3627 3627 3595 4063 4063 4062 4062 4062 4062 4062 4062
283 1777385794 3552 3697 3668 201 3582 3627 3627 3595 4063 4063 4062 4062 4062 4062 4062 4062
284 1777385794 3552 3696 3668 201 3583 3627 3627 3594 4063 4061 4061 4061 4061 4061 4061 4061
285 1777385794 3553 3697 3669 201 3584 3627 3627 3595 4061 4061 4061 4061 4061 4061 4061 4061
286 1777385794 3552 3697 3669 200 3583 3627 3627 3595 4063 4061 4061 4061 4061 4061 4061 4061
287 1777385794 3552 3696 3668 201 3582 3626 3626 3594 4063 4063 4062 4062 4062 4062 4062 4062
288 1777385794 3553 3697 3669 201 3583 3627 3627 3595 4061 4061 4061 4061 4061 4061 4061 4061
289 1777385794 3553 3697 3669 201 3583 3627 3627 3595 4061 4061 4060 4060 4060 4060 4060 4060
290 1777385794 3552 3697 3669 201 3583 3627 3626 3594 4061 4061 4061 4061 4061 4061 4061 4061
291 1777385794 3553 3697 3668 201 3583 3627 3627 3595 4063 4063 4062 4062 4062 4062 4062 4062
292 1777385794 3553 3698 3670 201 3583 3627 3627 3596 4063 4063 4062 4062 4062 4062 4062 4062
293 1777385794 3552 3697 3669 201 3583 3627 3626 3595 4061 4061 4061 4061 4061 4061 4061 4061
294 1777385794 3553 3697 3670 200 3583 3627 3627 3595 4062 4063 4062 4062 4062 4062 4062 4062
295 1777385794 3553 3697 3669 201 3584 3627 3627 3595 4061 4061 4061 4061 4061 4061 4061 4061
296 1777385794 3552 3696 3668 201 3583 3627 3627 3595 4061 4061 4061 4061 4061 4061 4061 4061
297 1777385794 3552 3697 3669 201 3583 3627 3627 3595 4063 4063 4062 4062 4062 4062 4062 4062
298 1777385794 3552 3696 3669 201 3583 3627 3628 3595 4061 4061 4061 4061 4061 4061 4061 4061
299 1777385794 3553 3697 3669 201 3583 3627 3627 3595 4061 4061 4061 4061 4061 4061 4061 4061
300 1777385794 3552 3696 3669 201 3582 3626 3626 3595 4061 4061 4061 4061 4061 4061 4061 4061
301 1777385794 3552 3697 3669 201 3584 3628 3627 3595 4063 4063 4062 4062 4062 4062 4062 4062
302 1777385794 3552 3697 3669 200 3583 3628 3627 3596 4063 4063 4062 4062 4062 4062 4062 4062
303 1777385794 3552 3697 3669 201 3582 3626 3626 3594 4063 4063 4063 4063 4063 4063 4063 4063
304 1777385794 3553 3698 3670 201 3584 3627 3627 3595 4063 4062 4062 4062 4062 4062 4062 4062
305 1777385794 3552 3696 3668 201 3583 3626 3626 3594 4063 4063 4062 4062 4062 4062 4062 4062
306 1777385794 3552 3697 3669 201 3583 3627 3627 3595 4063 4063 4062 4062 4062 4062 4062 4062
307 1777385794 3553 3697 3669 201 3583 3627 3627 3596 4063 4063 4062 4062 4062 4062 4062 4062
308 1777385794 3553 3698 3670 202 3584 3628 3627 3596 4061 4061 4061 4061 4061 4061 4061 4061
309 1777385794 3553 3697 3669 201 3584 3628 3628 3595 4063 4063 4062 4062 4062 4062 4062 4062
310 1777385802 3552 3696 3667 201 3582 3626 3625 3593 4063 4063 4062 4062 4062 4062 4062 4062
311 1777385802 3551 3696 3668 201 3581 3626 3626 3594 4061 4061 4061 4061 4061 4061 4061 4061
312 1777385802 3552 3697 3668 201 3583 3626 3627 3595 4063 4063 4062 4062 4062 4062 4062 4062
313 1777385802 3552 3697 3668 201 3583 3626 3626 3594 4061 4061 4061 4061 4061 4061 4061 4061
314 1777385802 3551 3695 3668 201 3582 3626 3626 3594 4063 4063 4062 4062 4062 4062 4062 4062
315 1777385802 3552 3697 3669 200 3583 3627 3626 3594 4063 4063 4062 4062 4062 4062 4062 4062
316 1777385802 3553 3698 3670 201 3584 3628 3628 3596 4063 4063 4062 4062 4062 4062 4062 4062
317 1777385802 3550 3695 3667 200 3581 3624 3624 3592 4061 4061 4061 4061 4061 4061 4061 4061
318 1777385802 3551 3695 3667 199 3581 3625 3625 3593 4061 4061 4061 4061 4061 4061 4061 4061
319 1777385802 3550 3694 3666 199 3580 3624 3624 3592 4063 4063 4062 4062 4062 4062 4062 4062
320 1777385802 3551 3695 3667 199 3580 3625 3625 3593 4061 4061 4061 4061 4061 4061 4061 4061
321 1777385802 3549 3694 3666 199 3579 3624 3624 3592 4061 4061 4061 4061 4061 4061 4061 4061
322 1777385802 3550 3695 3667 199 3582 3625 3625 3593 4063 4063 4062 4062 4062 4062 4062 4062
323 1777385802 3551 3695 3667 199 3581 3625 3625 3593 4063 4063 4062 4062 4062 4062 4062 4062
324 1777385802 3551 3695 3667 199 3582 3625 3625 3593 4063 4063 4063 4063 4063 4063 4063 4063
325 1777385802 3550 3695 3667 199 3581 3624 3624 3592 4061 4061 4061 4061 4061 4061 4061 4061
326 1777385802 3550 3695 3666 199 3581 3625 3625 3592 4063 4063 4062 4062 4062 4062 4062 4062
327 1777385802 3550 3695 3667 199 3581 3625 3625 3593 4061 4061 4061 4061 4061 4061 4061 4061
328 1777385802 3551 3695 3668 199 3582 3625 3626 3593 4063 4063 4062 4062 4062 4062 4062 4062
329 1777385802 3550 3694 3666 199 3581 3624 3624 3592 4063 4063 4062 4062 4062 4062 4062 4062
330 1777385802 3550 3695 3667 199 3581 3625 3625 3592 4061 4061 4061 4061 4061 4061 4061 4061
331 1777385802 3550 3695 3667 199 3581 3625 3625 3592 4061 4061 4061 4061 4061 4061 4061 4061
332 1777385802 3553 3697 3669 199 3583 3627 3627 3595 4063 4063 4062 4062 4062 4062 4062 4062
333 1777385802 3551 3696 3668 199 3581 3625 3624 3593 4063 4063 4062 4062 4062 4062 4062 4062
334 1777385802 3551 3695 3667 199 3581 3625 3625 3593 4062 4063 4062 4062 4062 4062 4062 4062
335 1777385802 3550 3694 3667 199 3581 3625 3625 3593 4061 4061 4061 4061 4061 4061 4061 4061
336 1777385802 3550 3694 3667 199 3580 3624 3624 3592 4063 4063 4062 4062 4062 4062 4062 4062
337 1777385802 3551 3695 3667 199 3581 3625 3624 3593 4063 4063 4063 4063 4063 4063 4063 4063
338 1777385803 3551 3695 3667 200 3582 3625 3625 3593 4063 4063 4062 4062 4062 4062 4062 4062
339 1777385803 3551 3696 3668 199 3582 3626 3625 3593 4063 4063 4062 4062 4062 4062 4062 4062
340 1777385803 3551 3695 3667 199 3581 3625 3625 3593 4063 4063 4062 4062 4062 4062 4062 4062
341 1777385803 3551 3695 3667 200 3581 3625 3625 3593 4061 4061 4061 4061 4061 4061 4061 4061
342 1777385803 3550 3695 3667 199 3581 3625 3624 3593 4061 4061 4061 4061 4061 4061 4061 4061
343 1777385803 3551 3696 3668 199 3581 3626 3626 3594 4063 4063 4062 4062 4062 4062 4062 4062
344 1777385803 3550 3694 3667 199 3581 3625 3625 3593 4063 4063 4062 4062 4062 4062 4062 4062
345 1777385803 3551 3695 3667 199 3581 3624 3625 3592 4063 4063 4062 4062 4062 4062 4062 4062
346 1777385803 3551 3695 3668 200 3582 3626 3625 3594 4063 4063 4062 4062 4062 4062 4062 4062
347 1777385803 3551 3695 3667 199 3581 3625 3625 3593 4061 4061 4061 4061 4061 4061 4061 4061
348 1777385803 3551 3695 3667 200 3582 3625 3625 3593 4061 4061 4061 4061 4061 4061 4061 4061
349 1777385803 3550 3695 3667 199 3581 3625 3624 3593 4063 4063 4062 4062 4062 4062 4062 4062
350 1777385803 3549 3695 3666 199 3581 3624 3624 3592 4061 4061 4061 4061 4061 4061 4061 4061
351 1777385803 3551 3695 3666 199 3581 3625 3625 3593 4063 4063 4062 4062 4062 4062 4062 4062
352 1777385803 3551 3695 3667 199 3580 3626 3625 3593 4061 4061 4061 4061 4061 4061 4061 4061
353 1777385803 3551 3695 3668 200 3582 3626 3625 3593 4063 4063 4062 4062 4062 4062 4062 4062
354 1777385803 3551 3695 3668 199 3582 3626 3625 3593 4063 4063 4062 4062 4062 4062 4062 4062
355 1777385803 3550 3695 3667 200 3581 3625 3625 3593 4063 4062 4062 4062 4062 4062 4062 4062
356 1777385803 3551 3696 3668 199 3582 3625 3625 3593 4063 4062 4062 4062 4062 4062 4062 4062
357 1777385803 3552 3696 3668 199 3582 3626 3626 3594 4061 4061 4061 4061 4061 4061 4061 4061
358 1777385803 3551 3696 3668 199 3582 3626 3625 3593 4063 4063 4062 4062 4062 4062 4062 4062
359 1777385803 3551 3696 3668 199 3581 3626 3626 3593 4057 4057 4057 4057 4057 4057 4057 4057
360 1777385803 3551 3696 3667 199 3581 3626 3625 3593 4061 4061 4061 4061 4061 4061 4061 4061
361 1777385803 3551 3696 3668 200 3581 3626 3625 3593 4061 4061 4061 4061 4061 4061 4061 4061
362 1777385803 3551 3695 3667 200 3582 3626 3626 3594 4063 4063 4062 4062 4062 4062 4062 4062
363 1777385803 3550 3695 3667 199 3581 3625 3625 3593 4061 4061 4061 4061 4061 4061 4061 4061
364 1777385803 3552 3696 3668 199 3583 3627 3627 3594 4063 4063 4063 4063 4063 4063 4063 4063
365 1777385803 3550 3695 3667 200 3582 3625 3625 3593 4063 4063 4062 4062 4062 4062 4062 4062
366 1777385803 3551 3696 3667 200 3582 3625 3625 3593 4061 4061 4061 4061 4061 4061 4061 4061
367 1777385803 3551 3696 3668 199 3581 3626 3626 3594 4063 4063 4062 4062 4062 4062 4062 4062
368 1777385803 3551 3696 3668 199 3582 3626 3626 3594 4063 4063 4062 4062 4062 4062 4062 4062
369 1777385803 3551 3696 3668 200 3581 3625 3625 3593 4061 4061 4061 4061 4061 4061 4061 4061
370 1777385803 3551 3695 3667 199 3582 3625 3625 3593 4061 4061 4061 4061 4061 4061 4061 4061
371 1777385803 3552 3696 3668 202 3581 3626 3625 3593 4061 4061 4061 4061 4061 4061 4061 4061
372 1777385803 3552 3696 3668 201 3582 3626 3626 3594 4063 4063 4062 4062 4062 4062 4062 4062
373 1777385803 3551 3696 3668 200 3582 3626 3626 3594 4061 4061 4061 4061 4061 4061 4061 4061
374 1777385803 3551 3696 3667 200 3581 3625 3625 3593 4063 4063 4062 4062 4062 4062 4062 4062
375 1777385803 3551 3695 3667 199 3581 3626 3626 3593 4061 4061 4061 4061 4061 4061 4061 4061
376 1777385803 3551 3695 3668 200 3582 3626 3627 3594 4061 4061 4061 4061 4061 4061 4061 4061
377 1777385803 3551 3696 3668 200 3582 3626 3626 3594 4063 4063 4062 4062 4062 4062 4062 4062
378 1777385803 3551 3695 3667 199 3581 3625 3625 3593 4063 4063 4062 4062 4062 4062 4062 4062
379 1777385803 3553 3697 3668 200 3583 3626 3626 3594 4063 4063 4062 4062 4062 4062 4062 4062
380 1777385803 3551 3697 3668 199 3582 3625 3625 3593 4063 4063 4062 4062 4062 4062 4062 4062
381 1777385803 3550 3695 3667 200 3581 3625 3624 3592 4063 4063 4062 4062 4062 4062 4062 4062
382 1777385803 3552 3696 3668 199 3582 3627 3626 3594 4063 4063 4062 4062 4062 4062 4062 4062
383 1777385803 3551 3695 3667 199 3581 3625 3625 3593 4061 4061 4061 4061 4061 4061 4061 4061
384 1777385803 3552 3696 3668 200 3580 3625 3625 3594 4063 4063 4062 4062 4062 4062 4062 4062
385 1777385803 3552 3696 3669 200 3583 3627 3627 3595 4061 4061 4060 4060 4060 4060 4060 4060
386 1777385803 3552 3697 3668 199 3582 3627 3626 3594 4061 4061 4061 4061 4061 4061 4061 4061
387 1777385803 3552 3696 3668 200 3583 3626 3626 3594 4061 4061 4061 4061 4061 4061 4061 4061
388 1777385803 3552 3696 3668 200 3582 3626 3626 3594 4063 4063 4062 4062 4062 4062 4062 4062
389 1777385803 3552 3697 3668 200 3583 3626 3627 3594 4063 4062 4062 4062 4062 4062 4062 4062
390 1777385803 3551 3695 3667 199 3581 3625 3625 3593 4061 4061 4060 4060 4060 4060 4060 4060
391 1777385803 3552 3697 3669 199 3583 3627 3626 3594 4061 4061 4061 4061 4061 4061 4061 4061
392 1777385803 3550 3695 3667 200 3580 3625 3624 3593 4063 4063 4062 4062 4062 4062 4062 4062
393 1777385803 3552 3697 3668 200 3582 3626 3626 3594 4061 4061 4061 4061 4061 4061 4061 4061
394 1777385803 3551 3696 3668 200 3582 3626 3626 3594 4061 4061 4061 4061 4061 4061 4061 4061
395 1777385803 3552 3697 3669 200 3583 3627 3626 3594 4063 4063 4062 4062 4062 4062 4062 4062
396 1777385803 3551 3695 3667 200 3582 3625 3625 3593 4061 4061 4061 4061 4061 4061 4061 4061
397 1777385803 3552 3696 3668 200 3583 3626 3625 3593 4063 4063 4062 4062 4062 4062 4062 4062
398 1777385803 3552 3697 3669 199 3582 3627 3627 3595 4063 4063 4062 4062 4062 4062 4062 4062
399 1777385803 3551 3696 3668 200 3581 3626 3626 3594 4061 4061 4061 4061 4061 4061 4061 4061
400 1777385803 3552 3696 3668 200 3582 3626 3626 3594 4063 4063 4062 4062 4062 4062 4062 4062
401 1777385803 3552 3696 3668 200 3583 3627 3627 3595 4061 4061 4061 4061 4061 4061 4061 4061
402 1777385803 3551 3696 3667 200 3582 3625 3625 3593 4061 4061 4061 4061 4061 4061 4061 4061
403 1777385803 3552 3697 3668 200 3583 3627 3627 3594 4061 4061 4061 4061 4061 4061 4061 4061
404 1777385804 3552 3696 3668 200 3582 3626 3626 3594 4063 4063 4062 4062 4062 4062 4062 4062
405 1777385804 3551 3696 3668 200 3583 3626 3626 3594 4063 4063 4062 4062 4062 4062 4062 4062
406 1777385804 3551 3696 3668 200 3582 3626 3626 3594 4063 4063 4062 4062 4062 4062 4062 4062
407 1777385804 3553 3697 3669 200 3583 3627 3627 3594 4063 4063 4062 4062 4062 4062 4062 4062
408 1777385804 3551 3696 3668 200 3582 3625 3626 3594 4063 4063 4062 4062 4062 4062 4062 4062
409 1777385804 3552 3696 3668 200 3582 3626 3626 3594 4063 4063 4062 4062 4062 4062 4062 4062
410 1777385804 3552 3697 3669 200 3582 3626 3626 3594 4061 4061 4061 4061 4061 4061 4061 4061
411 1777385804 3552 3696 3668 199 3583 3626 3626 3593 4061 4061 4061 4061 4061 4061 4061 4061
412 1777385804 3552 3696 3668 200 3583 3626 3626 3595 4061 4061 4061 4061 4061 4061 4061 4061
413 1777385804 3552 3696 3668 200 3582 3626 3626 3594 4063 4063 4062 4062 4062 4062 4062 4062
414 1777385804 3551 3695 3667 200 3581 3625 3625 3593 4061 4061 4061 4061 4061 4061 4061 4061
415 1777385804 3551 3696 3668 200 3581 3626 3626 3594 4063 4063 4062 4062 4062 4062 4062 4062
416 1777385804 3552 3697 3669 200 3583 3627 3627 3595 4061 4061 4061 4061 4061 4061 4061 4061
417 1777385804 3551 3696 3668 200 3582 3626 3626 3594 4061 4061 4061 4061 4061 4061 4061 4061
418 1777385804 3551 3696 3667 199 3582 3626 3625 3593 4063 4063 4063 4063 4063 4063 4063 4063
419 1777385804 3552 3696 3668 200 3583 3626 3626 3594 4063 4063 4062 4062 4062 4062 4062 4062
420 1777385804 3552 3697 3668 200 3582 3627 3626 3594 4063 4063 4062 4062 4062 4062 4062 4062
421 1777385804 3551 3696 3668 200 3582 3626 3626 3594 4061 4061 4061 4061 4061 4061 4061 4061
422 1777385804 3551 3696 3668 200 3582 3627 3627 3594 4061 4061 4061 4061 4061 4061 4061 4061
423 1777385804 3551 3696 3668 200 3583 3626 3626 3593 4061 4061 4061 4061 4061 4061 4061 4061
424 1777385804 3551 3696 3667 200 3582 3626 3626 3594 4063 4062 4062 4062 4062 4062 4062 4062
425 1777385804 3551 3696 3668 200 3582 3625 3625 3593 4061 4061 4061 4061 4061 4061 4061 4061
426 1777385804 3551 3695 3668 200 3582 3626 3626 3594 4063 4063 4062 4062 4062 4062 4062 4062
427 1777385804 3552 3696 3669 200 3583 3627 3627 3594 4063 4063 4062 4062 4062 4062 4062 4062
428 1777385804 3551 3696 3668 199 3582 3626 3626 3593 4063 4063 4062 4062 4062 4062 4062 4062
429 1777385804 3551 3695 3667 200 3581 3625 3625 3593 4061 4061 4061 4061 4061 4061 4061 4061
430 1777385804 3552 3697 3669 200 3582 3626 3626 3594 4063 4063 4062 4062 4062 4062 4062 4062
431 1777385804 3551 3696 3668 200 3582 3626 3626 3593 4063 4063 4062 4062 4062 4062 4062 4062
432 1777385804 3552 3696 3668 199 3582 3627 3626 3594 4061 4061 4061 4061 4061 4061 4061 4061
433 1777385804 3552 3696 3668 200 3582 3626 3626 3594 4061 4061 4061 4061 4061 4061 4061 4061
434 1777385804 3552 3696 3668 200 3582 3626 3626 3593 4063 4063 4062 4062 4062 4062 4062 4062
435 1777385804 3551 3695 3668 200 3582 3626 3625 3594 4063 4063 4062 4062 4062 4062 4062 4062
436 1777385804 3551 3695 3668 201 3582 3626 3626 3594 4063 4062 4062 4062 4062 4062 4062 4062
437 1777385804 3552 3696 3668 200 3583 3626 3626 3594 4063 4063 4062 4062 4062 4062 4062 4062
438 1777385804 3552 3696 3668 200 3582 3626 3625 3593 4061 4061 4061 4061 4061 4061 4061 4061
439 1777385804 3552 3697 3669 200 3583 3627 3627 3595 4063 4063 4062 4062 4062 4062 4062 4062
440 1777385804 3552 3696 3669 200 3582 3626 3626 3594 4063 4063 4062 4062 4062 4062 4062 4062
441 1777385804 3552 3696 3669 200 3583 3627 3626 3594 4063 4063 4062 4062 4062 4062 4062 4062
442 1777385804 3552 3696 3668 201 3582 3626 3625 3593 4061 4061 4061 4061 4061 4061 4061 4061
443 1777385804 3552 3698 3669 200 3583 3627 3627 3595 4061 4061 4060 4060 4060 4060 4060 4060
444 1777385804 3551 3696 3668 200 3582 3626 3625 3593 4063 4063 4062 4062 4062 4062 4062 4062
445 1777385804 3552 3696 3668 200 3582 3625 3625 3594 4061 4061 4061 4061 4061 4061 4061 4061
446 1777385804 3552 3696 3669 200 3582 3627 3627 3594 4063 4063 4062 4062 4062 4062 4062 4062
447 1777385804 3551 3695 3667 200 3581 3626 3626 3594 4063 4063 4062 4062 4062 4062 4062 4062
448 1777385804 3552 3697 3669 201 3582 3627 3627 3594 4063 4063 4062 4062 4062 4062 4062 4062
449 1777385804 3550 3696 3668 200 3581 3625 3626 3593 4063 4063 4062 4062 4062 4062 4062 4062
450 1777385804 3552 3697 3669 200 3583 3627 3627 3595 4063 4063 4062 4062 4062 4062 4062 4062
451 1777385804 3552 3697 3669 200 3583 3627 3627 3595 4063 4063 4062 4062 4062 4062 4062 4062
452 1777385804 3551 3695 3668 200 3582 3626 3626 3594 4063 4062 4062 4062 4062 4062 4062 4062
453 1777385804 3551 3696 3668 200 3582 3626 3626 3594 4063 4063 4063 4063 4063 4063 4063 4063
454 1777385804 3551 3696 3668 200 3582 3625 3626 3594 4063 4063 4062 4062 4062 4062 4062 4062
455 1777385804 3551 3696 3668 200 3582 3626 3626 3594 4063 4063 4062 4062 4062 4062 4062 4062
456 1777385804 3552 3697 3669 200 3583 3627 3627 3595 4061 4061 4061 4061 4061 4061 4061 4061
457 1777385804 3552 3696 3668 200 3583 3627 3626 3594 4063 4063 4062 4062 4062 4062 4062 4062
458 1777385804 3552 3697 3668 200 3582 3627 3627 3594 4063 4063 4062 4062 4062 4062 4062 4062
459 1777385804 3552 3696 3668 200 3582 3626 3626 3594 4063 4063 4062 4062 4062 4062 4062 4062
460 1777385804 3551 3697 3668 200 3582 3627 3626 3594 4061 4061 4061 4061 4061 4061 4061 4061
461 1777385804 3551 3695 3667 200 3582 3626 3625 3593 4063 4063 4062 4062 4062 4062 4062 4062
462 1777385804 3552 3696 3668 200 3582 3626 3626 3594 4063 4061 4061 4061 4061 4061 4061 4061
463 1777385804 3552 3697 3669 200 3583 3627 3627 3594 4063 4063 4062 4062 4062 4062 4062 4062
464 1777385804 3552 3696 3668 200 3582 3626 3626 3594 4061 4061 4061 4061 4061 4061 4061 4061
465 1777385804 3552 3697 3668 200 3583 3627 3627 3594 4061 4061 4061 4061 4061 4061 4061 4061
466 1777385804 3552 3696 3668 201 3582 3627 3626 3594 4063 4063 4062 4062 4062 4062 4062 4062
467 1777385804 3552 3697 3669 200 3584 3627 3627 3595 4063 4063 4062 4062 4062 4062 4062 4062
468 1777385804 3552 3696 3668 201 3582 3626 3626 3593 4063 4063 4062 4062 4062 4062 4062 4062
469 1777385804 3553 3697 3670 200 3583 3627 3627 3595 4063 4063 4062 4062 4062 4062 4062 4062
470 1777385804 3552 3696 3668 200 3582 3626 3626 3594 4063 4063 4062 4062 4062 4062 4062 4062
471 1777385804 3553 3696 3669 200 3583 3626 3626 3594 4061 4061 4061 4061 4061 4061 4061 4061
472 1777385804 3551 3696 3668 200 3582 3626 3626 3593 4061 4061 4061 4061 4061 4061 4061 4061
473 1777385804 3553 3697 3669 200 3583 3627 3627 3594 4063 4063 4062 4062 4062 4062 4062 4062
474 1777385804 3552 3696 3668 200 3582 3626 3626 3594 4063 4063 4062 4062 4062 4062 4062 4062
475 1777385804 3553 3697 3669 201 3583 3627 3627 3595 4063 4063 4062 4062 4062 4062 4062 4062
476 1777385804 3552 3696 3668 200 3583 3626 3626 3594 4061 4061 4061 4061 4061 4061 4061 4061
477 1777385805 3552 3697 3669 200 3583 3626 3627 3595 4061 4061 4061 4061 4061 4061 4061 4061
478 1777385805 3552 3697 3669 200 3582 3626 3626 3594 4063 4063 4062 4062 4062 4062 4062 4062
479 1777385805 3552 3697 3669 200 3583 3626 3627 3594 4061 4061 4061 4061 4061 4061 4061 4061
480 1777385805 3552 3697 3669 200 3583 3626 3626 3594 4063 4063 4062 4062 4062 4062 4062 4062
481 1777385805 3553 3697 3669 200 3583 3627 3628 3595 4061 4061 4061 4061 4061 4061 4061 4061
482 1777385805 3552 3697 3669 200 3584 3626 3627 3594 4063 4063 4062 4062 4062 4062 4062 4062
483 1777385805 3552 3696 3669 200 3583 3627 3626 3594 4065 4063 4063 4063 4063 4063 4063 4063
484 1777385805 3552 3696 3668 201 3583 3627 3627 3594 4063 4063 4062 4062 4062 4062 4062 4062
485 1777385805 3553 3697 3669 201 3583 3627 3627 3595 4063 4063 4062 4062 4062 4062 4062 4062
486 1777385805 3553 3698 3669 201 3582 3627 3627 3595 4061 4061 4060 4060 4060 4060 4060 4060
487 1777385805 3553 3698 3670 201 3584 3628 3628 3596 4061 4061 4061 4061 4061 4061 4061 4061
488 1777385805 3552 3697 3669 201 3582 3627 3627 3594 4061 4061 4061 4061 4061 4061 4061 4061
489 1777385805 3552 3697 3669 200 3583 3627 3627 3595 4061 4061 4061 4061 4061 4061 4061 4061
490 1777385805 3553 3697 3669 201 3583 3627 3627 3595 4061 4061 4061 4061 4061 4061 4061 4061
491 1777385805 3552 3697 3669 200 3584 3627 3627 3595 4061 4061 4061 4061 4061 4061 4061 4061
492 1777385805 3552 3696 3668 201 3583 3626 3626 3594 4061 4061 4061 4061 4061 4061 4061 4061
493 1777385805 3552 3696 3669 201 3583 3627 3627 3595 4063 4063 4062 4062 4062 4062 4062 4062
494 1777385805 3551 3696 3668 201 3582 3626 3626 3593 4063 4061 4061 4061 4061 4061 4061 4061
495 1777385805 3553 3697 3669 200 3584 3627 3627 3595 4063 4063 4062 4062 4062 4062 4062 4062
496 1777385805 3553 3697 3669 201 3583 3627 3627 3595 4061 4061 4060 4060 4060 4060 4060 4060
497 1777385805 3552 3696 3669 200 3583 3626 3626 3594 4061 4061 4061 4061 4061 4061 4061 4061
498 1777385805 3552 3697 3669 200 3582 3627 3627 3595 4063 4063 4062 4062 4062 4062 4062 4062
499 1777385805 3552 3697 3669 202 3583 3627 3627 3595 4063 4063 4062 4062 4062 4062 4062 4062
500 1777385805 3552 3697 3669 201 3583 3627 3627 3595 4063 4063 4062 4062 4062 4062 4062 4062
501 1777385805 3551 3695 3668 201 3582 3626 3626 3594 4063 4063 4062 4062 4062 4062 4062 4062
502 1777385805 3551 3696 3668 200 3582 3626 3626 3594 4063 4063 4062 4062 4062 4062 4062 4062
503 1777385805 3553 3697 3669 200 3583 3628 3627 3595 4063 4063 4062 4062 4062 4062 4062 4062
504 1777385805 3553 3697 3670 200 3584 3627 3627 3595 4061 4061 4061 4061 4061 4061 4061 4061
505 1777385805 3552 3697 3668 200 3583 3627 3627 3595 4061 4061 4061 4061 4061 4061 4061 4061
506 1777385805 3552 3696 3668 200 3582 3627 3627 3595 4063 4063 4062 4062 4062 4062 4062 4062
507 1777385805 3552 3698 3669 200 3583 3627 3627 3595 4063 4063 4062 4062 4062 4062 4062 4062
508 1777385805 3553 3698 3670 201 3584 3628 3627 3595 4063 4063 4062 4062 4062 4062 4062 4062
509 1777385805 3552 3697 3669 200 3583 3627 3627 3596 4061 4061 4061 4061 4061 4061 4061 4061
510 1777385805 3553 3697 3669 200 3582 3627 3627 3595 4063 4063 4062 4062 4062 4062 4062 4062
511 1777385805 3552 3697 3669 201 3581 3627 3627 3595 4061 4061 4061 4061 4061 4061 4061 4061
512 1777385805 3552 3697 3669 201 3583 3626 3627 3594 4061 4061 4061 4061 4061 4061 4061 4061
513 1777385805 3553 3698 3669 200 3583 3627 3627 3595 4061 4061 4061 4061 4061 4061 4061 4061
514 1777385805 3553 3697 3669 201 3583 3627 3627 3595 4063 4063 4062 4062 4062 4062 4062 4062
515 1777385805 3553 3698 3670 201 3584 3628 3628 3596 4061 4061 4061 4061 4061 4061 4061 4061
516 1777385805 3552 3697 3669 201 3583 3627 3627 3595 4063 4063 4063 4063 4063 4063 4063 4063
517 1777385805 3553 3697 3669 201 3583 3627 3627 3595 4063 4063 4062 4062 4062 4062 4062 4062
518 1777385805 3552 3697 3669 201 3583 3627 3627 3595 4063 4063 4062 4062 4062 4062 4062 4062
519 1777385805 3552 3697 3668 200 3583 3626 3627 3594 4063 4063 4062 4062 4062 4062 4062 4062
520 1777385805 3554 3698 3669 200 3584 3627 3627 3595 4061 4061 4061 4061 4061 4061 4061 4061
521 1777385805 3552 3697 3669 200 3583 3627 3627 3595 4063 4063 4062 4062 4062 4062 4062 4062
522 1777385805 3552 3697 3669 201 3583 3628 3628 3596 4061 4061 4061 4061 4061 4061 4061 4061
523 1777385805 3551 3695 3667 201 3581 3625 3625 3593 4063 4063 4062 4062 4062 4062 4062 4062
524 1777385805 3552 3697 3669 201 3583 3626 3627 3594 4061 4061 4061 4061 4061 4061 4061 4061
525 1777385805 3553 3697 3669 201 3583 3627 3627 3595 4063 4063 4062 4062 4062 4062 4062 4062
526 1777385805 3553 3697 3670 201 3584 3628 3628 3596 4063 4063 4062 4062 4062 4062 4062 4062
527 1777385805 3552 3697 3669 201 3583 3627 3627 3595 4063 4063 4062 4062 4062 4062 4062 4062
528 1777385805 3553 3698 3669 201 3584 3628 3628 3596 4063 4063 4062 4062 4062 4062 4062 4062
529 1777385805 3552 3696 3668 201 3582 3626 3627 3595 4063 4063 4062 4062 4062 4062 4062 4062
530 1777385805 3552 3697 3669 201 3584 3627 3627 3595 4061 4061 4061 4061 4061 4061 4061 4061
531 1777385805 3553 3698 3669 201 3583 3627 3627 3595 4061 4061 4061 4061 4061 4061 4061 4061
532 1777385805 3551 3696 3668 201 3582 3626 3626 3594 4061 4061 4061 4061 4061 4061 4061 4061
533 1777385805 3553 3697 3669 201 3583 3627 3627 3596 4063 4063 4062 4062 4062 4062 4062 4062
534 1777385805 3552 3696 3669 201 3583 3627 3627 3595 4063 4063 4062 4062 4062 4062 4062 4062
535 1777385805 3552 3697 3668 201 3583 3626 3626 3594 4061 4061 4061 4061 4061 4061 4061 4061
536 1777385805 3553 3697 3669 201 3583 3627 3627 3595 4063 4063 4062 4062 4062 4062 4062 4062
537 1777385805 3552 3696 3668 200 3583 3627 3626 3594 4063 4063 4062 4062 4062 4062 4062 4062
538 1777385805 3553 3697 3669 201 3583 3627 3627 3595 4063 4063 4062 4062 4062 4062 4062 4062
539 1777385805 3551 3696 3668 201 3583 3627 3626 3594 4063 4063 4062 4062 4062 4062 4062 4062
540 1777385805 3553 3697 3669 201 3584 3627 3626 3595 4061 4061 4061 4061 4061 4061 4061 4061
541 1777385805 3552 3697 3669 200 3583 3627 3627 3595 4061 4061 4061 4061 4061 4061 4061 4061
542 1777385805 3553 3697 3669 201 3582 3627 3627 3595 4061 4061 4061 4061 4061 4061 4061 4061
543 1777385805 3553 3697 3669 201 3583 3627 3626 3594 4061 4061 4061 4061 4061 4061 4061 4061
544 1777385805 3553 3698 3670 201 3584 3627 3627 3595 4061 4061 4061 4061 4061 4061 4061 4061
545 1777385805 3553 3699 3670 201 3585 3628 3628 3596 4061 4061 4061 4061 4061 4061 4061 4061
546 1777385805 3552 3697 3669 201 3582 3627 3626 3595 4065 4063 4063 4063 4063 4063 4063 4063
547 1777385805 3552 3697 3669 200 3583 3627 3627 3594 4063 4063 4062 4062 4062 4062 4062 4062
548 1777385805 3553 3697 3669 201 3584 3627 3627 3595 4061 4061 4060 4060 4060 4060 4060 4060
549 1777385806 3553 3698 3669 200 3583 3627 3627 3595 4061 4061 4061 4061 4061 4061 4061 4061
550 1777385806 3553 3697 3669 201 3584 3627 3627 3595 4063 4063 4062 4062 4062 4062 4062 4062
551 1777385806 3552 3696 3668 201 3583 3627 3627 3595 4061 4061 4061 4061 4061 4061 4061 4061
552 1777385806 3552 3696 3669 201 3583 3626 3626 3594 4061 4061 4061 4061 4061 4061 4061 4061
553 1777385806 3554 3698 3670 201 3584 3628 3628 3595 4063 4063 4062 4062 4062 4062 4062 4062
554 1777385806 3553 3697 3669 201 3583 3627 3627 3595 4061 4061 4061 4061 4061 4061 4061 4061
555 1777385806 3552 3697 3669 201 3583 3626 3626 3595 4063 4063 4063 4063 4063 4063 4063 4063
556 1777385806 3553 3697 3670 201 3584 3627 3627 3596 4063 4063 4062 4062 4062 4062 4062 4062
557 1777385806 3553 3697 3669 201 3583 3628 3627 3595 4061 4061 4061 4061 4061 4061 4061 4061
558 1777385806 3552 3697 3668 201 3583 3627 3627 3595 4063 4063 4062 4062 4062 4062 4062 4062
559 1777385806 3553 3697 3669 202 3583 3627 3628 3596 4061 4061 4061 4061 4061 4061 4061 4061
560 1777385806 3552 3696 3669 201 3583 3626 3626 3594 4063 4063 4062 4062 4062 4062 4062 4062
561 1777385806 3554 3699 3671 201 3585 3628 3628 3596 4063 4063 4062 4062 4062 4062 4062 4062
562 1777385806 3552 3697 3668 201 3582 3627 3627 3595 4063 4063 4062 4062 4062 4062 4062 4062
563 1777385806 3552 3697 3669 202 3583 3627 3627 3595 4063 4063 4062 4062 4062 4062 4062 4062
564 1777385806 3553 3697 3669 201 3583 3627 3626 3594 4063 4063 4062 4062 4062 4062 4062 4062
565 1777385806 3553 3698 3670 201 3583 3628 3628 3596 4061 4061 4060 4060 4060 4060 4060 4060
566 1777385806 3552 3697 3669 201 3583 3627 3627 3595 4061 4061 4061 4061 4061 4061 4061 4061
567 1777385806 3553 3697 3670 201 3583 3627 3627 3595 4063 4063 4062 4062 4062 4062 4062 4062
568 1777385806 3553 3697 3670 201 3584 3628 3627 3596 4061 4061 4061 4061 4061 4061 4061 4061
569 1777385806 3553 3698 3670 201 3584 3627 3627 3595 4063 4063 4062 4062 4062 4062 4062 4062
570 1777385806 3553 3698 3670 201 3585 3628 3628 3596 4061 4061 4061 4061 4061 4061 4061 4061
571 1777385806 3553 3698 3669 202 3583 3627 3627 3595 4061 4061 4061 4061 4061 4061 4061 4061
572 1777385806 3552 3697 3669 201 3583 3627 3627 3595 4063 4063 4062 4062 4062 4062 4062 4062
573 1777385806 3550 3695 3667 199 3581 3625 3625 3593 4061 4061 4061 4061 4061 4061 4061 4061
574 1777385806 3551 3696 3668 199 3581 3625 3626 3593 4059 4059 4059 4059 4059 4059 4059 4059
575 1777385806 3552 3695 3668 199 3581 3626 3625 3594 4063 4063 4062 4062 4062 4062 4062 4062
576 1777385806 3550 3695 3667 199 3580 3625 3625 3593 4061 4061 4061 4061 4061 4061 4061 4061
577 1777385806 3551 3695 3668 199 3581 3625 3625 3593 4061 4061 4061 4061 4061 4061 4061 4061
578 1777385806 3551 3696 3667 199 3582 3625 3625 3593 4063 4063 4062 4062 4062 4062 4062 4062
579 1777385806 3551 3696 3668 199 3582 3626 3626 3593 4063 4063 4062 4062 4062 4062 4062 4062
580 1777385806 3552 3696 3668 199 3582 3626 3626 3594 4063 4063 4062 4062 4062 4062 4062 4062
581 1777385806 3551 3695 3667 200 3581 3625 3625 3593 4063 4063 4062 4062 4062 4062 4062 4062
582 1777385806 3551 3696 3668 200 3582 3626 3626 3594 4061 4061 4061 4061 4061 4061 4061 4061
583 1777385806 3551 3696 3668 200 3581 3625 3626 3594 4061 4061 4061 4061 4061 4061 4061 4061
584 1777385806 3551 3696 3667 199 3582 3626 3625 3593 4063 4061 4061 4061 4061 4061 4061 4061
585 1777385806 3550 3695 3667 200 3581 3625 3625 3593 4063 4061 4061 4061 4061 4061 4061 4061
586 1777385806 3551 3695 3668 199 3582 3625 3625 3593 4063 4063 4062 4062 4062 4062 4062 4062
587 1777385806 3552 3696 3668 199 3582 3626 3626 3594 4061 4061 4061 4061 4061 4061 4061 4061
588 1777385806 3551 3694 3667 199 3582 3625 3625 3593 4063 4062 4062 4062 4062 4062 4062 4062
589 1777385806 3551 3696 3668 200 3582 3626 3625 3593 4063 4063 4062 4062 4062 4062 4062 4062
590 1777385806 3551 3695 3667 199 3581 3625 3625 3593 4061 4061 4061 4061 4061 4061 4061 4061
591 1777385806 3551 3696 3668 200 3581 3626 3625 3594 4063 4063 4062 4062 4062 4062 4062 4062
592 1777385806 3552 3696 3668 199 3583 3626 3626 3594 4061 4061 4061 4061 4061 4061 4061 4061
593 1777385806 3551 3696 3668 199 3582 3626 3625 3594 4063 4063 4062 4062 4062 4062 4062 4062
594 1777385806 3551 3696 3668 199 3582 3626 3626 3594 4063 4063 4062 4062 4062 4062 4062 4062
595 1777385806 3552 3696 3668 200 3582 3625 3626 3594 4061 4061 4061 4061 4061 4061 4061 4061
596 1777385806 3552 3696 3668 199 3582 3625 3626 3593 4063 4063 4062 4062 4062 4062 4062 4062
597 1777385806 3550 3695 3667 200 3582 3625 3625 3593 4063 4061 4061 4061 4061 4061 4061 4061
598 1777385806 3551 3696 3668 200 3582 3626 3626 3594 4063 4063 4062 4062 4062 4062 4062 4062
599 1777385806 3551 3695 3667 199 3581 3625 3625 3593 4061 4061 4061 4061 4061 4061 4061 4061
600 1777385806 3551 3696 3668 199 3582 3626 3626 3594 4063 4063 4062 4062 4062 4062 4062 4062
601 1777385806 3551 3696 3668 200 3582 3626 3626 3594 4063 4063 4062 4062 4062 4062 4062 4062
602 1777385806 3551 3695 3667 200 3582 3625 3625 3593 4061 4061 4061 4061 4061 4061 4061 4061
603 1777385806 3550 3695 3667 199 3582 3626 3625 3594 4061 4061 4061 4061 4061 4061 4061 4061
604 1777385806 3551 3696 3668 199 3582 3625 3626 3594 4063 4063 4062 4062 4062 4062 4062 4062
605 1777385806 3552 3696 3668 200 3582 3626 3626 3594 4061 4061 4061 4061 4061 4061 4061 4061
606 1777385806 3551 3696 3667 199 3581 3625 3626 3593 4063 4062 4062 4062 4062 4062 4062 4062
607 1777385806 3551 3696 3667 199 3581 3626 3626 3594 4063 4063 4062 4062 4062 4062 4062 4062
608 1777385806 3551 3695 3667 199 3580 3626 3625 3593 4061 4061 4061 4061 4061 4061 4061 4061
609 1777385806 3552 3696 3668 200 3582 3626 3626 3594 4061 4061 4061 4061 4061 4061 4061 4061
610 1777385806 3551 3696 3667 199 3582 3626 3626 3594 4063 4063 4062 4062 4062 4062 4062 4062
611 1777385806 3552 3697 3669 200 3583 3626 3626 3595 4061 4061 4061 4061 4061 4061 4061 4061
612 1777385806 3552 3697 3669 200 3583 3627 3626 3594 4061 4061 4061 4061 4061 4061 4061 4061
613 1777385806 3552 3696 3668 200 3583 3626 3626 3594 4061 4061 4061 4061 4061 4061 4061 4061
614 1777385806 3551 3696 3668 199 3582 3626 3626 3594 4061 4061 4061 4061 4061 4061 4061 4061
615 1777385806 3551 3696 3668 199 3581 3625 3625 3593 4061 4061 4061 4061 4061 4061 4061 4061
616 1777385806 3552 3697 3668 199 3582 3627 3626 3594 4063 4063 4062 4062 4062 4062 4062 4062
617 1777385807 3551 3695 3667 200 3582 3626 3626 3593 4061 4061 4061 4061 4061 4061 4061 4061
618 1777385807 3551 3695 3667 200 3582 3626 3625 3593 4061 4061 4061 4061 4061 4061 4061 4061
619 1777385807 3552 3697 3669 199 3583 3626 3626 3594 4061 4061 4061 4061 4061 4061 4061 4061
620 1777385807 3551 3696 3668 201 3582 3626 3626 3594 4063 4063 4062 4062 4062 4062 4062 4062
621 1777385807 3551 3695 3668 200 3582 3626 3626 3593 4059 4059 4059 4059 4059 4059 4059 4059
622 1777385807 3552 3696 3668 199 3582 3627 3626 3594 4063 4063 4062 4062 4062 4062 4062 4062
623 1777385807 3551 3696 3668 199 3581 3626 3626 3594 4063 4063 4062 4062 4062 4062 4062 4062
624 1777385807 3552 3696 3667 199 3582 3626 3626 3594 4061 4061 4061 4061 4061 4061 4061 4061
625 1777385807 3551 3696 3667 199 3581 3625 3625 3594 4063 4063 4062 4062 4062 4062 4062 4062
626 1777385807 3552 3696 3668 199 3582 3626 3626 3594 4063 4063 4062 4062 4062 4062 4062 4062
627 1777385807 3552 3697 3669 199 3583 3626 3626 3594 4063 4063 4062 4062 4062 4062 4062 4062
628 1777385807 3552 3696 3669 201 3583 3627 3626 3595 4061 4061 4061 4061 4061 4061 4061 4061
629 1777385807 3552 3697 3669 200 3583 3627 3626 3594 4061 4061 4061 4061 4061 4061 4061 4061
630 1777385807 3552 3696 3668 199 3582 3627 3626 3595 4061 4061 4061 4061 4061 4061 4061 4061
631 1777385807 3551 3696 3668 200 3582 3626 3626 3594 4063 4063 4062 4062 4062 4062 4062 4062
632 1777385807 3551 3696 3668 199 3582 3626 3626 3594 4063 4063 4062 4062 4062 4062 4062 4062
633 1777385807 3551 3696 3668 200 3582 3626 3626 3593 4057 4057 4057 4057 4057 4057 4057 4057
634 1777385807 3551 3695 3667 200 3581 3625 3625 3593 4063 4063 4062 4062 4062 4062 4062 4062
635 1777385807 3551 3695 3668 199 3582 3625 3625 3594 4061 4061 4061 4061 4061 4061 4061 4061
636 1777385807 3551 3696 3668 199 3583 3627 3627 3594 4063 4063 4062 4062 4062 4062 4062 4062
637 1777385807 3551 3696 3668 200 3582 3625 3625 3593 4061 4061 4061 4061 4061 4061 4061 4061
638 1777385807 3552 3696 3669 200 3582 1527 3626 3595 4061 4061 4061 4061 4061 4061 4061 4061
639 1777385807 3550 3696 3667 200 3581 3625 3625 3593 4063 4062 4062 4062 4062 4062 4062 4062
640 1777385807 3552 3697 3669 199 3583 3627 3627 3594 4061 4061 4061 4061 4061 4061 4061 4061
641 1777385807 3550 3695 3667 200 3581 3625 3624 3592 4063 4063 4062 4062 4062 4062 4062 4062
642 1777385807 3552 3697 3669 199 3582 3627 3626 3595 4063 4063 4062 4062 4062 4062 4062 4062
643 1777385807 3552 3696 3668 200 3582 3626 3626 3594 4063 4063 4062 4062 4062 4062 4062 4062
644 1777385807 3552 3697 3669 200 3583 3627 3626 3594 4061 4061 4061 4061 4061 4061 4061 4061
645 1777385807 3552 3696 3668 200 3582 3626 3626 3594 4063 4063 4062 4062 4062 4062 4062 4062
646 1777385807 3551 3696 3669 200 3582 3626 3626 3594 4061 4061 4060 4060 4060 4060 4060 4060
647 1777385807 3552 3696 3668 200 3581 3626 3626 3593 4061 4061 4061 4061 4061 4061 4061 4061
648 1777385807 3552 3697 3668 199 3582 3627 3626 3594 4063 4063 4062 4062 4062 4062 4062 4062
649 1777385807 3552 3696 3668 200 3582 3626 3626 3594 4063 4063 4062 4062 4062 4062 4062 4062
650 1777385807 3551 3696 3668 199 3582 3626 3626 3594 4061 4061 4061 4061 4061 4061 4061 4061
651 1777385807 3551 3696 3668 199 3582 3626 3626 3594 4061 4061 4061 4061 4061 4061 4061 4061
652 1777385807 3551 3695 3668 199 3582 3626 3626 3594 4063 4063 4062 4062 4062 4062 4062 4062
653 1777385807 3551 3696 3667 200 3582 3626 3626 3593 4063 4063 4062 4062 4062 4062 4062 4062
654 1777385807 3550 3695 3667 200 3581 3625 3625 3593 4063 4063 4062 4062 4062 4062 4062 4062
655 1777385807 3552 3696 3668 199 3581 3626 3626 3593 4063 4063 4062 4062 4062 4062 4062 4062
656 1777385807 3551 3695 3667 200 3582 3625 3625 3593 4061 4061 4061 4061 4061 4061 4061 4061
657 1777385807 3552 3696 3668 200 3582 3625 3625 3594 4061 4061 4061 4061 4061 4061 4061 4061
658 1777385807 3552 3696 3667 199 3582 3626 3625 3594 4063 4063 4062 4062 4062 4062 4062 4062
659 1777385807 3552 3697 3669 200 3583 3626 3627 3594 4061 4061 4061 4061 4061 4061 4061 4061
660 1777385807 3551 3696 3668 201 3582 3626 3626 3594 4063 4063 4062 4062 4062 4062 4062 4062
661 1777385807 3552 3696 3668 200 3582 3626 3625 3593 4063 4061 4061 4061 4061 4061 4061 4061
662 1777385807 3551 3696 3668 199 3582 3626 3626 3594 4063 4063 4062 4062 4062 4062 4062 4062
663 1777385807 3552 3696 3668 200 3583 3626 3626 3594 4063 4061 4061 4061 4061 4061 4061 4061
664 1777385807 3551 3696 3668 200 3582 3626 3626 3594 4063 4063 4062 4062 4062 4062 4062 4062
665 1777385807 3552 3696 3668 200 3583 3627 3627 3594 4061 4061 4061 4061 4061 4061 4061 4061
666 1777385807 3551 3695 3667 200 3581 3625 3625 3593 4063 4063 4062 4062 4062 4062 4062 4062
667 1777385807 3552 3697 3668 200 3583 3626 3626 3594 4063 4063 4062 4062 4062 4062 4062 4062
668 1777385807 3551 3697 3669 200 3583 3626 3626 3594 4061 4061 4061 4061 4061 4061 4061 4061
669 1777385807 3550 3695 3667 200 3581 3625 3625 3593 4061 4061 4061 4061 4061 4061 4061 4061
670 1777385807 3551 3695 3668 199 3582 3626 3626 3594 4061 4061 4061 4061 4061 4061 4061 4061
671 1777385807 3551 3696 3668 199 3581 3626 3626 3594 4061 4061 4061 4061 4061 4061 4061 4061
672 1777385807 3552 3697 3669 200 3583 3627 3627 3594 4061 4061 4061 4061 4061 4061 4061 4061
673 1777385807 3551 3695 3668 200 3581 3625 3625 3594 4063 4063 4062 4062 4062 4062 4062 4062
674 1777385807 3551 3696 3668 199 3582 3626 3626 3594 4061 4061 4061 4061 4061 4061 4061 4061
675 1777385807 3551 3696 3668 200 3582 3626 3625 3593 4063 4063 4063 4063 4063 4063 4063 4063
676 1777385807 3551 3696 3668 201 3582 3626 3626 3594 4061 4061 4061 4061 4061 4061 4061 4061
677 1777385807 3553 3698 3669 200 3583 3627 3627 3595 4063 4063 4062 4062 4062 4062 4062 4062
678 1777385807 3552 3697 3669 200 3582 3626 3626 3594 4061 4061 4061 4061 4061 4061 4061 4061
679 1777385807 3551 3696 3668 200 3583 3626 3626 3594 4059 4059 4058 4058 4058 4058 4058 4058
680 1777385807 3552 3696 3668 200 3582 3626 3626 3594 4061 4061 4061 4061 4061 4061 4061 4061
681 1777385807 3552 3696 3668 200 3583 3627 3627 3594 4061 4061 4061 4061 4061 4061 4061 4061
682 1777385807 3551 3696 3668 200 3582 3626 3626 3593 4061 4061 4061 4061 4061 4061 4061 4061
683 1777385807 3553 3698 3670 199 3583 3627 3627 3595 4063 4063 4062 4062 4062 4062 4062 4062
684 1777385808 3552 3697 3668 200 3583 3627 3627 3595 4063 4063 4062 4062 4062 4062 4062 4062
685 1777385808 3552 3697 3668 200 3583 3627 3627 3595 4061 4061 4061 4061 4061 4061 4061 4061
686 1777385808 3551 3695 3668 200 3582 3626 3626 3593 4063 4063 4062 4062 4062 4062 4062 4062
687 1777385808 3552 3696 3668 200 3583 3627 3626 3594 4063 4063 4062 4062 4062 4062 4062 4062
688 1777385808 3552 3697 3669 200 3583 3627 3627 3595 4061 4061 4061 4061 4061 4061 4061 4061
689 1777385808 3552 3697 3669 200 3583 3626 3627 3594 4063 4063 4062 4062 4062 4062 4062 4062
690 1777385808 3552 3697 3669 200 3583 3627 3627 3594 4063 4063 4062 4062 4062 4062 4062 4062
691 1777385808 3553 3697 3669 200 3583 3627 3627 3595 4061 4061 4061 4061 4061 4061 4061 4061
692 1777385808 3552 3696 3668 200 3582 3626 3626 3594 4061 4061 4061 4061 4061 4061 4061 4061
693 1777385808 3552 3696 3668 200 3583 3627 3626 3594 4063 4063 4062 4062 4062 4062 4062 4062
694 1777385808 3551 3696 3668 200 3582 3627 3626 3594 4063 4063 4063 4063 4063 4063 4063 4063
695 1777385808 3552 3697 3669 200 3583 3627 3626 3595 4061 4061 4061 4061 4061 4061 4061 4061
696 1777385808 3552 3696 3668 200 3582 3627 3626 3595 4063 4063 4062 4062 4062 4062 4062 4062
697 1777385808 3552 3697 3668 200 3583 3626 3626 3594 4061 4061 4060 4060 4060 4060 4060 4060
698 1777385808 3552 3697 3669 200 3582 3626 3626 3594 4063 4063 4062 4062 4062 4062 4062 4062
699 1777385808 3551 3696 3667 200 3581 3625 3625 3593 4063 4063 4062 4062 4062 4062 4062 4062
700 1777385808 3553 3697 3669 200 3583 3627 3626 3594 4061 4061 4061 4061 4061 4061 4061 4061
701 1777385808 3552 3696 3668 200 3583 3627 3626 3594 4061 4061 4061 4061 4061 4061 4061 4061
702 1777385808 3552 3697 3669 199 3582 3626 3626 3594 4063 4063 4062 4062 4062 4062 4062 4062
703 1777385808 3552 3697 3669 200 3581 3627 3627 3594 4063 4063 4062 4062 4062 4062 4062 4062
704 1777385808 3552 3697 3669 200 3583 3627 3626 3595 4063 4063 4062 4062 4062 4062 4062 4062
705 1777385808 3552 3696 3669 200 3583 3627 3627 3595 4061 4061 4061 4061 4061 4061 4061 4061
706 1777385808 3552 3696 3668 200 3582 3626 3626 3594 4063 4063 4062 4062 4062 4062 4062 4062
707 1777385808 3552 3696 3668 200 3583 3626 3626 3594 4061 4061 4060 4060 4060 4060 4060 4060
708 1777385808 3552 3697 3670 200 3584 3627 3627 3595 4063 4063 4062 4062 4062 4062 4062 4062
709 1777385808 3551 3696 3668 200 3583 3627 3627 3594 4063 4063 4062 4062 4062 4062 4062 4062
710 1777385808 3553 3697 3669 200 3583 3627 3626 3595 4061 4061 4061 4061 4061 4061 4061 4061
711 1777385808 3552 3697 3669 200 3583 3626 3627 3595 4063 4063 4063 4063 4063 4063 4063 4063
712 1777385808 3552 3696 3668 200 3583 3627 3626 3595 4061 4061 4061 4061 4061 4061 4061 4061
713 1777385808 3552 3697 3669 200 3583 3627 3627 3595 4063 4063 4062 4062 4062 4062 4062 4062
714 1777385808 3552 3697 3669 201 3583 3627 3626 3595 4063 4063 4062 4062 4062 4062 4062 4062
715 1777385808 3552 3696 3668 201 3583 3627 3626 3594 4063 4063 4062 4062 4062 4062 4062 4062
716 1777385808 3551 3697 3668 200 3582 3626 3625 3594 4061 4061 4061 4061 4061 4061 4061 4061
717 1777385808 3552 3696 3668 200 3583 3626 3626 3594 4059 4059 4059 4059 4059 4059 4059 4059
718 1777385808 3552 3696 3669 199 3582 3627 3626 3594 4061 4061 4061 4061 4061 4061 4061 4061
719 1777385808 3552 3697 3669 200 3583 3627 3626 3594 4061 4060 4060 4060 4060 4060 4060 4060
720 1777385808 3553 3698 3670 200 3584 3627 3627 3595 4061 4061 4061 4061 4061 4061 4061 4061
721 1777385808 3552 3697 3668 200 3582 3626 3625 3594 4061 4061 4061 4061 4061 4061 4061 4061
722 1777385808 3552 3697 3669 200 3583 3627 3627 3595 4063 4063 4062 4062 4062 4062 4062 4062
723 1777385808 3553 3698 3669 200 3584 3628 3628 3595 4063 4063 4062 4062 4062 4062 4062 4062
724 1777385808 3552 3696 3668 201 3582 3626 3627 3594 4061 4061 4061 4061 4061 4061 4061 4061
725 1777385808 3553 3697 3669 200 3583 3627 3627 3595 4061 4061 4061 4061 4061 4061 4061 4061
726 1777385808 3552 3696 3668 200 3582 3626 3626 3594 4061 4061 4061 4061 4061 4061 4061 4061
727 1777385808 3552 3697 3669 200 3583 3626 3626 3594 4061 4061 4061 4061 4061 4061 4061 4061
728 1777385808 3553 3697 3669 201 3584 3627 3627 3595 4063 4063 4062 4062 4062 4062 4062 4062
729 1777385808 3552 3697 3669 200 3583 3627 3627 3595 4063 4063 4063 4063 4063 4063 4063 4063
730 1777385808 3552 3697 3668 200 3582 3626 3626 3594 4061 4061 4061 4061 4061 4061 4061 4061
731 1777385808 3552 3696 3669 200 3583 3627 3627 3594 4061 4061 4061 4061 4061 4061 4061 4061
732 1777385808 3553 3698 3670 200 3584 3628 3628 3596 4063 4063 4062 4062 4062 4062 4062 4062
733 1777385808 3553 3697 3670 200 3583 3628 3627 3595 4061 4061 4061 4061 4061 4061 4061 4061
734 1777385808 3552 3696 3668 200 3582 3626 3626 3594 4061 4061 4061 4061 4061 4061 4061 4061
735 1777385808 3552 3697 3669 200 3583 3627 3627 3594 4061 4061 4061 4061 4061 4061 4061 4061
736 1777385808 3552 3696 3669 200 3582 3626 3626 3594 4063 4063 4062 4062 4062 4062 4062 4062
737 1777385808 3553 3697 3669 200 3583 3627 3627 3595 4061 4061 4061 4061 4061 4061 4061 4061
738 1777385808 3554 3698 3670 200 3584 3628 3627 3596 4061 4061 4061 4061 4061 4061 4061 4061
739 1777385808 3551 3696 3667 200 3581 3625 3625 3593 4063 4063 4062 4062 4062 4062 4062 4062
740 1777385808 3552 3697 3669 201 3583 3627 3627 3594 4063 4063 4062 4062 4062 4062 4062 4062
741 1777385808 3552 3696 3668 200 3582 3626 3626 3594 4061 4061 4061 4061 4061 4061 4061 4061
742 1777385808 3552 3696 3669 200 3582 3626 3626 3593 4061 4061 4061 4061 4061 4061 4061 4061
743 1777385808 3552 3697 3669 201 3582 3626 3626 3594 4061 4061 4061 4061 4061 4061 4061 4061
744 1777385809 3552 3696 3669 200 3584 3628 3627 3595 4061 4061 4061 4061 4061 4061 4061 4061
745 1777385809 3552 3696 3668 200 3583 3627 3626 3594 4063 4063 4062 4062 4062 4062 4062 4062
746 1777385809 3553 3697 3670 200 3584 3627 3627 3595 4061 4061 4061 4061 4061 4061 4061 4061
747 1777385809 3552 3697 3669 201 3583 3627 3626 3594 4061 4061 4060 4060 4060 4060 4060 4060
748 1777385809 3552 3697 3669 200 3583 3627 3626 3594 4063 4063 4062 4062 4062 4062 4062 4062
749 1777385809 3552 3696 3668 200 3583 3626 3626 3594 4061 4061 4061 4061 4061 4061 4061 4061
750 1777385809 3552 3696 3669 200 3582 3627 3627 3595 4061 4061 4061 4061 4061 4061 4061 4061
751 1777385809 3552 3696 3668 200 3583 3627 3626 3594 4061 4061 4061 4061 4061 4061 4061 4061
752 1777385816 3551 3696 3668 200 3582 3625 3626 3593 4061 4061 4061 4061 4061 4061 4061 4061
753 1777385816 3551 3695 3667 200 3582 3626 3626 3594 4063 4063 4062 4062 4062 4062 4062 4062
754 1777385816 3552 3697 3669 202 3583 3627 3627 3595 4061 4061 4061 4061 4061 4061 4061 4061
755 1777385817 3553 3698 3669 201 3584 3627 3627 3595 4061 4061 4061 4061 4061 4061 4061 4061
756 1777385817 3553 3697 3670 200 3583 3627 3627 3595 4061 4061 4061 4061 4061 4061 4061 4061
757 1777385817 3551 3695 3667 200 3582 3626 3626 3593 4063 4063 4063 4063 4063 4063 4063 4063
758 1777385817 3552 3697 3669 200 3583 3627 3627 3595 4063 4063 4063 4063 4063 4063 4063 4063
759 1777385817 3552 3696 3668 201 3582 3626 3626 3594 4061 4061 4061 4061 4061 4061 4061 4061
760 1777385817 3552 3696 3668 200 3583 3626 3626 3594 4063 4063 4062 4062 4062 4062 4062 4062
761 1777385817 3552 3696 3669 201 3583 3627 3627 3595 4063 4063 4062 4062 4062 4062 4062 4062
762 1777385817 3552 3696 3668 201 3581 3626 3626 3593 4063 4063 4062 4062 4062 4062 4062 4062
763 1777385817 3552 3696 3668 201 3583 3627 3626 3594 4061 4061 4061 4061 4061 4061 4061 4061
764 1777385817 3551 3696 3668 200 3582 3626 3625 3594 4063 4063 4062 4062 4062 4062 4062 4062
765 1777385817 3551 3696 3668 200 3582 3626 3626 3594 4063 4063 4062 4062 4062 4062 4062 4062
766 1777385817 3552 3697 3669 201 3581 3627 3627 3595 4061 4061 4061 4061 4061 4061 4061 4061
767 1777385817 3552 3697 3669 201 3584 3627 3627 3595 4061 4061 4061 4061 4061 4061 4061 4061
768 1777385817 3552 3696 3668 201 3583 3627 3627 3595 4061 4061 4061 4061 4061 4061 4061 4061
769 1777385817 3552 3696 3668 200 3582 3627 3627 3595 4063 4063 4062 4062 4062 4062 4062 4062
770 1777385817 3552 3696 3668 200 3582 3626 3626 3594 4063 4063 4063 4063 4063 4063 4063 4063
771 1777385817 3552 3697 3669 201 3582 3626 3627 3595 4063 4063 4062 4062 4062 4062 4062 4062
772 1777385817 3553 3698 3670 201 3583 3628 3627 3596 4061 4061 4061 4061 4061 4061 4061 4061
773 1777385817 3551 3696 3668 201 3582 3627 3626 3594 4061 4061 4061 4061 4061 4061 4061 4061
774 1777385817 3552 3696 3668 201 3582 3626 3626 3594 4061 4061 4061 4061 4061 4061 4061 4061
775 1777385817 3553 3697 3669 200 3583 3627 3627 3595 4061 4061 4061 4061 4061 4061 4061 4061
776 1777385817 3553 3698 3670 200 3583 3628 3628 3596 4061 4061 4061 4061 4061 4061 4061 4061
777 1777385817 3552 3697 3669 201 3582 3627 3627 3595 4063 4063 4062 4062 4062 4062 4062 4062
778 1777385817 3552 3696 3669 200 3583 3627 3627 3595 4063 4063 4062 4062 4062 4062 4062 4062
779 1777385817 3552 3696 3668 201 3582 3626 3626 3594 4063 4063 4062 4062 4062 4062 4062 4062
780 1777385817 3553 3698 3670 200 3583 3627 3626 3595 4063 4063 4062 4062 4062 4062 4062 4062
781 1777385817 3553 3698 3670 200 3584 3628 3628 3596 4063 4063 4062 4062 4062 4062 4062 4062
782 1777385817 3552 3697 3669 200 3583 3627 3627 3595 4063 4063 4062 4062 4062 4062 4062 4062
783 1777385817 3553 3697 3669 201 3583 3627 3627 3595 4061 4061 4061 4061 4061 4061 4061 4061
784 1777385817 3552 3697 3669 200 3583 3627 3627 3594 4061 4061 4061 4061 4061 4061 4061 4061
785 1777385817 3552 3697 3669 201 3583 3627 3627 3595 4061 4061 4061 4061 4061 4061 4061 4061
786 1777385817 3552 3697 3669 202 3583 3626 3626 3594 4063 4062 4062 4062 4062 4062 4062 4062
787 1777385817 3552 3696 3668 201 3582 3626 3626 3593 4061 4061 4061 4061 4061 4061 4061 4061
788 1777385817 3552 3696 3668 200 3582 3626 3626 3594 4061 4061 4061 4061 4061 4061 4061 4061
789 1777385817 3552 3697 3669 201 3582 3627 3626 3594 4061 4061 4061 4061 4061 4061 4061 4061
790 1777385817 3552 3697 3669 201 3583 3626 3627 3594 4061 4061 4061 4061 4061 4061 4061 4061
791 1777385817 3552 3697 3669 200 3583 3627 3627 3595 4063 4063 4062 4062 4062 4062 4062 4062
792 1777385817 3553 3698 3669 201 3583 3627 3627 3595 4063 4063 4062 4062 4062 4062 4062 4062
793 1777385817 3552 3696 3669 201 3583 3627 3626 3594 4063 4063 4062 4062 4062 4062 4062 4062
794 1777385817 3553 3697 3669 201 3583 3627 3627 3595 4061 4061 4061 4061 4061 4061 4061 4061
795 1777385817 3552 3697 3669 201 3582 3626 3627 3594 4063 4063 4062 4062 4062 4062 4062 4062
796 1777385817 3553 3697 3670 201 3583 3627 3627 3595 4061 4061 4061 4061 4061 4061 4061 4061
797 1777385817 3552 3697 3669 200 3582 3627 3627 3595 4063 4063 4062 4062 4062 4062 4062 4062
798 1777385817 3552 3697 3669 200 3583 3627 3627 3595 4063 4062 4062 4062 4062 4062 4062 4062
799 1777385817 3553 3698 3669 201 3583 3628 3627 3595 4061 4061 4061 4061 4061 4061 4061 4061
800 1777385817 3553 3698 3669 201 3583 3627 3627 3595 4063 4063 4062 4062 4062 4062 4062 4062
801 1777385817 3553 3698 3670 200 3584 3628 3628 3595 4063 4063 4062 4062 4062 4062 4062 4062
802 1777385817 3553 3698 3670 201 3584 3628 3628 3595 4063 4063 4062 4062 4062 4062 4062 4062
803 1777385817 3553 3697 3669 201 3584 3627 3627 3596 4063 4063 4062 4062 4062 4062 4062 4062
804 1777385817 3553 3698 3670 201 3583 3628 3627 3596 4063 4063 4062 4062 4062 4062 4062 4062
805 1777385817 3553 3697 3669 201 3584 3627 3627 3595 4061 4061 4061 4061 4061 4061 4061 4061
806 1777385817 3553 3698 3669 201 3583 3627 3627 3595 4063 4063 4062 4062 4062 4062 4062 4062
807 1777385817 3553 3697 3669 201 3584 3627 3627 3595 4061 4061 4061 4061 4061 4061 4061 4061
808 1777385817 3553 3698 3670 201 3584 3628 3628 3596 4061 4061 4061 4061 4061 4061 4061 4061
809 1777385817 3566 3711 3683 201 3597 3641 3641 3608 4061 4061 4061 4061 4061 4061 4061 4061
810 1777385817 3553 3698 3669 200 3584 3627 3627 3595 4063 4063 4062 4062 4062 4062 4062 4062
811 1777385817 3552 3697 3669 201 3583 3627 3626 3594 4061 4061 4061 4061 4061 4061 4061 4061
812 1777385817 3553 3698 3670 200 3584 3628 3628 3596 4063 4063 4062 4062 4062 4062 4062 4062
813 1777385817 3553 3697 3669 201 3584 3627 3627 3595 4061 4061 4061 4061 4061 4061 4061 4061
814 1777385817 3553 3697 3669 200 3583 3628 3628 3595 4061 4061 4060 4060 4060 4060 4060 4060
815 1777385818 3553 3697 3669 201 3584 3627 3627 3595 4063 4063 4062 4062 4062 4062 4062 4062
816 1777385818 3554 3698 3670 201 3584 3628 3628 3596 4063 4063 4062 4062 4062 4062 4062 4062
817 1777385818 3552 3697 3669 200 3582 3626 3626 3594 4063 4062 4062 4062 4062 4062 4062 4062
818 1777385818 3553 3698 3670 202 3584 3628 3628 3596 4063 4063 4062 4062 4062 4062 4062 4062
819 1777385818 3553 3697 3669 201 3584 3627 3627 3595 4063 4063 4062 4062 4062 4062 4062 4062
820 1777385818 3552 3697 3669 201 3583 3627 3627 3595 4063 4063 4062 4062 4062 4062 4062 4062
821 1777385818 3554 3698 3670 201 3584 3628 3628 3596 4063 4063 4062 4062 4062 4062 4062 4062
822 1777385818 3553 3698 3670 201 3584 3628 3627 3595 4063 4063 4062 4062 4062 4062 4062 4062
823 1777385818 3553 3697 3669 201 3584 3628 3627 3595 4063 4063 4062 4062 4062 4062 4062 4062
824 1777385818 3553 3698 3670 201 3583 3627 3628 3595 4063 4063 4062 4062 4062 4062 4062 4062
825 1777385818 3552 3697 3669 201 3583 3628 3627 3595 4061 4061 4061 4061 4061 4061 4061 4061
826 1777385818 3553 3698 3669 201 3583 3627 3627 3595 4063 4063 4062 4062 4062 4062 4062 4062
827 1777385818 3552 3697 3668 201 3583 3627 3627 3594 4063 4063 4062 4062 4062 4062 4062 4062
828 1777385818 3551 3696 3668 200 3582 3626 3626 3594 4063 4063 4062 4062 4062 4062 4062 4062
829 1777385818 3551 3696 3668 199 3582 3626 3626 3594 4063 4063 4062 4062 4062 4062 4062 4062
830 1777385818 3551 3695 3668 199 3581 3626 3626 3594 4063 4063 4062 4062 4062 4062 4062 4062
831 1777385818 3552 3696 3668 199 3580 3626 3626 3593 4061 4061 4061 4061 4061 4061 4061 4061
832 1777385818 3551 3695 3668 199 3582 3625 3625 3593 4063 4063 4062 4062 4062 4062 4062 4062
833 1777385818 3551 3697 3668 199 3582 3626 3626 3594 4063 4063 4062 4062 4062 4062 4062 4062
834 1777385818 3550 3695 3667 199 3581 3625 3624 3593 4061 4061 4061 4061 4061 4061 4061 4061
835 1777385818 3551 3696 3667 199 3581 3625 3625 3593 4061 4061 4061 4061 4061 4061 4061 4061
836 1777385818 3551 3695 3667 200 3581 3625 3625 3594 4063 4063 4062 4062 4062 4062 4062 4062
837 1777385818 3552 3696 3668 199 3582 3626 3626 3593 4063 4063 4062 4062 4062 4062 4062 4062
838 1777385818 3551 3696 3667 199 3581 3626 3626 3593 4063 4063 4063 4063 4063 4063 4063 4063
839 1777385818 3551 3696 3668 199 3582 3626 3626 3594 4063 4063 4062 4062 4062 4062 4062 4062
840 1777385818 3552 3696 3668 199 3582 3626 3625 3593 4063 4063 4062 4062 4062 4062 4062 4062
841 1777385818 3552 3696 3668 199 3582 3626 3626 3594 4063 4062 4062 4062 4062 4062 4062 4062
842 1777385818 3551 3696 3667 200 3581 3626 3626 3594 4061 4061 4061 4061 4061 4061 4061 4061
843 1777385818 3550 3695 3667 199 3582 3625 3625 3593 4063 4063 4062 4062 4062 4062 4062 4062
844 1777385818 3552 3696 3668 200 3582 3626 3625 3593 4061 4061 4061 4061 4061 4061 4061 4061
845 1777385818 3552 3696 3668 200 3582 3626 3626 3594 4061 4061 4061 4061 4061 4061 4061 4061
846 1777385818 3552 3696 3668 200 3581 3626 3627 3594 4061 4061 4061 4061 4061 4061 4061 4061
847 1777385818 3551 3696 3667 200 3582 3625 3625 3593 4063 4063 4062 4062 4062 4062 4062 4062
848 1777385818 3551 3696 3668 199 3582 3626 3626 3594 4061 4061 4060 4060 4060 4060 4060 4060
849 1777385818 3553 3697 3669 200 3583 3627 3626 3595 4063 4063 4062 4062 4062 4062 4062 4062
850 1777385818 3552 3696 3668 200 3582 3626 3626 3594 4063 4063 4062 4062 4062 4062 4062 4062
851 1777385818 3552 3697 3668 199 3582 3626 3625 3593 4061 4061 4060 4060 4060 4060 4060 4060
852 1777385818 3551 3696 3667 200 3582 3625 3625 3594 4063 4063 4062 4062 4062 4062 4062 4062
853 1777385818 3551 3696 3667 199 3582 3626 3626 3593 4061 4061 4061 4061 4061 4061 4061 4061
854 1777385818 3551 3696 3667 199 3581 3625 3625 3593 4063 4061 4061 4061 4061 4061 4061 4061
855 1777385818 3551 3695 3667 199 3582 3626 3625 3593 4063 4063 4062 4062 4062 4062 4062 4062
856 1777385818 3552 3698 3669 199 3583 3627 3627 3595 4063 4063 4063 4063 4063 4063 4063 4063
857 1777385818 3551 3695 3667 200 3581 3625 3625 3593 4063 4063 4062 4062 4062 4062 4062 4062
858 1777385818 3551 3695 3667 200 3581 3625 3625 3593 4061 4061 4061 4061 4061 4061 4061 4061
859 1777385818 3552 3696 3668 200 3582 3626 3626 3594 4063 4061 4061 4061 4061 4061 4061 4061
860 1777385818 3551 3695 3667 200 3581 3625 3625 3593 4063 4063 4062 4062 4062 4062 4062 4062
861 1777385818 3551 3695 3667 199 3582 3626 3626 3594 4063 4063 4062 4062 4062 4062 4062 4062
862 1777385818 3552 3696 3668 199 3581 3626 3626 3594 4061 4061 4061 4061 4061 4061 4061 4061
863 1777385818 3551 3695 3667 199 3582 3626 3626 3593 4063 4063 4062 4062 4062 4062 4062 4062
864 1777385818 3552 3696 3668 199 3582 3626 3626 3593 4061 4061 4061 4061 4061 4061 4061 4061
865 1777385818 3550 3695 3667 199 3582 3626 3626 3594 4063 4063 4062 4062 4062 4062 4062 4062
866 1777385818 3552 3696 3668 199 3583 3627 3626 3594 4063 4063 4062 4062 4062 4062 4062 4062
867 1777385818 3552 3696 3668 200 3582 3626 3626 3594 4061 4061 4061 4061 4061 4061 4061 4061
868 1777385818 3551 3696 3668 200 3582 3626 3626 3594 4059 4059 4059 4059 4059 4059 4059 4059
869 1777385818 3552 3696 3668 199 3582 3626 3626 3594 4061 4059 4059 4059 4059 4059 4059 4059
870 1777385818 3551 3695 3668 199 3581 3626 3625 3593 4063 4063 4062 4062 4062 4062 4062 4062
871 1777385818 3552 3697 3669 200 3582 3626 3626 3594 4061 4061 4061 4061 4061 4061 4061 4061
872 1777385818 3552 3696 3669 199 3583 3627 3626 3594 4063 4063 4062 4062 4062 4062 4062 4062
873 1777385818 3551 3695 3667 200 3581 3625 3624 3592 4061 4061 4061 4061 4061 4061 4061 4061
874 1777385818 3551 3696 3668 199 3582 3625 3625 3594 4063 4063 4062 4062 4062 4062 4062 4062
875 1777385818 3551 3696 3668 199 3582 3626 3626 3594 4061 4061 4061 4061 4061 4061 4061 4061
876 1777385818 3551 3696 3667 200 3582 3626 3626 3594 4061 4061 4061 4061 4061 4061 4061 4061
877 1777385819 3551 3695 3668 199 3582 3626 3626 3593 4061 4061 4061 4061 4061 4061 4061 4061
878 1777385819 3550 3695 3667 199 3581 3625 3625 3593 4063 4063 4062 4062 4062 4062 4062 4062
879 1777385819 3552 3696 3668 199 3582 3626 3626 3593 4063 4063 4062 4062 4062 4062 4062 4062
880 1777385819 3552 3696 3669 200 3582 3627 3626 3594 4061 4061 4061 4061 4061 4061 4061 4061
881 1777385819 3551 3696 3668 199 3582 3626 3626 3594 4061 4061 4061 4061 4061 4061 4061 4061
882 1777385819 3552 3697 3669 199 3582 3627 3626 3594 4063 4063 4062 4062 4062 4062 4062 4062
883 1777385819 3552 3697 3669 201 3583 3627 3626 3594 4061 4061 4061 4061 4061 4061 4061 4061
884 1777385819 3551 3695 3667 200 3581 3625 3625 3593 4061 4061 4061 4061 4061 4061 4061 4061
885 1777385819 3552 3697 3668 200 3582 3626 3626 3594 4063 4063 4062 4062 4062 4062 4062 4062
886 1777385819 3551 3696 3668 199 3581 3626 3626 3593 4061 4061 4061 4061 4061 4061 4061 4061
887 1777385819 3552 3696 3668 199 3582 3626 3626 3594 4063 4063 4062 4062 4062 4062 4062 4062
888 1777385819 3552 3696 3668 200 3582 3626 3626 3594 4061 4061 4061 4061 4061 4061 4061 4061
889 1777385819 3551 3696 3668 199 3582 3626 3626 3593 4063 4063 4062 4062 4062 4062 4062 4062
890 1777385819 3551 3695 3667 200 3581 3625 3625 3593 4063 4063 4062 4062 4062 4062 4062 4062
891 1777385819 3552 3697 3669 199 3583 3627 1246 3594 4063 4063 4062 4062 4062 4062 4062 4062
892 1777385819 3552 3696 3668 200 3582 3626 3626 3594 4061 4061 4061 4061 4061 4061 4061 4061
893 1777385819 3551 3697 3668 199 3582 3627 3626 3594 4061 4061 4061 4061 4061 4061 4061 4061
894 1777385819 3552 3696 3667 200 3581 3626 3625 3594 4063 4063 4062 4062 4062 4062 4062 4062
895 1777385819 3551 3696 3668 200 3582 3626 3626 3593 4063 4063 4062 4062 4062 4062 4062 4062
896 1777385819 3552 3696 3668 200 3582 3626 3625 3594 4061 4061 4061 4061 4061 4061 4061 4061
897 1777385819 3552 3696 3669 199 3582 3626 3626 3594 4061 4061 4061 4061 4061 4061 4061 4061
898 1777385819 3551 3696 3668 200 3581 3626 3626 3593 4061 4061 4061 4061 4061 4061 4061 4061
899 1777385819 3552 3696 3668 199 3582 3627 3626 3594 4063 4063 4062 4062 4062 4062 4062 4062
900 1777385819 3552 3696 3668 200 3583 3626 3626 3594 4061 4061 4061 4061 4061 4061 4061 4061
901 1777385819 3552 3697 3669 199 3582 3627 3626 3594 4063 4063 4062 4062 4062 4062 4062 4062
902 1777385819 3551 3696 3668 200 3581 3626 3626 3594 4061 4061 4061 4061 4061 4061 4061 4061
903 1777385819 3552 3697 3669 199 3583 3627 3627 3595 4063 4063 4062 4062 4062 4062 4062 4062
904 1777385819 3552 3696 3668 199 3583 3627 3626 3594 4061 4061 4061 4061 4061 4061 4061 4061
905 1777385819 3551 3696 3668 200 3582 3626 3626 3594 4063 4062 4062 4062 4062 4062 4062 4062
906 1777385819 3551 3695 3667 199 3581 3625 3625 3593 4063 4063 4062 4062 4062 4062 4062 4062
907 1777385819 3553 3697 3668 199 3583 3626 3626 3595 4061 4061 4061 4061 4061 4061 4061 4061
908 1777385819 3552 3697 3669 200 3583 3627 3627 3595 4063 4063 4062 4062 4062 4062 4062 4062
909 1777385819 3551 3695 3668 200 3582 3626 3626 3594 4063 4063 4062 4062 4062 4062 4062 4062
910 1777385819 3551 3695 3667 200 3581 3625 3625 3593 4063 4063 4062 4062 4062 4062 4062 4062
911 1777385819 3552 3697 3668 201 3582 3626 3626 3594 4061 4061 4061 4061 4061 4061 4061 4061
912 1777385819 3552 3696 3669 200 3583 3627 1240 3594 4061 4061 4061 4061 4061 4061 4061 4061
913 1777385819 3551 3696 3667 200 3582 3626 3626 3594 4063 4063 4062 4062 4062 4062 4062 4062
914 1777385819 3552 3696 3668 200 3582 3626 3626 3594 4063 4063 4062 4062 4062 4062 4062 4062
915 1777385819 3551 3696 3669 200 3582 3626 3626 3594 4063 4063 4062 4062 4062 4062 4062 4062
916 1777385819 3551 3696 3667 200 3582 3626 3626 3593 4063 4063 4062 4062 4062 4062 4062 4062
917 1777385819 3552 3696 3668 200 3582 3626 3626 3594 4063 4063 4063 4063 4063 4063 4063 4063
918 1777385819 3551 3696 3668 200 3582 3626 3626 3594 4063 4063 4062 4062 4062 4062 4062 4062
919 1777385819 3551 3696 3668 200 3582 3626 3625 3594 4063 4063 4062 4062 4062 4062 4062 4062
920 1777385819 3552 3696 3668 200 3582 3626 3626 3594 4061 4061 4060 4060 4060 4060 4060 4060
921 1777385819 3551 3696 3668 200 3582 3626 3626 3594 4061 4061 4061 4061 4061 4061 4061 4061
922 1777385819 3552 3697 3669 200 3583 3627 3626 3595 4063 4063 4062 4062 4062 4062 4062 4062
923 1777385819 3551 3696 3668 200 3582 3626 3626 3594 4063 4063 4062 4062 4062 4062 4062 4062
924 1777385819 3552 3696 3668 200 3582 3626 3626 3594 4063 4063 4062 4062 4062 4062 4062 4062
925 1777385819 3551 3696 3667 200 3582 3625 3625 3593 4063 4063 4062 4062 4062 4062 4062 4062
926 1777385819 3551 3695 3667 199 3581 3625 3625 3593 4063 4063 4062 4062 4062 4062 4062 4062
927 1777385819 3551 3696 3668 200 3582 3626 3626 3594 4063 4061 4061 4061 4061 4061 4061 4061
928 1777385819 3552 3696 3668 200 3582 3626 3626 3594 4063 4063 4063 4063 4063 4063 4063 4063
929 1777385819 3552 3697 3669 199 3583 3627 3627 3595 4063 4063 4062 4062 4062 4062 4062 4062
930 1777385819 3552 3697 3669 200 3583 3627 3627 3595 4063 4063 4062 4062 4062 4062 4062 4062
931 1777385819 3552 3697 3669 201 3583 3626 3626 3595 4061 4061 4061 4061 4061 4061 4061 4061
932 1777385819 3552 3696 3668 200 3583 3627 3626 3594 4063 4063 4062 4062 4062 4062 4062 4062
933 1777385819 3552 3696 3668 200 3582 3626 3626 3594 4063 4063 4062 4062 4062 4062 4062 4062
934 1777385819 3551 3696 3668 200 3581 3626 3625 3593 4061 4061 4061 4061 4061 4061 4061 4061
935 1777385819 3552 3696 3669 200 3582 3626 3626 3594 4061 4061 4061 4061 4061 4061 4061 4061
936 1777385819 3551 3696 3668 200 3582 3626 3625 3594 4063 4063 4062 4062 4062 4062 4062 4062
937 1777385819 3552 3697 3669 200 3583 3627 3627 3595 4061 4061 4061 4061 4061 4061 4061 4061
938 1777385819 3552 3696 3668 200 3582 3626 3626 3594 4063 4063 4062 4062 4062 4062 4062 4062
939 1777385819 3552 3697 3668 200 3582 3626 3626 3594 4061 4061 4061 4061 4061 4061 4061 4061
940 1777385819 3552 3696 3668 200 3582 3626 3626 3594 4063 4063 4062 4062 4062 4062 4062 4062
941 1777385819 3552 3697 3668 200 3582 3627 3626 3594 4063 4063 4062 4062 4062 4062 4062 4062
942 1777385819 3553 3697 3668 200 3583 3627 3627 3595 4061 4061 4061 4061 4061 4061 4061 4061
943 1777385819 3552 3697 3669 200 3583 3627 3626 3594 4061 4061 4061 4061 4061 4061 4061 4061
944 1777385819 3551 3696 3668 200 3583 3626 3627 3594 4061 4061 4060 4060 4060 4060 4060 4060
945 1777385819 3553 3697 3669 200 3582 3627 3627 3594 4063 4063 4062 4062 4062 4062 4062 4062
946 1777385820 3552 3697 3669 200 3583 3626 3626 3594 4063 4063 4062 4062 4062 4062 4062 4062
947 1777385820 3553 3697 3670 201 3583 3628 3627 3595 4063 4063 4062 4062 4062 4062 4062 4062
948 1777385820 3553 3697 3669 200 3583 3627 3626 3595 4061 4061 4061 4061 4061 4061 4061 4061
949 1777385820 3552 3697 3669 200 3583 3627 3626 3594 4063 4063 4062 4062 4062 4062 4062 4062
950 1777385820 3552 3697 3668 200 3583 3626 3626 3594 4061 4061 4061 4061 4061 4061 4061 4061
951 1777385820 3552 3697 3668 199 3583 3627 3626 3594 4063 4063 4062 4062 4062 4062 4062 4062
952 1777385820 3553 3697 3669 200 3583 3627 3626 3594 4063 4063 4062 4062 4062 4062 4062 4062
953 1777385820 3552 3696 3669 201 3583 3627 3627 3595 4063 4063 4062 4062 4062 4062 4062 4062
954 1777385820 3552 3697 3668 200 3583 3626 3627 3595 4061 4061 4061 4061 4061 4061 4061 4061
955 1777385820 3552 3696 3668 200 3582 3626 3626 3594 4063 4063 4062 4062 4062 4062 4062 4062
956 1777385820 3552 3696 3668 200 3583 3626 3626 3594 4063 4063 4062 4062 4062 4062 4062 4062
957 1777385820 3551 3695 3667 200 3582 3626 3626 3594 4063 4063 4062 4062 4062 4062 4062 4062
958 1777385820 3552 3697 3669 200 3581 3626 3626 3594 4061 4061 4061 4061 4061 4061 4061 4061
959 1777385820 3552 3697 3669 201 3583 3627 3627 3595 4063 4063 4062 4062 4062 4062 4062 4062
960 1777385820 3552 3696 3668 200 3583 3626 3627 3595 4061 4061 4061 4061 4061 4061 4061 4061
961 1777385820 3553 3697 3669 200 3583 3627 3627 3595 4063 4063 4062 4062 4062 4062 4062 4062
962 1777385820 3551 3696 3668 200 3583 3627 3626 3594 4061 4061 4061 4061 4061 4061 4061 4061
963 1777385820 3552 3696 3668 201 3582 3626 3626 3594 4063 4063 4062 4062 4062 4062 4062 4062
964 1777385820 3552 3697 3668 200 3583 3627 3627 3595 4063 4063 4062 4062 4062 4062 4062 4062
965 1777385820 3552 3697 3669 200 3583 3627 3626 3595 4063 4063 4062 4062 4062 4062 4062 4062
966 1777385820 3552 3696 3668 200 3583 3626 3626 3594 4061 4061 4060 4060 4060 4060 4060 4060
967 1777385820 3552 3697 3669 200 3583 3627 3626 3595 4063 4063 4062 4062 4062 4062 4062 4062
968 1777385820 3552 3697 3668 200 3583 3627 3627 3595 4061 4061 4061 4061 4061 4061 4061 4061
969 1777385820 3551 3697 3668 200 3583 3627 3627 3595 4063 4063 4062 4062 4062 4062 4062 4062
970 1777385820 3552 3696 3669 200 3583 3627 3626 3594 4061 4061 4061 4061 4061 4061 4061 4061
971 1777385828 3550 3695 3667 200 3581 3625 3625 3593 4063 4063 4062 4062 4062 4062 4062 4062
972 1777385828 3551 3696 3668 200 3582 3626 3626 3594 4063 4061 4061 4061 4061 4061 4061 4061
973 1777385828 3551 3695 3667 200 3581 3626 3625 3593 4061 4061 4061 4061 4061 4061 4061 4061
974 1777385828 3550 3695 3666 201 3580 3624 3625 3592 4061 4061 4061 4061 4061 4061 4061 4061
975 1777385828 3551 3696 3668 200 3582 3626 3626 3593 4063 4063 4062 4062 4062 4062 4062 4062
976 1777385828 3552 3696 3668 200 3583 3626 3626 3594 4063 4063 4062 4062 4062 4062 4062 4062
977 1777385828 3552 3696 3668 200 3583 3626 3626 3594 4061 4061 4061 4061 4061 4061 4061 4061
978 1777385828 3551 3695 3667 201 3581 3625 3626 3594 4061 4061 4060 4060 4060 4060 4060 4060
979 1777385828 3551 3695 3668 200 3582 3625 3625 3593 4063 4063 4062 4062 4062 4062 4062 4062
980 1777385828 3552 3696 3668 200 3582 3626 3626 3594 4063 4063 4062 4062 4062 4062 4062 4062
981 1777385828 3551 3695 3668 200 3582 3626 3626 3593 4063 4063 4062 4062 4062 4062 4062 4062
982 1777385828 3551 3696 3668 201 3582 3626 3626 3593 4061 4061 4061 4061 4061 4061 4061 4061
983 1777385828 3551 3696 3668 200 3582 3626 3625 3594 4061 4061 4061 4061 4061 4061 4061 4061
984 1777385828 3552 3697 3668 200 3582 3626 3627 3594 4063 4063 4062 4062 4062 4062 4062 4062
985 1777385828 3551 3696 3668 200 3583 3626 3626 3594 4063 4063 4062 4062 4062 4062 4062 4062
986 1777385828 3551 3696 3668 200 3583 3627 3627 3594 4063 4063 4063 4063 4063 4063 4063 4063
987 1777385828 3551 3696 3668 200 3582 3626 3625 3593 4061 4061 4061 4061 4061 4061 4061 4061
988 1777385828 3552 3697 3669 200 3582 3627 3626 3594 4063 4062 4062 4062 4062 4062 4062 4062
989 1777385828 3552 3697 3668 200 3581 3626 3627 3594 4063 4063 4062 4062 4062 4062 4062 4062
990 1777385828 3551 3695 3667 201 3580 3625 3625 3594 4061 4061 4061 4061 4061 4061 4061 4061
991 1777385828 3552 3696 3668 200 3583 3626 3626 3594 4063 4063 4062 4062 4062 4062 4062 4062
992 1777385828 3550 3695 3667 200 3582 3625 3625 3593 4061 4061 4061 4061 4061 4061 4061 4061
993 1777385828 3553 3697 3669 200 3583 3627 3627 3595 4063 4063 4062 4062 4062 4062 4062 4062
994 1777385828 3552 3697 3669 200 3583 3627 3626 3594 4061 4061 4061 4061 4061 4061 4061 4061
995 1777385828 3551 3696 3668 200 3583 3626 3626 3594 4063 4063 4062 4062 4062 4062 4062 4062
996 1777385828 3552 3696 3669 200 3582 3627 3626 3594 4061 4061 4061 4061 4061 4061 4061 4061
997 1777385828 3552 3696 3668 200 3583 3627 3626 3594 4061 4061 4061 4061 4061 4061 4061 4061
998 1777385828 3552 3696 3669 200 3583 3627 3627 3595 4063 4063 4062 4062 4062 4062 4062 4062
999 1777385828 3551 3696 3668 200 3583 3626 3626 3594 4063 4063 4062 4062 4062 4062 4062 4062
1000 1777385828 3551 3696 3668 200 3582 3626 3626 3594 4063 4063 4062 4062 4062 4062 4062 4062
