1 1777386201 3551 3695 3667 511 3581 3625 3625 3593 4061 4061 4061 4061 4061 4061 4061 4061
2 1777386201 3551 3697 3668 511 3583 3626 3626 3594 4063 4063 4062 4062 4062 4062 4062 4062
3 1777386201 3551 3696 3668 510 3582 3625 3625 3593 4061 4061 4061 4061 4061 4061 4061 4061
4 1777386201 3552 3697 3669 511 3582 3626 3626 3594 4063 4063 4062 4062 4062 4062 4062 4062
5 1777386201 3551 3695 3668 510 3581 3626 3626 3594 4061 4061 4061 4061 4061 4061 4061 4061
6 1777386201 3551 3695 3667 511 3581 3625 3625 3593 4061 4061 4061 4061 4061 4061 4061 4061
7 1777386201 3552 3696 3668 510 3582 3625 3626 3594 4061 4061 4061 4061 4061 4061 4061 4061
8 1777386201 3552 3696 3668 511 3582 3626 3626 3594 4061 4061 4061 4061 4061 4061 4061 4061
9 1777386201 3553 3697 3670 510 3584 3627 3627 3595 4061 4061 4061 4061 4061 4061 4061 4061
10 1777386201 3551 3696 3668 511 3582 3625 3626 3594 4063 4063 4062 4062 4062 4062 4062 4062
11 1777386201 3552 3696 3668 510 3583 3626 3626 3594 4063 4063 4062 4062 4062 4062 4062 4062
12 1777386201 3551 3696 3668 511 3582 3626 3626 3594 4063 4063 4062 4062 4062 4062 4062 4062
13 1777386201 3551 3696 3668 511 3583 3625 3625 3594 4063 4063 4062 4062 4062 4062 4062 4062
14 1777386201 3552 3696 3668 511 3582 3626 3626 3594 4061 4061 4061 4061 4061 4061 4061 4061
15 1777386201 3553 3697 3669 511 3583 3627 3627 3595 4063 4063 4062 4062 4062 4062 4062 4062
16 1777386201 3552 3696 3669 511 3582 3626 3627 3594 4063 4063 4063 4063 4063 4063 4063 4063
17 1777386201 3552 3697 3669 510 3583 3626 3626 3594 4063 4063 4062 4062 4062 4062 4062 4062
18 1777386201 3551 3695 3668 511 3582 3625 3626 3594 4061 4061 4061 4061 4061 4061 4061 4061
19 1777386201 3552 3697 3669 511 3583 3627 3627 3595 4061 4061 4061 4061 4061 4061 4061 4061
20 1777386201 3551 3696 3668 511 3582 3626 3626 3594 4061 4061 4061 4061 4061 4061 4061 4061
21 1777386202 3553 3697 3669 510 3584 3627 3627 3595 4061 4061 4061 4061 4061 4061 4061 4061
22 1777386202 3552 3697 3669 511 3583 3626 3626 3594 4063 4063 4062 4062 4062 4062 4062 4062
23 1777386202 3552 3696 3668 511 3582 3626 3625 3594 4061 4061 4061 4061 4061 4061 4061 4061
24 1777386202 3552 3697 3669 511 3583 3627 3627 3595 4063 4063 4062 4062 4062 4062 4062 4062
25 1777386202 3551 3696 3668 511 3582 3625 3626 3594 4061 4061 4061 4061 4061 4061 4061 4061
26 1777386202 3553 3697 3669 511 3583 3626 3626 3595 4061 4061 4061 4061 4061 4061 4061 4061
27 1777386202 3551 3696 3668 511 3582 3626 3626 3594 4063 4063 4062 4062 4062 4062 4062 4062
28 1777386202 3553 3697 3670 511 3584 3627 3628 3595 4061 4061 4061 4061 4061 4061 4061 4061
29 1777386202 3552 3696 3669 511 3583 3626 3627 3595 4061 4061 4061 4061 4061 4061 4061 4061
30 1777386202 3552 3697 3669 511 3582 3626 3626 3594 4061 4061 4061 4061 4061 4061 4061 4061
31 1777386202 3551 3696 3668 510 3583 3626 3626 3594 4061 4061 4061 4061 4061 4061 4061 4061
32 1777386202 3552 3697 3669 511 3583 3627 3627 3595 4061 4061 4061 4061 4061 4061 4061 4061
33 1777386202 3553 3696 3669 511 3584 3627 3627 3595 4061 4061 4060 4060 4060 4060 4060 4060
34 1777386202 3552 3696 3668 511 3582 3625 3626 3594 4061 4061 4061 4061 4061 4061 4061 4061
35 1777386202 3552 3696 3669 512 3582 3626 3626 3595 4061 4061 4061 4061 4061 4061 4061 4061
36 1777386202 3553 3697 3669 511 3583 3626 3626 3594 4061 4061 4061 4061 4061 4061 4061 4061
37 1777386202 3552 3697 3669 511 3583 3626 3626 3594 4063 4063 4062 4062 4062 4062 4062 4062
38 1777386202 3553 3698 397 510 3584 3628 3628 3596 4063 4063 4062 4062 4062 4062 4062 4062
39 1777386202 3552 3697 3669 511 3583 3626 3626 3595 4063 4063 4062 4062 4062 4062 4062 4062
40 1777386202 3553 3698 3670 511 3583 3627 3627 3595 4063 4063 4062 4062 4062 4062 4062 4062
41 1777386202 3553 3697 3669 510 3584 3627 3627 3595 4061 4061 4061 4061 4061 4061 4061 4061
42 1777386202 3553 3697 3669 511 3583 3627 3627 3595 4063 4063 4062 4062 4062 4062 4062 4062
43 1777386202 3552 3697 3669 511 3583 3627 3627 3595 4061 4061 4061 4061 4061 4061 4061 4061
44 1777386202 3552 3697 3669 511 3583 3626 3626 3594 4061 4061 4061 4061 4061 4061 4061 4061
45 1777386202 3553 3698 3669 511 3584 3627 3627 3595 4063 4063 4062 4062 4062 4062 4062 4062
46 1777386202 3552 3697 3669 511 3583 3626 3627 3595 4061 4061 4061 4061 4061 4061 4061 4061
47 1777386202 3553 3697 3669 511 3583 3626 3626 3594 4061 4061 4061 4061 4061 4061 4061 4061
48 1777386202 3552 3697 3669 511 3583 3627 3627 3594 4063 4063 4062 4062 4062 4062 4062 4062
49 1777386202 3553 3698 3670 511 3584 3627 3628 3596 4063 4063 4062 4062 4062 4062 4062 4062
50 1777386202 3553 3698 3669 511 3584 3628 3627 3595 4061 4061 4061 4061 4061 4061 4061 4061
51 1777386202 3552 3697 3669 512 3583 3627 3627 3595 4063 4063 4062 4062 4062 4062 4062 4062
52 1777386202 3553 3697 3669 511 3582 3627 3627 3595 4061 4061 4061 4061 4061 4061 4061 4061
53 1777386202 3552 3697 3669 511 3583 3627 3627 3594 4063 4063 4062 4062 4062 4062 4062 4062
54 1777386202 3552 3697 3669 511 3584 3627 3627 3595 4061 4061 4061 4061 4061 4061 4061 4061
55 1777386202 3554 3698 3670 511 3583 3627 3628 3595 4063 4063 4062 4062 4062 4062 4062 4062
56 1777386202 3553 3697 3669 511 3583 3627 3626 3594 4061 4061 4061 4061 4061 4061 4061 4061
57 1777386202 3552 3697 3669 511 3583 3626 3626 3594 4061 4061 4061 4061 4061 4061 4061 4061
58 1777386202 3553 3697 3670 511 3584 3627 3627 3595 4061 4061 4061 4061 4061 4061 4061 4061
59 1777386202 3552 3697 3668 512 3583 3626 3626 3594 4063 4063 4062 4062 4062 4062 4062 4062
60 1777386202 3553 3697 3669 511 3583 3627 3627 3595 4063 4063 4062 4062 4062 4062 4062 4062
61 1777386202 3552 3697 3669 511 3583 3626 3627 3595 4061 4061 4061 4061 4061 4061 4061 4061
62 1777386202 3553 3698 3670 511 3584 3627 3628 3595 4061 4061 4061 4061 4061 4061 4061 4061
63 1777386202 3552 3696 3668 511 3583 3626 3626 3594 4063 4063 4062 4062 4062 4062 4062 4062
64 1777386202 3553 3698 3669 512 3584 3627 3628 3596 4061 4061 4061 4061 4061 4061 4061 4061
65 1777386202 3553 3697 3669 511 3583 3626 3627 3595 4061 4061 4061 4061 4061 4061 4061 4061
66 1777386202 3552 3697 3669 511 3583 3627 3627 3595 4063 4063 4062 4062 4062 4062 4062 4062
67 1777386202 3552 3697 3669 511 3583 3626 3627 3595 4063 4063 4062 4062 4062 4062 4062 4062
68 1777386202 3553 3697 3669 511 3583 3627 3627 3595 4063 4063 4062 4062 4062 4062 4062 4062
69 1777386202 3552 3697 3669 511 3583 3627 3627 3595 4063 4063 4062 4062 4062 4062 4062 4062
70 1777386202 3552 3696 3668 512 3582 3627 3627 3595 4063 4063 4062 4062 4062 4062 4062 4062
71 1777386202 3554 3698 3670 511 3585 3628 3628 3596 4063 4061 4061 4061 4061 4061 4061 4061
72 1777386202 3553 3698 3669 511 3583 3627 3627 3595 4063 4063 4062 4062 4062 4062 4062 4062
73 1777386202 3553 3697 3669 512 3584 3628 3628 3596 4063 4063 4062 4062 4062 4062 4062 4062
74 1777386202 3553 3698 3670 511 3584 3627 3628 3595 4063 4063 4062 4062 4062 4062 4062 4062
75 1777386202 3552 3697 3669 512 3583 3627 3627 3595 4061 4061 4061 4061 4061 4061 4061 4061
76 1777386202 3553 3697 3669 511 3583 3627 3627 3595 4061 4061 4061 4061 4061 4061 4061 4061
77 1777386202 3553 3697 3669 511 3583 3627 3627 3595 4063 4063 4062 4062 4062 4062 4062 4062
78 1777386202 3552 3697 3669 511 3584 3627 3628 3596 4063 4063 4062 4062 4062 4062 4062 4062
79 1777386202 3553 3697 3669 511 3583 3627 3627 3595 4061 4061 4061 4061 4061 4061 4061 4061
80 1777386202 3552 3697 3669 511 3583 3626 3627 3594 4063 4063 4062 4062 4062 4062 4062 4062
81 1777386202 3554 3698 3670 511 3584 3627 3627 3595 4061 4061 4061 4061 4061 4061 4061 4061
82 1777386202 3553 3697 3669 511 3584 3627 3627 3595 4063 4063 4062 4062 4062 4062 4062 4062
83 1777386202 3553 3697 3669 512 3583 3627 3627 3595 4063 4063 4062 4062 4062 4062 4062 4062
84 1777386203 3552 3696 3669 511 3583 3627 3627 3595 4063 4063 4062 4062 4062 4062 4062 4062
85 1777386203 3553 3697 3669 512 3583 3626 3626 3594 4063 4063 4062 4062 4062 4062 4062 4062
86 1777386203 3553 3697 3669 511 3583 3627 3626 3595 4061 4061 4061 4061 4061 4061 4061 4061
87 1777386203 3553 3698 3669 511 3583 3627 3627 3594 4061 4061 4061 4061 4061 4061 4061 4061
88 1777386203 3552 3697 3669 511 3583 3627 3627 3595 4061 4061 4061 4061 4061 4061 4061 4061
89 1777386203 3553 3697 3669 512 3583 3627 3627 3595 4061 4061 4061 4061 4061 4061 4061 4061
90 1777386203 3552 3697 3669 512 3583 3626 3627 3595 4061 4061 4061 4061 4061 4061 4061 4061
91 1777386203 3552 3697 3669 511 3583 3626 3626 3594 4061 4061 4061 4061 4061 4061 4061 4061
92 1777386203 3553 3698 3670 511 3584 3628 3628 3596 4063 4063 4062 4062 4062 4062 4062 4062
93 1777386203 3552 3697 3669 511 3583 3626 3627 3595 4063 4061 4061 4061 4061 4061 4061 4061
94 1777386203 3553 3697 3669 511 3584 3627 3627 3596 4063 4063 4062 4062 4062 4062 4062 4062
95 1777386203 3554 3698 3671 512 3584 3628 3628 3596 4063 4063 4062 4062 4062 4062 4062 4062
96 1777386203 3553 3697 3668 511 3582 3626 3627 3595 4061 4061 4061 4061 4061 4061 4061 4061
97 1777386203 3553 3698 3669 511 3583 3628 3627 3596 4061 4061 4061 4061 4061 4061 4061 4061
98 1777386203 3552 3697 3669 511 3584 3627 3627 3595 4061 4061 4060 4060 4060 4060 4060 4060
99 1777386203 3553 3698 3670 512 3584 3628 3628 3596 4063 4063 4062 4062 4062 4062 4062 4062
100 1777386203 3553 3698 3670 511 3584 3627 3627 3595 4061 4061 4061 4061 4061 4061 4061 4061
101 1777386203 3553 3697 3669 511 3583 3627 3627 3595 4063 4063 4062 4062 4062 4062 4062 4062
102 1777386203 3553 3698 3670 511 3584 3628 3628 3597 4061 4061 4061 4061 4061 4061 4061 4061
103 1777386203 3553 3698 3669 512 3583 3627 3627 3596 4061 4061 4060 4060 4060 4060 4060 4060
104 1777386203 3553 3697 3669 512 3583 3627 3626 3595 4063 4063 4062 4062 4062 4062 4062 4062
105 1777386203 3552 3697 3669 511 3583 3626 3626 3594 4061 4061 4061 4061 4061 4061 4061 4061
106 1777386203 3553 3698 3670 511 3584 3628 3628 3596 4061 4061 4061 4061 4061 4061 4061 4061
107 1777386203 3553 3698 3670 512 3584 3628 3628 3597 4063 4063 4062 4062 4062 4062 4062 4062
108 1777386203 3554 3698 3670 512 3584 3628 3628 3596 4063 4063 4062 4062 4062 4062 4062 4062
109 1777386203 3553 3698 3669 512 3583 3627 3627 3595 4063 4063 4062 4062 4062 4062 4062 4062
110 1777386203 3553 3697 3670 512 3584 3628 3628 3596 4061 4061 4060 4060 4060 4060 4060 4060
111 1777386203 3553 3698 3669 512 3583 3627 3627 3595 4061 4061 4061 4061 4061 4061 4061 4061
112 1777386203 3553 3698 3670 511 3584 3627 3628 3595 4061 4061 4060 4060 4060 4060 4060 4060
113 1777386203 3553 3698 3670 511 3584 3628 3627 3595 4063 4063 4062 4062 4062 4062 4062 4062
114 1777386203 3554 3698 3670 513 3584 3628 3628 3596 4063 4063 4062 4062 4062 4062 4062 4062
115 1777386203 3551 3695 3668 512 3582 3625 3625 3594 4063 4063 4062 4062 4062 4062 4062 4062
116 1777386203 3551 3695 3667 511 3582 3626 3626 3594 4063 4063 4062 4062 4062 4062 4062 4062
117 1777386203 3551 3696 3668 510 3581 3625 3625 3593 4063 4063 4062 4062 4062 4062 4062 4062
118 1777386203 3551 3695 3667 510 3582 3625 3625 3593 4061 4061 4061 4061 4061 4061 4061 4061
119 1777386203 3551 3695 3668 509 3582 3625 3626 3593 4061 4061 4061 4061 4061 4061 4061 4061
120 1777386203 3552 3696 3668 510 3582 3626 3626 3594 4061 4061 4061 4061 4061 4061 4061 4061
121 1777386203 3550 3696 3668 510 3581 3625 3625 3594 4063 4063 4062 4062 4062 4062 4062 4062
122 1777386203 3551 3696 3668 509 3582 3626 3626 3594 4061 4061 4061 4061 4061 4061 4061 4061
123 1777386203 3550 3695 3667 510 3581 3625 3625 3593 4061 4061 4061 4061 4061 4061 4061 4061
124 1777386203 3551 3696 3668 509 3582 3626 3626 3594 4061 4061 4061 4061 4061 4061 4061 4061
125 1777386203 3551 3697 3668 510 3582 3625 3626 3594 4061 4061 4061 4061 4061 4061 4061 4061
126 1777386203 3551 3695 3667 510 3582 3625 3625 3594 4061 4061 4061 4061 4061 4061 4061 4061
127 1777386203 3552 3696 3668 509 3583 3626 3626 3594 4063 4063 4062 4062 4062 4062 4062 4062
128 1777386203 3551 3696 3668 510 3582 3626 3625 3593 4061 4061 4061 4061 4061 4061 4061 4061
129 1777386203 3552 3696 3668 510 3582 3626 3626 3594 4063 4063 4062 4062 4062 4062 4062 4062
130 1777386203 3552 3696 3668 510 3582 3625 3625 3593 4061 4061 4061 4061 4061 4061 4061 4061
131 1777386203 3552 3696 3668 510 3581 3625 3625 3593 4063 4062 4062 4062 4062 4062 4062 4062
132 1777386203 3551 3695 3667 510 3581 3624 3625 3593 4061 4061 4061 4061 4061 4061 4061 4061
133 1777386203 3551 3695 3668 510 3582 3626 3626 3593 4061 4061 4061 4061 4061 4061 4061 4061
134 1777386203 3550 3695 3667 509 3580 3624 3625 3593 4061 4061 4061 4061 4061 4061 4061 4061
135 1777386203 3552 3696 3668 510 3581 3625 3625 3594 4063 4063 4062 4062 4062 4062 4062 4062
136 1777386203 3551 3696 3668 510 3582 3625 3625 3593 4063 4063 4062 4062 4062 4062 4062 4062
137 1777386203 3552 3697 3668 510 3583 3626 3626 3594 4061 4061 4061 4061 4061 4061 4061 4061
138 1777386203 3551 3696 3668 510 3582 3625 3626 3594 4059 4059 4058 4058 4058 4058 4058 4058
139 1777386203 3551 3695 3667 510 3582 3625 3625 3593 4063 4063 4062 4062 4062 4062 4062 4062
140 1777386203 3552 3696 3668 510 3582 3626 3625 3593 4061 4061 4061 4061 4061 4061 4061 4061
141 1777386203 3552 3696 3669 510 3583 3626 3626 3594 4063 4063 4062 4062 4062 4062 4062 4062
142 1777386203 3552 3697 3669 510 3582 3626 3626 3594 4063 4063 4062 4062 4062 4062 4062 4062
143 1777386203 3553 3697 3669 510 3583 3626 3626 3594 4061 4061 4060 4060 4060 4060 4060 4060
144 1777386203 3552 3697 3668 510 3582 3626 3626 3594 4063 4063 4062 4062 4062 4062 4062 4062
145 1777386203 3552 3697 3668 510 3583 3626 3626 3595 4063 4063 4062 4062 4062 4062 4062 4062
146 1777386204 3551 3695 3668 510 3582 3625 3626 3594 4063 4063 4062 4062 4062 4062 4062 4062
147 1777386204 3553 3697 3670 510 3583 3627 3627 3595 4063 4063 4062 4062 4062 4062 4062 4062
148 1777386204 3551 3696 3668 510 3582 3625 3625 3593 4061 4061 4061 4061 4061 4061 4061 4061
149 1777386204 3551 3696 3668 510 3581 3626 3626 3594 4063 4063 4062 4062 4062 4062 4062 4062
150 1777386204 3552 3697 3669 510 3583 3626 3626 3594 4063 4063 4062 4062 4062 4062 4062 4062
151 1777386204 3552 3696 3668 510 3583 3626 3626 3594 4063 4063 4062 4062 4062 4062 4062 4062
152 1777386204 3553 3697 3669 510 3583 3626 3626 3595 4063 4063 4062 4062 4062 4062 4062 4062
153 1777386204 3551 3696 3668 510 3582 3625 3625 3594 4061 4061 4061 4061 4061 4061 4061 4061
154 1777386204 3552 3697 3669 510 3583 3627 3627 3594 4063 4063 4062 4062 4062 4062 4062 4062
155 1777386204 3552 3696 3668 510 3583 3626 3626 3594 4061 4061 4060 4060 4060 4060 4060 4060
156 1777386204 3551 3695 3667 510 3581 3625 3625 3593 4063 4063 4062 4062 4062 4062 4062 4062
157 1777386204 3552 3697 3668 510 3582 3626 3626 3594 4061 4061 4061 4061 4061 4061 4061 4061
158 1777386204 3552 3697 3668 510 3583 3626 3626 3594 4063 4061 4061 4061 4061 4061 4061 4061
159 1777386204 3551 3696 3668 509 3583 3625 3626 3594 4061 4061 4061 4061 4061 4061 4061 4061
160 1777386204 3552 3697 3668 510 3582 3626 3627 3594 4061 4061 4061 4061 4061 4061 4061 4061
161 1777386204 3552 3696 3668 510 3582 3626 3626 3594 4063 4063 4062 4062 4062 4062 4062 4062
162 1777386204 3552 3697 3669 510 3583 3626 3626 3594 4061 4061 4061 4061 4061 4061 4061 4061
163 1777386204 3552 3696 3668 510 3582 3626 3626 3593 4061 4061 4061 4061 4061 4061 4061 4061
164 1777386204 3551 3695 3668 510 3582 3626 3626 3594 4063 4063 4062 4062 4062 4062 4062 4062
165 1777386204 3551 3696 3668 510 3582 3626 3626 3594 4061 4061 4061 4061 4061 4061 4061 4061
166 1777386204 3552 3696 3668 510 3582 3626 3625 3594 4061 4061 4061 4061 4061 4061 4061 4061
167 1777386204 3552 3696 3668 510 3583 3626 3627 3595 4063 4063 4062 4062 4062 4062 4062 4062
168 1777386204 3552 3696 3668 510 3582 3626 3626 3594 4063 4062 4062 4062 4062 4062 4062 4062
169 1777386204 3552 3696 3668 510 3582 3626 3627 3594 4063 4063 4062 4062 4062 4062 4062 4062
170 1777386204 3552 3696 3668 510 3583 3626 3626 3594 4063 4061 4061 4061 4061 4061 4061 4061
171 1777386204 3552 3697 3669 510 3583 3626 3626 3594 4061 4061 4061 4061 4061 4061 4061 4061
172 1777386204 3552 3697 3669 511 3583 3627 3627 3595 4063 4063 4062 4062 4062 4062 4062 4062
173 1777386204 3550 3695 3667 510 3581 3625 3625 3593 4061 4061 4061 4061 4061 4061 4061 4061
174 1777386204 3552 3696 3668 510 3582 3626 3625 3594 4063 4063 4062 4062 4062 4062 4062 4062
175 1777386204 3552 3697 3669 510 3583 3627 3627 3595 4063 4063 4062 4062 4062 4062 4062 4062
176 1777386204 3552 3697 3669 510 3583 3626 3626 3594 4063 4063 4062 4062 4062 4062 4062 4062
177 1777386204 3551 3696 3668 510 3582 3626 3626 3594 4063 4063 4062 4062 4062 4062 4062 4062
178 1777386204 3551 3696 3668 510 3582 3626 3626 3594 4063 4063 4062 4062 4062 4062 4062 4062
179 1777386204 3552 3696 3668 510 3583 3626 3627 3594 4061 4061 4061 4061 4061 4061 4061 4061
180 1777386204 3552 3696 3668 511 3582 3626 3626 3594 4061 4061 4061 4061 4061 4061 4061 4061
181 1777386204 3551 3695 3667 510 3581 3625 3626 3594 4061 4061 4061 4061 4061 4061 4061 4061
182 1777386204 3552 3697 3668 510 3583 3626 3627 3594 4061 4061 4061 4061 4061 4061 4061 4061
183 1777386204 3552 3697 3669 510 3583 3626 3627 3594 4061 4061 4060 4060 4060 4060 4060 4060
184 1777386204 3551 3696 3668 510 3582 3626 3626 3594 4061 4061 4061 4061 4061 4061 4061 4061
185 1777386204 3552 3696 3667 510 3582 3626 3626 3593 4061 4061 4061 4061 4061 4061 4061 4061
186 1777386204 3552 3697 3669 510 3582 3626 3626 3594 4061 4061 4061 4061 4061 4061 4061 4061
187 1777386204 3552 3697 3669 510 3583 3626 3627 3594 4063 4063 4062 4062 4062 4062 4062 4062
188 1777386204 3551 3696 3668 510 3582 3626 3626 3594 4061 4061 4060 4060 4060 4060 4060 4060
189 1777386204 3552 3696 3668 510 3583 3626 3626 3594 4063 4063 4062 4062 4062 4062 4062 4062
190 1777386204 3552 3697 3669 510 3584 3627 3627 3595 4061 4061 4061 4061 4061 4061 4061 4061
191 1777386204 3552 3697 3668 510 3583 3626 3627 3594 4063 4063 4062 4062 4062 4062 4062 4062
192 1777386204 3551 3695 3667 510 3581 3625 3625 3593 4061 4061 4061 4061 4061 4061 4061 4061
193 1777386204 3551 3696 3668 510 3582 3626 3626 3594 4061 4061 4061 4061 4061 4061 4061 4061
194 1777386204 3552 3697 3669 510 3583 3626 3626 3594 4063 4063 4062 4062 4062 4062 4062 4062
195 1777386204 3553 3697 3669 510 3583 3626 3626 3595 4063 4063 4062 4062 4062 4062 4062 4062
196 1777386204 3552 3696 3668 511 3582 3626 3626 3594 4061 4061 4061 4061 4061 4061 4061 4061
197 1777386204 3552 3696 3668 510 3583 3626 3626 3594 4061 4061 4061 4061 4061 4061 4061 4061
198 1777386204 3552 3697 3669 510 3583 3626 3626 3594 4063 4063 4062 4062 4062 4062 4062 4062
199 1777386204 3552 3697 3668 510 3583 3626 3626 3594 4063 4063 4062 4062 4062 4062 4062 4062
200 1777386204 3553 3697 3669 510 3583 3627 3626 3595 4063 4063 4062 4062 4062 4062 4062 4062
201 1777386204 3552 3696 3669 510 3583 3626 3626 3594 4063 4063 4062 4062 4062 4062 4062 4062
202 1777386204 3552 3697 3669 511 3583 3626 3627 3595 4061 4061 4061 4061 4061 4061 4061 4061
203 1777386204 3552 3697 3669 510 3583 3626 3626 3594 4063 4063 4062 4062 4062 4062 4062 4062
204 1777386204 3552 3697 3669 510 3583 3627 3627 3594 4063 4061 4061 4061 4061 4061 4061 4061
205 1777386204 3551 3696 3668 510 3582 3625 3626 3594 4061 4061 4061 4061 4061 4061 4061 4061
206 1777386204 3552 3697 3669 510 3584 3627 3627 3595 4061 4061 4060 4060 4060 4060 4060 4060
207 1777386204 3552 3697 3669 510 3583 3626 3627 3595 4063 4063 4062 4062 4062 4062 4062 4062
208 1777386204 3551 3696 3668 510 3582 3625 3626 3594 4063 4063 4062 4062 4062 4062 4062 4062
209 1777386204 3552 3697 3669 511 3583 3627 3627 3595 4061 4060 4060 4060 4060 4060 4060 4060
210 1777386204 3551 3696 3668 511 3582 3626 3626 3594 4061 4061 4061 4061 4061 4061 4061 4061
211 1777386204 3551 3696 3668 510 3582 3625 3626 3594 4061 4061 4061 4061 4061 4061 4061 4061
212 1777386204 3553 3697 3669 511 3582 3627 3627 3595 4063 4063 4062 4062 4062 4062 4062 4062
213 1777386204 3552 3696 3668 510 3582 3626 3626 3594 4063 4063 4062 4062 4062 4062 4062 4062
214 1777386205 3553 3697 3669 510 3584 3627 3627 3595 4061 4061 4061 4061 4061 4061 4061 4061
215 1777386205 3552 3696 3669 510 3583 3626 3626 3593 4061 4061 4061 4061 4061 4061 4061 4061
216 1777386205 3552 3696 3668 510 3582 3626 3626 3595 4061 4061 4061 4061 4061 4061 4061 4061
217 1777386205 3552 3697 3669 510 3583 3626 3626 3594 4061 4061 4061 4061 4061 4061 4061 4061
218 1777386205 3552 3696 3668 511 3583 3626 3627 3595 4063 4063 4062 4062 4062 4062 4062 4062
219 1777386205 3552 3696 3669 510 3583 3626 3627 3594 4061 4061 4061 4061 4061 4061 4061 4061
220 1777386205 3553 3697 3669 511 3582 3627 3627 3595 4061 4061 4060 4060 4060 4060 4060 4060
221 1777386205 3552 3697 3669 510 3584 3627 3626 3594 4061 4061 4061 4061 4061 4061 4061 4061
222 1777386205 3552 3697 3669 510 3583 3627 3627 3595 4063 4063 4062 4062 4062 4062 4062 4062
223 1777386205 3552 3697 3669 511 3583 3626 3626 3594 4063 4063 4062 4062 4062 4062 4062 4062
224 1777386205 3551 3696 3668 510 3582 3626 3626 3594 4061 4061 4060 4060 4060 4060 4060 4060
225 1777386205 3553 3698 3669 511 3583 3626 3627 3594 4063 4063 4062 4062 4062 4062 4062 4062
226 1777386205 3552 3697 3668 510 3583 3626 3626 3594 4063 4063 4062 4062 4062 4062 4062 4062
227 1777386205 3552 3696 3668 510 3583 3626 3626 3594 4061 4061 4061 4061 4061 4061 4061 4061
228 1777386205 3552 3696 3669 511 3582 3626 3627 3595 4062 4063 4062 4062 4062 4062 4062 4062
229 1777386205 3552 3697 3669 510 3582 3626 3626 3594 4061 4061 4061 4061 4061 4061 4061 4061
230 1777386205 3552 3696 3668 511 3582 3625 3626 3594 4061 4061 4061 4061 4061 4061 4061 4061
231 1777386205 3552 3696 3669 510 3583 3627 3626 3595 4061 4061 4061 4061 4061 4061 4061 4061
232 1777386205 3552 3696 3668 511 3582 3626 3626 3594 4063 4063 4062 4062 4062 4062 4062 4062
233 1777386205 3552 3696 3669 510 3583 3627 3627 3595 4063 4063 4062 4062 4062 4062 4062 4062
234 1777386205 3553 3697 3669 511 3583 3626 3626 3594 4061 4061 4061 4061 4061 4061 4061 4061
235 1777386205 3552 3696 3669 510 3583 3627 3626 3595 4063 4063 4062 4062 4062 4062 4062 4062
236 1777386205 3553 3697 3669 511 3583 3627 3627 3595 4061 4061 4061 4061 4061 4061 4061 4061
237 1777386205 3552 3697 3669 510 3583 3626 3626 3595 4063 4063 4062 4062 4062 4062 4062 4062
238 1777386205 3553 3697 3669 511 3584 3626 3626 3595 4063 4061 4061 4061 4061 4061 4061 4061
239 1777386205 3552 3696 3668 511 3582 3626 3626 3594 4061 4061 4061 4061 4061 4061 4061 4061
240 1777386205 3552 3696 3668 511 3582 3626 3626 3594 4063 4063 4062 4062 4062 4062 4062 4062
241 1777386205 3552 3697 3669 511 3583 3627 3627 3595 4063 4063 4062 4062 4062 4062 4062 4062
242 1777386205 3552 3696 3669 510 3583 3626 3626 3595 4063 4063 4062 4062 4062 4062 4062 4062
243 1777386205 3552 3696 3668 512 3582 3626 3626 3594 4061 4061 4060 4060 4060 4060 4060 4060
244 1777386205 3552 3697 3670 511 3582 3627 3627 3595 4063 4063 4062 4062 4062 4062 4062 4062
245 1777386205 3552 3696 3668 510 3581 3626 3627 3594 4061 4060 4060 4060 4060 4060 4060 4060
246 1777386205 3552 3696 3668 511 3582 3626 3626 3594 4061 4061 4061 4061 4061 4061 4061 4061
247 1777386205 3552 3696 3668 510 3583 3626 3626 3594 4063 4063 4062 4062 4062 4062 4062 4062
248 1777386205 3553 3697 3669 511 3584 3627 3627 3595 4061 4061 4061 4061 4061 4061 4061 4061
249 1777386205 3552 3697 3669 511 3583 3627 3627 3595 4061 4061 4061 4061 4061 4061 4061 4061
250 1777386213 3551 3696 3667 511 3581 3625 3625 3594 4061 4061 4060 4060 4060 4060 4060 4060
251 1777386213 3552 3696 3668 511 3582 3626 3626 3594 4063 4063 4062 4062 4062 4062 4062 4062
252 1777386213 3551 3696 3668 510 3581 3625 3626 3594 4063 4063 4062 4062 4062 4062 4062 4062
253 1777386213 3551 3696 3669 511 3582 3626 3626 3594 4063 4062 4062 4062 4062 4062 4062 4062
254 1777386213 3551 3696 3668 510 3583 3626 3626 3594 4063 4063 4062 4062 4062 4062 4062 4062
255 1777386213 3552 3696 3669 511 3583 3626 3626 3594 4061 4061 4061 4061 4061 4061 4061 4061
256 1777386213 3552 3696 3668 510 3582 3626 3626 3593 4061 4061 4060 4060 4060 4060 4060 4060
257 1777386213 3551 3695 3667 511 3582 3625 3625 3593 4061 4061 4061 4061 4061 4061 4061 4061
258 1777386213 3552 3696 3668 511 3583 3626 3627 3594 4061 4061 4061 4061 4061 4061 4061 4061
259 1777386213 3551 3696 3669 511 3582 3626 3627 3594 4061 4061 4061 4061 4061 4061 4061 4061
260 1777386213 3551 3696 3668 511 3582 3626 3626 3595 4063 4063 4062 4062 4062 4062 4062 4062
261 1777386213 3552 3697 3669 511 3583 3627 3626 3594 4061 4061 4061 4061 4061 4061 4061 4061
262 1777386213 3552 3696 3668 511 3583 3626 3626 3594 4063 4063 4062 4062 4062 4062 4062 4062
263 1777386213 3550 3694 3667 510 3581 3625 3625 3593 4063 4063 4062 4062 4062 4062 4062 4062
264 1777386213 3551 3695 3667 511 3581 3625 3625 3593 4061 4061 4060 4060 4060 4060 4060 4060
265 1777386213 3552 3696 3668 511 3582 3625 3625 3593 4061 4061 4061 4061 4061 4061 4061 4061
266 1777386213 3551 3696 3668 511 3582 3625 3626 3594 4063 4063 4062 4062 4062 4062 4062 4062
267 1777386213 3552 3696 3668 511 3582 3626 3626 3594 4061 4061 4061 4061 4061 4061 4061 4061
268 1777386213 3551 3696 3668 511 3582 3625 3625 3594 4063 4063 4062 4062 4062 4062 4062 4062
269 1777386213 3552 3696 3669 511 3583 3626 3626 3594 4061 4061 4061 4061 4061 4061 4061 4061
270 1777386213 3551 3696 3668 511 3582 3626 3626 3594 4061 4061 4061 4061 4061 4061 4061 4061
271 1777386213 3551 3695 3668 511 3582 3625 3626 3594 4063 4063 4062 4062 4062 4062 4062 4062
272 1777386213 3552 3697 3669 511 3583 3627 3627 3595 4063 4063 4062 4062 4062 4062 4062 4062
273 1777386213 3552 3696 3669 510 3583 3626 3626 3594 4061 4061 4061 4061 4061 4061 4061 4061
274 1777386213 3552 3696 3669 512 3583 3626 3626 3594 4061 4061 4061 4061 4061 4061 4061 4061
275 1777386213 3551 3695 3668 511 3582 3626 3626 3594 4061 4061 4061 4061 4061 4061 4061 4061
276 1777386213 3552 3697 3669 511 3583 3626 3626 3594 4061 4061 4061 4061 4061 4061 4061 4061
277 1777386213 3552 3696 3669 511 3583 3627 3627 3595 4061 4061 4061 4061 4061 4061 4061 4061
278 1777386213 3551 3695 3668 511 3582 3626 3626 3594 4063 4063 4062 4062 4062 4062 4062 4062
279 1777386213 3552 3696 3669 511 3582 3626 3626 3594 4063 4063 4062 4062 4062 4062 4062 4062
280 1777386213 3552 3696 3668 511 3582 3626 3626 3594 4061 4061 4061 4061 4061 4061 4061 4061
281 1777386213 3551 3696 3668 511 3582 3625 3626 3593 4061 4061 4061 4061 4061 4061 4061 4061
282 1777386213 3552 3697 3669 511 3583 3627 3627 3595 4063 4063 4062 4062 4062 4062 4062 4062
283 1777386213 3552 3697 3669 511 3582 3626 3626 3594 4061 4061 4061 4061 4061 4061 4061 4061
284 1777386213 3553 3697 3669 511 3583 3626 3626 3594 4061 4061 4061 4061 4061 4061 4061 4061
285 1777386213 3552 3697 3669 511 3582 3626 3627 3595 4063 4062 4062 4062 4062 4062 4062 4062
286 1777386213 3553 3698 3670 511 3583 3627 3627 3595 4063 4063 4062 4062 4062 4062 4062 4062
287 1777386213 3551 3696 3667 511 3582 3625 3626 3594 4063 4063 4062 4062 4062 4062 4062 4062
288 1777386213 3552 3697 3669 511 3583 3626 3626 3594 4061 4061 4061 4061 4061 4061 4061 4061
289 1777386213 3552 3696 3668 511 3582 3626 3627 3595 4061 4061 4061 4061 4061 4061 4061 4061
290 1777386213 3551 3696 3668 511 3582 3627 3627 3594 4063 4061 4061 4061 4061 4061 4061 4061
291 1777386213 3552 3696 3668 511 3582 3626 3626 3594 4061 4061 4061 4061 4061 4061 4061 4061
292 1777386213 3552 3697 3669 511 3584 3627 3627 3595 4061 4061 4061 4061 4061 4061 4061 4061
293 1777386213 3553 3697 3669 511 3584 3627 3627 3595 4063 4063 4062 4062 4062 4062 4062 4062
294 1777386214 3552 3697 3669 511 3584 3627 3627 3596 4061 4061 4061 4061 4061 4061 4061 4061
295 1777386214 3552 3697 3668 511 3582 3627 3627 3595 4063 4063 4062 4062 4062 4062 4062 4062
296 1777386214 3553 3698 3670 511 3584 3628 3627 3596 4063 4063 4062 4062 4062 4062 4062 4062
297 1777386214 3553 3697 3669 511 3583 3627 3627 3595 4061 4061 4061 4061 4061 4061 4061 4061
298 1777386214 3553 3698 3670 511 3583 3627 3627 3595 4063 4063 4062 4062 4062 4062 4062 4062
299 1777386214 3552 3697 3669 511 3583 3626 3627 3594 4063 4063 4062 4062 4062 4062 4062 4062
300 1777386214 3552 3696 3669 511 3583 3627 3626 3594 4063 4063 4062 4062 4062 4062 4062 4062
301 1777386214 3552 3697 3669 511 3584 3627 3627 3595 4063 4063 4062 4062 4062 4062 4062 4062
302 1777386214 3551 3695 3668 511 3581 3625 3625 3593 4063 4063 4062 4062 4062 4062 4062 4062
303 1777386214 3552 3696 3668 511 3583 3626 3626 3595 4061 4061 4061 4061 4061 4061 4061 4061
304 1777386214 3552 3697 3669 511 3583 3627 3628 3596 4061 4061 4061 4061 4061 4061 4061 4061
305 1777386214 3553 3698 3669 511 3584 3627 3627 3595 4061 4061 4061 4061 4061 4061 4061 4061
306 1777386214 3552 3696 3668 512 3583 3626 3627 3595 4063 4063 4062 4062 4062 4062 4062 4062
307 1777386214 3552 3696 3669 511 3582 3626 3626 3594 4063 4063 4062 4062 4062 4062 4062 4062
308 1777386214 3552 3696 3669 511 3583 3626 3627 3595 4063 4063 4062 4062 4062 4062 4062 4062
309 1777386214 3553 3697 3669 511 3584 3627 3627 3595 4063 4063 4062 4062 4062 4062 4062 4062
310 1777386214 3552 3696 3669 511 3583 3627 3626 3595 4063 4063 4062 4062 4062 4062 4062 4062
311 1777386214 3552 3697 3669 511 3583 3626 3627 3595 4063 4063 4062 4062 4062 4062 4062 4062
312 1777386214 3553 3697 3669 511 3583 3627 3627 3595 4063 4063 4062 4062 4062 4062 4062 4062
313 1777386214 3552 3697 3669 511 3583 3627 3626 3595 4061 4061 4061 4061 4061 4061 4061 4061
314 1777386214 3553 3697 3669 511 3583 3627 3627 3595 4063 4063 4062 4062 4062 4062 4062 4062
315 1777386214 3552 3697 3669 511 3582 3626 3626 3594 4063 4063 4062 4062 4062 4062 4062 4062
316 1777386214 3553 3697 3669 511 3583 3627 3627 3595 4059 4059 4059 4059 4059 4059 4059 4059
317 1777386214 3553 3697 3669 511 3583 3626 3627 3595 4061 4061 4061 4061 4061 4061 4061 4061
318 1777386214 3552 3697 3669 511 3583 3627 3627 3595 4061 4061 4061 4061 4061 4061 4061 4061
319 1777386214 3552 3697 3668 511 3583 3626 3626 3594 4061 4061 4061 4061 4061 4061 4061 4061
320 1777386214 3552 3696 3668 512 3582 3626 3626 3594 4063 4063 4062 4062 4062 4062 4062 4062
321 1777386214 3552 3697 3669 511 3582 3626 3626 3595 4061 4061 4061 4061 4061 4061 4061 4061
322 1777386214 3553 3697 3669 512 3583 3627 3627 3595 4061 4061 4061 4061 4061 4061 4061 4061
323 1777386214 3553 3698 3670 511 3584 3628 3628 3595 4061 4061 4061 4061 4061 4061 4061 4061
324 1777386214 3553 3697 3669 511 3583 3627 3627 3595 4063 4063 4062 4062 4062 4062 4062 4062
325 1777386214 3553 3698 3669 512 3583 3627 3627 3595 4063 4063 4062 4062 4062 4062 4062 4062
326 1777386214 3553 3698 3670 512 3583 3627 3628 3595 4063 4063 4062 4062 4062 4062 4062 4062
327 1777386214 3553 3697 3669 511 3583 3627 3627 3595 4061 4061 4060 4060 4060 4060 4060 4060
328 1777386214 3552 3696 3669 510 3583 3627 3626 3594 4061 4061 4061 4061 4061 4061 4061 4061
329 1777386214 3553 3697 3670 511 3583 3626 3626 3595 4061 4061 4061 4061 4061 4061 4061 4061
330 1777386214 3553 3698 3670 511 3583 3627 3627 3595 4063 4063 4062 4062 4062 4062 4062 4062
331 1777386214 3552 3697 3669 511 3583 3627 3627 3595 4063 4063 4062 4062 4062 4062 4062 4062
332 1777386214 3553 3697 3669 511 3583 3626 3627 3595 4063 4063 4062 4062 4062 4062 4062 4062
333 1777386214 3553 3697 3669 511 3583 3627 3627 3595 4061 4061 4061 4061 4061 4061 4061 4061
334 1777386214 3554 3699 3670 511 3585 3628 3628 3596 4063 4063 4062 4062 4062 4062 4062 4062
335 1777386214 3553 3698 3670 511 3583 3627 3627 3595 4061 4061 4061 4061 4061 4061 4061 4061
336 1777386214 3553 3698 3669 511 3584 3628 3628 3595 4061 4061 4061 4061 4061 4061 4061 4061
337 1777386214 3552 3697 3669 511 3584 3627 3627 3595 4061 4061 4061 4061 4061 4061 4061 4061
338 1777386214 3553 3697 3669 512 3583 3627 3627 3595 4061 4061 4061 4061 4061 4061 4061 4061
339 1777386214 3552 3697 3669 511 3584 3628 3628 3596 4061 4061 4061 4061 4061 4061 4061 4061
340 1777386214 3553 3697 3669 511 3583 3627 3627 3595 4061 4061 4060 4060 4060 4060 4060 4060
341 1777386214 3552 3697 3670 511 3584 3627 3627 3595 4061 4061 4060 4060 4060 4060 4060 4060
342 1777386214 3554 3698 3670 512 3585 3629 3629 3597 4063 4063 4062 4062 4062 4062 4062 4062
343 1777386214 3553 3697 3669 512 3583 3627 3627 3595 4061 4061 4061 4061 4061 4061 4061 4061
344 1777386214 3553 3698 3670 512 3584 3628 3628 3596 4063 4063 4062 4062 4062 4062 4062 4062
345 1777386214 3553 3697 3669 512 3583 3627 3627 3596 4063 4063 4062 4062 4062 4062 4062 4062
346 1777386214 3554 3698 3670 512 3583 3627 3628 3595 4063 4063 4063 4063 4063 4063 4063 4063
347 1777386214 3553 3698 3670 511 3584 3627 3627 3595 4063 4063 4062 4062 4062 4062 4062 4062
348 1777386214 3553 3697 3669 512 3583 3627 3627 3595 4063 4063 4062 4062 4062 4062 4062 4062
349 1777386214 3552 3697 3668 511 3583 3627 3627 3595 4063 4063 4062 4062 4062 4062 4062 4062
350 1777386214 3553 3698 3670 512 3583 3627 3628 3595 4063 4063 4062 4062 4062 4062 4062 4062
351 1777386214 3553 3698 3670 511 3583 3627 3627 3595 4061 4061 4061 4061 4061 4061 4061 4061
352 1777386214 3553 3698 3669 512 3583 3627 3627 3595 4061 4061 4061 4061 4061 4061 4061 4061
353 1777386214 3552 3696 3668 512 3582 3626 3626 3594 4061 4061 4060 4060 4060 4060 4060 4060
354 1777386214 3552 3698 3669 512 3583 3627 3628 3595 4063 4063 4062 4062 4062 4062 4062 4062
355 1777386214 3552 3697 3669 511 3584 3627 3627 3595 4061 4061 4061 4061 4061 4061 4061 4061
356 1777386214 3552 3697 3669 512 3584 3627 3628 3595 4061 4061 4061 4061 4061 4061 4061 4061
357 1777386214 3553 3697 3669 511 3583 3626 3626 3594 4061 4061 4061 4061 4061 4061 4061 4061
358 1777386214 3553 3697 3669 511 3585 3627 3628 3596 4061 4061 4061 4061 4061 4061 4061 4061
359 1777386214 3553 3698 3670 511 3584 3628 3627 3596 4063 4063 4062 4062 4062 4062 4062 4062
360 1777386214 3553 3697 3669 512 3584 3627 3628 3595 4063 4063 4062 4062 4062 4062 4062 4062
361 1777386214 3553 3697 3669 512 3583 3626 3626 3595 4061 4061 4061 4061 4061 4061 4061 4061
362 1777386214 3552 3697 3669 512 3583 3627 3627 3594 4063 4063 4062 4062 4062 4062 4062 4062
363 1777386214 3552 3697 3669 511 3584 3627 3628 3595 4063 4063 4062 4062 4062 4062 4062 4062
364 1777386214 3553 3697 3669 512 3584 3627 3627 3595 4063 4063 4062 4062 4062 4062 4062 4062
365 1777386214 3552 3697 3669 512 3583 3626 3627 3595 4063 4063 4062 4062 4062 4062 4062 4062
366 1777386215 3552 3697 3669 511 3583 3626 3627 3594 4063 4063 4062 4062 4062 4062 4062 4062
367 1777386215 3553 3698 3669 512 3584 3628 3628 3596 4063 4063 4062 4062 4062 4062 4062 4062
368 1777386215 3552 3697 3669 511 3583 3627 3627 3594 4061 4061 4061 4061 4061 4061 4061 4061
369 1777386215 3554 3698 3670 513 3584 3627 3628 3595 4061 4061 4061 4061 4061 4061 4061 4061
370 1777386215 3551 3696 3668 512 3582 3626 3626 3594 4061 4061 4060 4060 4060 4060 4060 4060
371 1777386215 3550 3695 3667 511 3581 3624 3624 3592 4061 4061 4061 4061 4061 4061 4061 4061
372 1777386215 3551 3696 3668 510 3581 3626 3626 3594 4063 4063 4062 4062 4062 4062 4062 4062
373 1777386215 3552 3696 3668 510 3582 3626 3625 3594 4061 4061 4060 4060 4060 4060 4060 4060
374 1777386215 3551 3696 3668 510 3583 3626 3626 3594 4061 4061 4060 4060 4060 4060 4060 4060
375 1777386215 3550 3695 3667 510 3581 3625 3625 3593 4061 4061 4061 4061 4061 4061 4061 4061
376 1777386215 3551 3696 3668 510 3582 3626 3626 3594 4061 4061 4061 4061 4061 4061 4061 4061
377 1777386215 3551 3696 3668 509 3582 3626 3626 3594 4063 4063 4062 4062 4062 4062 4062 4062
378 1777386215 3552 3696 3668 510 3583 3626 3626 3594 4061 4061 4061 4061 4061 4061 4061 4061
379 1777386215 3551 3696 3667 510 3582 3625 3625 3593 4063 4063 4062 4062 4062 4062 4062 4062
380 1777386215 3551 3695 3667 510 3581 3625 3625 3593 4061 4061 4061 4061 4061 4061 4061 4061
381 1777386215 3552 3696 3668 510 3582 3625 3625 3594 4061 4061 4061 4061 4061 4061 4061 4061
382 1777386215 3552 3696 3668 510 3583 3626 3626 3594 4063 4063 4062 4062 4062 4062 4062 4062
383 1777386215 3551 3696 3668 510 3582 3626 3626 3594 4061 4061 4061 4061 4061 4061 4061 4061
384 1777386215 3550 3695 3667 510 3581 3625 3625 3593 4063 4063 4062 4062 4062 4062 4062 4062
385 1777386215 3551 3695 3667 509 3582 3625 3625 3593 4063 4061 4061 4061 4061 4061 4061 4061
386 1777386215 3551 3696 3668 510 3582 3626 3626 3594 4061 4061 4061 4061 4061 4061 4061 4061
387 1777386215 3552 3696 3668 510 3582 3625 3626 3594 4063 4063 4062 4062 4062 4062 4062 4062
388 1777386215 3554 3698 3670 510 3584 3627 3627 3596 4061 4061 4061 4061 4061 4061 4061 4061
389 1777386215 3551 3695 3667 510 3582 3625 3626 3593 4061 4061 4061 4061 4061 4061 4061 4061
390 1777386215 3551 3696 3668 509 3583 3626 3626 3594 4061 4061 4061 4061 4061 4061 4061 4061
391 1777386215 3551 3695 3668 510 3582 3625 3625 3594 4061 4061 4061 4061 4061 4061 4061 4061
392 1777386215 3551 3696 3667 510 3581 3626 3625 3593 4063 4063 4063 4063 4063 4063 4063 4063
393 1777386215 3551 3696 3667 511 3582 3625 3625 3594 4063 4063 4062 4062 4062 4062 4062 4062
394 1777386215 3552 3696 3668 510 3583 3626 3626 3594 4061 4061 4061 4061 4061 4061 4061 4061
395 1777386215 3552 3696 3668 510 3582 3626 3626 3594 4061 4061 4061 4061 4061 4061 4061 4061
396 1777386215 3551 3695 3667 510 3581 3625 3625 3593 4063 4063 4062 4062 4062 4062 4062 4062
397 1777386215 3553 3697 3669 510 3583 3627 24 3593 4061 4061 4060 4060 4060 4060 4060 4060
398 1777386215 3552 3697 3669 510 3583 3627 3626 3595 4063 4063 4062 4062 4062 4062 4062 4062
399 1777386215 3551 3696 3668 511 3582 3625 3625 3594 4061 4061 4061 4061 4061 4061 4061 4061
400 1777386215 3551 3696 3668 510 3582 3626 3626 3594 4063 4063 4062 4062 4062 4062 4062 4062
401 1777386215 3552 3697 3668 510 3582 3626 3626 3594 4061 4061 4061 4061 4061 4061 4061 4061
402 1777386215 3552 3696 3667 510 3582 3625 3625 3593 4063 4063 4062 4062 4062 4062 4062 4062
403 1777386215 3551 3696 3668 511 3582 3626 3626 3594 4061 4061 4061 4061 4061 4061 4061 4061
404 1777386215 3551 3695 3668 510 3581 3625 3625 3593 4061 4061 4061 4061 4061 4061 4061 4061
405 1777386215 3551 3696 3668 510 3582 3626 3626 3594 4061 4061 4060 4060 4060 4060 4060 4060
406 1777386215 3551 3696 3668 510 3583 3625 3626 3593 4063 4063 4062 4062 4062 4062 4062 4062
407 1777386215 3552 3696 3668 510 3582 3626 3626 3594 4061 4061 4061 4061 4061 4061 4061 4061
408 1777386215 3552 3697 3668 510 3583 3626 3626 3594 4063 4063 4062 4062 4062 4062 4062 4062
409 1777386215 3552 3696 3668 510 3582 3625 3626 3593 4063 4063 4062 4062 4062 4062 4062 4062
410 1777386215 3552 3697 3670 510 3583 3627 3627 3595 4063 4063 4062 4062 4062 4062 4062 4062
411 1777386215 3552 3696 3668 510 3582 3626 3626 3595 4063 4063 4062 4062 4062 4062 4062 4062
412 1777386215 3551 3696 3668 510 3582 3625 3626 3594 4063 4063 4062 4062 4062 4062 4062 4062
413 1777386215 3551 3696 3668 509 3582 3625 3626 3594 4061 4061 4061 4061 4061 4061 4061 4061
414 1777386215 3551 3696 3668 510 3583 3627 3627 3594 4063 4063 4062 4062 4062 4062 4062 4062
415 1777386215 3551 3695 3667 510 3582 3626 3626 3594 4063 4063 4062 4062 4062 4062 4062 4062
416 1777386215 3552 3696 3669 510 3583 3626 3627 3595 4063 4063 4062 4062 4062 4062 4062 4062
417 1777386215 3552 3696 3668 510 3582 3625 3625 3593 4063 4063 4062 4062 4062 4062 4062 4062
418 1777386215 3551 3696 3667 510 3581 3624 3625 3593 4063 4063 4062 4062 4062 4062 4062 4062
419 1777386215 3552 3697 3668 511 3582 3626 3626 3594 4061 4061 4061 4061 4061 4061 4061 4061
420 1777386215 3551 3696 3668 510 3582 3625 3626 3594 4063 4063 4062 4062 4062 4062 4062 4062
421 1777386215 3551 3696 3668 510 3582 3626 3626 3594 4061 4061 4061 4061 4061 4061 4061 4061
422 1777386215 3552 3696 3668 510 3583 3627 3626 3595 4061 4061 4061 4061 4061 4061 4061 4061
423 1777386215 3551 3695 3667 510 3582 3626 3625 3594 4059 4059 4059 4059 4059 4059 4059 4059
424 1777386215 3552 3696 3668 510 3582 3626 3627 3594 4063 4063 4062 4062 4062 4062 4062 4062
425 1777386215 3552 3696 3668 510 3583 3626 3626 3594 4063 4063 4062 4062 4062 4062 4062 4062
426 1777386215 3551 3696 3667 510 3582 3625 3625 3593 4061 4061 4060 4060 4060 4060 4060 4060
427 1777386215 3552 3696 3668 511 3582 3626 3626 3594 4063 4063 4062 4062 4062 4062 4062 4062
428 1777386215 3551 3695 3667 510 3581 3625 3625 3593 4061 4061 4060 4060 4060 4060 4060 4060
429 1777386215 3552 3696 3668 510 3582 3626 3627 3594 4061 4061 4060 4060 4060 4060 4060 4060
430 1777386215 3551 3695 3667 510 3582 3625 3625 3594 4063 4063 4062 4062 4062 4062 4062 4062
431 1777386215 3552 3695 3668 511 3582 3626 3626 3594 4063 4063 4062 4062 4062 4062 4062 4062
432 1777386215 3551 3696 3668 510 3582 3625 3625 3593 4063 4063 4062 4062 4062 4062 4062 4062
433 1777386215 3551 3696 3668 510 3582 3626 3626 3593 4063 4063 4062 4062 4062 4062 4062 4062
434 1777386215 3552 3697 3668 510 3583 3626 3626 3594 4063 4063 4062 4062 4062 4062 4062 4062
435 1777386215 3551 3696 3668 511 3582 3626 3626 3594 4061 4061 4061 4061 4061 4061 4061 4061
436 1777386215 3552 3696 3668 510 3581 3625 3625 3593 4059 4059 4058 4058 4058 4058 4058 4058
437 1777386215 3552 3696 3668 510 3582 3625 3626 3593 4063 4063 4062 4062 4062 4062 4062 4062
438 1777386215 3551 3695 3667 510 3582 3625 3625 3593 4063 4063 4062 4062 4062 4062 4062 4062
439 1777386215 3551 3697 3669 510 3582 3626 3626 3594 4061 4061 4060 4060 4060 4060 4060 4060
440 1777386216 3551 3696 3668 510 3582 3626 3626 3594 4063 4063 4062 4062 4062 4062 4062 4062
441 1777386216 3552 3697 3669 510 3584 3627 3627 3595 4061 4061 4061 4061 4061 4061 4061 4061
442 1777386216 3552 3696 3668 510 3583 3626 3626 3594 4063 4063 4062 4062 4062 4062 4062 4062
443 1777386216 3552 3696 3668 511 3582 3626 3626 3594 4061 4061 4061 4061 4061 4061 4061 4061
444 1777386216 3552 3696 3668 510 3581 3625 3625 3593 4063 4063 4062 4062 4062 4062 4062 4062
445 1777386216 3552 3696 3668 510 3582 3625 3626 3593 4061 4061 4061 4061 4061 4061 4061 4061
446 1777386216 3552 3696 3668 510 3582 3626 3626 3595 4063 4063 4062 4062 4062 4062 4062 4062
447 1777386216 3553 3697 3668 510 3583 3627 3627 3595 4063 4063 4062 4062 4062 4062 4062 4062
448 1777386216 3551 3696 3668 510 3582 3625 3626 3594 4061 4061 4061 4061 4061 4061 4061 4061
449 1777386216 3553 3697 3669 511 3584 3627 3627 3595 4061 4061 4060 4060 4060 4060 4060 4060
450 1777386216 3551 3696 3668 510 3581 3625 3625 3593 4063 4063 4062 4062 4062 4062 4062 4062
451 1777386216 3551 3695 3667 511 3582 3625 3626 3593 4063 4063 4062 4062 4062 4062 4062 4062
452 1777386216 3552 3697 3669 510 3583 3626 3626 3595 4063 4063 4062 4062 4062 4062 4062 4062
453 1777386216 3552 3696 3668 510 3583 3626 3626 3594 4061 4061 4061 4061 4061 4061 4061 4061
454 1777386216 3552 3696 3668 510 3581 3625 3625 3594 4061 4061 4061 4061 4061 4061 4061 4061
455 1777386216 3552 3696 3667 510 3582 3625 3625 3594 4063 4061 4061 4061 4061 4061 4061 4061
456 1777386216 3553 3697 3669 511 3583 3626 3626 3595 4063 4063 4062 4062 4062 4062 4062 4062
457 1777386216 3552 3696 3668 511 3582 3626 3626 3594 4063 4063 4062 4062 4062 4062 4062 4062
458 1777386216 3552 3696 3668 510 3582 3625 3626 3594 4063 4063 4062 4062 4062 4062 4062 4062
459 1777386216 3551 3696 3668 510 3582 3626 3626 3594 4063 4063 4062 4062 4062 4062 4062 4062
460 1777386216 3553 3698 3670 510 3583 3626 3627 3595 4061 4061 4061 4061 4061 4061 4061 4061
461 1777386216 3551 3696 3668 510 3582 3625 3626 3594 4063 4063 4062 4062 4062 4062 4062 4062
462 1777386216 3553 3698 3669 510 3583 3627 3627 3595 4063 4063 4062 4062 4062 4062 4062 4062
463 1777386216 3551 3696 3668 510 3582 3626 3626 3594 4063 4063 4062 4062 4062 4062 4062 4062
464 1777386216 3552 3696 3668 510 3582 3626 3625 3593 4061 4061 4061 4061 4061 4061 4061 4061
465 1777386216 3551 3696 3668 510 3582 3626 3626 3594 4061 4061 4061 4061 4061 4061 4061 4061
466 1777386216 3552 3697 3669 510 3583 3627 3627 3595 4061 4061 4061 4061 4061 4061 4061 4061
467 1777386216 3551 3696 3668 511 3582 3625 3626 3594 4061 4061 4061 4061 4061 4061 4061 4061
468 1777386216 3552 3697 3668 510 3583 3626 3626 3594 4063 4063 4062 4062 4062 4062 4062 4062
469 1777386216 3552 3696 3668 510 3582 3626 3626 3594 4063 4063 4062 4062 4062 4062 4062 4062
470 1777386216 3552 3696 3668 510 3583 3626 3627 3594 4063 4063 4062 4062 4062 4062 4062 4062
471 1777386216 3553 3697 3669 511 3582 3627 3627 3595 4061 4061 4061 4061 4061 4061 4061 4061
472 1777386216 3552 3697 3670 510 3583 3627 3626 3595 4061 4061 4061 4061 4061 4061 4061 4061
473 1777386216 3552 3697 3669 511 3583 3625 3626 3593 4061 4061 4061 4061 4061 4061 4061 4061
474 1777386216 3552 3696 3668 510 3581 3626 3626 3594 4061 4061 4060 4060 4060 4060 4060 4060
475 1777386224 3550 3695 3667 510 3581 3624 3624 3593 4061 4061 4060 4060 4060 4060 4060 4060
476 1777386224 3552 3697 3669 510 3583 3625 3626 3593 4061 4061 4061 4061 4061 4061 4061 4061
477 1777386224 3551 3696 3668 510 3582 3625 3625 3593 4063 4063 4062 4062 4062 4062 4062 4062
478 1777386224 3551 3696 3668 511 3582 3625 3625 3593 4063 4063 4062 4062 4062 4062 4062 4062
479 1777386224 3551 3695 3667 510 3581 3625 3625 3593 4061 4061 4061 4061 4061 4061 4061 4061
480 1777386224 3551 3696 3668 511 3582 3625 3626 3594 4063 4063 4062 4062 4062 4062 4062 4062
481 1777386224 3553 3697 3670 510 3583 3627 3627 3596 4063 4063 4063 4063 4063 4063 4063 4063
482 1777386224 3551 3696 3667 511 3582 3625 3625 3594 4061 4061 4061 4061 4061 4061 4061 4061
483 1777386224 3551 3695 3668 510 3581 3625 3626 3593 4061 4061 4061 4061 4061 4061 4061 4061
484 1777386224 3552 3696 3668 511 3582 3626 3626 3594 4061 4061 4061 4061 4061 4061 4061 4061
485 1777386224 3552 3697 3668 510 3583 3626 3626 3594 4063 4063 4062 4062 4062 4062 4062 4062
486 1777386224 3551 3696 3668 510 3582 3625 3626 3594 4063 4063 4062 4062 4062 4062 4062 4062
487 1777386224 3552 3696 3669 510 3582 3626 3626 3594 4063 4063 4062 4062 4062 4062 4062 4062
488 1777386224 3552 3696 3668 511 3583 3626 3626 3594 4063 4063 4062 4062 4062 4062 4062 4062
489 1777386224 3552 3696 3668 511 3583 3626 3627 3594 4063 4063 4062 4062 4062 4062 4062 4062
490 1777386224 3552 3696 3668 511 3582 3626 3626 3594 4061 4061 4061 4061 4061 4061 4061 4061
491 1777386224 3551 3695 3667 510 3582 3625 3625 3593 4063 4063 4062 4062 4062 4062 4062 4062
492 1777386224 3551 3696 3667 511 3581 3625 3625 3593 4063 4063 4062 4062 4062 4062 4062 4062
493 1777386224 3551 3696 3668 510 3583 3626 3626 3594 4063 4063 4062 4062 4062 4062 4062 4062
494 1777386224 3551 3696 3668 511 3583 3626 3626 3594 4059 4059 4059 4059 4059 4059 4059 4059
495 1777386224 3552 3696 3668 510 3582 3626 3626 3593 4061 4061 4060 4060 4060 4060 4060 4060
496 1777386224 3553 3697 3669 510 3584 3627 3627 3594 4061 4061 4061 4061 4061 4061 4061 4061
497 1777386224 3551 3696 3668 512 3582 3626 3626 3594 4061 4061 4061 4061 4061 4061 4061 4061
498 1777386224 3552 3696 3668 511 3582 3626 3626 3595 4061 4061 4061 4061 4061 4061 4061 4061
499 1777386224 3552 3697 3668 510 3581 3626 3626 3595 4061 4061 4061 4061 4061 4061 4061 4061
500 1777386224 3551 3696 3668 511 3580 3625 3626 3594 4061 4061 4061 4061 4061 4061 4061 4061
501 1777386224 3551 3696 3668 510 3582 3625 3625 3593 4063 4063 4062 4062 4062 4062 4062 4062
502 1777386224 3551 3696 3668 511 3582 3625 3626 3593 4061 4061 4061 4061 4061 4061 4061 4061
503 1777386224 3551 3696 3668 510 3582 3625 3626 3593 4061 4061 4060 4060 4060 4060 4060 4060
504 1777386224 3552 3697 3669 510 3583 3626 3627 3595 4063 4063 4062 4062 4062 4062 4062 4062
505 1777386224 3552 3697 3669 511 3583 3627 3628 3595 4061 4061 4061 4061 4061 4061 4061 4061
506 1777386224 3552 3696 3669 511 3582 3626 3626 3594 4063 4063 4062 4062 4062 4062 4062 4062
507 1777386224 3551 3696 3668 510 3581 3625 3625 3593 4061 4061 4061 4061 4061 4061 4061 4061
508 1777386224 3551 3696 3668 510 3582 3625 3626 3594 4063 4063 4062 4062 4062 4062 4062 4062
509 1777386224 3552 3697 3668 511 3583 3626 3626 3594 4063 4063 4062 4062 4062 4062 4062 4062
510 1777386224 3552 3697 3669 511 3584 3626 3627 3595 4063 4062 4062 4062 4062 4062 4062 4062
511 1777386224 3551 3696 3668 510 3583 3626 3626 3594 4061 4061 4060 4060 4060 4060 4060 4060
512 1777386224 3552 3697 3668 511 3583 3626 3626 3594 4063 4063 4062 4062 4062 4062 4062 4062
513 1777386224 3553 3698 3669 511 3583 3626 3627 3594 4063 4063 4062 4062 4062 4062 4062 4062
514 1777386224 3552 3697 3668 511 3582 3626 3626 3594 4061 4061 4061 4061 4061 4061 4061 4061
515 1777386224 3553 3697 3669 510 3583 3626 3627 3595 4061 4061 4061 4061 4061 4061 4061 4061
516 1777386225 3552 3697 3669 511 3583 3627 3627 3595 4061 4061 4061 4061 4061 4061 4061 4061
517 1777386225 3552 3696 3669 510 3583 3626 3626 3594 4063 4063 4062 4062 4062 4062 4062 4062
518 1777386225 3552 3697 3669 511 3583 3627 3627 3595 4063 4061 4061 4061 4061 4061 4061 4061
519 1777386225 3553 3698 3669 510 3584 3628 3628 3595 4061 4061 4061 4061 4061 4061 4061 4061
520 1777386225 3552 3696 3669 511 3583 3626 1408 3594 4061 4061 4061 4061 4061 4061 4061 4061
521 1777386225 3551 3696 3668 511 3582 3625 3625 3593 4061 4061 4061 4061 4061 4061 4061 4061
522 1777386225 3552 3697 3669 511 3583 3627 3626 3595 4060 4061 4060 4060 4060 4060 4060 4060
523 1777386225 3552 3696 3668 511 3582 3626 3626 3594 4061 4061 4061 4061 4061 4061 4061 4061
524 1777386225 3553 3697 3669 511 3583 3627 3627 3595 4063 4063 4062 4062 4062 4062 4062 4062
525 1777386225 3552 3697 3669 511 3583 3626 3626 3594 4061 4061 4060 4060 4060 4060 4060 4060
526 1777386225 3552 3697 3668 511 3582 3626 3627 3594 4063 4063 4062 4062 4062 4062 4062 4062
527 1777386225 3552 3696 3668 511 3582 3626 3626 3594 4063 4063 4062 4062 4062 4062 4062 4062
528 1777386225 3552 3697 3669 510 3582 3626 3626 3594 4063 4063 4062 4062 4062 4062 4062 4062
529 1777386225 3552 3697 3669 510 3583 3627 3627 3595 4061 4061 4061 4061 4061 4061 4061 4061
530 1777386225 3552 3697 3669 511 3584 3627 3627 3595 4063 4063 4062 4062 4062 4062 4062 4062
531 1777386225 3553 3697 3669 510 3584 3627 3628 3595 4061 4061 4061 4061 4061 4061 4061 4061
532 1777386225 3552 3696 3668 511 3583 3627 3626 3595 4063 4061 4061 4061 4061 4061 4061 4061
533 1777386225 3552 3697 3669 511 3583 3627 3627 3595 4063 4063 4062 4062 4062 4062 4062 4062
534 1777386225 3552 3696 3668 511 3583 3626 3626 3594 4063 4063 4062 4062 4062 4062 4062 4062
535 1777386225 3553 3698 3669 511 3583 3626 3627 3595 4063 4063 4062 4062 4062 4062 4062 4062
536 1777386225 3552 3697 3669 511 3583 3626 3626 3594 4063 4063 4062 4062 4062 4062 4062 4062
537 1777386225 3552 3696 3669 511 3583 3626 3626 3594 4063 4063 4062 4062 4062 4062 4062 4062
538 1777386225 3552 3697 3669 511 3583 3626 3626 3594 4061 4061 4061 4061 4061 4061 4061 4061
539 1777386225 3552 3696 3669 510 3583 3626 3626 3595 4061 4061 4061 4061 4061 4061 4061 4061
540 1777386225 3553 3697 3669 511 3584 3627 3627 3595 4063 4063 4062 4062 4062 4062 4062 4062
541 1777386225 3552 3697 3669 510 3583 3626 3627 3595 4061 4061 4061 4061 4061 4061 4061 4061
542 1777386225 3552 3697 3669 511 3583 3627 3627 3595 4061 4061 4061 4061 4061 4061 4061 4061
543 1777386225 3551 3696 3669 511 3583 3626 3626 3594 4063 4063 4063 4063 4063 4063 4063 4063
544 1777386225 3551 3696 3668 511 3583 3626 3627 3594 4063 4061 4061 4061 4061 4061 4061 4061
545 1777386225 3552 3697 3669 511 3583 3626 3627 3595 4063 4063 4062 4062 4062 4062 4062 4062
546 1777386225 3552 3697 3669 511 3583 3627 3626 3594 4063 4063 4062 4062 4062 4062 4062 4062
547 1777386225 3553 3697 3669 511 3583 3626 3627 3595 4063 4063 4062 4062 4062 4062 4062 4062
548 1777386225 3552 3697 3668 511 3582 3626 3625 3593 4061 4061 4061 4061 4061 4061 4061 4061
549 1777386225 3552 3696 3668 511 3582 3625 3626 3594 4061 4061 4061 4061 4061 4061 4061 4061
550 1777386225 3552 3697 3669 510 3583 3627 3627 3595 4063 4063 4062 4062 4062 4062 4062 4062
551 1777386225 3553 3697 3669 511 3583 3627 3627 3595 4063 4063 4062 4062 4062 4062 4062 4062
552 1777386225 3553 3697 3669 511 3584 3627 3627 3595 4063 4063 4062 4062 4062 4062 4062 4062
553 1777386225 3553 3697 3670 511 3584 3627 3627 3595 4061 4061 4061 4061 4061 4061 4061 4061
554 1777386225 3553 3698 3669 511 3583 3626 3626 3595 4063 4063 4062 4062 4062 4062 4062 4062
555 1777386225 3552 3697 3669 511 3583 3626 3626 3594 4063 4063 4062 4062 4062 4062 4062 4062
556 1777386225 3553 3697 3669 511 3584 3627 3627 3595 4061 4061 4061 4061 4061 4061 4061 4061
557 1777386225 3552 3697 3669 511 3583 3626 3626 3594 4061 4061 4061 4061 4061 4061 4061 4061
558 1777386225 3551 3696 3669 511 3583 3626 3627 3594 4061 4061 4060 4060 4060 4060 4060 4060
559 1777386225 3554 3698 3670 511 3584 3628 3628 3596 4063 4063 4062 4062 4062 4062 4062 4062
560 1777386225 3553 3697 3669 511 3584 3627 3627 3595 4061 4061 4060 4060 4060 4060 4060 4060
561 1777386225 3553 3698 3670 512 3583 3628 3628 3596 4063 4063 4062 4062 4062 4062 4062 4062
562 1777386225 3552 3697 3669 511 3582 3627 3627 3595 4061 4061 4061 4061 4061 4061 4061 4061
563 1777386225 3552 3697 3669 511 3583 3626 3627 3595 4061 4061 4061 4061 4061 4061 4061 4061
564 1777386225 3552 3697 3669 511 3583 3626 3626 3594 4063 4063 4062 4062 4062 4062 4062 4062
565 1777386225 3554 3698 3670 511 3583 3627 3627 3595 4061 4061 4061 4061 4061 4061 4061 4061
566 1777386225 3553 3698 3670 511 3584 3627 3627 3595 4061 4061 4061 4061 4061 4061 4061 4061
567 1777386225 3552 3697 3669 512 3584 3627 3627 3595 4061 4061 4061 4061 4061 4061 4061 4061
568 1777386225 3552 3697 3669 511 3582 3626 3627 3594 4063 4063 4062 4062 4062 4062 4062 4062
569 1777386225 3553 3698 3670 512 3583 3627 3627 3595 4061 4061 4061 4061 4061 4061 4061 4061
570 1777386225 3552 3697 3669 511 3583 3627 3627 3595 4061 4061 4061 4061 4061 4061 4061 4061
571 1777386225 3553 3698 3670 511 3584 3628 3628 3596 4061 4061 4061 4061 4061 4061 4061 4061
572 1777386225 3553 3697 3669 511 3584 3627 3627 3595 4061 4061 4061 4061 4061 4061 4061 4061
573 1777386225 3554 3698 3670 511 3584 3628 3627 3596 4061 4061 4061 4061 4061 4061 4061 4061
574 1777386225 3553 3698 3669 511 3583 3627 3627 3595 4061 4061 4061 4061 4061 4061 4061 4061
575 1777386225 3552 3697 3669 511 3583 3626 3626 3594 4063 4063 4062 4062 4062 4062 4062 4062
576 1777386225 3553 3698 3669 511 3583 3627 3627 3595 4063 4063 4062 4062 4062 4062 4062 4062
577 1777386225 3552 3697 3669 511 3583 3626 3627 3594 4063 4063 4062 4062 4062 4062 4062 4062
578 1777386226 3553 3697 3669 511 3582 3626 3627 3594 4063 4063 4062 4062 4062 4062 4062 4062
579 1777386226 3553 3698 3670 511 3584 3628 3628 3596 4063 4063 4062 4062 4062 4062 4062 4062
580 1777386226 3553 3697 3669 511 3583 3626 3626 3594 4061 4061 4061 4061 4061 4061 4061 4061
581 1777386226 3552 3697 3669 511 3583 3626 3627 3595 4061 4061 4061 4061 4061 4061 4061 4061
582 1777386226 3553 3698 3670 511 3585 3628 3628 3595 4061 4061 4061 4061 4061 4061 4061 4061
583 1777386226 3552 3697 3669 511 3583 3626 3627 3595 4063 4063 4062 4062 4062 4062 4062 4062
584 1777386226 3553 3698 3669 511 3584 3627 3628 3596 4063 4063 4062 4062 4062 4062 4062 4062
585 1777386226 3552 3697 3669 512 3583 3627 3626 3595 4061 4061 4061 4061 4061 4061 4061 4061
586 1777386226 3553 3698 3670 512 3584 3627 3627 3596 4061 4061 4060 4060 4060 4060 4060 4060
587 1777386226 3553 3698 3669 511 3584 3627 3627 3595 4063 4063 4062 4062 4062 4062 4062 4062
588 1777386226 3553 3697 3669 511 3584 3627 3628 3596 4061 4061 4061 4061 4061 4061 4061 4061
589 1777386226 3553 3697 3669 511 3583 3627 3627 3595 4063 4063 4062 4062 4062 4062 4062 4062
590 1777386226 3552 3696 3668 512 3582 3626 3626 3594 4063 4063 4062 4062 4062 4062 4062 4062
591 1777386226 3554 3698 3670 511 3585 3627 3628 3595 4061 4061 4061 4061 4061 4061 4061 4061
592 1777386226 3553 3697 3669 511 3583 3627 3627 3595 4063 4063 4062 4062 4062 4062 4062 4062
593 1777386226 3554 3699 3671 511 3585 3628 3628 3596 4063 4063 4062 4062 4062 4062 4062 4062
594 1777386226 3553 3698 3669 511 3584 3627 3628 3596 4061 4061 4061 4061 4061 4061 4061 4061
595 1777386226 3553 3697 3670 511 3583 3627 3627 3595 4063 4063 4063 4063 4063 4063 4063 4063
596 1777386226 3553 3698 3670 511 3584 3628 3627 3596 4063 4063 4062 4062 4062 4062 4062 4062
597 1777386226 3553 3697 3669 511 3583 3627 3627 3595 4061 4061 4061 4061 4061 4061 4061 4061
598 1777386226 3553 3697 3669 511 3583 3626 3627 3595 4061 4061 4061 4061 4061 4061 4061 4061
599 1777386226 3552 3697 3669 511 3583 3626 3627 3595 4063 4063 4062 4062 4062 4062 4062 4062
600 1777386226 3553 3698 3669 511 3584 3627 3627 3595 4061 4061 4061 4061 4061 4061 4061 4061
601 1777386226 3553 3697 3670 511 3583 3627 3627 3596 4063 4063 4062 4062 4062 4062 4062 4062
602 1777386226 3553 3697 3669 511 3583 3627 3627 3595 4061 4061 4061 4061 4061 4061 4061 4061
603 1777386226 3553 3698 3670 511 3584 3627 3627 3595 4063 4063 4062 4062 4062 4062 4062 4062
604 1777386226 3553 3697 3669 511 3584 3627 3627 3596 4061 4060 4060 4060 4060 4060 4060 4060
605 1777386226 3553 3697 3669 512 3584 3627 3627 3595 4063 4063 4062 4062 4062 4062 4062 4062
606 1777386226 3553 3698 3670 511 3584 3627 3627 3595 4061 4061 4061 4061 4061 4061 4061 4061
607 1777386226 3552 3697 3669 511 3583 3626 3627 3595 4063 4063 4062 4062 4062 4062 4062 4062
608 1777386226 3553 3698 3670 511 3584 3627 3628 3595 4063 4063 4062 4062 4062 4062 4062 4062
609 1777386226 3553 3698 3670 512 3585 3627 3628 3596 4061 4061 4060 4060 4060 4060 4060 4060
610 1777386226 3553 3697 3670 511 3584 3627 3628 3595 4063 4063 4062 4062 4062 4062 4062 4062
611 1777386226 3553 3697 3669 511 3583 3627 3627 3594 4061 4061 4061 4061 4061 4061 4061 4061
612 1777386226 3553 3697 3670 511 3583 3627 3627 3595 4061 4061 4061 4061 4061 4061 4061 4061
613 1777386226 3554 3698 3671 511 3585 3628 3628 3596 4061 4061 4061 4061 4061 4061 4061 4061
614 1777386226 3552 3697 3669 511 3583 3626 3627 3595 4063 4063 4062 4062 4062 4062 4062 4062
615 1777386226 3554 3698 3670 511 3584 3627 3628 3595 4061 4061 4061 4061 4061 4061 4061 4061
616 1777386226 3553 3697 3669 511 3584 3627 3628 3595 4063 4063 4062 4062 4062 4062 4062 4062
617 1777386226 3553 3698 3670 512 3584 3627 3627 3596 4063 4063 4062 4062 4062 4062 4062 4062
618 1777386226 3553 3697 3670 512 3584 3627 3627 3595 4061 4061 4061 4061 4061 4061 4061 4061
619 1777386226 3553 3698 3670 511 3584 3628 3628 3596 4063 4063 4062 4062 4062 4062 4062 4062
620 1777386226 3553 3697 3670 511 3584 3627 3627 3595 4063 4063 4062 4062 4062 4062 4062 4062
621 1777386226 3554 3698 3670 512 3584 3627 3628 3596 4061 4061 4061 4061 4061 4061 4061 4061
622 1777386226 3553 3697 3670 511 3584 3628 3628 3596 4063 4063 4062 4062 4062 4062 4062 4062
623 1777386226 3553 3698 3670 512 3584 3627 3628 3595 4061 4061 4061 4061 4061 4061 4061 4061
624 1777386226 3553 3698 3670 513 3584 3627 3627 3596 4061 4061 4061 4061 4061 4061 4061 4061
625 1777386226 3551 3696 3667 512 3582 3625 3625 3593 4063 4063 4062 4062 4062 4062 4062 4062
626 1777386226 3551 3696 3668 511 3582 3625 3626 3593 4063 4063 4062 4062 4062 4062 4062 4062
627 1777386226 3551 3695 3667 510 3581 3625 3625 3594 4063 4063 4062 4062 4062 4062 4062 4062
628 1777386226 3551 3695 3667 510 3580 3625 3625 3593 4061 4061 4061 4061 4061 4061 4061 4061
629 1777386226 3550 3694 3666 510 3579 3624 3625 3593 4061 4061 4061 4061 4061 4061 4061 4061
630 1777386226 3551 3696 3668 509 3583 3626 3626 3594 4063 4063 4062 4062 4062 4062 4062 4062
631 1777386226 3551 3696 3668 510 3582 3626 3626 3593 4063 4063 4062 4062 4062 4062 4062 4062
632 1777386226 3551 3695 3667 510 3582 3625 3625 3593 4063 4063 4062 4062 4062 4062 4062 4062
633 1777386226 3551 3696 3668 510 3582 3625 3625 3594 4063 4063 4062 4062 4062 4062 4062 4062
634 1777386226 3551 3696 3667 510 3582 3625 3626 3593 4063 4063 4062 4062 4062 4062 4062 4062
635 1777386226 3551 3696 3668 510 3582 3625 3625 3593 4061 4061 4061 4061 4061 4061 4061 4061
636 1777386226 3551 3696 3667 509 3582 3625 3625 3593 4061 4061 4061 4061 4061 4061 4061 4061
637 1777386226 3552 3696 3668 510 3582 3626 3626 3594 4061 4061 4061 4061 4061 4061 4061 4061
638 1777386226 3551 3695 3668 510 3582 3626 3625 3594 4061 4061 4061 4061 4061 4061 4061 4061
639 1777386226 3551 3695 3667 510 3582 3625 3626 3593 4061 4061 4061 4061 4061 4061 4061 4061
640 1777386226 3552 3697 3668 510 3583 3626 3626 3594 4061 4061 4061 4061 4061 4061 4061 4061
641 1777386226 3551 3696 3667 510 3582 3625 3626 3594 4063 4063 4062 4062 4062 4062 4062 4062
642 1777386226 3551 3696 3668 510 3582 3626 3626 3593 4061 4061 4060 4060 4060 4060 4060 4060
643 1777386226 3552 3696 3668 510 3583 3626 3626 3594 4061 4061 4061 4061 4061 4061 4061 4061
644 1777386226 3552 3697 3669 509 3584 3627 3627 3595 4061 4061 4061 4061 4061 4061 4061 4061
645 1777386226 3552 3696 3669 510 3583 3626 3626 3594 4061 4061 4061 4061 4061 4061 4061 4061
646 1777386227 3553 3697 3669 510 3583 3626 3627 3595 4061 4061 4061 4061 4061 4061 4061 4061
647 1777386227 3550 3695 3667 510 3581 3625 3625 3593 4061 4061 4061 4061 4061 4061 4061 4061
648 1777386227 3551 3696 3668 510 3583 3627 1402 3594 4063 4063 4062 4062 4062 4062 4062 4062
649 1777386227 3551 3696 3668 510 3582 3625 3626 3593 4061 4061 4061 4061 4061 4061 4061 4061
650 1777386227 3552 3697 3668 510 3583 3627 3627 3595 4063 4061 4061 4061 4061 4061 4061 4061
651 1777386227 3552 3696 3668 510 3583 3626 3626 3594 4061 4061 4061 4061 4061 4061 4061 4061
652 1777386227 3553 3697 3669 509 3583 3626 3627 3594 4063 4063 4062 4062 4062 4062 4062 4062
653 1777386227 3552 3697 3668 510 3583 3626 3626 3594 4063 4063 4062 4062 4062 4062 4062 4062
654 1777386227 3551 3695 3668 510 3582 3625 3625 3593 4063 4063 4062 4062 4062 4062 4062 4062
655 1777386227 3551 3696 3668 510 3582 3625 3626 3593 4063 4063 4062 4062 4062 4062 4062 4062
656 1777386227 3552 3696 3668 510 3582 3626 3626 3594 4063 4063 4062 4062 4062 4062 4062 4062
657 1777386227 3552 3696 3668 510 3582 3625 3625 3593 4063 4063 4062 4062 4062 4062 4062 4062
658 1777386227 3552 3696 3668 511 3582 3626 3626 3594 4063 4063 4062 4062 4062 4062 4062 4062
659 1777386227 3552 3697 3669 510 3583 3627 3627 3594 4061 4061 4061 4061 4061 4061 4061 4061
660 1777386227 3552 3696 3668 509 3582 3625 3626 3594 4063 4063 4062 4062 4062 4062 4062 4062
661 1777386227 3551 3696 3668 510 3583 3626 3626 3594 4061 4061 4061 4061 4061 4061 4061 4061
662 1777386227 3552 3696 3668 510 3582 3626 3626 3593 4061 4061 4061 4061 4061 4061 4061 4061
663 1777386227 3552 3696 3668 510 3583 3626 3626 3594 4063 4063 4062 4062 4062 4062 4062 4062
664 1777386227 3551 3695 3667 510 3581 3624 3624 3593 4061 4061 4061 4061 4061 4061 4061 4061
665 1777386227 3551 3696 3668 510 3582 3625 3625 3593 4063 4063 4062 4062 4062 4062 4062 4062
666 1777386227 3553 3697 3669 510 3583 3626 3626 3594 4063 4063 4062 4062 4062 4062 4062 4062
667 1777386227 3552 3696 3668 510 3583 3626 3626 3594 4061 4061 4061 4061 4061 4061 4061 4061
668 1777386227 3552 3697 3669 510 3583 3626 3626 3594 4063 4063 4062 4062 4062 4062 4062 4062
669 1777386227 3551 3695 3668 510 3582 3626 3626 3594 4061 4061 4061 4061 4061 4061 4061 4061
670 1777386227 3551 3696 3668 510 3582 3625 3625 3594 4063 4063 4062 4062 4062 4062 4062 4062
671 1777386227 3550 3695 3667 510 3581 3624 3625 3593 4061 4061 4061 4061 4061 4061 4061 4061
672 1777386227 3551 3696 3668 510 3582 3626 3626 3594 4061 4061 4061 4061 4061 4061 4061 4061
673 1777386227 3552 3696 3668 510 3582 3626 3626 3594 4063 4063 4062 4062 4062 4062 4062 4062
674 1777386227 3551 3696 3668 511 3582 3626 3625 3593 4061 4061 4061 4061 4061 4061 4061 4061
675 1777386227 3553 3697 3669 510 3583 3626 3626 3595 4063 4063 4062 4062 4062 4062 4062 4062
676 1777386227 3552 3696 3668 510 3582 3626 3626 3594 4063 4063 4062 4062 4062 4062 4062 4062
677 1777386227 3552 3697 3668 510 3583 3626 3626 3594 4063 4063 4063 4063 4063 4063 4063 4063
678 1777386227 3552 3697 3669 510 3582 3627 3627 3595 4061 4061 4061 4061 4061 4061 4061 4061
679 1777386227 3551 3696 3668 510 3582 3625 3626 3593 4063 4063 4062 4062 4062 4062 4062 4062
680 1777386227 3552 3697 3668 510 3583 3626 3627 3594 4063 4063 4062 4062 4062 4062 4062 4062
681 1777386227 3551 3696 3668 510 3582 3626 3626 3594 4061 4061 4061 4061 4061 4061 4061 4061
682 1777386227 3552 3696 3668 511 3582 3626 3627 3595 4063 4063 4062 4062 4062 4062 4062 4062
683 1777386227 3552 3697 3669 510 3583 3626 3626 3594 4061 4061 4060 4060 4060 4060 4060 4060
684 1777386227 3552 3697 3669 510 3582 3626 3627 3594 4061 4061 4061 4061 4061 4061 4061 4061
685 1777386227 3552 3696 3668 510 3583 3626 3626 3594 4061 4061 4061 4061 4061 4061 4061 4061
686 1777386227 3552 3696 3668 510 3583 3626 3626 3594 4063 4063 4062 4062 4062 4062 4062 4062
687 1777386227 3551 3696 3668 510 3581 3625 3625 3593 4061 4061 4061 4061 4061 4061 4061 4061
688 1777386227 3552 3697 3669 510 3583 3626 3626 3595 4061 4061 4061 4061 4061 4061 4061 4061
689 1777386227 3551 3696 3668 510 3582 3625 3625 3594 4061 4061 4061 4061 4061 4061 4061 4061
690 1777386227 3553 3698 3670 511 3582 3627 3627 3596 4063 4062 4062 4062 4062 4062 4062 4062
691 1777386227 3552 3696 3669 510 3581 3626 3626 3594 4063 4063 4062 4062 4062 4062 4062 4062
692 1777386227 3551 3696 3668 510 3582 3626 3626 3594 4061 4061 4061 4061 4061 4061 4061 4061
693 1777386227 3552 3696 3669 510 3583 3626 3627 3595 4063 4063 4062 4062 4062 4062 4062 4062
694 1777386227 3552 3697 3669 510 3583 3627 3627 3595 4063 4063 4062 4062 4062 4062 4062 4062
695 1777386227 3553 3697 3669 510 3583 3627 3627 3595 4063 4063 4062 4062 4062 4062 4062 4062
696 1777386227 3551 3696 3668 511 3582 3626 3626 3594 4063 4063 4062 4062 4062 4062 4062 4062
697 1777386227 3552 3696 3668 510 3583 3626 3626 3594 4061 4061 4060 4060 4060 4060 4060 4060
698 1777386227 3551 3696 3669 511 3582 3626 3626 3593 4063 4061 4061 4061 4061 4061 4061 4061
699 1777386227 3552 3696 3668 510 3582 3626 3626 3594 4061 4061 4061 4061 4061 4061 4061 4061
700 1777386227 3552 3697 3669 510 3582 3626 3626 3595 4061 4061 4061 4061 4061 4061 4061 4061
701 1777386227 3552 3696 3668 511 3582 3625 3626 3594 4059 4059 4058 4058 4058 4058 4058 4058
702 1777386227 3552 3697 3668 510 3583 3626 3626 3594 4061 4061 4061 4061 4061 4061 4061 4061
703 1777386227 3552 3696 3668 510 3583 3626 3626 3594 4061 4061 4061 4061 4061 4061 4061 4061
704 1777386227 3551 3695 3667 510 3582 3625 3625 3593 4063 4063 4062 4062 4062 4062 4062 4062
705 1777386227 3553 3698 3670 510 3583 3627 3627 3595 4063 4063 4062 4062 4062 4062 4062 4062
706 1777386227 3551 3696 3668 511 3582 3625 3626 3594 4061 4061 4061 4061 4061 4061 4061 4061
707 1777386228 3553 3697 3670 510 3584 3627 3627 3595 4057 4057 4057 4057 4057 4057 4057 4057
708 1777386228 3552 3696 3668 510 3582 3625 3626 3594 4063 4061 4061 4061 4061 4061 4061 4061
709 1777386228 3552 3696 3668 510 3583 3626 3626 3594 4063 4061 4061 4061 4061 4061 4061 4061
710 1777386228 3551 3696 3669 511 3582 3626 3626 3595 4063 4061 4061 4061 4061 4061 4061 4061
711 1777386228 3552 3696 3668 510 3583 3626 3626 3594 4061 4061 4061 4061 4061 4061 4061 4061
712 1777386228 3552 3697 3668 510 3583 3626 3626 3594 4061 4061 4061 4061 4061 4061 4061 4061
713 1777386228 3552 3696 3668 510 3582 3625 3626 3594 4063 4063 4062 4062 4062 4062 4062 4062
714 1777386228 3552 3696 3667 511 3582 3626 3626 3594 4061 4061 4061 4061 4061 4061 4061 4061
715 1777386228 3552 3697 3668 510 3583 3626 3627 3594 4063 4063 4062 4062 4062 4062 4062 4062
716 1777386228 3551 3696 3668 510 3582 3625 3626 3593 4061 4061 4061 4061 4061 4061 4061 4061
717 1777386228 3553 3697 3669 510 3583 3626 3627 3595 4063 4063 4062 4062 4062 4062 4062 4062
718 1777386228 3551 3696 3668 511 3582 3625 3626 3594 4061 4061 4061 4061 4061 4061 4061 4061
719 1777386228 3552 3696 3668 511 3582 3626 3626 3594 4061 4061 4061 4061 4061 4061 4061 4061
720 1777386236 3551 3695 3667 511 3581 3624 3625 3593 4061 4061 4061 4061 4061 4061 4061 4061
721 1777386236 3552 3696 3668 511 3582 3625 3626 3593 4061 4061 4060 4060 4060 4060 4060 4060
722 1777386236 3551 3695 3667 510 3581 3625 3625 3593 4063 4061 4061 4061 4061 4061 4061 4061
723 1777386236 3551 3695 3667 509 3582 3625 3625 3593 4063 4063 4062 4062 4062 4062 4062 4062
724 1777386236 3551 3696 3668 510 3582 3625 3625 3593 4063 4063 4062 4062 4062 4062 4062 4062
725 1777386236 3551 3695 3667 511 3582 3625 3625 3593 4061 4061 4061 4061 4061 4061 4061 4061
726 1777386236 3552 3696 3668 510 3582 3625 3625 3593 4061 4061 4061 4061 4061 4061 4061 4061
727 1777386236 3551 3696 3668 510 3582 3626 3626 3594 4063 4062 4062 4062 4062 4062 4062 4062
728 1777386236 3551 3696 3667 510 3582 3626 3626 3594 4061 4061 4061 4061 4061 4061 4061 4061
729 1777386236 3552 3697 3668 511 3582 3626 3626 3594 4063 4061 4061 4061 4061 4061 4061 4061
730 1777386236 3551 3695 3668 510 3581 3625 3625 3594 4061 4061 4061 4061 4061 4061 4061 4061
731 1777386236 3552 3697 3669 510 3584 3627 3627 3595 4063 4063 4063 4063 4063 4063 4063 4063
732 1777386236 3551 3696 3668 510 3582 3626 3626 3594 4061 4061 4061 4061 4061 4061 4061 4061
733 1777386236 3551 3695 3668 511 3582 3625 3626 3593 4063 4063 4063 4063 4063 4063 4063 4063
734 1777386236 3552 3696 3668 510 3583 3626 3626 3594 4063 4063 4062 4062 4062 4062 4062 4062
735 1777386236 3551 3696 3668 510 3582 3625 3626 3594 4061 4061 4061 4061 4061 4061 4061 4061
736 1777386236 3552 3696 3668 510 3582 3626 3625 3594 4063 4063 4062 4062 4062 4062 4062 4062
737 1777386236 3551 3696 3668 511 3582 3626 3626 3594 4063 4063 4062 4062 4062 4062 4062 4062
738 1777386236 3552 3696 3668 510 3583 3626 3626 3594 4063 4063 4062 4062 4062 4062 4062 4062
739 1777386236 3552 3696 3668 511 3582 3626 3626 3594 4061 4061 4061 4061 4061 4061 4061 4061
740 1777386236 3552 3695 3667 511 3582 3625 3625 3594 4063 4063 4062 4062 4062 4062 4062 4062
741 1777386236 3551 3696 3668 511 3582 3626 3626 3594 4061 4061 4060 4060 4060 4060 4060 4060
742 1777386236 3551 3696 3668 511 3582 3625 3626 3594 4063 4063 4062 4062 4062 4062 4062 4062
743 1777386236 3552 3697 3669 510 3583 3626 3626 3595 4063 4063 4062 4062 4062 4062 4062 4062
744 1777386236 3552 3696 3668 511 3583 3626 3627 3595 4061 4061 4061 4061 4061 4061 4061 4061
745 1777386236 3552 3697 3668 511 3583 3626 3626 3594 4061 4061 4061 4061 4061 4061 4061 4061
746 1777386236 3552 3697 3668 510 3582 3626 3626 3594 4061 4061 4061 4061 4061 4061 4061 4061
747 1777386236 3552 3697 3669 510 3583 3626 3626 3594 4061 4061 4061 4061 4061 4061 4061 4061
748 1777386236 3552 3696 3669 511 3583 3626 3626 3594 4063 4063 4062 4062 4062 4062 4062 4062
749 1777386236 3551 3696 3668 511 3582 3626 3626 3594 4063 4063 4062 4062 4062 4062 4062 4062
750 1777386236 3552 3696 3668 510 3582 3626 3626 3594 4063 4063 4062 4062 4062 4062 4062 4062
751 1777386236 3552 3697 3669 511 3583 3626 3626 3594 4061 4061 4061 4061 4061 4061 4061 4061
752 1777386236 3552 3697 3669 512 3583 3627 3627 3595 4063 4063 4062 4062 4062 4062 4062 4062
753 1777386236 3552 3697 3669 511 3582 3626 3627 3595 4063 4063 4062 4062 4062 4062 4062 4062
754 1777386236 3552 3697 3668 511 3581 3626 3626 3595 4063 4063 4062 4062 4062 4062 4062 4062
755 1777386236 3551 3696 3668 511 3583 3626 3626 3594 4061 4061 4061 4061 4061 4061 4061 4061
756 1777386236 3552 3696 3668 511 3582 3626 3626 3594 4061 4061 4061 4061 4061 4061 4061 4061
757 1777386236 3552 3696 3669 511 3583 3627 3627 3595 4061 4061 4061 4061 4061 4061 4061 4061
758 1777386236 3553 3697 3669 510 3584 3627 3627 3595 4061 4061 4061 4061 4061 4061 4061 4061
759 1777386236 3552 3698 3670 511 3583 3627 3627 3595 4063 4063 4062 4062 4062 4062 4062 4062
760 1777386236 3552 3697 3668 510 3583 3626 3626 3594 4061 4061 4061 4061 4061 4061 4061 4061
761 1777386236 3552 3696 3669 511 3582 3626 3626 3595 4063 4063 4062 4062 4062 4062 4062 4062
762 1777386236 3551 3696 3669 510 3582 3626 3626 3594 4063 4063 4062 4062 4062 4062 4062 4062
763 1777386236 3552 3696 3668 511 3582 3626 3626 3593 4063 4063 4062 4062 4062 4062 4062 4062
764 1777386236 3552 3697 3668 511 3583 3626 3627 3595 4063 4063 4062 4062 4062 4062 4062 4062
765 1777386236 3551 3696 3668 511 3582 3626 3625 3593 4063 4063 4062 4062 4062 4062 4062 4062
766 1777386236 3552 3698 3669 510 3583 3626 3626 3594 4061 4061 4061 4061 4061 4061 4061 4061
767 1777386236 3553 3697 3669 511 3584 3628 3628 3596 4061 4061 4061 4061 4061 4061 4061 4061
768 1777386236 3552 3696 3668 511 3583 3625 3626 3594 4063 4063 4062 4062 4062 4062 4062 4062
769 1777386236 3553 3697 3669 511 3582 3627 3627 3595 4063 4063 4062 4062 4062 4062 4062 4062
770 1777386236 3552 3696 3668 510 3582 3626 3626 3594 4063 4063 4062 4062 4062 4062 4062 4062
771 1777386236 3552 3697 3669 511 3583 3627 3627 3595 4061 4061 4061 4061 4061 4061 4061 4061
772 1777386236 3552 3697 3669 511 3583 3626 3627 3595 4061 4061 4060 4060 4060 4060 4060 4060
773 1777386236 3551 3696 3668 511 3582 3626 3626 3594 4061 4061 4061 4061 4061 4061 4061 4061
774 1777386236 3552 3697 3669 511 3583 3626 3627 3594 4061 4061 4061 4061 4061 4061 4061 4061
775 1777386236 3553 3698 3670 511 3584 3628 3627 3595 4063 4063 4062 4062 4062 4062 4062 4062
776 1777386236 3552 3696 3668 511 3583 3626 3626 3594 4063 4063 4062 4062 4062 4062 4062 4062
777 1777386236 3553 3698 3670 511 3584 3627 3627 3595 4063 4063 4062 4062 4062 4062 4062 4062
778 1777386237 3553 3698 3669 511 3583 3627 3627 3595 4063 4063 4062 4062 4062 4062 4062 4062
779 1777386237 3552 3697 3669 511 3582 3627 3627 3595 4061 4061 4061 4061 4061 4061 4061 4061
780 1777386237 3552 3697 3669 511 3583 3626 3626 3594 4061 4061 4061 4061 4061 4061 4061 4061
781 1777386237 3552 3697 3668 511 3582 3625 3626 3595 4063 4063 4062 4062 4062 4062 4062 4062
782 1777386237 3552 3697 3669 511 3583 3626 3626 3594 4061 4061 4061 4061 4061 4061 4061 4061
783 1777386237 3552 3697 3669 511 3584 3627 3627 3595 4061 4061 4060 4060 4060 4060 4060 4060
784 1777386237 3552 3697 3669 512 3583 3627 3627 3595 4063 4063 4062 4062 4062 4062 4062 4062
785 1777386237 3551 3696 3668 511 3582 3626 3627 3595 4063 4063 4062 4062 4062 4062 4062 4062
786 1777386237 3552 3697 3669 510 3583 3626 3627 3595 4061 4061 4060 4060 4060 4060 4060 4060
787 1777386237 3552 3696 3668 511 3583 3626 3626 3594 4061 4061 4061 4061 4061 4061 4061 4061
788 1777386237 3552 3696 3668 511 3583 3626 3626 3595 4063 4063 4062 4062 4062 4062 4062 4062
789 1777386237 3553 3697 3669 511 3583 3627 3626 3594 4061 4061 4061 4061 4061 4061 4061 4061
790 1777386237 3552 3697 3669 511 3583 3626 3627 3595 4063 4063 4062 4062 4062 4062 4062 4062
791 1777386237 3553 3697 3669 511 3583 3627 3627 3595 4063 4063 4062 4062 4062 4062 4062 4062
792 1777386237 3553 3698 3670 511 3583 3627 3628 3596 4063 4063 4062 4062 4062 4062 4062 4062
793 1777386237 3553 3698 3669 511 3584 3627 3627 3595 4063 4063 4062 4062 4062 4062 4062 4062
794 1777386237 3552 3697 3669 511 3583 3627 3627 3595 4061 4061 4061 4061 4061 4061 4061 4061
795 1777386237 3553 3697 3669 511 3584 3627 3627 3595 4063 4063 4062 4062 4062 4062 4062 4062
796 1777386237 3553 3698 3670 510 3583 3627 3627 3595 4063 4063 4062 4062 4062 4062 4062 4062
797 1777386237 3552 3696 3668 511 3582 3626 3626 3594 4061 4061 4061 4061 4061 4061 4061 4061
798 1777386237 3554 3699 3670 511 3585 3629 3629 3596 4063 4063 4062 4062 4062 4062 4062 4062
799 1777386237 3553 3698 3670 511 3584 3628 3627 3596 4063 4063 4062 4062 4062 4062 4062 4062
800 1777386237 3553 3697 3670 512 3583 3627 3627 3595 4063 4063 4062 4062 4062 4062 4062 4062
801 1777386237 3552 3696 3669 511 3582 3626 3626 3594 4061 4061 4061 4061 4061 4061 4061 4061
802 1777386237 3552 3697 3668 511 3583 3626 3626 3595 4061 4061 4061 4061 4061 4061 4061 4061
803 1777386237 3554 3699 3670 511 3584 3627 3627 3595 4063 4063 4062 4062 4062 4062 4062 4062
804 1777386237 3553 3697 3669 511 3583 3627 3627 3595 4057 4057 4057 4057 4057 4057 4057 4057
805 1777386237 3553 3697 3670 511 3584 3627 3628 3595 4061 4061 4060 4060 4060 4060 4060 4060
806 1777386237 3552 3697 3669 511 3584 3627 3627 3594 4063 4061 4061 4061 4061 4061 4061 4061
807 1777386237 3553 3698 3670 511 3584 3627 3627 3595 4063 4063 4062 4062 4062 4062 4062 4062
808 1777386237 3553 3697 3669 511 3583 3626 3627 3595 4061 4061 4061 4061 4061 4061 4061 4061
809 1777386237 3553 3697 3669 511 3584 3627 3627 3594 4061 4061 4061 4061 4061 4061 4061 4061
810 1777386237 3553 3697 3669 511 3583 3627 3626 3595 4061 4061 4061 4061 4061 4061 4061 4061
811 1777386237 3552 3697 3669 511 3583 3627 3627 3595 4063 4063 4062 4062 4062 4062 4062 4062
812 1777386237 3552 3696 3668 511 3583 3626 3626 3594 4061 4061 4061 4061 4061 4061 4061 4061
813 1777386237 3552 3697 3669 511 3583 3627 3627 3595 4063 4062 4062 4062 4062 4062 4062 4062
814 1777386237 3553 3698 3670 511 3584 3627 3627 3595 4061 4061 4061 4061 4061 4061 4061 4061
815 1777386237 3553 3697 3669 511 3584 3627 3627 3595 4059 4059 4059 4059 4059 4059 4059 4059
816 1777386237 3552 3697 3668 512 3583 3627 3627 3595 4061 4061 4061 4061 4061 4061 4061 4061
817 1777386237 3553 3697 3669 511 3582 3627 3627 3595 4061 4061 4061 4061 4061 4061 4061 4061
818 1777386237 3553 3698 3670 511 3584 3628 3628 3596 4061 4061 4061 4061 4061 4061 4061 4061
819 1777386245 3551 3696 3667 511 3581 3625 3625 3594 4063 4063 4062 4062 4062 4062 4062 4062
820 1777386245 3552 3697 3669 511 3582 3626 3626 3594 4063 4063 4062 4062 4062 4062 4062 4062
821 1777386245 3552 3696 3668 511 3582 3626 3626 3594 4061 4061 4061 4061 4061 4061 4061 4061
822 1777386245 3551 3696 3669 511 3583 3626 3626 3594 4063 4063 4062 4062 4062 4062 4062 4062
823 1777386245 3553 3697 3669 511 3583 3627 3627 3595 4063 4063 4062 4062 4062 4062 4062 4062
824 1777386245 3552 3696 3667 511 3581 3624 3625 3593 4061 4061 4061 4061 4061 4061 4061 4061
825 1777386245 3551 3695 3667 511 3582 3625 3626 3594 4061 4061 4061 4061 4061 4061 4061 4061
826 1777386245 3552 3697 3669 511 3583 3627 3627 3595 4061 4061 4061 4061 4061 4061 4061 4061
827 1777386245 3553 3697 3668 512 3583 3626 3626 3595 4063 4063 4062 4062 4062 4062 4062 4062
828 1777386245 3552 3696 3669 511 3583 3627 3627 3595 4061 4061 4060 4060 4060 4060 4060 4060
829 1777386245 3552 3697 3669 511 3583 3626 3627 3595 4061 4061 4061 4061 4061 4061 4061 4061
830 1777386245 3553 3698 3669 511 3584 3627 3627 3595 4061 4061 4061 4061 4061 4061 4061 4061
831 1777386245 3552 3696 3668 512 3583 3626 3627 3594 4063 4063 4062 4062 4062 4062 4062 4062
832 1777386245 3552 3697 3669 511 3582 3627 3627 3595 4063 4063 4062 4062 4062 4062 4062 4062
833 1777386245 3551 3696 3668 511 3582 3626 3625 3594 4063 4063 4062 4062 4062 4062 4062 4062
834 1777386245 3552 3697 3669 511 3583 3626 3627 3595 4063 4063 4062 4062 4062 4062 4062 4062
835 1777386245 3552 3697 3669 511 3583 3627 3627 3595 4063 4063 4062 4062 4062 4062 4062 4062
836 1777386245 3553 3697 3669 511 3584 3627 3627 3595 4061 4061 4061 4061 4061 4061 4061 4061
837 1777386245 3553 3697 3669 512 3583 3627 3627 3595 4061 4061 4061 4061 4061 4061 4061 4061
838 1777386245 3553 3697 3669 511 3583 3626 3626 3595 4063 4063 4062 4062 4062 4062 4062 4062
839 1777386245 3552 3697 3669 511 3583 3627 3627 3594 4061 4061 4061 4061 4061 4061 4061 4061
840 1777386245 3552 3697 3669 511 3583 3626 3627 3595 4061 4061 4060 4060 4060 4060 4060 4060
841 1777386245 3554 3698 3670 511 3585 3628 3628 3596 4061 4061 4061 4061 4061 4061 4061 4061
842 1777386245 3552 3696 3668 511 3583 3626 3626 3594 4061 4061 4061 4061 4061 4061 4061 4061
843 1777386245 3553 3698 3669 511 3584 3628 3628 3596 4061 4061 4060 4060 4060 4060 4060 4060
844 1777386245 3552 3697 3669 511 3583 3627 3627 3594 4063 4063 4063 4063 4063 4063 4063 4063
845 1777386245 3553 3697 3669 511 3583 3627 3627 3595 4063 4063 4062 4062 4062 4062 4062 4062
846 1777386245 3553 3697 3669 511 3583 3626 3627 3594 4061 4061 4061 4061 4061 4061 4061 4061
847 1777386245 3553 3698 3670 512 3583 3628 3628 3596 4061 4061 4061 4061 4061 4061 4061 4061
848 1777386245 3552 3696 3669 511 3582 3625 3626 3594 4063 4061 4061 4061 4061 4061 4061 4061
849 1777386246 3553 3698 3670 511 3584 3628 3627 3595 4061 4061 4061 4061 4061 4061 4061 4061
850 1777386246 3552 3697 3669 511 3584 3627 3627 3595 4063 4063 4062 4062 4062 4062 4062 4062
851 1777386246 3552 3697 3669 511 3583 3626 3626 3595 4063 4063 4062 4062 4062 4062 4062 4062
852 1777386246 3553 3698 3670 511 3584 3628 3627 3596 4063 4063 4062 4062 4062 4062 4062 4062
853 1777386246 3553 3698 3670 512 3583 3626 3626 3595 4063 4063 4062 4062 4062 4062 4062 4062
854 1777386246 3553 3697 3669 511 3584 3627 3628 3595 4061 4061 4061 4061 4061 4061 4061 4061
855 1777386246 3553 3698 3670 511 3584 3628 3627 3595 4061 4061 4061 4061 4061 4061 4061 4061
856 1777386246 3553 3698 3670 511 3585 3628 3628 3596 4063 4063 4062 4062 4062 4062 4062 4062
857 1777386246 3553 3698 3670 511 3584 3627 3627 3595 4063 4063 4062 4062 4062 4062 4062 4062
858 1777386246 3553 3697 3670 511 3584 3627 3627 3595 4061 4061 4061 4061 4061 4061 4061 4061
859 1777386246 3553 3698 3670 511 3584 3628 3627 3595 4061 4061 4061 4061 4061 4061 4061 4061
860 1777386246 3552 3697 3669 511 3583 3627 3627 3595 4063 4063 4062 4062 4062 4062 4062 4062
861 1777386246 3553 3698 3670 511 3584 3627 3627 3595 4063 4063 4062 4062 4062 4062 4062 4062
862 1777386246 3552 3697 3669 512 3584 3627 3627 3595 4063 4063 4062 4062 4062 4062 4062 4062
863 1777386246 3554 3698 3670 512 3583 3627 3627 3595 4063 4063 4063 4063 4063 4063 4063 4063
864 1777386246 3553 3697 3670 511 3584 3628 3628 3596 4062 4061 4061 4061 4061 4061 4061 4061
865 1777386246 3553 3698 3669 511 3583 3627 3627 3595 4063 4063 4062 4062 4062 4062 4062 4062
866 1777386246 3553 3697 3670 511 3584 3627 3627 3595 4061 4061 4061 4061 4061 4061 4061 4061
867 1777386246 3553 3698 3669 512 3583 3627 3627 3596 4061 4061 4061 4061 4061 4061 4061 4061
868 1777386246 3553 3697 3669 511 3583 3626 3627 3595 4063 4063 4062 4062 4062 4062 4062 4062
869 1777386246 3553 3698 3670 511 3584 3628 3628 3595 4063 4063 4062 4062 4062 4062 4062 4062
870 1777386246 3553 3697 3669 512 3584 3627 3628 3595 4061 4061 4061 4061 4061 4061 4061 4061
871 1777386246 3553 3698 3669 512 3583 3627 3627 3595 4063 4063 4062 4062 4062 4062 4062 4062
872 1777386246 3553 3698 3670 512 3584 3627 3627 3596 4063 4063 4062 4062 4062 4062 4062 4062
873 1777386246 3553 3697 3669 512 3583 3626 3626 3594 4063 4061 4061 4061 4061 4061 4061 4061
874 1777386246 3553 3698 3669 511 3584 3628 3628 3596 4061 4061 4061 4061 4061 4061 4061 4061
875 1777386246 3553 3697 3670 512 3584 3628 3627 3596 4063 4063 4062 4062 4062 4062 4062 4062
876 1777386246 3553 3698 3670 512 3584 3628 3628 3596 4061 4061 4061 4061 4061 4061 4061 4061
877 1777386246 3553 3698 3670 514 3584 3627 3627 3595 4063 4063 4062 4062 4062 4062 4062 4062
878 1777386246 3552 3697 3669 513 3583 3627 3627 3595 4061 4061 4061 4061 4061 4061 4061 4061
879 1777386246 3551 3696 3668 512 3583 3626 3627 3595 4063 4063 4062 4062 4062 4062 4062 4062
880 1777386246 3551 3696 3668 511 3582 3626 3626 3594 4061 4061 4060 4060 4060 4060 4060 4060
881 1777386246 3551 3696 3668 510 3581 3626 3626 3594 4061 4061 4060 4060 4060 4060 4060 4060
882 1777386246 3551 3695 3667 510 3580 3625 3626 3593 4061 4061 4061 4061 4061 4061 4061 4061
883 1777386246 3551 3695 3667 510 3581 3624 3625 3593 4063 4063 4062 4062 4062 4062 4062 4062
884 1777386246 3550 3695 3667 509 3582 3625 3625 3593 4061 4061 4061 4061 4061 4061 4061 4061
885 1777386246 3551 3696 3668 509 3582 3626 3626 3594 4063 4063 4062 4062 4062 4062 4062 4062
886 1777386246 3551 3696 3668 510 3582 3625 3626 3594 4061 4061 4061 4061 4061 4061 4061 4061
887 1777386246 3551 3695 3667 510 3582 3625 3625 3594 4061 4061 4061 4061 4061 4061 4061 4061
888 1777386246 3550 3695 3667 510 3581 3625 3624 3592 4061 4061 4061 4061 4061 4061 4061 4061
889 1777386246 3551 3696 3668 510 3581 3625 3625 3594 4063 4063 4062 4062 4062 4062 4062 4062
890 1777386246 3551 3695 3667 510 3582 3625 3625 3594 4063 4063 4062 4062 4062 4062 4062 4062
891 1777386246 3552 3696 3668 510 3583 3626 3626 3594 4061 4061 4061 4061 4061 4061 4061 4061
892 1777386246 3551 3696 3668 510 3582 3625 3626 3594 4061 4061 4061 4061 4061 4061 4061 4061
893 1777386246 3551 3695 3668 510 3582 3626 3626 3594 4063 4063 4062 4062 4062 4062 4062 4062
894 1777386246 3551 3697 3669 509 3582 3625 3626 3594 4061 4061 4061 4061 4061 4061 4061 4061
895 1777386246 3551 3696 3668 510 3583 3626 3626 3594 4061 4061 4061 4061 4061 4061 4061 4061
896 1777386246 3552 3696 3668 510 3582 3626 3626 3594 4063 4063 4062 4062 4062 4062 4062 4062
897 1777386246 3553 3697 3670 510 3583 3626 3627 3594 4063 4063 4062 4062 4062 4062 4062 4062
898 1777386246 3551 3696 3667 510 3582 3625 3625 3593 4063 4063 4062 4062 4062 4062 4062 4062
899 1777386246 3551 3695 3667 510 3582 3625 3625 3594 4061 4061 4061 4061 4061 4061 4061 4061
900 1777386246 3551 3696 3668 510 3582 3625 3625 3593 4063 4063 4062 4062 4062 4062 4062 4062
901 1777386246 3551 3696 3667 510 3582 3625 3625 3593 4063 4063 4062 4062 4062 4062 4062 4062
902 1777386246 3553 3697 3669 510 3583 3626 3627 3594 4061 4061 4061 4061 4061 4061 4061 4061
903 1777386246 3551 3696 3668 510 3582 3626 3626 3594 4063 4063 4062 4062 4062 4062 4062 4062
904 1777386246 3551 3696 3667 510 3582 3625 3625 3594 4063 4063 4062 4062 4062 4062 4062 4062
905 1777386246 3552 3696 3668 510 3582 3626 3626 3594 4061 4061 4061 4061 4061 4061 4061 4061
906 1777386246 3551 3696 3668 509 3582 3625 3626 3594 4063 4063 4062 4062 4062 4062 4062 4062
907 1777386246 3551 3696 3667 510 3582 3625 3625 3593 4061 4061 4061 4061 4061 4061 4061 4061
908 1777386246 3551 1305 3667 510 374 3624 3626 3595 4061 4061 4061 4061 4061 4061 4061 4061
909 1777386247 3552 3697 3669 510 3582 3625 3626 3594 4061 4061 4061 4061 4061 4061 4061 4061
910 1777386247 3552 3696 3668 510 3583 3626 3626 3594 4063 4063 4062 4062 4062 4062 4062 4062
911 1777386247 3552 3696 3668 510 3583 3626 3626 3594 4063 4063 4062 4062 4062 4062 4062 4062
912 1777386247 3551 3696 3668 510 3582 3625 3626 3594 4063 4063 4062 4062 4062 4062 4062 4062
913 1777386247 3552 3696 3668 510 3581 3626 3626 3594 4063 4063 4062 4062 4062 4062 4062 4062
914 1777386247 3551 3696 3668 510 3583 3626 3626 3594 4063 4063 4062 4062 4062 4062 4062 4062
915 1777386247 3552 3696 3668 510 3583 3626 3626 3594 4063 4063 4062 4062 4062 4062 4062 4062
916 1777386247 3551 3696 3668 510 3582 3626 3626 3594 4063 4063 4062 4062 4062 4062 4062 4062
917 1777386247 3550 3695 3667 510 3581 3625 3625 3593 4063 4063 4062 4062 4062 4062 4062 4062
918 1777386247 3552 3696 3668 510 3583 3626 3627 3594 4061 4061 4061 4061 4061 4061 4061 4061
919 1777386247 3551 3696 3668 510 3582 3625 3626 3594 4061 4061 4061 4061 4061 4061 4061 4061
920 1777386247 3552 3697 3669 510 3583 3626 3627 3595 4061 4061 4060 4060 4060 4060 4060 4060
921 1777386247 3551 3696 3668 510 3582 3625 3626 3593 4063 4063 4062 4062 4062 4062 4062 4062
922 1777386247 3551 3695 3667 510 3581 3625 3625 3594 4063 4063 4062 4062 4062 4062 4062 4062
923 1777386247 3552 3696 3668 510 3582 3625 3626 3593 4061 4061 4061 4061 4061 4061 4061 4061
924 1777386247 3551 3696 3667 510 3582 3625 3625 3593 4061 4061 4061 4061 4061 4061 4061 4061
925 1777386247 3552 3696 3668 510 3583 3627 3626 3594 4061 4061 4061 4061 4061 4061 4061 4061
926 1777386247 3553 3697 3669 510 3583 3626 3626 3594 4063 4063 4062 4062 4062 4062 4062 4062
927 1777386247 3550 3695 3667 510 3581 3625 3625 3593 4063 4063 4062 4062 4062 4062 4062 4062
928 1777386247 3552 3696 3668 511 3582 3626 3626 3594 4063 4063 4062 4062 4062 4062 4062 4062
929 1777386247 3551 3696 3667 510 3581 3625 3626 3593 4063 4063 4062 4062 4062 4062 4062 4062
930 1777386247 3552 3696 3668 510 3582 3626 3626 3594 4063 4063 4062 4062 4062 4062 4062 4062
931 1777386247 3551 3696 3668 510 3582 3626 3626 3594 4063 4063 4062 4062 4062 4062 4062 4062
932 1777386247 3552 3696 3668 510 3582 3626 3626 3594 4061 4061 4061 4061 4061 4061 4061 4061
933 1777386247 3551 3696 3668 510 3582 3626 3625 3593 4063 4063 4062 4062 4062 4062 4062 4062
934 1777386247 3552 3696 3669 510 3583 3626 3626 3595 4061 4061 4061 4061 4061 4061 4061 4061
935 1777386255 3549 3693 3665 510 3580 3623 3623 3592 4061 4061 4061 4061 4061 4061 4061 4061
936 1777386255 3551 3695 3668 510 3581 3626 3626 3594 4061 4061 4061 4061 4061 4061 4061 4061
937 1777386255 3551 3695 3667 510 3582 3625 3625 3594 4061 4061 4061 4061 4061 4061 4061 4061
938 1777386255 3553 3697 3669 510 3583 3627 3627 3595 4061 4061 4061 4061 4061 4061 4061 4061
939 1777386255 3551 3696 3668 510 3582 3625 3625 3593 4061 4061 4061 4061 4061 4061 4061 4061
940 1777386255 3551 3695 3668 510 3582 3626 3626 3594 4063 4063 4062 4062 4062 4062 4062 4062
941 1777386255 3551 3695 3668 510 3582 3625 3625 3593 4063 4063 4062 4062 4062 4062 4062 4062
942 1777386255 3550 3695 3667 510 3581 3625 3625 3593 4061 4061 4061 4061 4061 4061 4061 4061
943 1777386255 3551 3695 3667 511 3582 3626 3626 3594 4061 4061 4061 4061 4061 4061 4061 4061
944 1777386255 3551 3695 3668 510 3581 3625 3625 3593 4061 4061 4061 4061 4061 4061 4061 4061
945 1777386255 3551 3696 3668 510 3582 3625 3626 3594 4061 4061 4061 4061 4061 4061 4061 4061
946 1777386255 3551 3695 3667 510 3582 3625 3625 3593 4063 4063 4062 4062 4062 4062 4062 4062
947 1777386255 3551 3696 3668 510 3582 3626 3626 3594 4061 4061 4061 4061 4061 4061 4061 4061
948 1777386255 3551 3695 3667 510 3581 3625 3625 3593 4061 4061 4061 4061 4061 4061 4061 4061
949 1777386255 3551 3696 3668 510 3582 3626 3626 3593 4061 4061 4061 4061 4061 4061 4061 4061
950 1777386255 3551 3695 3667 511 3582 3625 3625 3593 4061 4061 4061 4061 4061 4061 4061 4061
951 1777386255 3551 3695 3667 510 3581 3625 3626 3593 4063 4063 4062 4062 4062 4062 4062 4062
952 1777386255 3552 3696 3668 511 3583 3626 3626 3595 4062 4063 4062 4062 4062 4062 4062 4062
953 1777386255 3551 3696 3668 510 3582 3625 3626 3594 4061 4061 4061 4061 4061 4061 4061 4061
954 1777386255 3552 3696 3668 510 3582 3625 3625 3594 4063 4063 4062 4062 4062 4062 4062 4062
955 1777386255 3551 3696 3667 510 3582 3625 3625 3594 4061 4061 4061 4061 4061 4061 4061 4061
956 1777386255 3552 3697 3668 510 3582 3626 3626 3594 4063 4063 4062 4062 4062 4062 4062 4062
957 1777386255 3552 3697 3669 510 3583 3627 3627 3594 4061 4061 4061 4061 4061 4061 4061 4061
958 1777386255 3552 3696 3668 510 3583 3627 3627 3595 4061 4061 4061 4061 4061 4061 4061 4061
959 1777386255 3552 3696 3668 510 3582 3626 3626 3593 4063 4063 4062 4062 4062 4062 4062 4062
960 1777386255 3552 3696 3668 510 3582 3626 3626 3594 4063 4063 4062 4062 4062 4062 4062 4062
961 1777386255 3552 3697 3669 511 3583 3626 3626 3595 4061 4061 4061 4061 4061 4061 4061 4061
962 1777386255 3552 3696 3668 510 3583 3626 3626 3594 4063 4062 4062 4062 4062 4062 4062 4062
963 1777386255 3552 3696 3668 510 3582 3626 3626 3594 4063 4063 4062 4062 4062 4062 4062 4062
964 1777386255 3552 3697 3669 510 3583 3627 3626 3594 4061 4061 4061 4061 4061 4061 4061 4061
965 1777386255 3551 3695 3667 511 3581 3625 3625 3594 4063 4063 4062 4062 4062 4062 4062 4062
966 1777386255 3552 3697 3669 510 3583 3626 3627 3595 4061 4061 4061 4061 4061 4061 4061 4061
967 1777386255 3551 3696 3668 511 3582 3626 3626 3593 4063 4063 4062 4062 4062 4062 4062 4062
968 1777386255 3552 3696 3668 510 3582 3625 3626 3594 4063 4063 4062 4062 4062 4062 4062 4062
969 1777386255 3552 3696 3669 511 3582 3626 3626 3594 4063 4063 4063 4063 4063 4063 4063 4063
970 1777386255 3552 3696 3668 510 3583 3626 3626 3594 4063 4063 4062 4062 4062 4062 4062 4062
971 1777386255 3551 3696 3668 510 3582 3625 3626 3593 4063 4063 4062 4062 4062 4062 4062 4062
972 1777386255 3552 3697 3669 510 3583 3626 3627 3594 4061 4061 4061 4061 4061 4061 4061 4061
973 1777386255 3551 3696 3668 511 3582 3626 3626 3594 4063 4063 4062 4062 4062 4062 4062 4062
974 1777386255 3552 3696 3668 510 3583 3626 3626 3594 4063 4061 4061 4061 4061 4061 4061 4061
975 1777386255 3552 3696 3668 511 3582 3626 3626 3594 4061 4061 4061 4061 4061 4061 4061 4061
976 1777386255 3551 3696 3668 510 3581 3625 3625 3593 4061 4061 4061 4061 4061 4061 4061 4061
977 1777386255 3552 3696 3668 510 3582 3626 3626 3594 4061 4061 4061 4061 4061 4061 4061 4061
978 1777386255 3552 3696 3668 510 3583 3626 3626 3594 4061 4061 4061 4061 4061 4061 4061 4061
979 1777386255 3551 3696 3668 511 3582 3626 3626 3594 4061 4061 4061 4061 4061 4061 4061 4061
980 1777386255 3552 3697 3668 510 3583 3626 3626 3594 4061 4061 4061 4061 4061 4061 4061 4061
981 1777386255 3552 3697 3669 511 3583 3626 3626 3594 4061 4061 4061 4061 4061 4061 4061 4061
982 1777386255 3551 3696 3668 510 3583 3626 3626 3594 4061 4061 4061 4061 4061 4061 4061 4061
983 1777386255 3552 3697 3669 511 3582 3626 3626 3594 4063 4063 4062 4062 4062 4062 4062 4062
984 1777386255 3552 3696 3668 511 3583 3626 3627 3594 4063 4063 4062 4062 4062 4062 4062 4062
985 1777386255 3552 3697 3669 511 3582 3626 3626 3594 4061 4061 4061 4061 4061 4061 4061 4061
986 1777386256 3552 3697 3669 510 3583 3626 3626 3594 4061 4061 4061 4061 4061 4061 4061 4061
987 1777386256 3552 3697 3669 510 3583 3626 3627 3594 4063 4063 4062 4062 4062 4062 4062 4062
988 1777386256 3552 3697 3668 510 3582 3626 3626 3594 4063 4063 4062 4062 4062 4062 4062 4062
989 1777386256 3554 3698 3671 510 3584 3628 3628 3596 4063 4063 4062 4062 4062 4062 4062 4062
990 1777386256 3552 3697 3669 510 3583 3627 3627 3595 4063 4063 4062 4062 4062 4062 4062 4062
991 1777386263 3550 3694 3666 511 3581 3624 3625 3593 4061 4061 4061 4061 4061 4061 4061 4061
992 1777386264 3552 3696 3668 511 3582 3626 3626 3594 4063 4063 4063 4063 4063 4063 4063 4063
993 1777386264 3551 3695 3667 510 3582 3625 3626 3593 4063 4063 4062 4062 4062 4062 4062 4062
994 1777386264 3551 3695 3667 511 3582 3626 3626 3594 4063 4061 4061 4061 4061 4061 4061 4061
995 1777386264 3551 3696 3667 511 3581 3625 3625 3593 4063 4063 4062 4062 4062 4062 4062 4062
996 1777386264 3551 3696 3668 511 3583 3626 3627 3594 4063 4063 4062 4062 4062 4062 4062 4062
997 1777386264 3552 3696 3668 510 3583 3626 3626 3594 4063 4063 4062 4062 4062 4062 4062 4062
998 1777386264 3552 3697 3669 511 3583 3627 3627 3595 4061 4061 4061 4061 4061 4061 4061 4061
999 1777386264 3552 3696 3669 510 3583 3626 3626 3594 4061 4061 4061 4061 4061 4061 4061 4061
1000 1777386264 3552 3696 3668 511 3582 3625 3625 3593 4063 4063 4062 4062 4062 4062 4062 4062
