1 1777386066 3550 3694 3666 445 3580 3624 3624 3592 4061 4061 4061 4061 4061 4061 4061 4061
2 1777386066 3551 3695 3667 444 3581 3625 3625 3593 4061 4061 4061 4061 4061 4061 4061 4061
3 1777386066 3551 3696 3667 445 3581 3625 3625 3594 4063 4063 4062 4062 4062 4062 4062 4062
4 1777386066 3551 3695 3667 444 3581 3625 3625 3593 4061 4061 4061 4061 4061 4061 4061 4061
5 1777386066 3551 3695 3667 445 3580 3625 3625 3593 4063 4063 4062 4062 4062 4062 4062 4062
6 1777386066 3551 3696 3668 444 3582 3626 3626 3594 4063 4061 4061 4061 4061 4061 4061 4061
7 1777386066 3550 3695 3667 444 3581 3625 3625 3593 4061 4061 4060 4060 4060 4060 4060 4060
8 1777386066 3551 3696 3668 445 3582 3625 3625 3594 4063 4063 4062 4062 4062 4062 4062 4062
9 1777386066 3551 3695 3667 445 3582 3625 3625 3593 4063 4063 4062 4062 4062 4062 4062 4062
10 1777386066 3551 3696 3667 445 3582 3625 3625 3593 4061 4061 4061 4061 4061 4061 4061 4061
11 1777386066 3551 3695 3667 444 3582 3625 3625 3594 4063 4061 4061 4061 4061 4061 4061 4061
12 1777386066 3551 3695 3667 445 3581 3625 3625 3593 4061 4061 4061 4061 4061 4061 4061 4061
13 1777386066 3551 3696 3668 445 3582 3626 3626 3594 4063 4061 4061 4061 4061 4061 4061 4061
14 1777386066 3551 3695 3668 445 3581 3624 3625 3593 4062 4063 4062 4062 4062 4062 4062 4062
15 1777386066 3551 3695 3667 445 3582 3626 3626 3594 4063 4063 4062 4062 4062 4062 4062 4062
16 1777386066 3553 3698 3669 444 3583 3627 3627 3595 4061 4061 4060 4060 4060 4060 4060 4060
17 1777386066 3550 3694 3666 445 3580 3624 3625 3592 4061 4061 4061 4061 4061 4061 4061 4061
18 1777386066 3552 3696 3668 445 3583 3626 3625 3594 4063 4063 4062 4062 4062 4062 4062 4062
19 1777386066 3551 3695 3667 445 3581 3624 3625 3593 4061 4061 4061 4061 4061 4061 4061 4061
20 1777386066 3551 3695 3667 446 3581 3625 3625 3593 4063 4061 4061 4061 4061 4061 4061 4061
21 1777386066 3551 3696 3668 445 3582 3626 3627 3594 4063 4063 4062 4062 4062 4062 4062 4062
22 1777386066 3552 3697 3669 445 3583 3627 3626 3595 4063 4062 4062 4062 4062 4062 4062 4062
23 1777386066 3551 3696 3668 444 3582 3625 3625 3594 4061 4061 4061 4061 4061 4061 4061 4061
24 1777386066 3551 3695 3668 444 3582 3626 3626 3594 4063 4063 4062 4062 4062 4062 4062 4062
25 1777386066 3552 3696 3668 444 3582 3626 3626 3593 4063 4063 4062 4062 4062 4062 4062 4062
26 1777386066 3551 3695 3667 445 3582 3625 3625 3593 4061 4061 4061 4061 4061 4061 4061 4061
27 1777386066 3552 3696 3668 444 3582 3625 3625 3594 4063 4061 4061 4061 4061 4061 4061 4061
28 1777386066 3553 3698 3670 445 3584 3627 3628 3596 4063 4063 4062 4062 4062 4062 4062 4062
29 1777386066 3551 3695 3668 445 3582 3626 3626 3594 4063 4063 4062 4062 4062 4062 4062 4062
30 1777386066 3552 3696 3669 444 3583 3626 3626 3594 4063 4063 4062 4062 4062 4062 4062 4062
31 1777386066 3552 3697 3668 445 3582 3626 3626 3594 4061 4061 4061 4061 4061 4061 4061 4061
32 1777386066 3551 3696 3668 445 3582 3626 3626 3594 4063 4063 4062 4062 4062 4062 4062 4062
33 1777386066 3552 3697 3669 445 3583 3626 3627 3594 4061 4061 4061 4061 4061 4061 4061 4061
34 1777386066 3552 3696 3668 445 3583 3626 3626 3594 4061 4061 4061 4061 4061 4061 4061 4061
35 1777386066 3550 3695 3667 445 3582 3625 3625 3593 4063 4063 4062 4062 4062 4062 4062 4062
36 1777386066 3551 3696 3667 446 3581 3626 3626 3594 4063 4063 4062 4062 4062 4062 4062 4062
37 1777386066 3552 3696 3669 445 3582 3626 3626 3594 4061 4061 4061 4061 4061 4061 4061 4061
38 1777386066 3551 3696 3668 445 3582 3626 3626 3595 4063 4063 4062 4062 4062 4062 4062 4062
39 1777386066 3551 3696 3668 445 3583 3626 3626 3594 4063 4063 4062 4062 4062 4062 4062 4062
40 1777386066 3550 3695 3667 445 3581 3625 3626 3593 4063 4063 4062 4062 4062 4062 4062 4062
41 1777386066 3551 3696 3667 444 3581 3625 3625 3593 4061 4061 4061 4061 4061 4061 4061 4061
42 1777386066 3552 3696 3668 445 3583 3625 3626 3594 4063 4061 4061 4061 4061 4061 4061 4061
43 1777386066 3552 3697 3668 445 3582 3626 3626 3594 4063 4061 4061 4061 4061 4061 4061 4061
44 1777386066 3552 3696 3668 445 3582 3626 3626 3593 4061 4061 4061 4061 4061 4061 4061 4061
45 1777386066 3551 3696 3668 445 3582 3625 3626 3593 4063 4063 4062 4062 4062 4062 4062 4062
46 1777386066 3552 3696 3668 445 3582 3626 3626 3594 4063 4063 4062 4062 4062 4062 4062 4062
47 1777386066 3550 3695 3667 445 3582 3625 3625 3593 4061 4061 4061 4061 4061 4061 4061 4061
48 1777386066 3551 3696 3668 445 3583 3626 3626 3594 4061 4061 4061 4061 4061 4061 4061 4061
49 1777386066 3551 3696 3668 445 3583 3626 3626 3594 4061 4061 4061 4061 4061 4061 4061 4061
50 1777386066 3552 3696 3668 445 3582 3626 3626 3594 4063 4062 4062 4062 4062 4062 4062 4062
51 1777386066 3551 3695 3668 445 3582 3625 3626 3594 4061 4061 4061 4061 4061 4061 4061 4061
52 1777386066 3552 3696 3668 445 3582 3626 3626 3593 4061 4061 4061 4061 4061 4061 4061 4061
53 1777386066 3552 3697 3669 445 3583 3627 3627 3595 4063 4063 4062 4062 4062 4062 4062 4062
54 1777386066 3552 3696 3668 445 3582 3626 3626 3594 4061 4061 4061 4061 4061 4061 4061 4061
55 1777386066 3552 3696 3668 445 3582 3626 3627 3594 4063 4063 4062 4062 4062 4062 4062 4062
56 1777386066 3552 3696 3668 445 3583 3626 3626 3595 4061 4061 4061 4061 4061 4061 4061 4061
57 1777386066 3552 3697 3668 445 3582 3626 3626 3594 4063 4063 4063 4063 4063 4063 4063 4063
58 1777386066 3552 3697 3669 445 3583 3626 3627 3595 4061 4061 4061 4061 4061 4061 4061 4061
59 1777386066 3552 3696 3668 445 3582 3625 3626 3594 4063 4063 4062 4062 4062 4062 4062 4062
60 1777386066 3551 3695 3667 446 3581 3626 3626 3594 4063 4063 4062 4062 4062 4062 4062 4062
61 1777386066 3551 3696 3668 445 3582 3625 3625 3593 4061 4061 4061 4061 4061 4061 4061 4061
62 1777386067 3551 3696 3668 445 3583 3626 3626 3594 4063 4063 4062 4062 4062 4062 4062 4062
63 1777386067 3552 3696 3668 445 3582 3626 3626 3594 4063 4063 4062 4062 4062 4062 4062 4062
64 1777386067 3552 3696 3669 446 3583 3626 3627 3595 4059 4059 4059 4059 4059 4059 4059 4059
65 1777386067 3553 3697 3669 445 3584 3627 3627 3596 4063 4063 4062 4062 4062 4062 4062 4062
66 1777386067 3551 3696 3668 445 3582 3625 3625 3593 4061 4061 4061 4061 4061 4061 4061 4061
67 1777386067 3551 3696 3668 445 3582 3626 3627 3595 4061 4061 4061 4061 4061 4061 4061 4061
68 1777386067 3551 3696 3668 445 3581 3625 3625 3594 4061 4061 4061 4061 4061 4061 4061 4061
69 1777386067 3552 3697 3669 445 3583 3626 3626 3594 4063 4063 4062 4062 4062 4062 4062 4062
70 1777386067 3552 3696 3668 445 3582 3626 3626 3594 4061 4061 4061 4061 4061 4061 4061 4061
71 1777386067 3552 3696 3668 445 3583 3626 3626 3594 4063 4063 4062 4062 4062 4062 4062 4062
72 1777386067 3553 3697 3670 445 3583 3627 3627 3595 4063 4063 4062 4062 4062 4062 4062 4062
73 1777386067 3553 3697 3669 445 3583 3626 3627 3594 4061 4061 4061 4061 4061 4061 4061 4061
74 1777386067 3553 3696 3669 445 3583 3626 3626 3594 4063 4063 4063 4063 4063 4063 4063 4063
75 1777386067 3553 3697 3669 445 3583 3627 3627 3595 4063 4062 4062 4062 4062 4062 4062 4062
76 1777386067 3552 3698 3669 445 3583 3627 3626 3594 4063 4062 4062 4062 4062 4062 4062 4062
77 1777386067 3552 3697 3668 445 3582 3626 3626 3595 4061 4061 4060 4060 4060 4060 4060 4060
78 1777386067 3552 3697 3668 445 3583 3627 3627 3594 4063 4063 4062 4062 4062 4062 4062 4062
79 1777386067 3552 3698 3670 445 3584 3627 3627 3595 4061 4061 4061 4061 4061 4061 4061 4061
80 1777386067 3552 3697 3669 445 3583 3626 3626 3594 4061 4061 4061 4061 4061 4061 4061 4061
81 1777386067 3553 3697 3669 445 3584 3627 3627 3595 4061 4061 4061 4061 4061 4061 4061 4061
82 1777386067 3553 3697 3670 445 3583 3626 3627 3595 4063 4063 4062 4062 4062 4062 4062 4062
83 1777386067 3552 3696 3668 445 3582 3626 3626 3594 4061 4061 4061 4061 4061 4061 4061 4061
84 1777386067 3554 3698 3670 446 3585 3628 3629 3596 4063 4063 4062 4062 4062 4062 4062 4062
85 1777386067 3552 3696 3669 445 3583 3626 3626 3594 4061 4061 4061 4061 4061 4061 4061 4061
86 1777386067 3551 3696 3668 445 3582 3626 3625 3594 4063 4063 4062 4062 4062 4062 4062 4062
87 1777386067 3553 3697 3669 445 3583 3627 3626 3595 4063 4063 4062 4062 4062 4062 4062 4062
88 1777386067 3553 3698 3669 445 3583 3627 3627 3595 4061 4061 4061 4061 4061 4061 4061 4061
89 1777386067 3553 3697 3669 445 3584 3626 3627 3595 4061 4061 4061 4061 4061 4061 4061 4061
90 1777386067 3551 3696 3668 445 3582 3625 3626 3594 4063 4063 4063 4063 4063 4063 4063 4063
91 1777386067 3553 3698 3670 445 3584 3627 3627 3596 4061 4061 4061 4061 4061 4061 4061 4061
92 1777386067 3552 3697 3668 445 3583 3626 3626 3594 4063 4063 4062 4062 4062 4062 4062 4062
93 1777386067 3553 3697 3669 445 3582 3626 3626 3594 4061 4061 4061 4061 4061 4061 4061 4061
94 1777386067 3552 3696 3669 445 3583 3626 3627 3595 4063 4062 4062 4062 4062 4062 4062 4062
95 1777386067 3552 3697 3668 445 3582 3626 3626 3594 4061 4061 4061 4061 4061 4061 4061 4061
96 1777386067 3552 3697 3669 445 3583 3626 3626 3594 4063 4063 4062 4062 4062 4062 4062 4062
97 1777386067 3552 3697 3669 445 3583 3627 3627 3595 4063 4063 4062 4062 4062 4062 4062 4062
98 1777386067 3551 3696 3667 443 3582 3625 3625 3593 4063 4063 4062 4062 4062 4062 4062 4062
99 1777386067 3551 3695 3667 444 3582 3626 3626 3594 4059 4059 4058 4058 4058 4058 4058 4058
100 1777386067 3551 3695 3667 443 3581 3625 3625 3593 4063 4063 4062 4062 4062 4062 4062 4062
101 1777386067 3550 3695 3667 445 3580 3625 3625 3593 4061 4061 4061 4061 4061 4061 4061 4061
102 1777386067 3550 3695 3666 444 3579 3624 3625 3592 4063 4063 4062 4062 4062 4062 4062 4062
103 1777386067 3550 3695 3667 443 3581 3625 3624 3593 4061 4061 4060 4060 4060 4060 4060 4060
104 1777386067 3551 3694 3667 443 3581 3624 3624 3593 4063 4063 4062 4062 4062 4062 4062 4062
105 1777386067 3551 3695 3667 443 3582 3625 3625 3593 4063 4063 4062 4062 4062 4062 4062 4062
106 1777386067 3551 3696 3668 443 3582 3625 3626 3593 4063 4062 4062 4062 4062 4062 4062 4062
107 1777386067 3551 3695 3667 443 3582 3625 3625 3593 4063 4063 4062 4062 4062 4062 4062 4062
108 1777386067 3551 3694 3667 444 3581 3624 3624 3593 4063 4063 4062 4062 4062 4062 4062 4062
109 1777386067 3551 3695 3667 443 3581 3624 3625 3593 4063 4063 4062 4062 4062 4062 4062 4062
110 1777386067 3550 3694 3667 444 3581 3624 3624 3592 4063 4063 4062 4062 4062 4062 4062 4062
111 1777386067 3551 3696 3668 443 3582 3625 3625 3593 4061 4061 4061 4061 4061 4061 4061 4061
112 1777386067 3550 3695 3667 443 3581 3625 3624 3593 4063 4063 4062 4062 4062 4062 4062 4062
113 1777386067 3551 3696 3668 444 3582 3625 3625 3593 4063 4063 4062 4062 4062 4062 4062 4062
114 1777386067 3550 3695 3667 444 3581 3625 3625 3593 4061 4061 4061 4061 4061 4061 4061 4061
115 1777386067 3551 3695 3666 443 3581 3624 3625 3593 4059 4059 4059 4059 4059 4059 4059 4059
116 1777386067 3552 3696 3668 444 3581 3625 3626 3593 4063 4063 4062 4062 4062 4062 4062 4062
117 1777386067 3550 3694 3666 444 3580 3624 3624 3592 4061 4061 4061 4061 4061 4061 4061 4061
118 1777386067 3551 3695 3668 444 3581 3625 3625 3593 4063 4063 4062 4062 4062 4062 4062 4062
119 1777386067 3551 3695 3667 443 3582 3625 3625 3593 4063 4061 4061 4061 4061 4061 4061 4061
120 1777386067 3550 3695 3667 443 3581 3625 3624 3592 4063 4063 4062 4062 4062 4062 4062 4062
121 1777386067 3551 3695 3667 443 3581 3624 3625 3592 4061 4061 4061 4061 4061 4061 4061 4061
122 1777386067 3551 3696 3668 443 3582 3625 3625 3593 4061 4061 4061 4061 4061 4061 4061 4061
123 1777386067 3550 3694 3666 444 3580 3624 3624 3592 4063 4061 4061 4061 4061 4061 4061 4061
124 1777386067 3550 3694 3666 444 3581 3624 3625 3593 4061 4061 4061 4061 4061 4061 4061 4061
125 1777386067 3551 3695 3667 443 3581 3625 3625 3593 4061 4061 4061 4061 4061 4061 4061 4061
126 1777386067 3551 3696 3668 444 3581 3625 3626 3594 4063 4063 4062 4062 4062 4062 4062 4062
127 1777386067 3550 3695 3667 443 3581 3624 3625 3593 4063 4063 4062 4062 4062 4062 4062 4062
128 1777386067 3550 3694 3666 444 3580 3624 3624 3592 4063 4063 4063 4063 4063 4063 4063 4063
129 1777386067 3551 3696 3668 444 3582 3625 3625 3594 4063 4063 4062 4062 4062 4062 4062 4062
130 1777386067 3551 3695 3667 444 3581 3625 3625 3593 4061 4061 4061 4061 4061 4061 4061 4061
131 1777386067 3551 3695 3667 443 3582 3624 3625 3593 4063 4063 4062 4062 4062 4062 4062 4062
132 1777386067 3551 3695 3668 444 3581 3626 3626 3594 4061 4061 4061 4061 4061 4061 4061 4061
133 1777386067 3551 3695 3668 444 3580 3625 3625 3593 4063 4063 4062 4062 4062 4062 4062 4062
134 1777386067 3550 3695 3667 444 3581 3625 3625 3593 4063 4063 4062 4062 4062 4062 4062 4062
135 1777386067 3551 3696 3668 443 3581 3625 3625 3593 4063 4063 4062 4062 4062 4062 4062 4062
136 1777386067 3551 3696 3667 443 3582 3625 3625 3593 4061 4061 4061 4061 4061 4061 4061 4061
137 1777386067 3551 3695 3668 444 3582 3625 3625 3593 4059 4059 4059 4059 4059 4059 4059 4059
138 1777386067 3551 3696 3668 443 3582 3625 3625 3593 4061 4061 4061 4061 4061 4061 4061 4061
139 1777386068 3551 3695 3667 444 3581 3625 3625 3593 4063 4063 4062 4062 4062 4062 4062 4062
140 1777386068 3551 3696 3668 444 3581 3625 3625 3593 4061 4061 4061 4061 4061 4061 4061 4061
141 1777386068 3551 3696 3668 443 3582 3626 3626 3594 4061 4061 4061 4061 4061 4061 4061 4061
142 1777386068 3551 3696 3668 444 3582 3625 3626 3594 4063 4063 4062 4062 4062 4062 4062 4062
143 1777386068 3550 3695 3667 443 3581 3624 3624 3593 4063 4061 4061 4061 4061 4061 4061 4061
144 1777386068 3551 3696 3668 443 3582 3625 3625 3593 4061 4061 4061 4061 4061 4061 4061 4061
145 1777386068 3551 3695 3667 443 3581 3625 3624 3592 4061 4061 4061 4061 4061 4061 4061 4061
146 1777386068 3551 3696 3668 444 3582 3625 3625 3594 4061 4061 4061 4061 4061 4061 4061 4061
147 1777386068 3551 3695 3667 444 3581 3625 3625 3593 4061 4061 4061 4061 4061 4061 4061 4061
148 1777386068 3551 3695 3668 444 3581 3625 3625 3593 4061 4061 4061 4061 4061 4061 4061 4061
149 1777386068 3552 3696 3668 445 3582 3626 3626 3594 4063 4063 4062 4062 4062 4062 4062 4062
150 1777386068 1257 3695 3668 444 3583 3626 3626 3595 4063 4063 4062 4062 4062 4062 4062 4062
151 1777386068 3551 3695 3667 444 3581 3625 3626 3593 4063 4063 4062 4062 4062 4062 4062 4062
152 1777386068 3550 3695 3667 444 3581 3624 3625 3593 4059 4059 4059 4059 4059 4059 4059 4059
153 1777386068 3551 3696 3668 444 3582 3625 3625 3593 4061 4061 4061 4061 4061 4061 4061 4061
154 1777386068 3551 3695 3667 444 3582 3625 3625 3593 4063 4063 4062 4062 4062 4062 4062 4062
155 1777386068 3551 3695 3667 444 3582 3626 3626 3594 4061 4061 4061 4061 4061 4061 4061 4061
156 1777386068 3551 3696 3668 444 3581 3626 3626 3594 4063 4063 4062 4062 4062 4062 4062 4062
157 1777386068 3551 3696 3668 444 3581 3625 3626 3593 4063 4063 4062 4062 4062 4062 4062 4062
158 1777386068 3550 3695 3667 444 3581 3624 3624 3592 4063 4062 4062 4062 4062 4062 4062 4062
159 1777386068 3552 3696 3667 444 3581 3625 3625 3593 4059 4059 4058 4058 4058 4058 4058 4058
160 1777386068 3551 3695 3668 444 3581 3625 3625 3593 4063 4063 4062 4062 4062 4062 4062 4062
161 1777386068 3551 3695 3667 444 3582 3625 3625 3593 4061 4061 4061 4061 4061 4061 4061 4061
162 1777386068 3551 3695 3667 444 3581 3625 3625 3593 4061 4061 4061 4061 4061 4061 4061 4061
163 1777386068 3551 3696 3668 443 3582 3626 3626 3594 4061 4061 4061 4061 4061 4061 4061 4061
164 1777386068 3551 3695 3667 446 3581 3625 3625 3594 4063 4063 4062 4062 4062 4062 4062 4062
165 1777386068 3551 3695 3668 445 3580 3625 3625 3594 4063 4063 4062 4062 4062 4062 4062 4062
166 1777386068 3550 3695 3667 444 3579 3624 3625 3592 4063 4062 4062 4062 4062 4062 4062 4062
167 1777386068 3551 3695 3668 444 3582 3625 3625 3594 4063 4063 4062 4062 4062 4062 4062 4062
168 1777386068 3551 3696 3667 444 3581 3625 3625 3593 4063 4063 4062 4062 4062 4062 4062 4062
169 1777386068 3551 3695 3668 444 3582 3626 3626 3594 4061 4061 4061 4061 4061 4061 4061 4061
170 1777386068 3551 3695 3667 444 3582 3625 3625 3593 4063 4063 4062 4062 4062 4062 4062 4062
171 1777386068 3551 3695 3667 444 3582 3625 3625 3593 4063 4063 4062 4062 4062 4062 4062 4062
172 1777386068 3551 3696 3668 444 3581 3625 3625 3593 4063 4063 4062 4062 4062 4062 4062 4062
173 1777386068 3551 3695 3667 444 3582 3625 3625 3593 4061 4061 4061 4061 4061 4061 4061 4061
174 1777386068 3551 3696 3668 444 3582 3626 3625 3593 4063 4063 4062 4062 4062 4062 4062 4062
175 1777386076 3550 3694 3666 444 3580 3624 3624 3591 4061 4061 4060 4060 4060 4060 4060 4060
176 1777386076 3551 3695 3668 444 3581 3625 3625 3593 4061 4061 4061 4061 4061 4061 4061 4061
177 1777386076 3551 3696 3667 444 3581 3625 3625 3593 4063 4063 4062 4062 4062 4062 4062 4062
178 1777386076 3551 3695 3667 444 3582 3625 3625 3593 4063 4063 4062 4062 4062 4062 4062 4062
179 1777386076 3550 3695 3667 444 3581 3625 3625 3593 4061 4061 4061 4061 4061 4061 4061 4061
180 1777386076 3552 3697 3669 444 3583 3626 3626 3594 4061 4061 4061 4061 4061 4061 4061 4061
181 1777386076 3551 3695 3667 444 3581 3625 3625 3593 4061 4061 4061 4061 4061 4061 4061 4061
182 1777386076 3550 3695 3667 444 3581 3625 3625 3593 4063 4063 4062 4062 4062 4062 4062 4062
183 1777386076 3550 3695 3667 444 3581 3625 3625 3593 4061 4061 4061 4061 4061 4061 4061 4061
184 1777386076 3551 3696 3668 444 3582 3626 3626 3593 4063 4063 4062 4062 4062 4062 4062 4062
185 1777386076 3552 3696 3669 444 3583 3627 3627 3594 4061 4061 4061 4061 4061 4061 4061 4061
186 1777386076 3551 3695 3667 444 3581 3625 3625 3593 4061 4061 4061 4061 4061 4061 4061 4061
187 1777386076 3551 3695 3667 444 3582 3625 3625 3593 4063 4063 4062 4062 4062 4062 4062 4062
188 1777386076 3551 3696 3668 444 3582 3625 3625 3593 4061 4061 4061 4061 4061 4061 4061 4061
189 1777386076 3552 3697 3668 444 3583 3626 3626 3594 4061 4061 4061 4061 4061 4061 4061 4061
190 1777386076 3551 3696 3668 443 3582 3626 3626 3594 4063 4063 4062 4062 4062 4062 4062 4062
191 1777386076 3552 3696 3668 444 3582 3625 3626 3593 4063 4063 4062 4062 4062 4062 4062 4062
192 1777386076 3551 3695 3668 444 3582 3625 3625 3593 4061 4061 4061 4061 4061 4061 4061 4061
193 1777386076 3551 3696 3668 444 3582 3626 3626 3594 4063 4063 4062 4062 4062 4062 4062 4062
194 1777386076 3552 3696 3668 444 3582 3626 3626 3595 4061 4061 4060 4060 4060 4060 4060 4060
195 1777386076 3552 3696 3668 444 3581 3625 3625 3594 4063 4061 4061 4061 4061 4061 4061 4061
196 1777386076 3551 3696 3668 444 3582 3626 3626 3594 4063 4063 4062 4062 4062 4062 4062 4062
197 1777386076 3552 3696 3668 444 3583 3626 3626 3594 4063 4063 4062 4062 4062 4062 4062 4062
198 1777386076 3551 3697 3668 444 3582 3626 3626 3593 4063 4063 4062 4062 4062 4062 4062 4062
199 1777386076 3551 3696 3668 445 3582 3626 3626 3594 4063 4063 4062 4062 4062 4062 4062 4062
200 1777386076 3549 3694 3666 444 3580 3623 3623 3592 4063 4063 4062 4062 4062 4062 4062 4062
201 1777386076 3551 3696 3668 444 3582 3625 3625 3593 4063 4063 4062 4062 4062 4062 4062 4062
202 1777386076 3551 3695 3668 444 3582 3625 3625 3593 4063 4063 4062 4062 4062 4062 4062 4062
203 1777386077 3552 3697 3669 444 3582 3626 3627 3594 4061 4061 4061 4061 4061 4061 4061 4061
204 1777386077 3552 3696 3668 445 3582 3625 3626 3594 4057 4056 4056 4056 4056 4056 4056 4056
205 1777386077 3552 3696 3668 444 3583 3626 3626 3594 4061 4061 4061 4061 4061 4061 4061 4061
206 1777386077 3551 3696 3667 444 3582 3625 3625 3593 4061 4061 4061 4061 4061 4061 4061 4061
207 1777386077 3551 3696 3668 444 3582 3625 3626 3594 4062 4063 4062 4062 4062 4062 4062 4062
208 1777386077 3552 3697 3668 444 3582 3626 3626 3594 4063 4063 4062 4062 4062 4062 4062 4062
209 1777386077 3552 3696 3668 444 3583 3626 3626 3595 4061 4061 4061 4061 4061 4061 4061 4061
210 1777386077 3552 3696 3668 444 3582 3626 3626 3594 4061 4061 4061 4061 4061 4061 4061 4061
211 1777386077 3551 3695 3667 444 3581 3625 3625 3593 4063 4063 4062 4062 4062 4062 4062 4062
212 1777386077 3552 3695 3668 444 3582 3625 3625 3593 4061 4061 4061 4061 4061 4061 4061 4061
213 1777386077 3551 3697 3669 444 3583 3627 3627 3595 4061 4061 4061 4061 4061 4061 4061 4061
214 1777386077 3551 3696 3668 444 3582 3626 3626 3594 4063 4063 4062 4062 4062 4062 4062 4062
215 1777386077 3552 3697 3669 444 3583 3626 3626 3594 4061 4061 4061 4061 4061 4061 4061 4061
216 1777386077 3551 3695 3667 444 3581 3625 3626 3593 4063 4063 4062 4062 4062 4062 4062 4062
217 1777386077 3551 3695 3667 444 3582 3625 3626 3593 4061 4061 4061 4061 4061 4061 4061 4061
218 1777386077 3552 3697 3669 444 3582 3626 3626 3594 4061 4061 4061 4061 4061 4061 4061 4061
219 1777386077 3552 3697 3669 444 3583 3626 3627 3594 4063 4063 4062 4062 4062 4062 4062 4062
220 1777386077 3551 3697 3668 444 3583 3625 3626 3594 4061 4061 4061 4061 4061 4061 4061 4061
221 1777386077 3552 3696 3668 444 3583 3626 3626 3594 4061 4061 4061 4061 4061 4061 4061 4061
222 1777386077 3551 3696 3667 444 3582 3625 3625 3593 4063 4063 4062 4062 4062 4062 4062 4062
223 1777386077 3552 3697 3668 444 3583 3626 3627 3595 4061 4061 4061 4061 4061 4061 4061 4061
224 1777386077 3551 3697 3668 444 3582 3626 3626 3594 4061 4061 4061 4061 4061 4061 4061 4061
225 1777386077 3551 3696 3667 444 3582 3626 3626 3594 4061 4061 4061 4061 4061 4061 4061 4061
226 1777386077 3552 3697 3669 444 3582 3627 3627 3595 4061 4061 4061 4061 4061 4061 4061 4061
227 1777386077 3552 3696 3668 445 3581 3626 3626 3594 4061 4061 4061 4061 4061 4061 4061 4061
228 1777386077 3552 3697 3669 445 3582 3626 3626 3594 4063 4062 4062 4062 4062 4062 4062 4062
229 1777386077 3552 3696 3668 444 3582 3625 3626 3594 4063 4063 4062 4062 4062 4062 4062 4062
230 1777386077 3552 3697 3668 444 3582 3626 3626 3594 4061 4061 4061 4061 4061 4061 4061 4061
231 1777386077 3552 3696 3668 444 3582 3625 3626 3594 4063 4062 4062 4062 4062 4062 4062 4062
232 1777386077 3552 3696 3668 444 3582 3625 3625 3593 4063 4063 4062 4062 4062 4062 4062 4062
233 1777386077 3552 3696 3668 444 3582 3626 3626 3593 4061 4061 4061 4061 4061 4061 4061 4061
234 1777386077 3552 3696 3669 444 3583 3626 3626 3595 4061 4061 4061 4061 4061 4061 4061 4061
235 1777386077 3551 3695 3667 444 3581 3625 3625 3593 4063 4063 4062 4062 4062 4062 4062 4062
236 1777386077 3552 3696 3669 445 3582 3625 3626 3594 4063 4063 4062 4062 4062 4062 4062 4062
237 1777386077 3550 3695 3667 444 3581 3625 3625 3593 4063 4063 4062 4062 4062 4062 4062 4062
238 1777386077 3551 3696 3668 444 3582 3626 3627 3595 4063 4063 4062 4062 4062 4062 4062 4062
239 1777386077 3551 3696 3668 445 3582 3626 3626 3594 4061 4061 4061 4061 4061 4061 4061 4061
240 1777386077 424 3695 3669 445 3584 3627 3627 3595 4063 4063 4062 4062 4062 4062 4062 4062
241 1777386077 3552 3696 3668 444 3583 3626 3627 3594 4061 4061 4061 4061 4061 4061 4061 4061
242 1777386077 3551 3696 3668 444 3582 3626 3626 3594 4063 4063 4062 4062 4062 4062 4062 4062
243 1777386077 3552 3696 3668 445 3583 3626 3627 3595 4063 4063 4062 4062 4062 4062 4062 4062
244 1777386077 3552 3696 3668 445 3582 3626 3626 3594 4061 4061 4061 4061 4061 4061 4061 4061
245 1777386077 3552 3697 3669 445 3582 3626 3626 3594 4063 4063 4062 4062 4062 4062 4062 4062
246 1777386077 3552 3697 3668 445 3582 3627 3627 3595 4063 4062 4062 4062 4062 4062 4062 4062
247 1777386077 3552 3697 3669 445 3583 3626 3626 3594 4061 4061 4061 4061 4061 4061 4061 4061
248 1777386077 3553 3697 3669 444 3583 3626 3626 3594 4061 4061 4061 4061 4061 4061 4061 4061
249 1777386077 3552 3696 3668 444 3583 3626 3627 3595 4063 4063 4062 4062 4062 4062 4062 4062
250 1777386077 3552 3697 3669 445 3583 3626 3627 3594 4061 4061 4061 4061 4061 4061 4061 4061
251 1777386077 3552 3697 3668 445 3583 3626 3626 3594 4063 4063 4062 4062 4062 4062 4062 4062
252 1777386077 3552 3697 3669 445 3583 3626 3626 3594 4063 4063 4062 4062 4062 4062 4062 4062
253 1777386077 3552 3696 3668 444 3583 3626 3626 3594 4061 4061 4061 4061 4061 4061 4061 4061
254 1777386077 3552 3697 3669 444 3582 3626 3626 3594 4063 4063 4062 4062 4062 4062 4062 4062
255 1777386077 3551 3695 3667 445 3582 3626 3626 3594 4063 4062 4062 4062 4062 4062 4062 4062
256 1777386077 3552 3696 3668 445 3582 3626 3626 3594 4061 4061 4061 4061 4061 4061 4061 4061
257 1777386078 3552 3697 3669 444 3583 3627 3627 3595 4063 4063 4063 4063 4063 4063 4063 4063
258 1777386078 3551 3696 3668 445 3582 3626 3627 3594 4063 4063 4062 4062 4062 4062 4062 4062
259 1777386078 3551 3696 3668 446 3581 3626 3626 3594 4061 4061 4061 4061 4061 4061 4061 4061
260 1777386078 3551 3696 3668 445 3582 3625 3626 3594 4061 4061 4061 4061 4061 4061 4061 4061
261 1777386078 3552 3697 3669 444 3583 3626 3627 3595 4061 4061 4061 4061 4061 4061 4061 4061
262 1777386078 3553 3697 3669 445 3583 3626 3627 3595 4063 4063 4062 4062 4062 4062 4062 4062
263 1777386078 3551 3696 3668 445 3583 3626 3626 3595 4061 4061 4061 4061 4061 4061 4061 4061
264 1777386078 3552 3696 3668 444 3583 3626 3626 3594 4061 4061 4061 4061 4061 4061 4061 4061
265 1777386078 3552 3696 3668 444 3583 3626 3626 3594 4061 4061 4061 4061 4061 4061 4061 4061
266 1777386078 3552 3697 3669 445 3583 3627 3627 3594 4063 4063 4062 4062 4062 4062 4062 4062
267 1777386078 3553 3697 3669 445 3583 3626 3626 3594 4061 4061 4061 4061 4061 4061 4061 4061
268 1777386078 3553 3697 3669 445 3583 3627 3627 3595 4063 4063 4062 4062 4062 4062 4062 4062
269 1777386078 3552 3697 3669 445 3583 3626 3627 3595 4061 4061 4061 4061 4061 4061 4061 4061
270 1777386078 3553 3698 3670 444 3584 3627 3627 3595 4061 4061 4061 4061 4061 4061 4061 4061
271 1777386078 3552 3696 3668 444 3583 3626 3627 3594 4063 4063 4062 4062 4062 4062 4062 4062
272 1777386078 3553 3698 3670 445 3584 3628 3628 3596 4063 4063 4062 4062 4062 4062 4062 4062
273 1777386078 3553 3698 3670 444 3583 3627 3627 3595 4061 4061 4060 4060 4060 4060 4060 4060
274 1777386078 3553 3697 3670 445 3583 3627 3627 3595 4061 4061 4061 4061 4061 4061 4061 4061
275 1777386078 3552 3697 3669 444 3583 3626 3626 3594 4063 4063 4062 4062 4062 4062 4062 4062
276 1777386078 3552 3696 3668 445 3582 3625 3626 3594 4061 4061 4061 4061 4061 4061 4061 4061
277 1777386078 3552 3696 3669 444 3583 3627 3626 3595 4063 4063 4062 4062 4062 4062 4062 4062
278 1777386078 3552 3697 3669 445 3582 3627 3627 3595 4063 4063 4062 4062 4062 4062 4062 4062
279 1777386078 3552 3696 3668 444 3582 3626 3625 3594 4061 4061 4061 4061 4061 4061 4061 4061
280 1777386078 3551 3696 3668 445 3582 3626 3626 3594 4061 4061 4061 4061 4061 4061 4061 4061
281 1777386078 3552 3696 3669 444 3583 3626 3626 3594 4063 4063 4062 4062 4062 4062 4062 4062
282 1777386078 3553 3697 3669 445 3583 3626 3627 3595 4061 4061 4061 4061 4061 4061 4061 4061
283 1777386078 3552 3697 3669 445 3583 3627 3626 3595 4061 4061 4061 4061 4061 4061 4061 4061
284 1777386078 3552 3697 3668 445 3582 3626 3626 3594 4063 4063 4062 4062 4062 4062 4062 4062
285 1777386078 3553 3697 3669 444 3583 3626 3627 3595 4061 4061 4061 4061 4061 4061 4061 4061
286 1777386078 3552 3697 3669 445 3583 3627 3627 3595 4061 4061 4061 4061 4061 4061 4061 4061
287 1777386078 3552 3697 3669 445 3583 3626 3627 3594 4063 4063 4062 4062 4062 4062 4062 4062
288 1777386078 3552 3697 3668 445 3582 3626 3627 3594 4061 4061 4061 4061 4061 4061 4061 4061
289 1777386078 3552 3697 3669 445 3583 3626 3627 3594 4061 4061 4061 4061 4061 4061 4061 4061
290 1777386078 3552 3697 3669 445 3582 3627 3627 3595 4059 4059 4059 4059 4059 4059 4059 4059
291 1777386078 3553 3697 3669 446 3583 3626 3627 3595 4062 4063 4062 4062 4062 4062 4062 4062
292 1777386078 3553 3697 3669 445 3584 3627 3627 3595 4061 4061 4061 4061 4061 4061 4061 4061
293 1777386078 3551 3695 3668 445 3582 3625 3626 3594 4063 4062 4062 4062 4062 4062 4062 4062
294 1777386078 3552 3696 3668 445 3582 3626 3627 3595 4063 4063 4063 4063 4063 4063 4063 4063
295 1777386078 3552 3697 3669 445 3583 3627 3627 3595 4063 4063 4062 4062 4062 4062 4062 4062
296 1777386078 3552 3697 3669 445 3583 3626 3626 3594 4063 4063 4062 4062 4062 4062 4062 4062
297 1777386078 3552 3696 3668 445 3583 3626 3626 3594 4063 4063 4062 4062 4062 4062 4062 4062
298 1777386078 3553 3697 3668 445 3582 3627 3626 3595 4063 4063 4062 4062 4062 4062 4062 4062
299 1777386078 3552 3697 3669 445 3583 3626 3626 3595 4063 4063 4062 4062 4062 4062 4062 4062
300 1777386078 3553 3697 3669 445 3584 3627 3627 3595 4061 4061 4061 4061 4061 4061 4061 4061
301 1777386078 3552 3696 3668 444 3583 3626 3626 3594 4061 4061 4061 4061 4061 4061 4061 4061
302 1777386078 3552 3696 3669 444 3583 3626 3627 3595 4063 4063 4062 4062 4062 4062 4062 4062
303 1777386078 3552 3697 3668 446 3582 3626 3627 3595 4063 4063 4063 4063 4063 4063 4063 4063
304 1777386078 3553 3698 3670 445 3584 3628 3628 3596 4063 4063 4062 4062 4062 4062 4062 4062
305 1777386078 3552 3697 3669 445 3583 3627 3627 3595 4063 4063 4062 4062 4062 4062 4062 4062
306 1777386078 3553 3697 3669 445 3584 3627 3627 3595 4061 4061 4060 4060 4060 4060 4060 4060
307 1777386078 3553 3697 3669 445 3583 3627 3627 3595 4063 4063 4063 4063 4063 4063 4063 4063
308 1777386078 3553 3697 3669 445 3583 3627 3627 3595 4065 4063 4063 4063 4063 4063 4063 4063
309 1777386078 3553 3698 3669 445 3583 3627 3627 3595 4063 4063 4062 4062 4062 4062 4062 4062
310 1777386078 3553 3697 3669 445 3584 3627 3627 3595 4061 4061 4061 4061 4061 4061 4061 4061
311 1777386078 3553 3697 3669 445 3582 3626 3626 3594 4061 4061 4060 4060 4060 4060 4060 4060
312 1777386078 3553 3697 3669 445 3583 3626 3626 3594 4063 4063 4062 4062 4062 4062 4062 4062
313 1777386078 3552 3697 3669 445 3583 3627 3627 3595 4063 4063 4063 4063 4063 4063 4063 4063
314 1777386078 3553 3697 3669 445 3583 3627 3627 3595 4061 4061 4061 4061 4061 4061 4061 4061
315 1777386078 3553 3698 3670 445 3584 3627 3627 3596 4063 4063 4062 4062 4062 4062 4062 4062
316 1777386078 3552 3696 3669 445 3582 3626 3626 3594 4063 4063 4062 4062 4062 4062 4062 4062
317 1777386078 3553 3698 3670 445 3584 3627 3627 3595 4063 4063 4062 4062 4062 4062 4062 4062
318 1777386078 3552 3697 3669 445 3583 3626 3627 3595 4061 4061 4061 4061 4061 4061 4061 4061
319 1777386078 3553 3697 3669 445 3584 3627 3627 3595 4061 4061 4061 4061 4061 4061 4061 4061
320 1777386079 3552 3697 3669 445 3584 3627 3627 3595 4061 4061 4061 4061 4061 4061 4061 4061
321 1777386079 3553 3697 3670 445 3583 3627 3627 3595 4063 4063 4062 4062 4062 4062 4062 4062
322 1777386079 3551 3696 3669 445 3582 3627 3627 3595 4061 4061 4061 4061 4061 4061 4061 4061
323 1777386079 3553 3698 3670 446 3584 3627 3628 3596 4061 4061 4061 4061 4061 4061 4061 4061
324 1777386079 3552 3697 3669 445 3583 3627 3627 3595 4061 4061 4061 4061 4061 4061 4061 4061
325 1777386079 3553 3697 3670 445 3583 3627 3627 3595 4061 4061 4061 4061 4061 4061 4061 4061
326 1777386079 3553 3697 3669 445 3584 3627 3627 3595 4063 4063 4062 4062 4062 4062 4062 4062
327 1777386079 3552 3696 3668 445 3583 3626 3626 3594 4063 4063 4062 4062 4062 4062 4062 4062
328 1777386079 3553 3697 3669 445 3584 3627 3627 3595 4063 4063 4062 4062 4062 4062 4062 4062
329 1777386079 3553 3697 3669 445 3584 3628 3627 3595 4061 4061 4061 4061 4061 4061 4061 4061
330 1777386079 3552 3697 3668 445 3582 3626 3626 3594 4063 4063 4062 4062 4062 4062 4062 4062
331 1777386079 3553 3697 3670 444 3583 3628 3627 3595 4063 4063 4062 4062 4062 4062 4062 4062
332 1777386079 3553 3697 3670 445 3584 3627 3627 3595 4061 4061 4061 4061 4061 4061 4061 4061
333 1777386079 3554 3698 3669 445 3584 3627 3628 3595 4063 4063 4063 4063 4063 4063 4063 4063
334 1777386079 3553 3697 3669 445 3583 3627 3627 3596 4063 4063 4062 4062 4062 4062 4062 4062
335 1777386079 3553 3697 3669 445 3583 3627 3627 3594 4061 4061 4061 4061 4061 4061 4061 4061
336 1777386079 3552 3697 3669 445 3584 3627 3627 3595 4061 4061 4061 4061 4061 4061 4061 4061
337 1777386079 3554 3698 3670 445 3584 3628 3627 3596 4063 4063 4062 4062 4062 4062 4062 4062
338 1777386079 3552 3696 3668 445 3582 3626 3626 3595 4061 4061 4061 4061 4061 4061 4061 4061
339 1777386079 3552 3696 3668 446 3582 3626 3626 3594 4061 4061 4061 4061 4061 4061 4061 4061
340 1777386079 3553 3697 3669 445 3583 3627 3627 3594 4063 4063 4062 4062 4062 4062 4062 4062
341 1777386079 3553 3697 3669 445 3583 3627 3627 3595 4061 4061 4060 4060 4060 4060 4060 4060
342 1777386079 3553 3698 3670 445 3584 3627 3628 3596 4063 4063 4062 4062 4062 4062 4062 4062
343 1777386079 3552 3697 3669 445 3583 3626 3627 3594 4063 4063 4062 4062 4062 4062 4062 4062
344 1777386079 3553 3697 3669 445 3583 3626 3626 3594 4061 4061 4060 4060 4060 4060 4060 4060
345 1777386079 3552 3697 3669 445 3583 3627 3627 3595 4063 4063 4062 4062 4062 4062 4062 4062
346 1777386079 3553 3697 3669 445 3583 3626 3626 3594 4063 4063 4062 4062 4062 4062 4062 4062
347 1777386079 3553 3698 3670 446 3584 3628 3628 3596 4063 4063 4062 4062 4062 4062 4062 4062
348 1777386079 3553 3698 3670 445 3584 3628 3627 3596 4063 4063 4062 4062 4062 4062 4062 4062
349 1777386079 3553 3698 3669 446 3583 3627 3627 3596 4063 4063 4062 4062 4062 4062 4062 4062
350 1777386079 3553 3697 3669 445 3583 3627 3627 3595 4061 4061 4061 4061 4061 4061 4061 4061
351 1777386079 3553 3698 3670 445 3584 3627 3628 3596 4063 4063 4062 4062 4062 4062 4062 4062
352 1777386079 3553 3697 3670 445 3583 3627 3628 3596 4061 4061 4061 4061 4061 4061 4061 4061
353 1777386079 3551 3696 3667 444 3582 3625 3625 3593 4061 4061 4061 4061 4061 4061 4061 4061
354 1777386079 3551 3696 3668 443 3582 3625 3625 3593 4061 4061 4061 4061 4061 4061 4061 4061
355 1777386079 3551 3696 3668 444 3581 3626 3626 3594 4061 4061 4061 4061 4061 4061 4061 4061
356 1777386079 3550 3695 3667 445 3580 3625 3624 3593 99 4063 4062 4062 4062 4062 4062 4062
357 1777386079 3551 3695 3667 444 3582 3625 3625 3593 4061 4061 4061 4061 4061 4061 4061 4061
358 1777386079 3551 3695 3668 444 3582 3626 3626 3594 4061 4061 4061 4061 4061 4061 4061 4061
359 1777386079 3551 3695 3668 443 3581 3625 3625 3593 4063 4063 4062 4062 4062 4062 4062 4062
360 1777386079 3551 3695 3667 443 3582 3625 3625 3593 4061 4061 4061 4061 4061 4061 4061 4061
361 1777386079 3551 3696 3667 443 3582 3625 3625 3593 4061 4061 4061 4061 4061 4061 4061 4061
362 1777386079 3551 3696 3668 443 3582 3625 3626 3594 4061 4061 4061 4061 4061 4061 4061 4061
363 1777386079 3551 3696 3668 444 3581 3625 3625 3593 4061 4061 4061 4061 4061 4061 4061 4061
364 1777386079 3551 3695 3668 443 3582 3625 3625 3593 4061 4061 4061 4061 4061 4061 4061 4061
365 1777386079 3551 3695 3667 444 3581 3624 3625 3593 4061 4061 4061 4061 4061 4061 4061 4061
366 1777386079 3551 3696 3668 443 3582 3625 3626 3594 4063 4063 4062 4062 4062 4062 4062 4062
367 1777386079 3551 3696 3668 443 3582 3626 3626 3594 4061 4061 4061 4061 4061 4061 4061 4061
368 1777386079 3552 3697 3668 444 3582 3626 3626 3593 4061 4061 4061 4061 4061 4061 4061 4061
369 1777386079 3551 3696 3668 443 3582 3625 3625 3593 4061 4061 4061 4061 4061 4061 4061 4061
370 1777386079 3551 3695 3667 443 3582 3625 3625 3593 4063 4063 4062 4062 4062 4062 4062 4062
371 1777386079 3551 3695 3667 443 3581 3624 3624 3593 4063 4063 4062 4062 4062 4062 4062 4062
372 1777386079 3551 3696 3667 443 3582 3625 3625 3593 4063 4063 4062 4062 4062 4062 4062 4062
373 1777386079 3552 3696 3668 444 3582 3626 3626 3593 4063 4063 4062 4062 4062 4062 4062 4062
374 1777386079 3551 3696 3668 443 3582 3626 3626 3594 4063 4063 4062 4062 4062 4062 4062 4062
375 1777386079 3551 3695 3667 444 3582 3625 3625 3593 4061 4061 4061 4061 4061 4061 4061 4061
376 1777386079 3551 3695 3667 444 3582 3625 3625 3593 4061 4061 4061 4061 4061 4061 4061 4061
377 1777386079 3551 3695 3667 443 3581 3624 3625 3593 4063 4063 4062 4062 4062 4062 4062 4062
378 1777386079 3551 3696 3667 443 3582 3626 3625 3593 4061 4061 4061 4061 4061 4061 4061 4061
379 1777386079 3551 3695 3668 444 3581 3625 3626 3593 4063 4063 4062 4062 4062 4062 4062 4062
380 1777386079 3552 3696 3668 444 3582 3625 3626 3594 4061 4061 4061 4061 4061 4061 4061 4061
381 1777386079 3550 3694 3667 444 3581 3624 3624 3593 4061 4061 4061 4061 4061 4061 4061 4061
382 1777386079 3551 3695 3667 444 3582 3625 3625 3593 4063 4063 4062 4062 4062 4062 4062 4062
383 1777386079 3551 3696 3668 444 3582 3625 3625 3593 4061 4061 4061 4061 4061 4061 4061 4061
384 1777386079 3551 3696 3667 444 3582 3625 3625 3593 4063 4063 4062 4062 4062 4062 4062 4062
385 1777386079 3552 3696 3668 444 3582 3625 3625 3593 4063 4063 4062 4062 4062 4062 4062 4062
386 1777386079 3551 3696 3668 443 3582 3625 3625 3594 4063 4063 4062 4062 4062 4062 4062 4062
387 1777386079 3551 3695 3668 443 3581 3626 3625 3593 4063 4063 4062 4062 4062 4062 4062 4062
388 1777386079 3550 3695 3667 444 3580 3625 3625 3593 4063 4063 4062 4062 4062 4062 4062 4062
389 1777386079 3551 3695 3668 444 3581 3625 3625 3593 4063 4063 4062 4062 4062 4062 4062 4062
390 1777386080 3551 3696 3668 444 3582 3626 3626 3594 4061 4061 4060 4060 4060 4060 4060 4060
391 1777386080 3550 3694 3667 444 3581 3624 3625 3592 4063 4063 4062 4062 4062 4062 4062 4062
392 1777386080 3551 3696 3667 444 3582 3625 3626 3593 4063 4063 4062 4062 4062 4062 4062 4062
393 1777386080 3551 3696 3667 444 3581 3625 3625 3593 4061 4061 4061 4061 4061 4061 4061 4061
394 1777386080 3551 3695 3667 443 3581 3625 3625 3593 4063 4063 4062 4062 4062 4062 4062 4062
395 1777386080 3550 3694 3667 444 3581 3625 3625 3593 4063 4063 4062 4062 4062 4062 4062 4062
396 1777386080 3551 3696 3668 444 3582 3625 3626 3593 4061 4061 4061 4061 4061 4061 4061 4061
397 1777386080 3551 3696 3668 444 3582 3626 3625 3593 4061 4061 4061 4061 4061 4061 4061 4061
398 1777386080 3551 3695 3667 443 3582 3625 3625 3593 4063 4063 4062 4062 4062 4062 4062 4062
399 1777386088 3550 3694 3667 444 3580 3624 3624 3592 4063 4063 4062 4062 4062 4062 4062 4062
400 1777386088 3551 3695 3667 444 3581 3625 3625 3593 4063 4063 4062 4062 4062 4062 4062 4062
401 1777386088 3551 3695 3666 444 3580 3624 3624 3592 4063 4063 4062 4062 4062 4062 4062 4062
402 1777386088 3550 3695 3666 443 3580 3624 3624 3592 4061 4061 4061 4061 4061 4061 4061 4061
403 1777386088 3550 3695 3666 445 3580 3624 3624 3592 4063 4063 4062 4062 4062 4062 4062 4062
404 1777386088 3551 3695 3667 444 3581 3624 3625 3593 4063 4063 4062 4062 4062 4062 4062 4062
405 1777386088 3550 3695 3666 443 3581 3624 3625 3593 4061 4061 4061 4061 4061 4061 4061 4061
406 1777386088 3551 3695 3667 444 3582 3625 3625 3593 4061 4061 4061 4061 4061 4061 4061 4061
407 1777386088 3551 3696 3668 443 3582 3625 3625 3593 4063 4063 4062 4062 4062 4062 4062 4062
408 1777386088 3551 3696 3667 444 3582 3625 3625 3594 4061 4061 4061 4061 4061 4061 4061 4061
409 1777386088 3549 3693 3666 443 3580 3624 3624 3592 4063 4063 4062 4062 4062 4062 4062 4062
410 1777386088 3551 3696 3667 444 3581 3625 3625 3593 4061 4061 4061 4061 4061 4061 4061 4061
411 1777386088 3550 3694 3666 444 3580 3624 3625 3593 4063 4061 4061 4061 4061 4061 4061 4061
412 1777386088 3551 3695 3667 444 3582 3626 3625 3593 4063 4061 4061 4061 4061 4061 4061 4061
413 1777386088 3552 3696 3668 444 3582 3626 3626 3594 4063 4063 4062 4062 4062 4062 4062 4062
414 1777386088 3551 3695 3668 443 3581 3625 3625 3593 4063 4061 4061 4061 4061 4061 4061 4061
415 1777386088 3551 3695 3667 443 3582 3625 3625 3593 4061 4061 4061 4061 4061 4061 4061 4061
416 1777386088 3551 3695 3667 444 3581 3624 3625 3593 4061 4061 4061 4061 4061 4061 4061 4061
417 1777386088 3551 3695 3667 444 3582 3625 3625 3593 4063 4063 4063 4063 4063 4063 4063 4063
418 1777386088 3550 3695 3667 446 3581 3624 3624 3592 4063 4063 4062 4062 4062 4062 4062 4062
419 1777386088 3551 3696 3668 445 3582 3625 3626 3594 4063 4063 4062 4062 4062 4062 4062 4062
420 1777386088 3551 3695 3667 444 3581 3625 3625 3593 4063 4063 4062 4062 4062 4062 4062 4062
421 1777386088 3550 3695 3666 444 3580 3624 3625 3593 4061 4061 4061 4061 4061 4061 4061 4061
422 1777386088 3552 3696 3668 444 3582 3626 3626 3594 4063 4063 4062 4062 4062 4062 4062 4062
423 1777386088 3551 3695 3667 443 3581 3625 3625 3593 4063 4063 4062 4062 4062 4062 4062 4062
424 1777386088 3551 3696 3668 444 3582 3625 3626 3593 4063 4063 4062 4062 4062 4062 4062 4062
425 1777386088 3551 3696 3668 443 3582 3625 3625 3593 4063 4063 4062 4062 4062 4062 4062 4062
426 1777386088 3550 3695 3666 444 3581 3625 3625 3593 4061 4061 4061 4061 4061 4061 4061 4061
427 1777386088 3551 3695 3668 445 3582 3625 3626 3594 4063 4063 4062 4062 4062 4062 4062 4062
428 1777386088 3552 3696 3668 444 3582 3626 3626 3594 4061 4061 4061 4061 4061 4061 4061 4061
429 1777386088 3551 3696 3668 444 3582 3625 3626 3593 4061 4061 4060 4060 4060 4060 4060 4060
430 1777386088 3551 3696 3668 444 3581 3625 3625 3593 4063 4063 4062 4062 4062 4062 4062 4062
431 1777386088 3552 3697 3669 444 3583 3626 3626 3594 4063 4063 4062 4062 4062 4062 4062 4062
432 1777386088 3551 3696 3667 444 3582 3624 3625 3593 4061 4061 4061 4061 4061 4061 4061 4061
433 1777386088 3551 3695 3667 444 3581 3625 3625 3593 4063 4063 4062 4062 4062 4062 4062 4062
434 1777386088 3552 3697 3669 444 3581 3626 3626 3594 4063 4063 4062 4062 4062 4062 4062 4062
435 1777386088 3552 3696 3669 444 3583 3626 3626 3593 4061 4061 4061 4061 4061 4061 4061 4061
436 1777386088 3552 3696 3668 444 3583 3626 3626 3594 4063 4063 4062 4062 4062 4062 4062 4062
437 1777386088 3551 3696 3668 443 3582 3626 3626 3595 4063 4063 4062 4062 4062 4062 4062 4062
438 1777386088 3551 3696 3668 444 3582 3626 3625 3593 4061 4061 4061 4061 4061 4061 4061 4061
439 1777386088 3552 3695 3668 444 3582 3625 3626 3594 4063 4063 4062 4062 4062 4062 4062 4062
440 1777386088 3551 3695 3667 444 3582 3625 3626 3594 4061 4061 4061 4061 4061 4061 4061 4061
441 1777386088 3551 3695 3667 444 3582 3625 3626 3594 4063 4063 4062 4062 4062 4062 4062 4062
442 1777386096 3549 3694 3665 444 3580 3623 3624 3592 4061 4061 4061 4061 4061 4061 4061 4061
443 1777386096 3551 3695 3667 444 3581 3624 3625 3592 4061 4061 4061 4061 4061 4061 4061 4061
444 1777386096 3551 3695 3667 444 3581 3624 3625 3593 4063 4063 4062 4062 4062 4062 4062 4062
445 1777386096 3551 3696 3667 444 3581 3625 3625 3593 4063 4063 4062 4062 4062 4062 4062 4062
446 1777386096 3551 3696 3668 444 3582 3625 3625 3593 4063 4063 4062 4062 4062 4062 4062 4062
447 1777386096 3551 3696 3668 444 3582 3626 3625 3594 4061 4061 4061 4061 4061 4061 4061 4061
448 1777386096 3550 3695 3667 444 3582 3625 3625 3593 4061 4061 4061 4061 4061 4061 4061 4061
449 1777386096 3551 3696 3667 444 3581 3625 3625 3593 4061 4061 4061 4061 4061 4061 4061 4061
450 1777386096 3550 3695 3667 445 3582 3625 3626 3593 4061 4061 4061 4061 4061 4061 4061 4061
451 1777386096 3550 3695 3667 444 3581 3624 3624 3592 4063 4063 4062 4062 4062 4062 4062 4062
452 1777386096 3551 3695 3668 444 3582 3625 3625 3593 4061 4061 4061 4061 4061 4061 4061 4061
453 1777386096 3551 3696 3667 444 3581 3625 3625 3594 4063 4063 4063 4063 4063 4063 4063 4063
454 1777386096 3551 3695 3667 444 3581 3625 3625 3593 4063 4063 4062 4062 4062 4062 4062 4062
455 1777386096 3551 3695 3667 444 3581 3625 3625 3593 4063 4063 4062 4062 4062 4062 4062 4062
456 1777386096 3551 3696 3668 444 3582 3625 3625 3593 4063 4063 4062 4062 4062 4062 4062 4062
457 1777386096 3552 3696 3668 444 3581 3625 3625 3594 4063 4063 4062 4062 4062 4062 4062 4062
458 1777386096 3552 3697 3669 444 3582 3626 3625 3594 4061 4061 4061 4061 4061 4061 4061 4061
459 1777386096 3551 3695 3668 444 3582 3625 3625 3593 4063 4063 4062 4062 4062 4062 4062 4062
460 1777386096 3550 3695 3667 444 3581 3625 3625 3592 4063 4063 4062 4062 4062 4062 4062 4062
461 1777386096 3551 3696 3668 444 3582 3626 3626 3594 4063 4063 4062 4062 4062 4062 4062 4062
462 1777386096 3552 3696 3668 444 3582 3625 3625 3594 4063 4063 4062 4062 4062 4062 4062 4062
463 1777386096 3551 3696 3668 444 3582 3625 3626 3593 4059 4059 4059 4059 4059 4059 4059 4059
464 1777386096 3551 3696 3668 444 3582 3626 3626 3594 4061 4061 4061 4061 4061 4061 4061 4061
465 1777386096 3552 3696 3669 444 3583 3626 3626 3594 4063 4063 4062 4062 4062 4062 4062 4062
466 1777386096 3553 3697 3669 445 3583 3626 3627 3594 4061 4061 4061 4061 4061 4061 4061 4061
467 1777386096 3551 3696 3668 444 3582 3625 3625 3593 4059 4059 4059 4059 4059 4059 4059 4059
468 1777386096 3551 3695 3667 444 3582 3626 3626 3594 4061 4061 4060 4060 4060 4060 4060 4060
469 1777386096 3552 3696 3668 444 3583 3626 3626 3594 4061 4061 4061 4061 4061 4061 4061 4061
470 1777386096 3551 3696 3668 444 3581 3625 3625 3593 4061 4061 4061 4061 4061 4061 4061 4061
471 1777386097 3551 3695 3667 444 3581 3625 3625 3593 4061 4061 4061 4061 4061 4061 4061 4061
472 1777386097 3551 3696 3668 444 3582 3625 3626 3593 4063 4063 4062 4062 4062 4062 4062 4062
473 1777386097 3551 3696 3668 444 3582 3626 3626 3594 4061 4061 4061 4061 4061 4061 4061 4061
474 1777386097 3551 3696 3667 444 3582 3625 3625 3593 4061 4061 4061 4061 4061 4061 4061 4061
475 1777386097 3552 3696 3668 444 3582 3626 3626 3594 4061 4061 4061 4061 4061 4061 4061 4061
476 1777386097 3551 3695 3667 444 3581 3625 3625 3593 4063 4061 4061 4061 4061 4061 4061 4061
477 1777386097 3551 3695 3667 444 3581 3625 3625 3593 4063 4063 4062 4062 4062 4062 4062 4062
478 1777386097 3552 3696 3668 444 3583 3625 3626 3593 4061 4061 4061 4061 4061 4061 4061 4061
479 1777386097 3551 3696 3668 445 3582 3626 3626 3594 4063 4063 4062 4062 4062 4062 4062 4062
480 1777386097 3551 3696 3668 444 3582 3626 3626 3594 4061 4061 4061 4061 4061 4061 4061 4061
481 1777386097 3551 3695 3668 443 3581 3625 3625 3594 4061 4061 4061 4061 4061 4061 4061 4061
482 1777386097 3551 3696 3668 445 3580 3626 3626 3594 4061 4061 4061 4061 4061 4061 4061 4061
483 1777386097 3551 3695 3667 444 3581 3624 3625 3593 4061 4061 4061 4061 4061 4061 4061 4061
484 1777386097 3552 3696 3669 444 3582 3627 3626 3594 4061 4061 4061 4061 4061 4061 4061 4061
485 1777386097 3551 3695 3667 444 3581 3625 3625 3593 4063 4063 4062 4062 4062 4062 4062 4062
486 1777386097 3551 3696 3668 445 3582 3626 3626 3594 4063 4063 4062 4062 4062 4062 4062 4062
487 1777386097 3552 3696 3668 444 3582 3625 3625 3593 4063 4063 4062 4062 4062 4062 4062 4062
488 1777386097 3551 3696 3668 444 3582 3626 3626 3594 4061 4061 4061 4061 4061 4061 4061 4061
489 1777386097 3551 3696 3668 444 3582 3625 3625 3593 4063 4063 4062 4062 4062 4062 4062 4062
490 1777386097 3551 3696 3668 444 3582 3625 3625 3593 4063 4063 4062 4062 4062 4062 4062 4062
491 1777386097 3552 3697 3668 444 3583 3626 3626 3594 4063 4063 4062 4062 4062 4062 4062 4062
492 1777386097 3553 3697 3669 444 3583 3627 3627 3595 4063 4063 4062 4062 4062 4062 4062 4062
493 1777386097 3552 3698 3669 444 3582 3626 3626 3594 4061 4061 4061 4061 4061 4061 4061 4061
494 1777386097 3551 3695 3667 444 3582 3625 3625 3593 4061 4061 4061 4061 4061 4061 4061 4061
495 1777386097 3552 3696 3668 444 3583 3626 3627 3594 4061 4061 4061 4061 4061 4061 4061 4061
496 1777386097 3553 3697 3669 444 3582 3626 3627 3595 4063 4063 4062 4062 4062 4062 4062 4062
497 1777386097 3551 3696 3668 445 3581 3625 3626 3594 4061 4061 4061 4061 4061 4061 4061 4061
498 1777386097 3556 3701 3673 444 3587 3630 3630 3598 4063 4063 4062 4062 4062 4062 4062 4062
499 1777386097 3552 3696 3668 444 3583 3626 3626 3594 4061 4061 4061 4061 4061 4061 4061 4061
500 1777386097 3553 3697 3669 445 3583 3626 3627 3594 4061 4061 4061 4061 4061 4061 4061 4061
501 1777386097 3551 3695 3667 445 3581 3625 3625 3593 4061 4061 4061 4061 4061 4061 4061 4061
502 1777386097 3552 3697 3669 444 3583 3626 3627 3595 4061 4061 4061 4061 4061 4061 4061 4061
503 1777386097 3552 3697 3669 444 3583 3626 3626 3594 4061 4061 4061 4061 4061 4061 4061 4061
504 1777386097 3552 3697 3668 444 3582 3627 3626 3594 4061 4061 4061 4061 4061 4061 4061 4061
505 1777386097 3552 3696 3668 444 3582 3626 3626 3594 4061 4061 4061 4061 4061 4061 4061 4061
506 1777386097 3551 3697 3669 445 3582 3626 3626 3594 4063 4062 4062 4062 4062 4062 4062 4062
507 1777386097 3551 3696 3668 444 3582 3626 3625 3594 4063 4063 4062 4062 4062 4062 4062 4062
508 1777386097 3551 3696 3668 443 3582 3626 3626 3594 4063 4063 4062 4062 4062 4062 4062 4062
509 1777386097 3552 3697 3668 444 3582 3626 3626 3594 4063 4062 4062 4062 4062 4062 4062 4062
510 1777386097 3551 3695 3668 445 3581 3625 3626 3593 4063 4063 4062 4062 4062 4062 4062 4062
511 1777386097 3552 3696 3668 445 3582 3626 3626 3594 4063 4063 4062 4062 4062 4062 4062 4062
512 1777386097 3552 3696 3668 445 3582 3626 3626 3594 4063 4063 4062 4062 4062 4062 4062 4062
513 1777386097 3553 3697 3670 444 3583 3627 3627 3595 4061 4061 4061 4061 4061 4061 4061 4061
514 1777386097 3552 3696 3668 445 3582 3626 3626 3594 4061 4061 4061 4061 4061 4061 4061 4061
515 1777386097 3551 3696 3668 444 3583 3626 3626 3594 4063 4063 4062 4062 4062 4062 4062 4062
516 1777386097 3553 3698 3670 445 3584 3627 3627 3595 4063 4063 4062 4062 4062 4062 4062 4062
517 1777386097 3552 3697 3669 444 3583 3627 3627 3595 4063 4063 4063 4063 4063 4063 4063 4063
518 1777386097 3552 3697 3668 445 3583 3626 3626 3594 4061 4061 4061 4061 4061 4061 4061 4061
519 1777386097 3552 3696 3668 444 3583 3626 3626 3594 4063 4063 4063 4063 4063 4063 4063 4063
520 1777386097 3552 3696 3668 445 3582 3626 3626 3594 4063 4063 4062 4062 4062 4062 4062 4062
521 1777386097 3552 3696 3668 444 3583 3625 3626 3594 4061 4061 4060 4060 4060 4060 4060 4060
522 1777386097 3553 3697 3669 445 3583 3627 3626 3595 4061 4061 4061 4061 4061 4061 4061 4061
523 1777386097 3553 3697 3669 444 3583 3627 3628 3596 4063 4063 4062 4062 4062 4062 4062 4062
524 1777386097 3553 3697 3669 445 3584 3627 3628 3595 4061 4061 4061 4061 4061 4061 4061 4061
525 1777386097 3552 3697 3669 445 3583 3627 3627 3595 4063 4063 4062 4062 4062 4062 4062 4062
526 1777386097 3552 3697 3669 445 3583 3626 3626 3594 4061 4061 4061 4061 4061 4061 4061 4061
527 1777386097 3553 3697 3669 444 3583 3626 3627 3595 4063 4063 4062 4062 4062 4062 4062 4062
528 1777386097 3552 3696 3669 444 3582 3626 3626 3594 4063 4063 4062 4062 4062 4062 4062 4062
529 1777386097 3553 3697 3669 445 3583 3626 3626 3595 4063 4063 4062 4062 4062 4062 4062 4062
530 1777386097 3553 3697 3670 445 3584 3627 3627 3595 4063 4063 4062 4062 4062 4062 4062 4062
531 1777386097 3552 3697 3669 444 3583 3626 3627 3595 4061 4061 4061 4061 4061 4061 4061 4061
532 1777386097 3552 3697 3668 445 3582 3626 3627 3595 4061 4061 4061 4061 4061 4061 4061 4061
533 1777386097 3552 3697 3669 444 3583 3627 3626 3595 4063 4061 4061 4061 4061 4061 4061 4061
534 1777386098 3553 3697 3669 445 3583 3626 3627 3595 4063 4063 4062 4062 4062 4062 4062 4062
535 1777386098 3552 3697 3669 444 3583 3627 3626 3595 4061 4061 4061 4061 4061 4061 4061 4061
536 1777386098 3553 3697 3669 444 3584 3627 3627 3595 4063 4063 4062 4062 4062 4062 4062 4062
537 1777386098 3553 3697 3669 445 3583 3627 3627 3595 4063 4063 4062 4062 4062 4062 4062 4062
538 1777386098 3552 3696 3668 445 3582 3625 3626 3594 4061 4061 4061 4061 4061 4061 4061 4061
539 1777386098 3552 3697 3669 444 3583 3626 3627 3595 4061 4061 4060 4060 4060 4060 4060 4060
540 1777386098 3553 3697 3669 445 3583 3626 3626 3594 4061 4061 4061 4061 4061 4061 4061 4061
541 1777386098 3551 3696 3668 445 3582 3625 3625 3593 4061 4061 4061 4061 4061 4061 4061 4061
542 1777386098 3552 3697 3669 444 3583 3627 3626 3595 4063 4063 4062 4062 4062 4062 4062 4062
543 1777386098 3552 3696 3668 445 3583 3626 3626 3594 4061 4061 4061 4061 4061 4061 4061 4061
544 1777386098 3552 3697 3669 445 3582 3627 3627 3595 4063 4063 4062 4062 4062 4062 4062 4062
545 1777386098 3553 3698 3670 446 3584 3627 3627 3595 4063 4063 4062 4062 4062 4062 4062 4062
546 1777386098 3552 3696 3669 445 3583 3626 3626 3594 4061 4061 4060 4060 4060 4060 4060 4060
547 1777386098 3552 3697 3669 445 3583 3626 3627 3595 4061 4061 4061 4061 4061 4061 4061 4061
548 1777386098 3553 3698 3669 445 3583 3627 3627 3595 4061 4061 4061 4061 4061 4061 4061 4061
549 1777386098 3552 3696 3669 445 3583 3627 3627 3595 4061 4061 4061 4061 4061 4061 4061 4061
550 1777386106 3549 3693 3665 445 3580 3624 3624 3592 4061 4061 4061 4061 4061 4061 4061 4061
551 1777386114 3550 3694 3666 446 3581 3624 3625 3593 4063 4063 4062 4062 4062 4062 4062 4062
552 1777386114 3551 3696 3668 445 3581 3625 3625 3593 4061 4061 4061 4061 4061 4061 4061 4061
553 1777386114 3551 3696 3668 445 3581 3625 3625 3593 4063 4063 4062 4062 4062 4062 4062 4062
554 1777386114 3550 3695 3667 445 3580 3624 3625 3593 4061 4061 4061 4061 4061 4061 4061 4061
555 1777386114 3551 3696 3668 445 3582 3626 3626 3593 4061 4061 4061 4061 4061 4061 4061 4061
556 1777386114 3551 3695 3668 445 3582 3625 3625 3594 4061 4061 4061 4061 4061 4061 4061 4061
557 1777386114 3551 3696 3667 445 3582 3625 3625 3593 4063 4063 4062 4062 4062 4062 4062 4062
558 1777386114 3551 3695 3667 445 3581 3625 3625 3593 4063 4063 4062 4062 4062 4062 4062 4062
559 1777386114 3551 3696 3668 445 3582 3626 3626 3594 4061 4061 4061 4061 4061 4061 4061 4061
560 1777386114 3551 3696 3668 445 3582 3625 3625 3594 4061 4061 4061 4061 4061 4061 4061 4061
561 1777386114 3551 3695 3667 445 3582 3625 3625 3593 4063 4063 4062 4062 4062 4062 4062 4062
562 1777386114 3551 3695 3668 445 3582 3625 3625 3594 4063 4061 4061 4061 4061 4061 4061 4061
563 1777386114 3550 3695 3667 445 3581 3625 3625 3593 4063 4063 4062 4062 4062 4062 4062 4062
564 1777386114 3552 3696 3668 445 3582 3625 3626 3593 4061 4061 4061 4061 4061 4061 4061 4061
565 1777386114 3551 3696 3668 445 3583 3626 3626 3594 4061 4061 4061 4061 4061 4061 4061 4061
566 1777386114 3551 3695 3667 445 3582 3625 3625 3593 4061 4061 4061 4061 4061 4061 4061 4061
567 1777386114 3552 3696 3668 445 3583 3626 3626 3594 4063 4063 4062 4062 4062 4062 4062 4062
568 1777386114 3551 3695 3667 445 3582 3625 3625 3593 4061 4061 4061 4061 4061 4061 4061 4061
569 1777386114 3552 3696 3668 445 3583 3626 3626 3595 4063 4063 4062 4062 4062 4062 4062 4062
570 1777386114 3552 3696 3668 445 3582 3626 3626 3594 4061 4061 4060 4060 4060 4060 4060 4060
571 1777386114 3551 3696 3668 445 3582 3626 3625 3594 4063 4063 4062 4062 4062 4062 4062 4062
572 1777386114 3551 3696 3668 445 3582 3625 3625 3594 4063 4063 4062 4062 4062 4062 4062 4062
573 1777386114 3553 3696 3669 445 3583 3626 3627 3595 4063 4063 4062 4062 4062 4062 4062 4062
574 1777386114 3552 3696 3668 445 3582 3627 3626 3594 4061 4061 4061 4061 4061 4061 4061 4061
575 1777386114 3552 3696 3668 446 3582 3626 3626 3593 4061 4061 4061 4061 4061 4061 4061 4061
576 1777386114 3551 3696 3668 445 3582 3625 3626 3594 4061 4061 4061 4061 4061 4061 4061 4061
577 1777386114 3553 3697 3669 445 3583 3627 3627 3595 4061 4061 4061 4061 4061 4061 4061 4061
578 1777386114 3551 3697 3669 444 3582 3626 3626 3594 4063 4063 4062 4062 4062 4062 4062 4062
579 1777386114 3551 3696 3668 445 3581 3625 3626 3594 4063 4063 4062 4062 4062 4062 4062 4062
580 1777386114 3551 3696 3668 445 3582 3626 3626 3594 4063 4062 4062 4062 4062 4062 4062 4062
581 1777386114 3551 3696 3668 444 3582 3625 3626 3594 4063 4063 4062 4062 4062 4062 4062 4062
582 1777386114 3552 3696 3668 445 3582 3626 3626 3594 4063 4063 4062 4062 4062 4062 4062 4062
583 1777386114 3553 3697 3669 446 3583 3627 3627 3595 4061 4061 4061 4061 4061 4061 4061 4061
584 1777386114 3553 3697 3669 445 3583 1628 1372 3594 4061 4061 4061 4061 4061 4061 4061 4061
585 1777386114 3551 3696 3668 445 3582 3626 3626 3594 4061 4061 4061 4061 4061 4061 4061 4061
586 1777386114 3552 3696 3668 445 3582 3626 3626 3594 4063 4062 4062 4062 4062 4062 4062 4062
587 1777386114 3556 3700 3672 445 3587 3630 3631 3598 4061 4061 4061 4061 4061 4061 4061 4061
588 1777386114 3552 3697 3668 445 3583 3626 3627 3595 4061 4061 4061 4061 4061 4061 4061 4061
589 1777386114 3552 3697 3669 446 3583 3626 3626 3594 4061 4061 4061 4061 4061 4061 4061 4061
590 1777386114 3551 3695 3667 445 3581 3625 3625 3593 4061 4061 4061 4061 4061 4061 4061 4061
591 1777386114 3552 3696 3669 444 3583 3626 3626 3594 4061 4061 4061 4061 4061 4061 4061 4061
592 1777386114 3551 3696 3668 445 3583 3626 3626 3594 4061 4061 4061 4061 4061 4061 4061 4061
593 1777386114 3552 3697 3668 445 3583 3627 3627 3594 4063 4062 4062 4062 4062 4062 4062 4062
594 1777386114 3553 3697 3669 445 3583 3627 3626 3595 4063 4063 4062 4062 4062 4062 4062 4062
595 1777386114 3551 3696 3668 445 3582 3625 3625 3594 4063 4063 4062 4062 4062 4062 4062 4062
596 1777386114 3552 3696 3668 445 3582 3626 3627 3593 4061 4061 4060 4060 4060 4060 4060 4060
597 1777386114 3553 3698 3670 445 3584 3627 3628 3595 4063 4063 4062 4062 4062 4062 4062 4062
598 1777386114 3551 3696 3667 445 3582 3626 3626 3594 4061 4061 4061 4061 4061 4061 4061 4061
599 1777386114 3552 3696 3668 446 3583 3626 3626 3594 4063 4063 4062 4062 4062 4062 4062 4062
600 1777386114 3551 3696 3668 445 3582 3625 3625 3593 4063 4063 4062 4062 4062 4062 4062 4062
601 1777386114 3552 3696 3668 445 3583 3626 3626 3594 4063 4062 4062 4062 4062 4062 4062 4062
602 1777386114 3552 3697 3669 445 3583 3626 3626 3595 4061 4061 4061 4061 4061 4061 4061 4061
603 1777386114 3553 3697 3669 445 3583 3626 3626 3594 4061 4061 4061 4061 4061 4061 4061 4061
604 1777386114 3552 3697 3669 445 3583 3626 3626 3594 4061 4061 4061 4061 4061 4061 4061 4061
605 1777386114 3550 3695 3667 444 3581 3625 3625 3593 4063 4063 4062 4062 4062 4062 4062 4062
606 1777386114 3551 3696 3667 443 3582 3625 3625 3593 4061 4061 4061 4061 4061 4061 4061 4061
607 1777386114 3550 3695 3667 443 3581 3624 3625 3593 4061 4061 4061 4061 4061 4061 4061 4061
608 1777386114 3551 3695 3667 443 3580 3625 3625 3593 4063 4063 4062 4062 4062 4062 4062 4062
609 1777386114 3550 3695 3667 444 3579 3625 3624 3593 4063 4063 4062 4062 4062 4062 4062 4062
610 1777386114 3551 3695 3667 443 3582 3625 3625 3593 4063 4063 4062 4062 4062 4062 4062 4062
611 1777386114 3550 3694 3667 444 3581 3624 3625 3593 4063 4063 4062 4062 4062 4062 4062 4062
612 1777386114 3550 3695 3667 444 3581 3625 3625 3593 4063 4063 4062 4062 4062 4062 4062 4062
613 1777386114 3551 3696 3667 443 3582 3625 3626 3594 4063 4063 4062 4062 4062 4062 4062 4062
614 1777386114 3550 3694 3667 444 3581 3624 3625 3593 4061 4061 4061 4061 4061 4061 4061 4061
615 1777386114 3551 3695 3667 443 3581 3625 3624 3593 4063 4062 4062 4062 4062 4062 4062 4062
616 1777386114 3550 3695 3667 443 3580 3625 3625 3593 4063 4063 4062 4062 4062 4062 4062 4062
617 1777386114 3550 3694 3667 444 3581 3624 3624 3592 4061 4061 4061 4061 4061 4061 4061 4061
618 1777386114 3551 3695 3668 443 3582 3625 3626 3594 4063 4063 4062 4062 4062 4062 4062 4062
619 1777386114 3550 3694 3666 444 3581 3625 3625 3593 4063 4063 4062 4062 4062 4062 4062 4062
620 1777386115 3550 3695 3667 444 3581 3624 3624 3593 4063 4063 4062 4062 4062 4062 4062 4062
621 1777386115 3551 3696 3667 444 3581 3624 3625 3593 4063 4063 4063 4063 4063 4063 4063 4063
622 1777386115 3550 3695 3667 443 3581 3625 3625 3593 4061 4061 4061 4061 4061 4061 4061 4061
623 1777386115 3552 3696 3668 444 3581 3625 3625 3593 4063 4063 4062 4062 4062 4062 4062 4062
624 1777386115 3551 3695 3668 443 3582 3625 3625 3593 4063 4063 4063 4063 4063 4063 4063 4063
625 1777386115 3550 3694 3666 444 3581 3624 3624 3592 4063 4063 4062 4062 4062 4062 4062 4062
626 1777386115 3550 3695 3667 443 3581 3625 3625 3593 4063 4063 4062 4062 4062 4062 4062 4062
627 1777386115 3550 3695 3667 443 3581 3625 3625 3593 4061 4061 4061 4061 4061 4061 4061 4061
628 1777386115 3551 3696 3668 444 3581 3625 3624 3593 4063 4063 4062 4062 4062 4062 4062 4062
629 1777386115 3551 3696 3667 444 3581 3624 3624 3593 4063 4063 4062 4062 4062 4062 4062 4062
630 1777386115 3551 3696 3668 443 3582 3625 3625 3593 4063 4062 4062 4062 4062 4062 4062 4062
631 1777386115 3551 3695 3667 444 3581 3625 3625 3593 4063 4063 4062 4062 4062 4062 4062 4062
632 1777386115 3550 3695 3667 444 3581 3625 3625 3593 4063 4063 4062 4062 4062 4062 4062 4062
633 1777386115 3550 3696 3667 444 3581 3625 3625 3593 4063 4063 4062 4062 4062 4062 4062 4062
634 1777386115 3549 3694 3666 444 3580 3624 3624 3592 4063 4063 4062 4062 4062 4062 4062 4062
635 1777386115 3551 3695 3667 444 3581 3624 3624 3592 4061 4061 4061 4061 4061 4061 4061 4061
636 1777386115 3551 3695 3667 444 3581 3625 3625 3593 4061 4061 4061 4061 4061 4061 4061 4061
637 1777386115 3550 3694 3667 444 3581 3624 3624 3592 4061 4061 4061 4061 4061 4061 4061 4061
638 1777386115 3551 3695 3667 443 3580 3624 3624 3592 4061 4061 4061 4061 4061 4061 4061 4061
639 1777386115 3551 3695 3667 444 3581 3624 3625 3592 4061 4061 4061 4061 4061 4061 4061 4061
640 1777386115 3552 3696 3668 445 3582 3625 3625 3593 4063 4063 4062 4062 4062 4062 4062 4062
641 1777386115 3551 3695 3667 444 3581 3624 3625 3592 4061 4061 4061 4061 4061 4061 4061 4061
642 1777386115 3550 3694 3666 444 3580 3624 3624 3592 4063 4063 4062 4062 4062 4062 4062 4062
643 1777386115 3551 3695 3667 444 3581 3625 3625 3593 4063 4063 4062 4062 4062 4062 4062 4062
644 1777386115 3550 3694 3666 444 3580 3624 3624 3592 4063 4062 4062 4062 4062 4062 4062 4062
645 1777386115 3551 3696 3668 444 3583 3625 3626 3594 4061 4061 4061 4061 4061 4061 4061 4061
646 1777386115 3551 3695 3668 444 3582 3625 3626 3594 4061 4061 4061 4061 4061 4061 4061 4061
647 1777386115 3550 3695 3668 444 3581 3625 3625 3593 4063 4063 4062 4062 4062 4062 4062 4062
648 1777386115 3551 3695 3667 443 3581 3624 3625 3592 4061 4061 4061 4061 4061 4061 4061 4061
649 1777386115 3550 3695 3667 444 3580 3624 3624 3592 4063 4063 4062 4062 4062 4062 4062 4062
650 1777386115 3550 3695 3667 443 3581 3625 3625 3593 4063 4063 4062 4062 4062 4062 4062 4062
651 1777386115 3552 3696 3668 444 3582 3626 3626 3594 4061 4061 4061 4061 4061 4061 4061 4061
652 1777386115 3551 3695 3667 444 3581 3625 3625 3593 4063 4063 4062 4062 4062 4062 4062 4062
653 1777386115 3551 3696 3668 444 3583 3626 3626 3593 4063 4062 4062 4062 4062 4062 4062 4062
654 1777386115 3550 3695 3667 443 3582 3624 3625 3593 4063 4063 4062 4062 4062 4062 4062 4062
655 1777386115 3551 3695 3667 444 3581 3625 3626 3593 4063 4063 4062 4062 4062 4062 4062 4062
656 1777386115 3550 3695 3666 444 3580 3624 3624 3592 4063 4063 4062 4062 4062 4062 4062 4062
657 1777386115 3551 3695 3668 444 3582 3625 3626 3594 4063 4063 4062 4062 4062 4062 4062 4062
658 1777386115 3551 3695 3668 443 3582 3625 3626 3593 4063 4063 4062 4062 4062 4062 4062 4062
659 1777386115 3552 3696 3668 444 3582 3625 3625 3593 4063 4063 4062 4062 4062 4062 4062 4062
660 1777386115 3552 3697 3668 444 3583 3626 3626 3594 4063 4063 4062 4062 4062 4062 4062 4062
661 1777386115 3550 3695 3667 443 3581 3624 3625 3592 4061 4061 4061 4061 4061 4061 4061 4061
662 1777386115 3551 3696 3668 443 3582 3626 3626 3594 4063 4063 4062 4062 4062 4062 4062 4062
663 1777386115 3552 3696 3668 444 3582 3626 3626 3594 4061 4061 4061 4061 4061 4061 4061 4061
664 1777386115 3551 3696 3668 443 3582 3626 3626 3594 4063 4062 4062 4062 4062 4062 4062 4062
665 1777386115 3552 3696 3668 444 3582 3626 3626 3594 4063 4063 4062 4062 4062 4062 4062 4062
666 1777386115 3551 3695 3667 444 3582 3625 3625 3594 4063 4063 4062 4062 4062 4062 4062 4062
667 1777386115 3551 3696 3668 444 3582 3625 3625 3593 4061 4061 4061 4061 4061 4061 4061 4061
668 1777386115 3552 3696 3668 443 3582 3626 3625 3594 4061 4061 4061 4061 4061 4061 4061 4061
669 1777386115 3551 3696 3668 444 3583 3626 3626 3594 4063 4063 4062 4062 4062 4062 4062 4062
670 1777386115 3551 3696 3668 444 3582 3625 3626 3594 4063 4063 4062 4062 4062 4062 4062 4062
671 1777386115 3550 3695 3667 446 3581 3626 3626 3593 4063 4063 4062 4062 4062 4062 4062 4062
672 1777386115 3551 3696 3668 445 3580 3625 3625 3593 4063 4063 4062 4062 4062 4062 4062 4062
673 1777386115 3551 3696 3668 444 3582 3625 3626 3594 4061 4061 4060 4060 4060 4060 4060 4060
674 1777386115 3552 3696 3668 444 3582 3626 3625 3593 4061 4061 4061 4061 4061 4061 4061 4061
675 1777386115 3550 3696 3667 445 3581 3625 3625 3593 4061 4061 4060 4060 4060 4060 4060 4060
676 1777386115 3551 3696 3668 444 3582 3625 3625 3593 4063 4063 4062 4062 4062 4062 4062 4062
677 1777386115 3551 3695 3668 444 3582 3625 3625 3593 4063 4063 4062 4062 4062 4062 4062 4062
678 1777386115 3550 3695 3667 444 3582 3625 3625 3593 4063 4063 4062 4062 4062 4062 4062 4062
679 1777386115 3551 3695 3668 444 3581 3625 3625 3593 4063 4063 4062 4062 4062 4062 4062 4062
680 1777386116 3551 3695 3667 444 3580 3625 3625 3593 4061 4061 4061 4061 4061 4061 4061 4061
681 1777386116 3552 3696 3668 444 3582 3626 3626 3594 4061 4061 4061 4061 4061 4061 4061 4061
682 1777386116 3552 3696 3668 444 3582 3626 3626 3594 4063 4063 4062 4062 4062 4062 4062 4062
683 1777386116 3553 3698 363 442 3583 1739 1450 1777 4063 4063 4062 4062 4062 4062 4062 4062
684 1777386116 3551 3696 3668 444 3582 3625 3626 3593 4061 4061 4061 4061 4061 4061 4061 4061
685 1777386116 3551 3696 3667 444 3582 3625 3625 3594 4061 4061 4061 4061 4061 4061 4061 4061
686 1777386116 3551 3696 3667 444 3582 3626 3626 3593 4061 4061 4061 4061 4061 4061 4061 4061
687 1777386116 3551 3695 3668 444 3581 3625 3625 3594 4061 4061 4061 4061 4061 4061 4061 4061
688 1777386116 3551 3696 3667 445 3582 3625 3625 3594 4063 4063 4062 4062 4062 4062 4062 4062
689 1777386116 3551 3695 3667 444 3581 3625 3625 3594 4061 4061 4061 4061 4061 4061 4061 4061
690 1777386116 3551 3695 3667 445 3582 3625 3625 3593 4061 4061 4061 4061 4061 4061 4061 4061
691 1777386116 3551 3696 3668 444 3582 3626 3626 3594 4061 4061 4061 4061 4061 4061 4061 4061
692 1777386116 3551 3695 3667 444 3581 3625 3625 3593 4063 4063 4062 4062 4062 4062 4062 4062
693 1777386116 3551 3696 3668 444 3582 3626 3626 3594 4061 4061 4061 4061 4061 4061 4061 4061
694 1777386116 3552 3697 3668 444 3582 3626 3626 3594 4063 4063 4062 4062 4062 4062 4062 4062
695 1777386116 3551 3696 3668 444 3582 3625 3626 3594 4061 4061 4061 4061 4061 4061 4061 4061
696 1777386116 3551 3695 3667 444 3582 3626 3625 3593 4063 4063 4062 4062 4062 4062 4062 4062
697 1777386116 3551 3696 3668 444 3582 3625 3625 3593 4063 4061 4061 4061 4061 4061 4061 4061
698 1777386116 3551 3696 3668 444 3582 3626 3626 3594 4063 4063 4062 4062 4062 4062 4062 4062
699 1777386116 3551 3696 3668 444 3582 3626 3626 3594 4061 4061 4061 4061 4061 4061 4061 4061
700 1777386116 3551 3696 3668 445 3582 3625 3626 3594 4063 4063 4062 4062 4062 4062 4062 4062
701 1777386116 3552 3696 3667 444 3582 3625 3625 3593 4061 4061 4061 4061 4061 4061 4061 4061
702 1777386116 3552 3697 3669 444 3582 3625 3625 3594 4063 4063 4062 4062 4062 4062 4062 4062
703 1777386116 3551 3696 3668 444 3583 3626 3626 3594 4063 4063 4062 4062 4062 4062 4062 4062
704 1777386116 3552 3697 3669 445 3583 3626 3626 3595 4061 4061 4061 4061 4061 4061 4061 4061
705 1777386116 3552 3697 3669 444 3583 3627 3627 3595 4063 4061 4061 4061 4061 4061 4061 4061
706 1777386116 3551 3695 3667 444 3582 3625 3625 3593 4062 4063 4062 4062 4062 4062 4062 4062
707 1777386116 3551 3696 3668 444 3582 3625 3625 3593 4063 4063 4062 4062 4062 4062 4062 4062
708 1777386116 3551 3695 3667 444 3582 3625 3625 3593 4063 4063 4062 4062 4062 4062 4062 4062
709 1777386116 3552 3696 3668 444 3583 3626 3626 3594 4063 4062 4062 4062 4062 4062 4062 4062
710 1777386116 3551 3696 3668 444 3582 3626 3626 3594 4061 4061 4061 4061 4061 4061 4061 4061
711 1777386116 3551 3695 3668 444 3582 3626 3626 3594 4061 4061 4061 4061 4061 4061 4061 4061
712 1777386116 3552 3696 3668 445 3583 3626 3626 3595 4063 4063 4062 4062 4062 4062 4062 4062
713 1777386116 3551 3696 3668 444 3582 3625 3625 3594 4063 4063 4062 4062 4062 4062 4062 4062
714 1777386116 3551 3696 3667 444 3582 3625 3625 3594 4061 4061 4061 4061 4061 4061 4061 4061
715 1777386116 3551 3696 3668 445 3582 3626 3626 3594 4063 4063 4062 4062 4062 4062 4062 4062
716 1777386116 3552 3697 3669 445 3583 3627 3626 3595 4061 4061 4061 4061 4061 4061 4061 4061
717 1777386116 3552 3696 3667 444 3582 3625 3625 3593 4063 4063 4062 4062 4062 4062 4062 4062
718 1777386116 3551 3695 3667 444 3581 3625 3625 3593 4061 4061 4061 4061 4061 4061 4061 4061
719 1777386116 3552 3697 3669 444 3583 3626 3626 3594 4061 4061 4061 4061 4061 4061 4061 4061
720 1777386116 3551 3697 3668 445 3582 3626 3626 3594 4063 4063 4062 4062 4062 4062 4062 4062
721 1777386116 3551 3696 3668 444 3582 3626 3626 3594 4061 4061 4061 4061 4061 4061 4061 4061
722 1777386116 3551 3695 3668 444 3582 3625 3625 3593 4063 4063 4062 4062 4062 4062 4062 4062
723 1777386116 3552 3697 3669 445 3583 3626 3627 3594 4061 4061 4061 4061 4061 4061 4061 4061
724 1777386116 3552 3697 3668 444 3583 3626 3626 3595 4063 4063 4062 4062 4062 4062 4062 4062
725 1777386116 3552 3696 3669 444 3583 3627 3626 3595 4061 4061 4061 4061 4061 4061 4061 4061
726 1777386116 3552 3696 3668 445 3582 3626 3626 3594 4061 4061 4061 4061 4061 4061 4061 4061
727 1777386116 3551 3696 3668 445 3582 3626 3626 3594 4063 4063 4062 4062 4062 4062 4062 4062
728 1777386116 3552 3696 3668 445 3583 3626 3626 3594 4063 4063 4062 4062 4062 4062 4062 4062
729 1777386116 3552 3697 3669 444 3583 3626 3626 3595 4061 4061 4061 4061 4061 4061 4061 4061
730 1777386116 3552 3696 3668 444 3583 3626 3626 3594 4063 4063 4062 4062 4062 4062 4062 4062
731 1777386116 3552 3697 3669 445 3583 3626 3627 3595 4061 4061 4061 4061 4061 4061 4061 4061
732 1777386116 3552 3696 3668 444 3582 3625 3626 3594 4063 4063 4063 4063 4063 4063 4063 4063
733 1777386116 3551 3696 3668 444 3582 3626 3626 3594 4063 4063 4062 4062 4062 4062 4062 4062
734 1777386116 3552 3697 3669 445 3582 3626 3627 3595 4063 4063 4062 4062 4062 4062 4062 4062
735 1777386116 3553 3697 3669 444 3581 3626 3626 3594 4063 4062 4062 4062 4062 4062 4062 4062
736 1777386117 3552 3697 3669 445 3582 3626 3626 3594 4063 4063 4062 4062 4062 4062 4062 4062
737 1777386117 3538 3681 3653 444 3567 3611 3611 3579 4063 4063 4062 4062 4062 4062 4062 4062
738 1777386117 3552 3696 3668 444 3582 3626 3626 3595 4061 4061 4061 4061 4061 4061 4061 4061
739 1777386117 3551 3696 3667 444 3582 3626 3626 3593 4063 4063 4062 4062 4062 4062 4062 4062
740 1777386117 3552 3697 3668 444 3583 3626 3626 3594 4063 4063 4062 4062 4062 4062 4062 4062
741 1777386117 3552 3697 3668 444 3583 3626 3626 3594 4063 4063 4062 4062 4062 4062 4062 4062
742 1777386117 3552 3697 3669 444 3582 1711 3626 3594 4061 4061 4061 4061 4061 4061 4061 4061
743 1777386117 3552 3696 3668 444 3582 3626 3626 3594 4063 4063 4062 4062 4062 4062 4062 4062
744 1777386117 3552 3697 3669 444 3583 3626 3626 3594 4063 4063 4062 4062 4062 4062 4062 4062
745 1777386117 3552 3696 3668 444 3582 3626 3626 3594 4063 4063 4062 4062 4062 4062 4062 4062
746 1777386117 3551 3695 3668 444 3582 3625 3626 3594 4063 4063 4062 4062 4062 4062 4062 4062
747 1777386117 3552 3697 3668 444 3582 3626 3627 3594 4063 4063 4062 4062 4062 4062 4062 4062
748 1777386117 3551 3695 3667 445 3582 3625 3625 3593 4061 4061 4060 4060 4060 4060 4060 4060
749 1777386117 3551 3696 3668 444 3583 3626 3626 3595 4061 4061 4061 4061 4061 4061 4061 4061
750 1777386117 3552 3696 3669 444 3582 3627 3627 3594 4063 4063 4062 4062 4062 4062 4062 4062
751 1777386117 3552 3696 3669 445 3582 3626 3626 3594 4061 4061 4061 4061 4061 4061 4061 4061
752 1777386117 3551 3695 3668 445 3582 3625 3626 3593 4061 4061 4061 4061 4061 4061 4061 4061
753 1777386117 3552 3696 3668 444 3582 3625 3625 3594 4063 4063 4062 4062 4062 4062 4062 4062
754 1777386117 3552 3696 3668 444 3582 3626 3626 3594 4063 4063 4062 4062 4062 4062 4062 4062
755 1777386117 3552 3697 3668 445 3582 3626 3626 3594 4061 4061 4061 4061 4061 4061 4061 4061
756 1777386117 3551 3696 3668 444 3582 3626 3626 3593 4061 4061 4061 4061 4061 4061 4061 4061
757 1777386117 3552 3697 3669 445 3583 3626 3626 3594 4061 4061 4061 4061 4061 4061 4061 4061
758 1777386117 3553 3697 3669 445 3583 3627 3627 3595 4059 4059 4059 4059 4059 4059 4059 4059
759 1777386117 3552 3696 3669 445 3583 3626 3627 3595 4061 4061 4061 4061 4061 4061 4061 4061
760 1777386117 3551 3696 3667 445 3582 3625 3626 3593 4063 4062 4062 4062 4062 4062 4062 4062
761 1777386117 3552 3697 3669 444 3583 3626 3626 3595 4063 4063 4062 4062 4062 4062 4062 4062
762 1777386117 3552 3696 3667 445 3582 3625 3626 3594 4061 4061 4061 4061 4061 4061 4061 4061
763 1777386117 3552 3697 3669 444 3583 3626 3626 3594 4061 4061 4060 4060 4060 4060 4060 4060
764 1777386117 3551 3696 3668 444 3582 3626 3626 3594 4059 4059 4059 4059 4059 4059 4059 4059
765 1777386117 3551 3696 3668 444 3583 3627 3626 3594 4063 4061 4061 4061 4061 4061 4061 4061
766 1777386117 3552 3696 3669 445 3582 3626 3626 3594 4063 4063 4062 4062 4062 4062 4062 4062
767 1777386117 3552 3696 3668 444 3581 3626 3626 3594 4061 4061 4061 4061 4061 4061 4061 4061
768 1777386117 3552 3697 3669 445 3582 3626 3626 3594 4061 4061 4061 4061 4061 4061 4061 4061
769 1777386117 3552 3697 3669 444 3583 3626 3626 3594 4061 4061 4061 4061 4061 4061 4061 4061
770 1777386117 3552 3696 3668 445 3583 3626 3627 3595 4063 4063 4062 4062 4062 4062 4062 4062
771 1777386117 3552 3697 3669 445 3583 3626 3627 3594 4061 4061 4061 4061 4061 4061 4061 4061
772 1777386117 3552 3696 3669 445 3583 3626 3627 3594 4061 4061 4061 4061 4061 4061 4061 4061
773 1777386117 3552 3696 3668 444 3582 3626 3626 3594 4061 4061 4061 4061 4061 4061 4061 4061
774 1777386117 3552 3697 3668 445 3582 3626 3626 3594 4061 4061 4061 4061 4061 4061 4061 4061
775 1777386117 3552 3697 3669 444 3583 3626 3627 3594 4061 4061 4061 4061 4061 4061 4061 4061
776 1777386117 3551 3695 3667 445 3582 3625 3626 3593 4061 4061 4061 4061 4061 4061 4061 4061
777 1777386117 3552 3697 3669 444 3583 3627 3627 3595 4063 4063 4063 4063 4063 4063 4063 4063
778 1777386117 3553 3697 3669 445 3584 3627 3627 3595 4063 4062 4062 4062 4062 4062 4062 4062
779 1777386117 3552 3696 3668 445 3582 3626 3626 3594 4063 4063 4062 4062 4062 4062 4062 4062
780 1777386117 3552 3697 3669 444 3582 3626 3626 3593 4061 4061 4061 4061 4061 4061 4061 4061
781 1777386117 3552 3697 3668 445 3582 3626 3626 3594 4063 4063 4062 4062 4062 4062 4062 4062
782 1777386117 3552 3696 3668 445 3582 3626 3626 3594 4061 4061 4060 4060 4060 4060 4060 4060
783 1777386117 3552 3697 3668 444 3583 3626 3626 3595 4061 4061 4060 4060 4060 4060 4060 4060
784 1777386117 3552 3696 3668 445 3583 3626 3626 3595 4061 4061 4061 4061 4061 4061 4061 4061
785 1777386117 3552 3696 3668 445 3582 3626 3626 3594 4063 4063 4062 4062 4062 4062 4062 4062
786 1777386117 3552 3697 3668 445 3583 3627 3627 3595 4061 4061 4061 4061 4061 4061 4061 4061
787 1777386117 3552 3696 3668 445 3583 3626 3626 3594 4063 4063 4062 4062 4062 4062 4062 4062
788 1777386117 3552 3696 3668 445 3582 3626 3626 3594 4061 4061 4061 4061 4061 4061 4061 4061
789 1777386117 3552 3697 3669 444 3583 3627 3627 3594 4063 4063 4062 4062 4062 4062 4062 4062
790 1777386117 3551 3696 3668 444 3582 3626 3626 3594 4063 4063 4062 4062 4062 4062 4062 4062
791 1777386117 3552 3697 3669 444 3583 3626 3626 3594 4061 4061 4061 4061 4061 4061 4061 4061
792 1777386117 3552 3697 3669 445 3582 3626 3627 3594 4061 4061 4061 4061 4061 4061 4061 4061
793 1777386117 3553 3697 3669 444 3583 3627 3626 3594 4063 4063 4063 4063 4063 4063 4063 4063
794 1777386117 3553 3698 3670 445 3584 3627 3627 3595 4061 4061 4061 4061 4061 4061 4061 4061
795 1777386117 3552 3697 3669 445 3583 3627 3627 3594 4061 4061 4060 4060 4060 4060 4060 4060
796 1777386117 3552 3696 3668 445 3583 3626 3626 3594 4061 4061 4061 4061 4061 4061 4061 4061
797 1777386118 3552 3697 3668 445 3583 3627 3627 3595 4061 4061 4061 4061 4061 4061 4061 4061
798 1777386118 3552 3696 3668 445 3582 3626 3626 3593 4063 4063 4062 4062 4062 4062 4062 4062
799 1777386118 3553 3697 3669 446 3583 3627 3627 3595 4061 4061 4061 4061 4061 4061 4061 4061
800 1777386118 3552 3696 3669 445 3583 3626 3627 3595 4061 4061 4061 4061 4061 4061 4061 4061
801 1777386118 3552 3697 3668 445 3583 3626 3627 3594 4061 4061 4061 4061 4061 4061 4061 4061
802 1777386118 3553 3698 3669 445 3584 3627 3627 3595 4063 4061 4061 4061 4061 4061 4061 4061
803 1777386118 3553 3698 3670 445 3583 3626 3627 3595 4061 4061 4061 4061 4061 4061 4061 4061
804 1777386118 3553 3697 3669 445 3583 3627 3627 3595 4063 4063 4062 4062 4062 4062 4062 4062
805 1777386118 3553 3697 3669 444 3583 3626 3627 3594 4061 4061 4061 4061 4061 4061 4061 4061
806 1777386118 3552 3696 3669 445 3582 3626 3626 3594 4063 4063 4062 4062 4062 4062 4062 4062
807 1777386118 3552 3697 3669 444 3584 3627 3627 3595 4063 4063 4062 4062 4062 4062 4062 4062
808 1777386118 3552 3697 3669 445 3583 3626 3627 3595 4061 4061 4061 4061 4061 4061 4061 4061
809 1777386118 3552 3696 3668 445 3583 3626 3626 3594 4061 4061 4061 4061 4061 4061 4061 4061
810 1777386118 3552 3697 3669 445 3583 3627 3627 3595 4062 4063 4062 4062 4062 4062 4062 4062
811 1777386118 3552 3698 3669 445 3583 3627 3627 3595 4063 4063 4062 4062 4062 4062 4062 4062
812 1777386118 3552 3697 3668 445 3582 3626 3626 3594 4063 4063 4062 4062 4062 4062 4062 4062
813 1777386118 3552 3696 3668 444 3583 3625 3626 3593 4061 4061 4061 4061 4061 4061 4061 4061
814 1777386118 3552 3697 3669 445 3583 3627 3627 3595 4061 4061 4061 4061 4061 4061 4061 4061
815 1777386118 3553 3698 3670 445 3584 3628 3628 3596 4061 4061 4061 4061 4061 4061 4061 4061
816 1777386118 3553 3697 3669 445 3583 3626 3627 3595 4063 4062 4062 4062 4062 4062 4062 4062
817 1777386118 3552 3696 3668 444 3583 3626 3627 3594 4063 4063 4062 4062 4062 4062 4062 4062
818 1777386118 3551 3697 3669 445 3583 3627 3627 3595 4061 4061 4061 4061 4061 4061 4061 4061
819 1777386118 3553 3697 3669 445 3583 3627 3627 3595 4063 4063 4062 4062 4062 4062 4062 4062
820 1777386118 3551 3696 3668 445 3583 3626 3626 3594 4061 4061 4061 4061 4061 4061 4061 4061
821 1777386118 3553 3697 3670 444 3583 3627 3628 3595 4061 4061 4061 4061 4061 4061 4061 4061
822 1777386118 3554 3698 3670 445 3584 3628 3628 3596 4061 4061 4061 4061 4061 4061 4061 4061
823 1777386118 3554 3699 3670 445 3584 3628 3628 3596 4061 4061 4061 4061 4061 4061 4061 4061
824 1777386118 3552 3697 3669 445 3582 3626 3626 3595 4059 4059 4059 4059 4059 4059 4059 4059
825 1777386118 3553 3697 3669 445 3583 3626 3627 3595 4061 4061 4061 4061 4061 4061 4061 4061
826 1777386118 3551 3697 3669 445 3583 3627 3627 3595 4061 4061 4061 4061 4061 4061 4061 4061
827 1777386118 3552 3696 3668 446 3583 3626 3626 3594 4061 4061 4061 4061 4061 4061 4061 4061
828 1777386118 3552 3696 3668 445 3583 3625 3626 3594 4063 4063 4062 4062 4062 4062 4062 4062
829 1777386118 3553 3697 3669 445 3583 3627 3627 3595 4061 4061 4061 4061 4061 4061 4061 4061
830 1777386118 3552 3697 3668 445 3582 3626 3626 3595 4063 4063 4062 4062 4062 4062 4062 4062
831 1777386118 3552 3696 3669 446 3583 3627 3626 3595 4063 4063 4062 4062 4062 4062 4062 4062
832 1777386118 3552 3696 3669 445 3582 3626 3626 3594 4061 4061 4061 4061 4061 4061 4061 4061
833 1777386118 3552 3697 3669 445 3583 3627 3627 3595 4063 4061 4061 4061 4061 4061 4061 4061
834 1777386118 3552 3696 3668 445 3582 3626 3626 3595 4061 4061 4061 4061 4061 4061 4061 4061
835 1777386118 3553 3698 3670 445 3583 3627 3627 3595 4063 4063 4062 4062 4062 4062 4062 4062
836 1777386118 3553 3697 3669 445 3583 3627 3627 3595 4061 4061 4061 4061 4061 4061 4061 4061
837 1777386118 3553 3697 3669 445 3583 3626 3626 3595 4063 4063 4062 4062 4062 4062 4062 4062
838 1777386118 3552 3696 3669 445 3583 3626 3626 3594 4063 4063 4062 4062 4062 4062 4062 4062
839 1777386118 3552 3697 3669 446 3583 3626 3626 3594 4061 4061 4061 4061 4061 4061 4061 4061
840 1777386118 3553 3697 3669 445 3584 3627 3627 3595 4063 4062 4062 4062 4062 4062 4062 4062
841 1777386118 3552 3697 3669 445 3583 3626 3626 3594 4061 4061 4061 4061 4061 4061 4061 4061
842 1777386118 3552 3697 3669 445 3583 3627 3627 3595 4063 4063 4062 4062 4062 4062 4062 4062
843 1777386118 3553 3698 3670 444 3583 3626 3626 3595 4061 4061 4061 4061 4061 4061 4061 4061
844 1777386118 3552 3697 3668 445 3583 3626 3626 3594 4061 4061 4060 4060 4060 4060 4060 4060
845 1777386118 3552 3696 3668 446 3583 3626 3627 3595 4061 4061 4061 4061 4061 4061 4061 4061
846 1777386118 3553 3697 3669 445 3583 3627 3628 3595 4063 4063 4062 4062 4062 4062 4062 4062
847 1777386118 3553 3697 3669 446 3583 3627 3627 3595 4063 4063 4062 4062 4062 4062 4062 4062
848 1777386118 3552 3697 3669 445 3584 3627 3627 3595 4059 4059 4059 4059 4059 4059 4059 4059
849 1777386118 3554 3698 3669 445 3583 3627 3627 3596 4063 4063 4062 4062 4062 4062 4062 4062
850 1777386118 3553 3697 3669 445 3583 3627 3627 3595 4063 4063 4062 4062 4062 4062 4062 4062
851 1777386118 3552 3696 3668 445 3583 3626 3626 3594 4063 4063 4062 4062 4062 4062 4062 4062
852 1777386118 3553 3698 3670 445 3583 3627 3627 3595 4063 4061 4061 4061 4061 4061 4061 4061
853 1777386118 3552 3697 3669 445 3583 3626 3626 3595 4063 4063 4062 4062 4062 4062 4062 4062
854 1777386118 3553 3697 3669 445 3584 3627 3627 3595 4063 4063 4062 4062 4062 4062 4062 4062
855 1777386118 3553 3698 3670 445 3585 3628 3628 3596 4061 4061 4061 4061 4061 4061 4061 4061
856 1777386118 3551 3696 3668 445 3582 3626 3627 3594 4061 4061 4061 4061 4061 4061 4061 4061
857 1777386118 3552 3696 3668 445 3583 3626 3626 3594 4063 4063 4062 4062 4062 4062 4062 4062
858 1777386118 3552 3697 3669 445 3583 3626 3627 3595 4061 4061 4061 4061 4061 4061 4061 4061
859 1777386118 3552 3696 3669 446 3583 3626 3626 3595 4061 4061 4061 4061 4061 4061 4061 4061
860 1777386118 3552 3696 3668 445 3582 3626 3626 3594 4061 4061 4061 4061 4061 4061 4061 4061
861 1777386118 3550 3695 3667 444 3581 3624 3624 3592 4061 4061 4061 4061 4061 4061 4061 4061
862 1777386118 3551 3695 3667 443 3581 3624 3625 3592 4057 4057 4057 4057 4057 4057 4057 4057
863 1777386118 3551 3695 3668 444 3581 3625 3625 3593 4061 4061 4061 4061 4061 4061 4061 4061
864 1777386118 3552 3696 3668 443 3580 3625 3625 3593 4063 4063 4062 4062 4062 4062 4062 4062
865 1777386118 3551 3695 3667 444 3579 3625 3625 3593 4061 4061 4061 4061 4061 4061 4061 4061
866 1777386118 3550 3694 3667 444 3581 3624 3625 3592 4061 4061 4060 4060 4060 4060 4060 4060
867 1777386119 3550 3695 3667 443 3581 3624 3625 3592 4063 4061 4061 4061 4061 4061 4061 4061
868 1777386119 3551 3695 3667 444 3582 3625 3625 3593 4063 4063 4062 4062 4062 4062 4062 4062
869 1777386119 3550 3695 3667 443 3581 3625 3625 3593 4063 4063 4062 4062 4062 4062 4062 4062
870 1777386119 3550 3695 3667 443 3580 3624 3623 3592 4061 4061 4061 4061 4061 4061 4061 4061
871 1777386119 3551 3695 3667 444 3581 3625 3625 3593 4063 4063 4062 4062 4062 4062 4062 4062
872 1777386119 3551 3695 3667 444 3582 3625 3625 3594 4063 4063 4062 4062 4062 4062 4062 4062
873 1777386119 3551 3695 3667 444 3582 3625 3625 3592 4061 4061 4061 4061 4061 4061 4061 4061
874 1777386119 3551 3695 3667 444 3582 3625 3625 3593 4061 4061 4061 4061 4061 4061 4061 4061
875 1777386119 3552 3696 3667 444 3582 3625 3626 3594 4063 4063 4062 4062 4062 4062 4062 4062
876 1777386119 3551 3696 3667 444 3582 3625 3626 3594 4061 4061 4061 4061 4061 4061 4061 4061
877 1777386119 3551 3696 3667 444 3581 3625 3625 3593 4063 4063 4062 4062 4062 4062 4062 4062
878 1777386119 3551 3695 3667 444 3582 3625 3625 3593 4061 4061 4061 4061 4061 4061 4061 4061
879 1777386119 3550 3695 3667 444 3581 3625 3625 3593 4063 4063 4062 4062 4062 4062 4062 4062
880 1777386119 3550 3695 3667 444 3581 3625 3625 3593 4063 4063 4062 4062 4062 4062 4062 4062
881 1777386119 3551 3696 3667 444 3581 3625 3625 3593 4061 4061 4061 4061 4061 4061 4061 4061
882 1777386119 3554 3698 3670 444 3584 3628 3628 3596 4061 4061 4061 4061 4061 4061 4061 4061
883 1777386119 3551 3695 3667 443 3581 3624 3625 3593 4063 4063 4062 4062 4062 4062 4062 4062
884 1777386119 3551 3695 3667 443 3582 3625 3625 3593 4061 4061 4061 4061 4061 4061 4061 4061
885 1777386119 3550 3695 3667 444 3581 3624 3624 3592 4061 4061 4060 4060 4060 4060 4060 4060
886 1777386119 3552 3696 3668 443 3582 3625 3625 3593 4063 4063 4063 4063 4063 4063 4063 4063
887 1777386119 3552 3696 3669 444 3582 3626 3626 3594 4061 4061 4061 4061 4061 4061 4061 4061
888 1777386119 3551 3696 3668 443 3582 3626 3626 3594 4061 4061 4061 4061 4061 4061 4061 4061
889 1777386119 3552 3696 3668 443 3582 3625 3626 3593 4063 4063 4062 4062 4062 4062 4062 4062
890 1777386119 3551 3696 3668 444 3582 3626 3626 3594 4063 4063 4062 4062 4062 4062 4062 4062
891 1777386119 3550 3695 3667 444 3581 3625 3626 3593 4061 4061 4061 4061 4061 4061 4061 4061
892 1777386119 3551 3695 3667 443 3582 3625 3625 3593 4063 4063 4062 4062 4062 4062 4062 4062
893 1777386119 3551 3695 3667 444 3581 3624 3625 3592 4063 4063 4062 4062 4062 4062 4062 4062
894 1777386119 3552 3696 3668 444 3582 3626 3626 3594 4063 4063 4062 4062 4062 4062 4062 4062
895 1777386119 3551 3696 3667 444 3581 3625 3625 3593 4059 4059 4059 4059 4059 4059 4059 4059
896 1777386119 3551 3695 3667 445 3580 3625 3625 3593 4063 4063 4062 4062 4062 4062 4062 4062
897 1777386119 3552 3696 3668 444 3582 3625 3625 3593 4063 4063 4062 4062 4062 4062 4062 4062
898 1777386119 3551 3696 3668 443 3582 3625 3626 3593 4063 4063 4062 4062 4062 4062 4062 4062
899 1777386119 3552 3696 3668 444 3582 3626 3627 3594 4063 4063 4062 4062 4062 4062 4062 4062
900 1777386119 3551 3696 3668 444 3582 3625 3625 3594 4061 4061 4061 4061 4061 4061 4061 4061
901 1777386119 3552 3696 3668 444 3582 3625 3626 3594 4063 4063 4062 4062 4062 4062 4062 4062
902 1777386119 3551 3696 3668 444 3582 3625 3626 3593 4061 4061 4061 4061 4061 4061 4061 4061
903 1777386119 3551 3695 3667 444 3581 3625 3625 3593 4063 4063 4062 4062 4062 4062 4062 4062
904 1777386119 3551 3696 3668 444 3582 3626 3626 3594 4063 4063 4062 4062 4062 4062 4062 4062
905 1777386119 3551 3696 3668 443 3582 3625 3625 3593 4063 4063 4062 4062 4062 4062 4062 4062
906 1777386119 3551 3695 3667 443 3582 3625 3625 3593 4063 4063 4062 4062 4062 4062 4062 4062
907 1777386119 3551 3696 3668 443 3581 3625 3626 3593 4063 4063 4062 4062 4062 4062 4062 4062
908 1777386119 3551 3696 3668 444 3582 3625 3626 3594 4063 4063 4062 4062 4062 4062 4062 4062
909 1777386119 3551 3696 3667 444 3581 3624 3625 3593 4063 4063 4062 4062 4062 4062 4062 4062
910 1777386119 3552 3696 3668 444 3582 3626 3626 3593 4063 4063 4062 4062 4062 4062 4062 4062
911 1777386119 3551 3696 3668 444 3582 3626 3626 3594 4063 4063 4062 4062 4062 4062 4062 4062
912 1777386119 3552 3697 3668 444 3583 3626 3626 3595 4061 4061 4061 4061 4061 4061 4061 4061
913 1777386119 3552 3696 3668 444 3582 3626 3626 3594 4063 4063 4062 4062 4062 4062 4062 4062
914 1777386119 3551 3695 3667 444 3582 3625 3626 3594 4063 4063 4062 4062 4062 4062 4062 4062
915 1777386119 3551 3696 3668 444 3582 3626 3626 3594 4063 4062 4062 4062 4062 4062 4062 4062
916 1777386119 3551 3695 3668 443 3582 3625 3625 3593 4061 4061 4061 4061 4061 4061 4061 4061
917 1777386119 3552 3696 3668 444 3583 3626 3626 3594 4061 4061 4060 4060 4060 4060 4060 4060
918 1777386119 3551 3696 3667 444 3582 3625 3626 3593 4061 4061 4061 4061 4061 4061 4061 4061
919 1777386119 3551 3696 3668 443 3581 3625 3625 3593 4063 4063 4062 4062 4062 4062 4062 4062
920 1777386119 3551 3695 3667 444 3581 3625 3625 3594 4063 4061 4061 4061 4061 4061 4061 4061
921 1777386119 3551 3696 3667 444 3582 3625 3625 3593 4061 4061 4061 4061 4061 4061 4061 4061
922 1777386119 3552 3697 3669 443 3583 3626 3627 3595 4061 4061 4061 4061 4061 4061 4061 4061
923 1777386119 3551 3696 3668 444 3582 3625 3626 3593 4063 4063 4062 4062 4062 4062 4062 4062
924 1777386119 3550 3695 3667 444 3581 3624 3625 3593 4061 4061 4060 4060 4060 4060 4060 4060
925 1777386119 3551 3696 3668 444 3583 3626 3626 3594 4063 4062 4062 4062 4062 4062 4062 4062
926 1777386119 3550 3695 3667 443 3581 3625 3625 3593 4061 4061 4061 4061 4061 4061 4061 4061
927 1777386119 3552 3696 3668 444 3581 3626 3626 3593 4061 4061 4061 4061 4061 4061 4061 4061
928 1777386119 3551 3696 3668 445 3580 3625 3625 3593 4061 4061 4061 4061 4061 4061 4061 4061
929 1777386119 3551 3695 3667 444 3582 3625 3625 3593 4061 4061 4061 4061 4061 4061 4061 4061
930 1777386119 3551 3696 3668 444 3582 3625 3625 3593 4063 4063 4062 4062 4062 4062 4062 4062
931 1777386119 3552 3696 3668 444 3582 3626 3626 3594 4061 4061 4061 4061 4061 4061 4061 4061
932 1777386119 3552 3697 3668 444 3583 3626 3626 3594 4063 4063 4062 4062 4062 4062 4062 4062
933 1777386119 3552 3696 3668 444 3582 3626 3626 3594 4061 4061 4061 4061 4061 4061 4061 4061
934 1777386119 3552 3696 3668 444 3582 3625 3625 3593 4063 4062 4062 4062 4062 4062 4062 4062
935 1777386119 3552 3696 3668 444 3582 3626 3626 3594 4063 4063 4062 4062 4062 4062 4062 4062
936 1777386119 3551 3696 3668 444 3582 3626 3625 3594 4063 4063 4062 4062 4062 4062 4062 4062
937 1777386119 3552 3697 3669 444 3583 3627 3626 3595 4063 4062 4062 4062 4062 4062 4062 4062
938 1777386119 3551 3696 3668 444 3582 3626 3626 3594 4063 4063 4062 4062 4062 4062 4062 4062
939 1777386120 3552 3697 3668 444 3583 3626 3626 3594 4063 4062 4062 4062 4062 4062 4062 4062
940 1777386120 3551 3695 3667 444 3582 3625 3625 3593 4061 4061 4061 4061 4061 4061 4061 4061
941 1777386120 3551 3696 3668 444 3582 3626 3626 3594 4061 4061 4061 4061 4061 4061 4061 4061
942 1777386120 3551 3696 3668 444 3582 3625 3625 3593 4061 4061 4061 4061 4061 4061 4061 4061
943 1777386120 3551 3695 3668 444 3581 3625 3625 3593 4061 4061 4061 4061 4061 4061 4061 4061
944 1777386120 3551 3696 3668 445 3583 3626 3626 3594 4061 4061 4061 4061 4061 4061 4061 4061
945 1777386120 3551 3696 3668 444 3583 3626 3626 3594 4061 4061 4061 4061 4061 4061 4061 4061
946 1777386120 3551 3696 3668 444 3582 3626 3626 3594 4061 4061 4061 4061 4061 4061 4061 4061
947 1777386120 3551 3696 3667 444 3582 3626 3626 3594 4061 4061 4061 4061 4061 4061 4061 4061
948 1777386120 3551 3696 3668 444 3582 3625 3626 3594 4063 4063 4062 4062 4062 4062 4062 4062
949 1777386120 3552 3696 3668 444 3583 3626 3627 3595 4061 4061 4061 4061 4061 4061 4061 4061
950 1777386120 3551 3695 3667 445 3582 3625 3625 3593 4063 4063 4062 4062 4062 4062 4062 4062
951 1777386120 3552 3697 3669 444 3583 3626 3626 3594 4063 4063 4062 4062 4062 4062 4062 4062
952 1777386120 3550 3695 3667 445 3581 3625 3625 3593 4061 4061 4061 4061 4061 4061 4061 4061
953 1777386120 3552 3697 3669 444 3583 3627 3626 3595 4063 4063 4062 4062 4062 4062 4062 4062
954 1777386120 3551 3696 3668 444 3582 3625 3625 3593 4063 4063 4062 4062 4062 4062 4062 4062
955 1777386120 3551 3696 3668 444 3582 3626 3626 3594 4061 4061 4061 4061 4061 4061 4061 4061
956 1777386120 3551 3696 3668 445 3582 3625 3625 3593 4063 4063 4062 4062 4062 4062 4062 4062
957 1777386120 3552 3696 3668 444 3582 3625 3626 3594 4063 4063 4062 4062 4062 4062 4062 4062
958 1777386120 3552 3696 3667 444 3582 3625 3626 3594 4063 4063 4062 4062 4062 4062 4062 4062
959 1777386120 3552 3696 3668 444 3581 3626 3626 3594 4061 4061 4061 4061 4061 4061 4061 4061
960 1777386120 3552 3696 3668 445 3582 3626 3626 3594 4061 4061 4061 4061 4061 4061 4061 4061
961 1777386120 3551 3695 3667 444 3581 3624 3624 3593 4061 4061 4061 4061 4061 4061 4061 4061
962 1777386120 3551 3695 3667 444 3582 3625 3625 3593 4061 4061 4061 4061 4061 4061 4061 4061
963 1777386120 3551 3696 3668 445 3581 3625 3625 3594 4061 4061 4060 4060 4060 4060 4060 4060
964 1777386120 3552 3696 3668 444 3582 3626 3626 3594 4061 4061 4061 4061 4061 4061 4061 4061
965 1777386120 3551 3696 3668 444 3583 3626 3626 3594 4063 4061 4061 4061 4061 4061 4061 4061
966 1777386120 3550 3695 3668 444 3582 3626 3626 3594 4061 4061 4061 4061 4061 4061 4061 4061
967 1777386120 3552 3696 3668 445 3581 3625 3626 3594 4063 4063 4062 4062 4062 4062 4062 4062
968 1777386120 3552 3696 3668 444 3582 3626 3626 3594 4062 4063 4062 4062 4062 4062 4062 4062
969 1777386120 3552 3697 3669 444 3583 3626 3627 3594 4063 4063 4062 4062 4062 4062 4062 4062
970 1777386120 3552 3696 3668 444 3582 3626 3626 3595 4063 4062 4062 4062 4062 4062 4062 4062
971 1777386120 3552 3696 3669 444 3583 3626 3626 3594 4063 4063 4062 4062 4062 4062 4062 4062
972 1777386120 3552 3696 3668 444 3583 3625 3626 3594 4063 4063 4062 4062 4062 4062 4062 4062
973 1777386120 3552 3696 3668 444 3583 3626 3626 3595 4063 4063 4062 4062 4062 4062 4062 4062
974 1777386120 3551 3695 3668 444 3582 3625 3625 3593 4061 4061 4061 4061 4061 4061 4061 4061
975 1777386120 3552 3696 3668 444 3582 3626 3626 3594 4063 4063 4062 4062 4062 4062 4062 4062
976 1777386120 3552 3696 3668 445 3582 3626 3626 3594 4061 4061 4061 4061 4061 4061 4061 4061
977 1777386120 3551 3696 3668 444 3581 3625 3625 3593 4061 4061 4061 4061 4061 4061 4061 4061
978 1777386120 3551 3696 3668 445 3582 3625 3626 3594 4061 4061 4061 4061 4061 4061 4061 4061
979 1777386120 3551 3696 3667 444 3582 3625 3626 3594 4061 4061 4061 4061 4061 4061 4061 4061
980 1777386120 3551 3696 3668 444 3582 3626 3626 3593 4063 4063 4062 4062 4062 4062 4062 4062
981 1777386120 3553 3698 3670 444 3583 3627 3627 3595 4061 4061 4061 4061 4061 4061 4061 4061
982 1777386120 3553 3697 3669 444 3584 3627 3627 3595 4062 4063 4062 4062 4062 4062 4062 4062
983 1777386120 3551 3696 3668 444 3582 3626 3626 3594 4063 4063 4062 4062 4062 4062 4062 4062
984 1777386120 3551 3696 3668 444 3582 3626 3626 3594 4063 4063 4062 4062 4062 4062 4062 4062
985 1777386120 3552 3696 3668 444 3582 3626 3626 3594 4063 4063 4062 4062 4062 4062 4062 4062
986 1777386120 3551 3696 3668 444 3582 3625 3626 3593 4061 4061 4061 4061 4061 4061 4061 4061
987 1777386120 3551 3696 3668 445 3582 3625 3625 3593 4061 4061 4061 4061 4061 4061 4061 4061
988 1777386120 3552 3696 3668 445 3582 3626 3626 3594 4063 4063 4062 4062 4062 4062 4062 4062
989 1777386120 3552 3696 3668 444 3582 3625 3625 3593 4063 4063 4062 4062 4062 4062 4062 4062
990 1777386120 3552 3697 3669 445 3582 3627 3627 3595 4063 4063 4062 4062 4062 4062 4062 4062
991 1777386120 3552 3696 3668 446 3583 3626 3626 3594 4063 4061 4061 4061 4061 4061 4061 4061
992 1777386120 3551 3696 3667 445 3580 3626 3626 3594 4063 4063 4062 4062 4062 4062 4062 4062
993 1777386120 3552 3696 3668 445 3583 3626 3627 3594 4063 4063 4062 4062 4062 4062 4062 4062
994 1777386120 3552 3696 3668 444 3582 3626 3627 3594 4063 4063 4063 4063 4063 4063 4063 4063
995 1777386120 3551 3695 3667 444 3581 3625 3626 3594 4061 4061 4061 4061 4061 4061 4061 4061
996 1777386120 3552 3696 3668 445 3582 3625 3626 3594 4063 4063 4062 4062 4062 4062 4062 4062
997 1777386120 3552 3696 3668 444 3583 3626 3625 3593 4063 4063 4062 4062 4062 4062 4062 4062
998 1777386120 3552 3696 3668 445 3582 3626 3626 3594 4061 4061 4061 4061 4061 4061 4061 4061
999 1777386121 3553 3697 3669 444 3584 3627 3627 3595 4061 4061 4061 4061 4061 4061 4061 4061
1000 1777386121 3553 3697 3669 445 3584 3627 3627 3595 4063 4063 4062 4062 4062 4062 4062 4062
