1 23 40 42 13 37 92 279 297 406 26 35 29
2 23 37 42 37 38 1 277 224 302 19 34 29
3 23 35 32 31 28 83 195 127 214 22 35 29
4 22 21 14 37 35 1 273 254 245 2 34 28
5 22 29 36 42 24 62 323 227 677 22 35 29
6 23 37 40 28 37 1 220 247 190 22 34 29
7 23 33 33 25 32 24 258 136 397 11 35 29
8 23 33 33 53 26 35 275 408 559 8 35 29
9 23 34 28 31 27 1 230 191 205 25 35 29
10 22 33 37 28 36 86 277 141 238 17 34 29
11 22 35 27 27 28 30 225 287 248 17 34 29
12 23 46 42 24 31 120 207 124 703 26 35 29
13 22 33 21 30 7 34 474 160 277 35 35 28
14 23 32 27 29 30 1 298 269 560 7 35 29
15 23 34 32 24 36 9 376 306 369 27 35 28
16 23 32 22 11 28 48 168 177 420 15 34 28
17 23 28 31 33 24 1 332 232 148 18 35 29
18 23 36 27 36 17 11 246 231 2005 28 35 28
19 23 34 29 29 28 25 242 253 371 13 35 29
20 23 31 35 39 31 1 234 205 258 30 35 29
21 23 33 38 22 34 48 260 375 175 11 35 29
22 22 30 34 42 22 79 141 139 455 27 35 29
23 22 32 30 24 32 55 465 475 591 18 34 29
24 23 38 28 23 30 20 268 210 272 29 35 28
25 22 38 41 20 37 92 287 358 199 12 34 28
26 23 29 30 45 22 15 205 176 191 29 35 29
27 23 38 29 18 35 4 307 198 382 21 35 29
28 22 37 32 27 33 73 233 200 330 27 35 29
29 22 29 31 40 31 1 210 223 196 9 35 28
30 22 31 32 18 38 1 192 227 336 13 34 29
31 22 36 19 17 30 1 1876 2005 530 17 34 29
32 23 35 35 17 29 29 557 239 460 34 35 29
33 22 34 33 29 31 48 256 340 417 22 34 28
34 22 32 17 31 10 1 2005 2005 2005 33 35 28
35 23 37 35 22 35 124 252 306 336 12 34 29
36 22 32 29 28 30 1 285 231 262 31 35 28
37 23 30 26 36 25 66 302 154 257 29 35 29
38 23 32 27 31 27 8 172 25 686 16 34 29
39 22 40 34 11 36 15 334 151 375 22 34 29
40 22 40 35 21 28 53 233 131 451 22 34 28
41 23 42 23 17 28 1 291 126 225 31 35 29
42 22 34 36 19 33 84 162 169 830 18 34 29
43 23 36 31 36 24 62 163 118 397 30 35 29
44 23 37 28 32 23 29 256 278 422 22 34 29
45 22 40 33 17 31 1 547 279 336 21 34 28
46 22 31 25 37 16 60 192 169 350 25 35 29
47 23 37 40 25 39 22 191 346 268 19 35 29
48 23 40 28 25 24 7 216 38 294 38 35 28
49 23 28 25 30 27 1 266 244 188 23 34 29
50 23 30 17 7 38 1 214 203 212 1 35 28
51 22 26 32 38 27 20 302 297 279 22 34 29
52 22 25 24 36 28 1 203 286 353 11 34 29
53 22 29 26 34 31 1 317 542 1688 30 35 29
54 22 29 26 36 28 61 266 321 747 15 34 29
55 23 31 28 38 30 33 157 137 345 15 35 28
56 23 38 36 23 29 1 230 237 175 12 34 29
57 22 38 30 24 22 47 1109 990 571 37 35 29
58 22 30 21 18 33 1 2005 94 638 6 34 28
59 22 32 32 36 22 17 192 191 605 36 35 28
60 23 39 40 31 42 39 240 358 557 14 34 29
61 23 36 39 21 45 1 203 199 255 19 34 28
62 22 25 21 16 29 3 190 288 205 5 34 28
63 23 36 25 9 36 1 164 182 506 12 34 29
64 23 28 16 21 27 46 321 224 352 11 35 29
65 22 36 26 39 53 100 247 1 316 23 34 28
66 23 32 44 42 35 45 236 1 473 10 34 28
67 22 25 17 30 27 1 359 499 249 1 34 28
68 23 38 34 10 39 1 212 225 412 7 35 29
69 22 37 34 22 32 70 164 141 405 14 34 28
70 23 35 33 29 25 34 204 252 295 30 35 29
71 22 33 30 12 37 22 260 241 401 7 34 29
72 23 32 24 10 36 1 442 354 216 10 34 29
73 23 29 38 51 25 48 156 1 248 32 35 29
74 23 34 30 27 30 1 190 196 156 27 35 29
75 23 26 29 36 22 9 226 152 194 22 34 28
76 22 29 35 35 32 44 288 193 317 26 35 29
77 23 39 34 23 31 1 232 214 195 25 34 29
78 23 27 20 23 29 1 206 282 152 11 34 29
79 23 30 25 39 22 4 184 244 513 34 35 29
80 23 40 27 20 25 14 332 217 397 43 35 29
81 22 33 28 27 26 42 270 246 264 19 34 28
82 23 35 33 30 27 51 454 126 425 22 34 28
83 23 28 24 27 27 14 241 384 188 17 34 28
84 22 38 38 32 29 15 204 199 225 24 34 28
85 22 37 29 20 33 14 243 171 219 32 35 29
86 22 37 38 19 37 45 283 335 208 23 34 29
87 23 38 36 27 30 78 229 229 470 19 35 29
88 22 34 48 44 35 1 179 306 522 36 35 28
89 22 37 29 21 27 56 251 249 582 12 34 28
90 23 38 39 32 33 21 159 146 254 24 35 29
91 23 31 33 42 23 9 248 134 769 30 35 29
92 22 30 28 33 25 42 241 210 358 23 34 28
93 23 30 24 24 16 22 196 269 137 30 35 28
94 23 37 37 35 27 1 227 222 273 38 35 28
95 23 29 23 33 23 1 175 272 825 27 35 29
96 23 36 47 24 43 12 251 142 324 18 34 29
97 23 39 34 33 33 6 325 427 398 14 35 29
98 23 35 28 16 37 11 184 153 240 16 35 29
99 23 33 21 25 24 26 207 362 489 30 35 28
100 23 46 39 13 37 73 260 500 705 25 34 29
101 22 33 32 18 39 64 185 38 599 16 35 28
102 23 38 40 15 41 102 206 24 582 10 34 29
103 23 26 24 32 38 1 221 25 472 11 34 29
104 23 32 29 34 24 1 158 177 471 30 35 29
105 23 34 29 25 32 1 306 225 270 15 34 29
106 23 29 25 35 20 1 221 348 514 25 34 29
107 22 27 21 27 24 61 423 446 817 3 34 28
108 23 31 37 46 26 52 227 526 218 30 35 29
109 22 32 34 36 38 19 252 147 641 7 34 28
110 22 36 39 38 24 66 2005 448 343 39 35 28
111 22 32 27 31 19 4 389 163 261 39 35 28
112 23 39 31 12 38 1 408 270 578 21 34 29
113 23 32 24 26 30 1 260 420 1043 25 34 29
114 23 45 40 26 29 44 300 143 648 25 34 29
115 22 30 31 27 29 48 471 664 719 27 35 29
116 23 35 26 34 21 1 259 157 151 28 35 28
117 22 37 30 18 38 1 250 299 415 29 35 29
118 23 36 23 16 26 111 197 317 233 20 34 28
119 23 27 20 32 21 54 230 190 348 21 34 29
120 23 43 45 23 42 98 246 205 235 30 35 29
121 22 34 29 24 27 1 281 233 151 18 34 29
122 22 33 31 18 35 1 214 170 333 16 34 28
123 23 38 49 33 36 26 162 42 342 25 35 29
124 23 26 22 13 36 13 235 295 297 1 34 28
125 22 37 32 21 34 6 589 230 582 25 35 28
126 23 36 29 14 35 77 180 21 316 15 34 29
127 22 35 36 45 23 30 261 168 502 46 35 29
128 22 36 34 38 19 52 173 162 831 28 35 29
129 22 38 32 4 31 23 703 34 151 32 35 28
130 22 24 26 29 25 1 288 241 415 9 34 29
131 22 33 26 30 21 32 212 220 300 36 35 29
132 22 44 41 16 41 3 326 446 606 36 35 29
133 22 28 18 12 29 24 430 273 496 23 34 28
134 23 37 37 16 48 1 294 139 421 4 35 29
135 22 38 41 37 31 94 272 324 872 35 35 29
136 22 32 29 18 36 1 344 418 185 18 34 28
137 23 30 26 23 25 35 234 203 228 24 34 29
138 23 33 29 28 30 1 155 259 332 27 35 28
139 22 34 27 13 30 35 211 64 720 5 35 29
140 22 24 23 38 22 8 160 138 127 27 34 28
141 23 35 43 38 32 65 253 244 345 21 35 29
142 22 35 30 20 35 1 200 223 518 12 34 28
143 23 31 28 17 28 84 291 186 530 12 34 28
144 22 28 27 37 23 58 472 234 260 16 34 29
145 23 29 31 37 31 63 118 262 483 13 34 29
146 22 25 21 26 26 25 262 244 159 3 34 28
147 22 19 21 38 24 12 126 248 384 7 34 28
148 22 26 19 20 30 1 280 353 1190 14 34 28
149 22 32 25 27 28 1 146 159 514 27 34 28
150 22 27 18 21 27 1 203 156 357 15 34 28
151 22 31 32 30 22 134 279 303 592 23 34 28
152 23 23 27 48 24 29 180 144 206 11 34 28
153 22 35 34 36 25 60 224 164 467 37 35 28
154 22 35 44 42 39 1 210 282 261 26 35 29
155 23 33 25 10 30 1 193 203 588 21 34 28
156 22 35 50 42 34 69 283 243 200 37 35 28
157 22 29 19 11 22 16 386 268 201 11 34 28
158 23 28 25 43 23 53 200 175 405 30 35 29
159 23 35 35 25 23 92 208 1 258 22 34 29
160 22 26 25 17 33 29 351 347 220 4 34 28
161 22 32 24 24 24 1 290 385 853 34 35 28
162 23 38 31 16 24 95 249 272 562 18 35 29
163 22 29 23 26 30 10 189 206 1187 1 34 29
164 22 29 32 27 29 1 225 215 208 4 34 28
165 22 27 29 28 31 6 204 155 250 9 34 29
166 23 39 30 7 32 1 268 163 264 30 35 29
167 22 38 31 15 37 56 265 284 517 11 34 29
168 22 34 30 21 21 16 204 222 398 24 34 28
169 22 26 25 39 22 6 683 260 559 38 35 28
170 22 39 43 17 36 1 241 144 425 32 35 29
171 22 34 28 20 40 1 270 155 224 15 34 28
172 22 35 23 21 30 41 240 331 860 16 34 28
173 23 36 32 21 32 88 262 32 511 30 35 29
174 22 41 40 27 33 75 911 1055 378 31 35 29
175 23 34 27 15 34 13 299 144 336 8 34 29
176 23 27 22 32 20 52 181 245 474 15 34 29
177 22 39 33 34 25 11 187 236 571 46 35 28
178 22 27 21 29 29 26 420 361 1122 10 34 28
179 22 31 35 33 31 57 182 145 361 21 34 29
180 23 34 32 42 20 67 159 276 179 46 35 28
181 22 34 32 32 36 1 183 191 211 18 34 29
182 23 30 29 32 30 1 273 197 532 12 34 28
183 23 33 28 30 32 1 215 317 244 24 34 29
184 23 39 38 27 28 107 179 279 310 18 34 29
185 23 37 34 10 34 37 145 196 349 21 34 29
186 22 34 23 19 31 16 282 225 185 10 34 28
187 22 25 19 48 20 32 297 9 613 13 34 28
188 22 31 22 24 27 1 268 163 184 32 35 29
189 22 27 28 42 34 1 182 188 240 5 34 28
190 23 37 31 21 28 22 114 343 2005 14 34 28
191 23 30 29 41 28 1 271 228 680 16 34 29
192 22 47 53 18 44 48 1001 1067 592 30 35 29
193 23 37 41 31 43 1 303 213 153 20 34 28
194 22 34 37 42 29 1 235 143 807 21 34 29
195 22 50 45 1 43 1 254 387 282 31 35 28
196 23 33 26 24 22 93 225 257 143 16 34 29
197 22 26 20 35 26 61 230 163 526 9 34 29
198 23 35 37 37 27 13 154 176 163 25 34 28
199 22 25 24 24 30 1 167 270 381 1 34 28
200 23 33 32 38 21 2 213 248 729 33 35 28
201 23 41 44 36 29 125 188 463 475 34 35 29
202 23 30 17 25 21 1 326 487 316 30 35 28
203 22 24 16 33 24 23 303 531 688 20 34 28
204 23 35 24 15 27 12 160 121 223 25 34 28
205 23 33 35 33 31 76 229 164 464 16 35 28
206 23 28 32 50 23 1 352 214 271 38 35 29
207 22 43 38 9 36 1 222 163 543 16 34 28
208 23 27 20 41 19 1 238 151 292 34 35 28
209 22 32 35 40 35 1 344 298 265 15 34 28
210 23 41 36 32 27 25 182 325 298 38 35 29
211 22 26 24 17 26 25 296 464 280 12 34 29
212 22 34 42 37 40 1 308 289 610 15 35 29
213 23 35 31 37 37 1 191 165 190 27 35 29
214 22 34 40 38 45 1 352 281 339 16 34 29
215 23 35 41 27 39 29 211 147 188 21 34 28
216 23 39 35 20 40 1 347 262 665 23 34 28
217 23 42 40 17 38 1 282 349 250 37 35 28
218 22 27 30 30 30 1 244 206 719 3 34 28
219 22 40 35 21 29 27 248 191 492 36 35 29
220 23 31 26 6 41 57 362 316 195 1 35 28
221 23 34 29 17 40 36 537 273 257 1 34 28
222 22 34 27 32 18 53 252 264 690 24 34 29
223 23 28 26 26 26 13 175 150 169 22 34 28
224 22 30 30 18 40 1 271 256 1269 7 34 28
225 23 36 43 38 37 18 192 221 909 20 35 29
226 23 29 19 25 22 11 177 230 383 20 34 28
227 23 28 29 27 23 51 190 252 210 29 35 29
228 22 36 32 27 25 1 175 495 794 34 35 28
229 23 35 36 38 22 27 162 202 310 19 34 29
230 23 41 42 14 31 1 262 221 366 30 35 28
231 22 36 32 16 37 43 242 175 319 13 35 28
232 23 35 37 32 27 29 271 309 630 25 35 29
233 23 35 35 23 30 41 165 302 328 18 35 29
234 22 41 41 19 33 23 390 316 431 23 35 28
235 23 29 29 31 33 34 230 170 168 6 34 28
236 22 30 25 23 22 34 236 139 185 25 34 28
237 22 35 32 20 34 26 300 124 234 11 34 29
238 23 34 25 16 35 1 283 234 517 1 34 28
239 23 31 36 45 37 1 187 186 298 15 35 29
240 22 31 23 22 24 17 1388 249 134 37 35 28
241 22 33 26 23 41 1 1452 471 319 6 34 28
242 23 36 36 32 51 27 442 385 266 18 35 29
243 23 38 39 13 33 1 313 210 250 30 35 29
244 23 31 30 45 11 1 213 170 548 31 35 29
245 23 34 20 1 35 1 134 187 802 2 35 29
246 22 29 37 55 23 14 119 312 347 41 35 29
247 23 42 42 29 35 104 218 198 741 24 34 28
248 22 22 19 39 25 1 303 393 445 14 34 29
249 23 29 21 28 21 1 254 151 189 23 34 28
250 23 30 29 43 16 72 208 164 308 32 35 28
251 23 27 30 41 28 1 200 187 763 21 34 28
252 23 32 37 31 41 1 297 218 268 28 35 29
253 22 31 32 20 35 18 511 180 349 30 35 28
254 23 28 24 27 31 1 334 202 933 14 34 29
255 23 36 38 46 26 54 243 184 257 36 35 28
256 23 35 20 19 16 59 191 220 415 32 35 29
257 22 34 34 42 22 97 245 278 606 25 35 29
258 22 29 32 37 32 1 220 219 229 25 35 28
259 22 34 25 26 31 1 560 204 249 4 34 28
260 23 29 19 4 38 1 373 305 290 1 34 29
261 23 31 33 41 23 26 241 252 184 37 35 28
262 23 29 27 37 32 1 184 199 800 12 34 29
263 22 29 24 32 29 60 184 119 184 11 34 28
264 22 35 35 32 33 22 332 29 284 10 34 28
265 22 29 37 34 39 3 169 206 183 9 34 28
266 22 27 18 38 21 2 221 347 706 29 35 28
267 23 34 36 22 37 42 186 137 310 10 35 28
268 23 40 35 26 25 19 321 204 298 25 34 29
269 23 30 26 32 28 22 202 177 244 23 34 28
270 23 37 32 26 30 7 234 237 905 14 34 29
271 22 35 31 36 25 1 302 451 1114 35 35 29
272 23 39 31 15 44 1 210 250 295 13 35 29
273 22 37 24 18 29 1 179 219 403 20 34 29
274 23 29 35 28 38 59 268 158 305 14 34 28
275 23 35 36 24 37 47 321 191 425 22 34 29
276 22 32 28 46 18 37 434 287 450 35 35 29
277 22 37 39 17 45 115 182 144 1113 19 34 28
278 22 39 39 27 35 6 261 360 1221 26 35 29
279 23 34 20 20 19 8 233 191 277 27 34 28
280 23 34 35 18 42 1 199 130 670 1 35 29
281 22 39 33 29 24 50 375 420 502 28 35 29
282 23 46 39 12 44 1 230 223 518 29 35 29
283 22 31 34 30 29 54 172 263 467 15 34 28
284 22 39 40 15 41 1 314 189 529 20 34 28
285 22 24 13 19 15 38 573 26 239 13 34 28
286 23 42 38 33 37 1 258 1 365 29 35 28
287 23 36 35 31 34 1 403 236 699 24 35 29
288 23 27 30 45 25 1 360 28 527 32 35 28
289 22 35 29 33 21 1 134 331 289 42 35 29
290 22 34 30 46 17 56 274 410 281 45 35 29
291 23 33 25 14 39 1 271 225 532 1 34 28
292 23 36 44 39 41 85 194 1 499 23 34 29
293 22 26 20 31 19 17 328 232 202 28 35 29
294 23 38 39 16 39 1 290 1 462 25 34 28
295 22 35 41 42 27 5 715 219 353 30 35 28
296 23 29 25 41 14 51 173 1 243 38 35 28
297 23 30 30 27 37 57 150 331 790 24 34 29
298 22 34 35 28 33 45 186 243 426 6 34 28
299 23 39 36 36 25 20 335 220 380 41 35 28
300 23 27 27 24 34 1 227 218 502 11 34 29
301 22 30 25 14 39 1 269 370 344 2 34 28
302 23 39 39 24 39 1 426 190 353 14 35 28
303 22 28 27 23 34 17 346 127 471 3 34 28
304 23 35 45 33 38 63 259 163 239 15 35 29
305 23 31 26 32 29 1 249 223 397 15 34 29
306 23 35 33 26 26 22 176 151 291 23 35 29
307 23 39 25 9 24 25 242 149 173 29 35 29
308 22 33 29 24 31 1 288 219 291 10 34 28
309 22 28 13 25 24 1 259 142 217 14 34 28
310 22 35 41 42 36 1 199 273 1029 27 35 28
311 23 36 32 8 49 1 131 169 163 7 34 28
312 22 34 36 23 39 1 220 154 564 19 34 29
313 22 38 31 22 17 100 255 622 467 26 35 28
314 23 35 22 18 25 15 181 195 308 23 34 28
315 22 38 32 16 31 33 268 242 1650 11 35 29
316 22 37 30 23 29 35 904 270 391 16 34 29
317 22 26 19 30 22 1 203 191 614 21 34 28
318 23 34 35 40 29 38 292 302 276 39 35 29
319 23 34 25 19 34 32 286 264 385 8 35 28
320 22 30 22 37 18 17 284 249 601 33 35 28
321 22 29 18 36 18 1 333 349 430 35 35 28
322 23 33 26 3 30 60 218 206 696 10 34 29
323 23 24 22 19 43 1 873 80 579 1 35 29
324 22 39 44 25 34 1 280 321 742 35 35 28
325 22 39 37 25 40 1 370 147 110 43 35 28
326 22 30 22 20 26 1 138 387 326 2 34 28
327 23 27 31 40 29 115 157 292 661 22 35 29
328 23 30 31 36 28 1 206 161 327 15 35 29
329 23 31 24 11 34 20 477 162 305 1 34 28
330 22 41 35 19 33 66 218 178 776 36 35 28
331 23 40 43 27 33 1 260 140 390 10 35 29
332 22 31 35 29 36 92 199 134 397 16 35 29
333 22 37 35 37 27 1 613 217 184 29 34 28
334 22 24 34 41 37 74 199 194 1038 10 34 28
335 22 37 39 22 31 74 161 608 469 25 35 28
336 23 24 18 35 14 28 177 310 427 5 34 28
337 22 31 31 38 26 44 183 414 948 32 35 29
338 23 38 26 24 22 54 339 473 637 34 35 29
339 22 38 33 14 35 1 315 222 279 20 34 28
340 23 35 23 3 28 1 293 422 483 17 34 28
341 23 41 44 26 35 10 150 304 346 30 35 29
342 23 34 34 26 29 76 179 495 521 35 35 29
343 23 32 22 25 26 64 243 753 1055 23 34 28
344 23 32 36 27 36 36 220 250 838 22 34 29
345 23 31 27 15 20 51 370 243 339 33 35 29
346 22 32 23 12 27 33 367 144 766 12 34 29
347 22 33 32 23 34 65 245 157 432 20 34 29
348 23 35 37 27 28 45 262 234 165 18 34 29
349 23 39 44 31 36 93 231 267 567 20 35 28
350 22 39 41 20 37 116 343 179 881 18 34 29
351 22 34 30 38 18 15 293 218 409 31 35 28
352 23 39 31 20 35 35 287 165 625 31 35 29
353 22 34 34 41 21 43 335 346 416 34 35 29
354 22 32 36 42 25 37 225 821 1356 27 35 28
355 23 43 44 18 34 52 177 268 113 35 35 29
356 23 35 38 26 38 1 363 269 217 33 35 28
357 22 36 34 18 29 42 435 883 456 30 35 28
358 22 30 30 48 12 37 250 142 348 41 35 28
359 22 32 19 29 21 1 205 237 347 22 34 28
360 22 38 33 28 28 58 239 178 656 31 35 28
361 23 33 35 32 31 77 244 229 297 10 34 28
362 22 29 23 32 23 1 270 135 556 24 34 28
363 23 32 41 34 32 72 135 329 317 18 35 29
364 22 32 31 33 37 1 98 27 1760 20 34 29
365 22 27 10 20 28 1 914 375 168 1 34 28
366 23 30 26 41 28 1 191 172 638 42 35 29
367 22 30 11 16 23 1 317 161 301 29 34 28
368 23 28 19 32 21 1 256 31 536 35 35 28
369 23 37 34 12 35 45 202 211 173 16 34 29
370 22 30 28 37 26 1 216 178 318 28 34 29
371 22 23 17 35 28 61 564 280 288 4 34 28
372 22 28 36 58 28 1 301 341 926 24 34 28
373 23 36 37 21 35 99 217 240 184 19 34 28
374 23 36 42 62 34 1 316 371 253 35 35 28
375 23 33 32 24 35 22 244 328 255 1 35 29
376 22 36 36 14 29 39 223 209 205 6 35 28
377 22 33 34 41 28 64 183 292 593 26 34 28
378 22 28 19 28 25 27 278 203 236 26 34 28
379 22 34 29 38 22 1 354 251 325 36 35 29
380 22 38 36 19 31 25 182 175 249 26 34 28
381 22 32 31 21 25 30 200 126 409 20 34 28
382 23 28 22 20 26 34 213 363 567 16 34 28
383 23 32 20 17 25 1 242 242 367 17 34 28
384 23 34 29 25 23 51 217 36 314 19 34 29
385 22 33 36 20 32 50 565 567 267 15 35 29
386 22 36 36 25 38 30 219 221 242 16 34 29
387 22 36 48 46 38 28 210 208 248 22 34 28
388 22 29 25 22 27 16 198 262 639 15 34 28
389 23 38 24 12 26 1 287 255 741 35 35 29
390 22 32 31 18 33 38 276 275 331 21 34 28
391 22 27 26 27 30 1 349 176 300 16 34 29
392 23 30 18 17 25 1 371 293 208 22 34 29
393 22 31 27 37 21 1 279 140 454 26 34 29
394 22 29 34 19 38 1 200 373 283 5 34 28
395 23 42 32 13 39 57 257 204 654 43 35 29
396 23 42 33 10 36 25 277 308 201 24 35 29
397 23 33 32 22 31 93 204 228 230 14 35 29
398 23 35 32 33 24 30 207 225 165 29 35 29
399 23 30 26 25 34 21 205 283 236 6 34 28
400 23 21 26 41 35 1 171 1 292 1 34 28
401 22 33 31 38 31 39 231 253 152 12 34 29
402 22 28 21 28 28 1 193 168 393 20 34 29
403 22 27 17 38 20 1 265 293 144 29 35 28
404 22 37 29 16 32 47 572 225 233 21 34 28
405 23 38 30 19 31 1 353 198 210 26 35 29
406 22 28 33 32 35 34 319 226 152 18 34 28
407 23 31 23 10 31 2 250 143 670 11 35 29
408 23 36 40 29 37 42 200 249 349 28 35 28
409 22 40 33 29 26 52 199 233 206 35 35 28
410 23 27 39 36 39 127 297 279 172 10 35 29
411 22 38 26 27 22 1 250 336 1144 43 35 29
412 23 31 23 29 24 91 202 178 242 35 35 29
413 23 26 25 31 28 25 287 314 322 13 34 28
414 23 37 41 19 41 88 262 167 634 13 34 28
415 22 28 29 15 29 18 274 208 712 16 34 28
416 22 26 20 23 29 39 153 259 424 18 34 28
417 23 27 20 27 27 1 577 179 144 20 34 28
418 22 36 33 45 17 47 247 244 677 44 35 28
419 23 41 39 8 40 39 250 329 313 11 35 28
420 23 43 33 7 31 36 219 255 372 28 35 28
421 23 35 30 10 26 24 299 310 289 32 35 28
422 22 33 29 26 33 9 470 136 237 13 34 29
423 22 30 35 35 27 54 228 109 216 15 35 29
424 23 33 27 12 29 54 180 27 884 25 34 29
425 23 25 22 18 36 34 237 192 532 1 34 28
426 23 36 32 28 20 43 244 127 274 36 35 29
427 22 35 27 20 30 27 255 254 1232 28 35 28
428 22 31 24 28 21 33 167 491 792 28 35 29
429 22 26 17 8 25 43 217 298 158 2 34 28
430 22 31 30 40 25 11 471 213 380 33 35 28
431 22 34 37 17 39 40 303 456 370 9 35 28
432 23 26 33 46 31 51 243 171 309 15 35 29
433 23 26 23 30 24 64 372 245 262 12 34 28
434 22 38 43 33 41 113 155 200 181 16 34 29
435 23 36 38 19 40 67 190 161 275 18 35 29
436 23 33 27 31 24 24 148 143 249 25 34 29
437 23 33 30 23 30 48 192 237 294 34 35 28
438 23 33 26 21 30 81 194 143 297 6 34 29
439 23 36 25 16 37 1 216 227 578 2 35 29
440 23 30 31 33 36 1 328 126 130 19 34 28
441 22 39 47 19 41 78 235 243 174 10 35 28
442 22 29 21 32 16 23 162 159 236 30 35 28
443 22 31 22 8 34 1 225 128 938 12 34 29
444 23 33 30 26 23 48 327 433 305 13 34 29
445 22 37 27 31 26 24 553 315 581 18 34 28
446 22 37 36 16 37 85 462 341 935 8 35 28
447 23 31 29 29 27 21 208 138 174 31 35 28
448 23 44 44 22 39 98 232 263 579 12 35 28
449 23 36 27 23 30 46 258 277 326 17 34 29
450 22 35 34 25 29 33 253 131 314 28 35 28
451 22 32 38 37 28 1 253 371 574 35 35 28
452 23 27 28 36 17 37 212 171 616 23 34 29
453 22 31 24 19 26 9 187 150 375 25 34 28
454 22 38 38 26 33 140 186 439 460 19 34 28
455 22 28 33 36 30 72 213 250 682 12 34 28
456 22 32 28 37 26 1 267 253 939 34 35 29
457 23 36 36 36 25 69 173 289 483 25 35 29
458 23 34 24 26 19 38 377 702 487 30 35 28
459 22 28 27 17 26 1 295 316 138 13 34 28
460 23 36 43 20 41 82 242 343 974 12 35 29
461 22 39 31 16 37 21 216 211 1129 18 34 28
462 22 24 10 19 29 1 219 233 254 11 34 28
463 22 31 25 30 31 1 203 209 898 32 35 29
464 22 32 29 24 27 13 264 158 482 13 34 29
465 22 27 24 29 28 1 543 223 273 13 34 29
466 23 31 21 1 37 1 259 317 528 1 34 28
467 23 34 34 39 20 37 488 212 538 16 35 29
468 23 28 27 50 28 52 233 159 191 15 34 29
469 22 29 19 25 25 1 228 580 521 14 34 28
470 23 47 38 29 27 53 161 216 290 49 35 29
471 22 33 40 40 36 1 216 271 200 31 35 28
472 22 29 27 21 31 34 188 155 1439 16 34 28
473 22 37 41 47 31 24 171 193 241 43 35 29
474 22 36 28 20 29 45 443 196 288 14 34 28
475 23 36 38 22 39 48 369 242 1033 6 35 28
476 22 32 30 28 23 16 261 594 985 16 34 29
477 23 36 36 15 36 34 210 206 157 19 34 29
478 22 20 12 43 14 20 514 33 250 19 34 28
479 23 30 23 21 36 1 256 161 246 3 34 28
480 22 25 19 16 30 25 215 210 329 8 34 28
481 22 34 34 16 22 1 255 523 332 17 34 28
482 22 30 28 26 33 1 404 241 325 3 34 28
483 22 24 27 33 28 86 308 210 258 13 34 29
484 23 33 24 10 32 1 207 235 241 10 35 28
485 22 33 25 35 20 20 548 485 633 40 35 29
486 22 35 27 28 25 35 129 340 221 26 35 29
487 22 32 25 35 31 1 238 218 753 31 35 28
488 23 46 47 19 41 67 212 178 290 31 35 29
489 22 36 31 27 27 92 197 254 406 31 35 28
490 23 32 30 15 39 1 278 403 985 2 35 28
491 22 28 24 10 31 41 457 525 471 2 34 28
492 23 25 27 36 23 26 315 222 217 2 34 29
493 23 27 18 74 41 1 327 456 592 19 34 29
494 22 34 29 23 29 35 139 223 220 19 34 29
495 22 21 22 47 24 26 300 482 229 11 34 28
496 22 25 21 31 23 1 215 291 622 13 34 28
497 23 25 26 35 34 62 281 1 399 1 34 29
498 22 29 24 27 31 1 501 242 227 20 34 28
499 23 29 35 40 34 45 246 175 156 19 35 29
500 22 31 28 16 32 20 248 199 184 16 34 29
501 23 34 27 16 29 70 240 267 256 21 34 29
502 23 38 28 8 33 69 243 218 730 25 35 29
503 22 27 18 30 30 1 350 314 343 17 34 28
504 22 22 16 26 20 42 305 269 341 30 35 28
505 22 31 27 33 32 1 411 223 384 34 35 29
506 23 38 29 5 35 46 188 278 561 18 34 29
507 22 30 21 36 12 1 261 156 1580 35 35 28
508 22 41 38 20 35 83 195 207 331 33 35 28
509 22 35 22 21 18 18 340 209 508 14 34 29
510 22 27 21 24 33 6 597 172 401 16 35 29
511 22 36 40 48 25 101 402 42 585 31 35 29
512 23 33 34 23 30 2 1896 236 386 1 34 28
513 22 33 39 39 28 20 312 904 137 16 35 29
514 23 33 42 37 39 19 148 35 323 21 34 28
515 22 27 25 32 28 27 438 337 293 13 34 28
516 23 45 49 33 35 113 252 44 729 34 35 28
517 22 32 26 18 30 1 285 415 316 13 34 28
518 23 31 21 36 22 29 221 237 155 32 35 28
519 23 33 26 18 33 1 681 290 283 21 34 28
520 22 35 27 26 20 1 242 237 383 35 35 28
521 23 35 42 35 38 24 247 400 318 18 35 29
522 22 22 12 38 25 1 231 241 695 7 34 28
523 22 31 32 35 29 25 208 141 187 30 35 28
524 23 44 37 17 35 14 208 158 271 28 35 28
525 23 37 39 24 37 1 234 174 160 22 34 28
526 23 35 23 16 34 1 226 1 257 12 34 28
527 23 40 42 31 31 84 241 201 378 39 35 29
528 23 32 20 26 22 5 195 177 373 26 34 29
529 22 26 38 27 38 29 374 120 203 19 34 29
530 23 32 25 24 31 3 262 208 160 21 34 28
531 22 26 27 24 33 1 222 155 371 1 34 29
532 23 31 37 34 38 43 211 787 330 11 35 29
533 23 43 44 28 40 1 255 117 345 21 34 29
534 22 28 23 34 23 1 214 193 645 31 35 28
535 23 31 21 23 25 1 231 298 195 9 34 28
536 23 31 29 38 20 29 195 292 154 41 35 29
537 22 29 27 40 19 12 255 548 715 30 35 28
538 23 31 34 27 38 1 537 40 206 11 35 29
539 22 18 18 33 27 21 239 218 1310 4 34 28
540 23 39 42 29 34 63 172 125 192 28 35 29
541 22 34 33 36 29 1 244 458 664 26 34 29
542 22 35 36 23 37 63 302 192 194 14 35 29
543 23 28 18 12 33 43 349 279 334 3 34 28
544 22 35 28 10 40 56 343 321 527 3 34 28
545 23 33 27 17 24 66 263 155 362 16 34 29
546 22 27 17 26 20 17 174 259 538 24 34 28
547 23 28 24 24 32 35 237 194 262 19 34 29
548 23 39 45 22 40 1 241 117 257 23 34 28
549 22 39 42 15 44 129 215 235 330 7 35 28
550 22 29 24 16 31 68 193 14 200 5 34 28
551 22 26 31 33 34 1 685 799 919 1 34 28
552 23 34 29 38 24 1 311 573 1086 39 35 29
553 23 35 37 31 41 1 2005 1324 2005 18 35 29
554 23 42 36 17 28 13 266 333 258 19 35 28
555 22 24 17 37 20 23 159 177 395 2 34 28
556 22 33 16 26 27 1 195 198 352 24 34 28
557 23 31 22 15 41 16 168 424 335 1 34 28
558 22 26 17 17 33 8 468 387 211 13 34 28
559 23 40 37 23 36 20 411 331 312 36 35 29
560 22 35 33 26 20 84 325 162 616 29 35 28
561 22 30 31 43 23 37 325 231 434 30 35 28
562 22 35 31 17 36 58 240 198 229 27 34 28
563 22 35 25 13 35 98 188 224 564 11 34 28
564 22 34 30 26 18 1 274 429 461 33 35 29
565 23 29 27 25 34 32 221 277 813 10 34 29
566 22 33 29 6 38 6 229 182 352 6 35 28
567 23 35 38 31 30 75 238 131 253 18 34 29
568 22 39 29 8 36 84 239 274 325 24 34 28
569 23 30 33 33 33 1 191 172 258 6 35 29
570 23 27 24 38 28 7 277 222 292 32 35 28
571 23 39 47 22 41 1 395 236 312 25 34 28
572 23 38 39 19 40 84 246 268 613 5 35 29
573 22 20 24 48 23 61 230 132 998 7 35 29
574 22 32 26 17 39 1 185 557 754 4 34 28
575 22 34 29 45 14 16 304 201 404 43 35 28
576 22 20 21 49 21 3 769 498 582 15 34 28
577 23 33 39 38 32 123 239 173 217 21 35 29
578 22 34 32 31 23 4 207 131 447 28 35 28
579 23 35 43 26 30 47 261 467 411 41 35 29
580 22 40 41 26 32 32 215 273 278 27 35 28
581 22 27 18 22 21 76 274 287 269 22 34 28
582 23 31 35 27 45 63 299 236 680 16 34 29
583 23 37 48 41 33 128 202 32 271 17 35 29
584 23 31 16 29 26 1 239 156 138 31 35 28
585 23 39 42 27 38 14 171 226 216 31 35 29
586 22 28 30 39 28 1 261 230 661 36 35 29
587 22 30 35 38 36 31 327 142 161 25 34 28
588 22 24 20 28 12 13 224 181 279 20 34 28
589 23 37 29 29 32 42 350 446 803 18 34 29
590 23 32 23 28 27 73 346 160 254 13 35 29
591 22 28 27 30 29 50 531 333 212 12 34 28
592 22 35 35 16 39 1 273 216 367 17 34 28
593 22 34 37 20 38 21 230 314 515 11 34 28
594 22 24 17 30 15 6 327 231 564 5 35 28
595 22 41 33 22 28 23 278 142 649 30 35 28
596 22 27 28 37 28 74 295 271 282 19 34 29
597 23 64 411 70 36 147 272 57 459 249 35 28
598 22 27 29 46 24 46 286 378 329 27 34 28
599 22 30 34 44 30 1 196 214 346 26 35 28
600 23 36 37 9 42 69 202 291 329 7 34 28
601 22 35 36 24 32 61 200 202 781 15 34 28
602 23 34 38 16 45 126 140 307 322 1 35 28
603 23 30 42 54 26 108 132 277 268 27 35 29
604 22 34 28 24 30 1 231 153 349 22 34 28
605 22 26 17 26 23 1 223 268 1331 19 34 28
606 22 31 28 27 31 65 195 516 629 16 34 29
607 22 37 36 28 23 20 286 258 264 35 35 29
608 22 31 27 25 28 6 245 281 390 25 34 29
609 23 32 17 12 32 16 225 327 359 18 34 28
610 23 37 31 28 32 1 180 308 688 44 35 29
611 22 35 27 31 26 1 203 175 469 38 35 28
612 22 22 13 23 29 1 215 252 280 5 34 28
613 22 37 34 19 38 82 198 222 253 12 34 29
614 22 25 50 63 52 164 155 21 780 13 34 28
615 23 31 46 46 40 92 200 315 176 12 35 29
616 23 37 27 27 35 1 243 501 886 24 34 28
617 23 39 31 12 35 80 194 197 265 11 35 29
618 23 27 26 36 26 36 245 182 276 9 34 29
619 22 34 24 18 31 68 273 1 594 21 34 28
620 22 37 30 33 30 27 222 165 592 29 35 29
621 23 42 33 11 31 11 406 199 247 27 35 29
622 22 32 29 31 31 35 219 300 448 10 34 28
623 22 29 29 35 31 79 769 787 414 12 35 29
624 23 29 25 41 16 44 304 277 561 20 34 29
625 22 32 30 32 21 38 378 1 256 33 35 28
626 23 28 37 38 39 1 292 165 541 15 34 29
627 23 34 31 36 32 85 275 334 338 11 35 29
628 23 31 25 21 27 35 201 245 358 5 34 29
629 23 32 27 29 28 53 194 199 265 29 35 29
630 23 27 23 26 27 22 142 241 939 21 34 28
631 22 29 27 19 43 50 359 519 1082 9 34 29
632 22 32 21 32 17 1 291 375 712 35 35 28
633 22 33 19 23 28 2 152 25 1274 15 34 29
634 23 36 40 34 39 1 203 201 219 24 35 29
635 22 28 32 24 29 41 219 161 441 19 34 28
636 23 37 43 21 45 72 371 619 262 19 35 29
637 23 34 30 20 35 25 175 393 573 20 34 28
638 22 27 28 41 25 65 272 360 240 10 34 29
639 23 36 26 11 32 1 261 1 471 26 34 29
640 23 31 34 30 35 76 262 199 309 22 34 29
641 23 33 32 33 32 1 312 170 493 23 35 29
642 22 33 25 28 31 7 346 217 551 20 34 28
643 23 38 34 21 25 45 192 216 954 38 35 29
644 23 28 32 37 29 39 252 257 716 30 35 29
645 22 37 36 37 23 9 214 196 409 40 35 29
646 22 35 29 5 40 57 389 198 338 1 34 28
647 22 34 33 27 32 1 306 170 558 22 34 29
648 23 27 26 43 26 27 318 135 519 14 35 29
649 22 35 36 25 34 29 526 495 173 22 34 29
650 23 37 34 28 31 24 205 202 757 27 35 28
651 22 41 40 30 32 1 192 241 551 28 35 29
652 22 35 40 31 32 48 399 640 610 37 35 29
653 22 40 34 31 27 68 267 293 270 23 34 29
654 22 45 39 8 36 1 180 250 877 37 35 29
655 22 36 28 33 20 1 340 220 353 46 35 28
656 22 30 38 36 24 82 160 223 450 27 35 29
657 22 33 32 19 34 39 301 267 296 9 34 28
658 22 37 34 18 35 119 269 248 843 1 35 29
659 22 35 32 41 28 1 220 39 178 43 35 29
660 22 37 39 31 36 1 221 183 706 19 34 28
661 22 36 35 15 37 1 205 297 917 29 35 28
662 22 30 25 34 26 1 253 294 711 32 35 29
663 23 42 41 37 26 1 195 172 477 35 35 29
664 22 32 35 29 30 1 199 305 375 16 34 29
665 23 34 39 37 35 1 190 245 286 23 34 29
666 23 37 43 36 33 1 812 346 404 31 35 28
667 23 41 40 27 41 27 198 368 1037 11 35 29
668 22 37 32 15 44 1 1330 628 1090 9 35 28
669 23 38 33 27 24 31 173 199 617 36 35 28
670 22 25 39 48 24 62 562 191 323 19 34 29
671 23 34 26 15 28 1 168 113 377 15 34 29
672 23 36 41 30 33 68 495 339 303 13 34 29
673 22 29 16 18 23 37 182 496 131 7 34 28
674 23 34 38 44 22 1 356 306 314 31 35 29
675 22 33 19 17 26 39 340 215 182 17 34 28
676 22 27 24 20 28 66 123 1 524 19 34 28
677 22 35 38 37 37 1 680 248 553 15 34 29
678 23 32 34 30 22 72 213 119 244 31 35 28
679 23 36 28 11 30 81 269 159 222 17 35 29
680 23 29 20 33 15 1 280 129 360 22 34 28
681 23 37 39 33 28 52 360 468 224 22 35 29
682 23 27 28 29 28 1 261 1 147 17 34 28
683 22 31 34 37 20 1 234 219 340 26 34 28
684 22 35 30 23 25 40 190 416 361 22 34 29
685 22 33 28 34 27 1 193 189 343 36 35 28
686 22 30 18 20 20 51 137 160 1174 29 35 28
687 22 31 28 33 28 26 179 489 2005 20 34 29
688 22 35 30 32 34 1 245 246 904 28 35 28
689 22 32 28 16 40 69 309 355 302 11 34 28
690 22 37 38 18 42 17 269 162 397 20 34 29
691 22 31 30 19 34 45 296 222 597 1 35 28
692 23 36 38 40 35 40 260 1 358 24 35 29
693 22 18 30 56 22 1 249 210 317 18 34 28
694 23 33 32 15 41 56 1031 1308 1422 1 35 28
695 22 25 30 35 29 1 255 161 213 19 34 29
696 22 33 26 30 29 15 249 279 246 29 35 28
697 23 26 23 12 40 16 680 150 338 1 34 28
698 22 31 27 24 34 1 335 286 447 9 34 29
699 23 39 32 17 29 38 235 199 259 23 34 29
700 22 27 37 49 24 98 260 623 1345 27 34 29
701 23 21 23 29 30 6 485 229 711 1 34 28
702 22 29 11 15 22 5 174 148 479 15 34 28
703 23 36 22 16 31 71 213 196 536 23 34 28
704 23 30 33 27 33 37 125 132 843 4 35 29
705 22 29 35 22 38 1 138 102 437 10 34 29
706 22 37 40 19 42 1 259 252 194 15 34 29
707 23 32 28 32 16 57 199 321 361 35 35 29
708 23 43 38 19 27 26 270 299 148 33 35 29
709 22 29 8 25 14 1 236 233 496 29 35 28
710 23 32 30 14 38 1 159 263 357 10 34 29
711 22 37 31 16 27 28 190 178 876 23 34 28
712 23 26 35 38 33 1 246 189 226 14 35 29
713 22 28 23 29 28 48 244 402 310 2 34 28
714 23 35 39 42 26 1 230 293 606 26 34 29
715 22 33 24 17 22 112 220 142 355 13 34 28
716 22 40 37 24 32 33 283 347 465 18 35 29
717 23 37 45 25 34 75 251 138 472 27 35 29
718 23 25 32 34 23 57 405 286 340 22 34 28
719 22 28 34 46 21 11 202 176 414 16 34 28
720 22 32 29 31 25 23 331 422 805 31 35 28
721 23 34 36 22 46 1 148 157 440 19 34 29
722 22 30 27 27 30 1 320 193 189 21 34 28
723 23 37 30 40 20 18 655 219 262 39 35 28
724 23 35 32 20 24 32 264 312 169 24 34 28
725 22 37 35 24 30 60 239 340 1306 27 35 28
726 23 32 23 31 24 8 188 282 288 15 34 28
727 23 26 19 33 18 1 321 364 352 21 34 28
728 22 36 36 36 31 1 363 212 309 30 35 29
729 22 38 40 27 30 17 326 1 297 28 34 28
730 22 32 36 24 37 72 288 311 427 13 34 29
731 22 35 39 29 32 52 242 249 275 30 35 28
732 23 31 33 32 25 5 186 268 276 20 34 28
733 22 39 38 25 39 66 212 183 1038 32 35 29
734 22 22 18 48 2 19 270 274 525 32 35 28
735 23 42 44 32 32 26 355 214 225 36 35 29
736 22 31 35 19 39 70 424 379 281 29 35 28
737 23 32 25 17 30 55 220 147 248 1 34 28
738 22 25 16 20 28 13 325 305 550 22 34 28
739 22 36 47 33 40 16 214 219 846 13 34 29
740 22 23 19 27 19 63 275 254 282 12 34 28
741 23 33 38 21 41 80 191 1255 421 4 34 28
742 22 33 27 27 32 1 243 262 165 23 34 29
743 23 39 32 20 38 12 669 180 480 26 35 28
744 22 29 19 21 22 39 197 280 279 22 34 28
745 23 36 39 42 30 22 271 139 306 34 35 29
746 22 37 39 31 34 7 342 235 247 30 35 29
747 22 28 25 32 30 1 426 187 394 14 34 28
748 23 30 38 40 37 1 347 244 214 15 34 29
749 22 33 29 35 35 1 329 209 447 25 34 28
750 22 26 20 23 30 1 251 216 447 22 34 28
751 23 37 32 28 34 1 363 31 188 32 35 28
752 22 38 28 25 27 61 218 19 198 24 34 29
753 23 30 28 45 30 72 191 251 253 15 34 28
754 22 33 28 31 31 29 184 173 456 27 35 28
755 22 28 26 32 30 1 234 148 399 12 34 29
756 23 35 27 13 30 26 183 163 172 17 35 29
757 23 33 26 31 17 63 194 171 247 29 35 28
758 22 34 33 18 35 113 307 230 958 20 34 29
759 22 29 23 33 31 39 347 229 563 14 34 28
760 23 40 42 15 48 88 283 297 334 14 35 28
761 23 32 24 15 29 21 146 128 597 16 34 28
762 23 32 25 26 25 1 245 286 362 25 34 28
763 22 34 30 39 22 51 205 1 577 32 35 28
764 23 48 39 7 39 1 212 167 617 36 35 29
765 23 39 39 16 42 1 202 207 300 13 35 29
766 22 31 32 25 41 32 136 163 179 26 35 28
767 22 29 19 37 21 85 241 350 540 5 35 28
768 23 33 36 40 28 98 186 189 305 23 34 29
769 23 31 26 40 19 1 281 167 223 38 35 29
770 23 35 39 44 25 51 222 174 398 38 35 29
771 23 32 31 33 17 12 221 152 191 20 35 29
772 22 32 33 31 24 41 241 230 165 32 35 29
773 22 29 27 28 34 1 187 209 245 21 34 29
774 22 36 29 12 34 43 310 273 286 24 34 29
775 22 26 23 18 29 65 221 129 118 5 35 28
776 23 40 41 12 35 42 268 114 365 31 35 28
777 23 32 32 40 23 89 272 140 278 20 35 29
778 23 36 35 19 41 40 231 311 224 31 35 29
779 23 36 29 38 20 20 176 166 304 32 35 28
780 23 28 19 19 32 1 193 39 437 9 34 28
781 23 36 36 28 34 18 216 166 480 13 35 28
782 22 36 26 13 27 1 266 129 205 22 34 28
783 23 35 42 38 29 68 209 188 578 25 34 29
784 22 24 22 23 25 61 382 357 2005 22 34 28
785 22 29 21 36 18 26 243 205 868 25 34 28
786 23 29 32 46 25 1 271 227 888 30 35 29
787 23 32 24 28 32 26 282 204 325 10 34 29
788 22 45 47 46 30 92 239 202 492 41 35 28
789 23 33 34 24 34 35 321 483 260 26 35 28
790 23 35 32 32 25 28 331 246 408 24 34 28
791 22 28 19 26 25 1 224 183 521 16 34 28
792 22 25 12 26 19 26 178 260 1954 20 34 28
793 23 46 48 28 37 59 193 137 189 27 34 29
794 22 39 35 38 21 30 236 231 264 34 35 29
795 22 34 37 27 32 1 198 123 218 19 35 29
796 22 25 30 40 25 1 220 293 216 25 34 28
797 22 36 33 36 22 1 170 134 551 36 35 29
798 22 32 30 29 40 1 1151 870 2005 17 34 29
799 23 37 21 1 22 69 185 140 260 28 35 28
800 23 41 39 44 26 1 288 282 302 30 35 28
801 23 31 31 34 32 3 371 269 681 30 35 29
802 22 21 14 22 25 1 202 130 328 9 34 28
803 22 18 21 53 16 1 249 249 1142 17 34 28
804 22 32 26 20 28 1 266 218 384 23 34 29
805 23 31 36 15 42 1 285 377 438 17 34 29
806 23 37 37 26 38 1 405 29 226 6 35 28
807 23 36 38 42 28 1 293 324 226 38 35 28
808 23 34 36 30 34 76 229 122 226 24 34 28
809 23 32 29 41 21 28 265 185 423 21 34 29
810 23 37 22 8 31 1 430 360 600 36 35 29
811 22 33 39 46 37 1 178 275 662 36 35 29
812 22 42 39 15 37 1 201 222 438 28 35 28
813 22 28 24 25 36 5 225 238 883 17 34 28
814 22 30 18 28 30 1 215 171 264 12 34 28
815 22 25 30 52 25 22 320 724 466 28 35 28
816 22 31 36 35 36 1 202 34 805 16 35 29
817 23 37 41 35 30 1 237 186 310 31 35 29
818 22 31 30 43 34 8 276 403 1628 8 34 28
819 23 25 28 29 27 33 244 29 547 20 34 29
820 22 38 33 33 27 1 246 120 636 39 35 29
821 22 38 43 31 31 14 211 220 265 28 35 28
822 23 34 33 13 37 1 278 541 245 13 34 29
823 23 31 24 36 26 1 286 396 355 30 35 29
824 22 31 28 30 35 109 248 306 357 9 34 29
825 22 38 35 27 28 1 249 261 500 27 35 29
826 23 39 47 28 32 1 201 327 533 26 35 29
827 22 27 24 29 27 26 292 226 234 24 34 29
828 22 28 19 22 26 14 266 17 463 1 34 28
829 22 24 25 39 25 1 482 139 231 29 35 29
830 23 34 21 19 29 28 202 429 137 28 34 28
831 22 33 37 41 25 69 557 37 469 24 34 28
832 23 59 113 43 61 281 281 152 131 199 35 29
833 23 37 34 30 30 83 253 286 371 23 34 29
834 23 30 26 38 20 1 210 161 434 27 35 28
835 22 32 34 22 35 1 586 199 239 13 35 28
836 22 21 13 31 18 8 310 239 826 7 34 28
837 22 24 21 39 21 35 150 250 525 6 34 28
838 23 39 45 31 31 61 249 222 378 35 35 29
839 23 40 32 19 35 80 171 187 346 20 34 28
840 23 34 24 16 27 31 237 119 278 10 35 29
841 22 38 39 33 24 32 321 357 313 29 35 29
842 22 21 21 35 15 31 214 227 1174 21 34 28
843 22 39 27 22 34 1 155 710 506 18 34 28
844 22 35 30 9 29 32 211 262 428 32 35 28
845 23 39 40 36 31 24 334 370 411 31 35 29
846 22 30 30 23 28 59 291 203 559 27 34 28
847 23 44 46 40 31 1 257 1 228 31 35 28
848 22 36 20 20 26 7 380 338 388 25 34 28
849 22 32 28 34 26 19 278 231 510 13 34 28
850 23 37 38 37 29 1 240 225 434 42 35 29
851 22 41 51 30 34 88 515 286 520 29 35 28
852 22 33 26 26 25 4 198 1 402 25 34 28
853 23 28 29 37 29 34 169 134 181 20 34 29
854 23 34 31 26 29 14 405 271 587 16 34 29
855 22 32 26 37 23 11 241 515 371 18 34 28
856 22 29 31 28 30 9 250 294 226 10 34 29
857 22 35 40 38 27 15 277 185 577 24 35 28
858 22 33 35 37 35 1 246 324 253 20 34 29
859 23 32 27 33 22 65 324 153 756 35 35 28
860 23 21 26 34 30 36 287 245 323 1 34 28
861 23 37 26 15 34 35 528 515 813 17 34 28
862 22 37 30 11 40 42 309 319 276 4 35 29
863 22 34 31 19 36 71 194 250 567 1 35 29
864 22 35 26 34 25 38 488 167 776 39 35 28
865 23 36 25 28 24 20 231 221 307 33 35 28
866 23 47 47 5 35 67 303 372 416 26 35 29
867 23 26 23 46 15 1 112 228 438 23 34 28
868 23 34 36 25 31 78 146 31 237 34 35 29
869 23 42 376 55 40 83 279 116 799 8 35 29
870 23 39 37 22 36 1 268 142 295 24 34 29
871 22 32 35 40 26 1 244 204 310 45 35 29
872 23 37 34 26 24 34 206 124 241 23 34 29
873 23 33 38 25 41 56 434 111 226 18 34 28
874 23 35 41 48 35 1 214 288 278 29 35 28
875 23 33 30 15 31 43 311 192 317 14 34 29
876 22 34 38 34 25 48 186 199 1887 26 35 29
877 22 34 11 13 23 1 349 503 173 24 34 28
878 23 33 21 1 33 15 340 250 351 25 34 29
879 22 38 34 8 34 29 315 244 331 26 35 28
880 23 36 28 38 16 53 281 139 303 28 35 28
881 23 31 28 20 38 50 243 204 177 9 34 28
882 22 39 24 10 27 71 217 236 324 24 34 28
883 23 35 26 17 20 18 207 192 422 26 34 28
884 22 34 32 28 25 4 194 255 575 26 35 28
885 22 31 30 28 24 8 227 249 178 35 35 28
886 22 34 32 40 28 1 284 116 250 13 34 28
887 22 30 19 27 29 2 444 361 427 15 34 28
888 22 30 24 29 36 1 172 193 397 6 34 28
889 22 32 33 39 31 1 346 282 378 17 34 28
890 22 35 28 15 36 1 2005 362 129 17 34 28
891 22 30 16 23 19 61 275 263 360 9 35 28
892 23 38 45 28 36 76 353 194 178 25 35 29
893 22 44 48 17 46 1 169 190 315 34 35 28
894 23 32 25 35 22 56 240 334 268 30 35 29
895 22 34 30 33 35 1 187 164 667 19 34 28
896 23 26 26 32 21 64 964 23 944 11 34 28
897 22 32 24 24 25 32 350 29 854 17 34 28
898 22 35 34 27 37 28 221 480 396 16 34 29
899 23 25 21 38 26 48 219 139 464 18 34 28
900 23 37 31 35 20 58 254 250 255 18 34 28
901 22 34 39 35 31 47 197 105 981 18 34 29
902 23 33 22 22 24 44 213 375 1195 40 35 29
903 22 31 29 15 42 67 251 139 178 2 34 28
904 22 29 28 23 33 49 412 363 526 4 34 29
905 23 32 14 11 33 1 184 366 280 9 34 28
906 22 38 37 24 35 38 248 141 244 18 35 29
907 23 36 45 36 42 1 229 234 154 30 35 28
908 22 22 21 33 19 58 217 263 309 15 34 28
909 22 34 17 18 15 33 230 1 496 6 34 28
910 23 34 27 22 40 55 324 458 344 31 35 29
911 22 38 27 16 30 66 334 149 453 30 35 28
912 22 33 29 28 27 1 421 226 391 25 34 28
913 22 31 45 47 27 74 215 158 380 39 35 29
914 23 43 42 7 39 40 256 167 274 17 35 28
915 22 31 21 23 30 21 482 29 223 20 34 28
916 23 36 28 25 30 57 188 1 2007 29 35 28
917 22 28 24 18 33 1 195 227 328 2 34 28
918 23 37 39 13 38 58 226 119 506 3 35 28
919 22 33 30 27 32 31 305 165 227 12 34 28
920 23 42 40 14 36 85 303 216 261 17 34 28
921 23 38 45 28 39 1 206 199 203 20 34 29
922 22 29 37 21 42 46 273 162 378 6 34 29
923 23 42 38 20 34 64 232 247 356 17 35 28
924 23 35 40 32 35 42 227 263 405 25 35 29
925 23 35 39 39 32 16 118 31 287 37 35 28
926 23 33 30 34 23 33 178 234 429 32 35 29
927 23 35 35 21 35 40 371 356 435 1 35 29
928 22 30 38 33 31 44 182 180 1217 25 34 28
929 23 43 40 30 31 15 250 333 371 22 34 29
930 23 25 13 18 22 1 340 1 512 16 34 28
931 23 35 40 23 38 114 226 188 228 21 34 29
932 22 37 24 24 31 1 293 282 858 17 34 28
933 23 32 33 25 32 1 326 231 342 22 34 29
934 22 32 33 42 25 65 431 224 433 36 35 28
935 22 34 33 30 32 79 263 171 296 21 34 28
936 23 30 25 34 19 1 186 150 364 31 35 28
937 23 42 49 32 42 97 218 225 280 25 34 28
938 23 33 26 4 36 1 212 189 230 13 34 29
939 22 31 21 29 22 48 225 392 548 23 34 28
940 22 45 51 34 27 80 445 129 526 38 35 28
941 23 43 48 19 44 110 249 179 218 29 35 28
942 23 31 36 47 27 1 204 175 373 35 35 29
943 22 38 31 34 8 31 254 154 825 41 35 28
944 22 30 26 38 20 17 216 261 267 31 35 28
945 22 36 42 35 31 60 295 282 385 19 34 29
946 23 34 24 27 20 29 193 230 201 41 35 29
947 22 29 30 40 26 1 161 223 544 29 35 28
948 22 38 41 15 39 26 257 308 1910 16 34 28
949 22 36 44 37 35 1 330 258 317 28 35 28
950 22 34 28 19 35 1 181 1 194 24 34 28
951 22 32 34 34 23 1 241 321 1212 34 35 28
952 23 36 35 44 24 1 258 277 582 37 35 29
953 22 35 36 37 34 1 205 224 774 31 35 28
954 22 41 33 33 27 10 275 260 908 37 35 29
955 23 24 20 24 30 61 373 32 136 1 34 28
956 22 28 17 20 24 22 200 300 152 1 34 28
957 22 27 20 17 31 1 298 222 465 10 34 28
958 22 34 35 18 29 4 270 181 361 24 34 28
959 22 35 27 15 35 26 410 329 173 20 34 28
960 22 30 23 31 25 1 163 201 610 20 34 29
961 22 32 16 21 25 1 179 241 195 31 35 28
962 22 32 23 10 33 54 272 213 354 11 34 28
963 23 36 30 24 38 1 313 176 287 12 34 29
964 22 47 40 9 39 73 375 237 486 34 35 28
965 22 36 34 39 25 1 147 511 280 33 35 28
966 23 42 50 26 36 96 328 352 187 26 35 28
967 22 26 18 33 28 48 194 1 306 11 34 28
968 22 33 33 20 38 1 299 502 1369 11 34 28
969 22 20 20 46 8 6 596 577 383 15 34 28
970 22 33 25 46 13 21 190 98 383 34 35 28
971 22 31 29 44 30 39 184 161 308 8 35 28
972 22 27 35 50 31 1 262 239 216 22 34 28
973 22 37 32 29 30 73 277 290 503 25 34 28
974 23 34 30 23 32 1 223 291 564 20 34 28
975 22 31 27 25 37 1 223 349 308 15 34 28
976 22 24 25 28 27 43 179 129 1261 26 34 28
977 22 29 8 19 19 1 279 210 1518 15 34 28
978 23 31 36 23 32 64 220 199 325 19 34 29
979 22 29 19 23 27 30 159 337 274 19 34 28
980 22 30 25 35 21 3 1129 427 362 35 35 28
981 23 32 37 40 20 31 167 159 184 22 34 28
982 22 26 32 44 26 30 449 231 310 2 34 28
983 22 28 15 15 26 61 375 351 193 16 34 28
984 22 42 42 36 27 82 174 180 415 33 35 28
985 23 36 36 14 33 36 190 275 240 27 35 28
986 22 37 37 18 37 24 293 220 1845 12 34 28
987 22 34 31 25 31 27 365 342 511 30 35 28
988 22 36 28 20 28 94 218 192 406 21 34 28
989 22 34 29 25 30 1 320 431 1187 33 35 28
990 22 28 19 22 21 14 185 171 350 18 34 28
991 23 35 33 27 34 1 181 205 204 19 34 28
992 22 35 25 15 28 1 190 131 304 20 34 28
993 22 38 36 23 28 50 179 161 273 13 34 29
994 22 32 33 43 19 38 178 327 808 43 35 28
995 22 33 18 21 17 17 327 291 378 33 35 28
996 22 28 18 20 26 1 257 242 574 5 34 28
997 22 27 19 9 28 6 326 383 334 1 34 28
998 23 36 36 41 32 1 236 233 502 39 35 29
999 23 26 18 44 32 1 211 1 224 12 34 28
1000 23 33 34 26 30 22 140 157 161 35 35 28
