1 23 33 41 41 35 1 1038 1201 394 23 34 28
2 23 33 27 21 33 1 208 123 332 24 34 29
3 22 32 16 22 18 1 395 330 330 31 35 28
4 23 40 36 29 23 1 186 1 188 33 35 29
5 22 28 26 29 24 1 118 26 282 13 34 28
6 23 37 31 31 25 1 214 158 265 21 34 28
7 22 37 37 34 25 60 194 135 853 31 35 28
8 22 29 29 25 31 43 247 266 541 9 34 28
9 23 29 27 17 29 49 276 213 302 11 34 29
10 23 42 53 28 44 1 208 232 240 24 34 28
11 23 35 21 8 32 1 202 211 1569 25 34 29
12 23 32 26 37 21 1 225 243 148 32 35 29
13 22 38 32 17 37 14 156 202 342 20 34 28
14 22 25 22 41 21 36 177 202 284 10 34 28
15 23 37 50 37 34 1 1240 148 221 35 35 29
16 22 34 29 25 28 6 225 205 126 24 34 28
17 23 44 44 29 35 74 198 175 184 22 35 29
18 23 39 37 27 32 1 236 287 257 18 34 28
19 22 37 35 30 29 96 436 501 562 22 34 28
20 22 31 14 13 29 1 279 83 590 14 34 28
21 23 34 23 22 29 90 226 279 772 10 34 28
22 22 35 32 13 33 1 261 175 561 13 34 28
23 22 28 16 18 27 10 183 133 639 13 34 28
24 22 39 33 15 36 36 179 141 422 33 35 29
25 22 41 43 28 36 68 182 153 395 14 35 29
26 22 32 36 38 29 31 209 138 490 24 34 28
27 22 30 14 20 11 9 160 151 360 39 35 28
28 23 36 36 25 34 1 328 178 551 12 34 28
29 23 32 22 35 4 1 246 180 165 24 34 28
30 22 26 21 27 23 1 243 306 292 17 34 28
31 22 30 28 31 30 1 237 100 189 19 34 28
32 22 34 31 22 28 10 224 179 299 29 35 28
33 23 32 26 35 14 1 255 156 566 44 35 29
34 23 37 39 28 29 62 235 195 278 25 34 29
35 22 29 24 28 27 91 265 198 170 16 34 28
36 23 39 37 27 34 44 106 144 254 20 34 28
37 22 37 31 26 32 23 275 451 180 20 34 28
38 22 38 50 28 37 98 196 202 314 32 35 28
39 22 27 25 19 27 1 212 165 479 16 34 28
40 22 36 37 42 21 11 453 321 450 38 35 28
41 22 23 20 28 30 58 188 140 206 7 34 28
42 23 37 30 35 28 1 178 187 214 33 35 28
43 22 33 31 20 32 19 169 247 773 9 34 29
44 23 36 38 16 42 91 182 414 495 29 35 28
45 22 31 30 21 32 1 160 340 518 30 35 28
46 22 31 15 25 19 73 250 190 287 31 35 28
47 22 28 32 37 28 80 238 1 280 16 34 28
48 22 39 44 31 34 18 233 316 870 18 34 28
49 23 31 27 18 22 5 207 267 556 17 34 28
50 22 26 10 31 29 1 290 231 534 12 34 28
51 22 29 14 28 12 1 325 216 1068 32 35 28
52 23 33 37 21 44 1 211 243 248 20 34 28
53 22 46 48 15 41 1 229 262 634 15 34 28
54 23 42 33 14 39 1 374 151 257 21 34 28
55 22 35 30 25 37 1 800 266 230 12 34 28
56 23 36 24 8 25 8 257 190 355 23 34 29
57 23 32 37 37 33 25 280 245 188 12 34 28
58 22 27 23 16 32 14 237 154 1034 17 34 28
59 22 40 43 27 38 112 1121 344 464 20 34 28
60 22 30 34 37 33 1 259 250 141 23 34 28
61 23 34 29 29 33 1 226 204 284 16 34 29
62 22 31 33 30 35 1 229 138 1208 12 34 28
63 23 35 32 23 33 63 254 176 254 5 34 28
64 23 30 31 26 32 58 207 253 215 10 34 28
65 23 52 29 48 50 41 154 187 808 14 34 28
66 22 47 52 33 42 1 181 171 1239 33 35 28
67 22 36 38 38 32 107 185 232 841 16 34 29
68 22 29 17 31 19 1 243 131 371 36 35 28
69 23 39 40 26 39 50 188 223 356 1 34 28
70 22 33 26 35 24 1 137 404 284 33 35 28
71 22 32 35 30 36 1 131 348 284 26 34 29
72 23 40 40 35 27 1 316 232 343 25 34 28
73 23 37 44 30 30 59 225 132 337 10 34 29
74 23 32 29 39 15 20 253 338 273 32 35 29
75 22 36 27 26 34 54 566 216 1788 17 34 28
76 22 32 36 46 26 115 306 226 622 9 35 29
77 23 23 27 31 26 20 336 268 255 23 34 28
78 22 29 21 23 30 49 332 305 413 8 34 28
79 22 29 18 14 29 40 236 235 434 4 34 28
80 23 31 22 20 23 13 194 144 203 27 35 28
81 22 25 15 18 28 1 221 138 210 7 34 28
82 23 35 40 20 49 1 224 214 219 1 34 28
83 23 33 29 15 37 1 419 167 204 16 34 28
84 22 34 31 17 32 38 195 269 564 7 34 28
85 22 28 24 3 41 1 106 168 320 5 34 28
86 22 38 41 31 18 40 200 604 968 41 35 29
87 23 32 22 32 24 91 185 292 999 12 34 28
88 22 30 23 41 27 47 347 252 939 21 34 28
89 23 31 24 20 23 24 212 142 212 12 34 28
90 23 30 21 26 24 24 282 152 486 17 34 28
91 22 35 34 31 37 34 360 588 493 16 34 29
92 22 23 18 12 31 2 249 338 191 1 34 28
93 22 37 38 20 35 85 193 241 349 18 34 28
94 23 36 30 31 22 26 210 194 490 35 35 29
95 23 32 23 17 26 1 195 213 342 27 35 28
96 23 31 23 23 32 1 276 294 248 16 34 28
97 23 40 42 35 35 54 226 255 1422 17 34 28
98 23 34 28 19 34 8 273 220 177 24 34 28
99 23 33 34 22 37 13 187 187 1757 10 35 29
100 23 34 37 31 32 58 256 370 524 18 35 29
101 23 37 40 31 32 9 332 23 270 19 35 29
102 23 28 37 34 36 1 215 153 217 10 34 28
103 22 33 35 28 31 22 197 151 1429 28 35 28
104 22 35 33 20 39 51 207 166 146 3 34 28
105 22 33 34 23 32 75 285 616 332 10 34 28
106 23 30 22 30 24 1 296 228 505 24 34 28
107 23 42 46 27 36 1 670 52 486 29 35 29
108 23 32 29 29 36 1 253 27 351 4 34 29
109 22 37 43 27 35 1 533 171 449 15 34 28
110 23 45 39 19 39 1 212 272 1219 37 35 28
111 23 41 32 17 29 99 181 273 455 32 35 28
112 23 34 30 36 26 17 219 269 389 31 35 28
113 23 36 39 22 39 1 296 164 242 23 34 28
114 23 29 24 31 24 42 274 380 329 5 34 29
115 23 30 38 25 43 1 173 133 458 1 34 28
116 23 36 44 23 40 1 240 169 307 30 35 29
117 22 26 21 22 26 1 465 178 367 3 34 28
118 22 20 16 32 26 1 578 239 222 12 34 28
119 22 31 30 12 43 16 441 272 603 1 34 28
120 22 32 32 25 30 36 202 470 833 11 35 28
121 23 30 37 30 42 40 188 176 631 1 34 28
122 23 35 37 23 28 63 246 227 610 1 35 28
123 22 38 34 39 20 22 186 182 443 43 35 28
124 23 39 35 24 40 1 321 324 461 10 34 29
125 22 45 52 18 42 1 164 242 172 32 35 28
126 23 37 38 23 42 72 327 260 189 8 35 29
127 22 29 29 35 29 96 249 579 171 31 35 29
128 22 44 51 23 35 73 449 238 297 31 35 28
129 22 24 7 18 23 1 177 147 674 2 34 28
130 23 34 34 24 32 126 358 294 961 28 35 28
131 23 42 43 34 29 71 218 132 248 29 35 29
132 22 30 31 21 38 30 153 359 587 20 34 28
133 23 41 43 26 36 1 355 249 471 29 35 29
134 23 32 23 28 31 1 816 1435 1876 6 34 29
135 23 38 30 23 24 47 256 223 1245 25 34 28
136 23 28 35 60 33 113 1007 918 610 14 34 29
137 23 34 28 37 18 4 254 185 437 24 34 29
138 23 36 34 27 33 44 219 254 363 22 34 29
139 23 39 35 15 35 1 313 198 311 8 35 29
140 23 41 46 26 38 1 185 153 497 16 34 28
141 22 35 36 15 42 75 177 253 560 6 34 28
142 22 33 20 15 25 7 221 186 393 16 34 28
143 22 36 35 17 36 17 199 140 658 15 35 28
144 23 42 44 19 40 126 222 208 467 13 34 29
145 22 34 30 22 30 24 233 150 419 23 34 28
146 22 32 40 35 33 57 208 310 294 26 35 29
147 23 33 31 25 30 46 262 172 204 8 35 29
148 23 35 42 27 33 1 486 322 276 24 35 29
149 22 22 14 19 24 1 260 469 275 1 34 28
150 23 37 23 23 28 1 489 273 457 32 35 28
151 23 29 28 34 30 1 232 24 281 18 34 28
152 22 28 23 25 30 61 417 245 518 22 34 28
153 23 28 27 32 35 1 189 282 268 19 34 29
154 23 29 20 10 33 1 326 746 208 2 34 28
155 23 37 39 13 38 27 339 367 340 22 34 28
156 23 33 35 31 35 63 179 122 681 5 35 29
157 22 26 19 22 23 18 213 1 723 26 34 28
158 22 33 24 31 26 37 308 768 202 31 35 29
159 23 34 26 28 25 1 218 250 862 29 35 29
160 22 25 15 30 20 11 355 303 312 24 34 28
161 23 30 32 19 31 32 251 257 210 6 34 28
162 22 36 35 18 36 48 214 21 300 10 34 28
163 22 38 39 32 36 19 217 242 377 30 35 28
164 22 35 19 17 24 42 249 235 855 15 34 28
165 22 34 34 28 33 34 253 324 1571 14 35 29
166 23 48 38 26 40 1 207 186 321 15 34 29
167 23 34 36 41 29 48 201 106 570 22 34 29
168 22 38 44 32 36 44 297 236 1222 22 34 29
169 22 26 17 38 21 41 194 178 420 21 34 28
170 23 33 28 37 26 36 223 160 690 26 34 28
171 22 33 33 40 29 1 142 146 331 29 35 28
172 23 35 31 13 32 1 930 708 1751 16 34 28
173 23 30 34 27 31 61 320 278 160 23 34 29
174 23 37 53 37 46 32 343 276 498 12 34 28
175 22 41 43 32 26 106 228 274 528 38 35 28
176 23 37 27 12 31 71 975 323 175 17 34 29
177 22 34 32 31 38 1 293 87 498 17 34 29
178 22 30 33 29 28 99 134 344 698 14 34 29
179 22 33 17 30 14 1 189 336 289 25 34 28
180 23 33 30 14 39 73 312 188 341 13 35 28
181 23 32 39 26 37 1 342 180 234 14 34 29
182 23 33 40 28 43 1 162 292 393 25 35 29
183 23 38 34 34 34 69 252 175 377 31 35 29
184 23 41 38 25 34 99 227 298 406 22 34 28
185 23 29 30 26 30 9 217 587 330 24 34 29
186 22 37 30 16 32 27 583 712 2007 10 35 28
187 23 32 36 25 30 5 216 218 259 14 34 28
188 23 31 21 18 27 1 178 162 303 19 34 28
189 23 36 42 39 35 1 154 229 285 19 34 28
190 22 34 24 21 32 12 215 284 457 1 34 28
191 23 30 31 22 38 38 217 144 234 1 35 28
192 23 33 35 36 35 53 368 248 194 14 35 29
193 23 41 38 30 26 106 586 378 294 35 35 29
194 23 37 29 39 21 1 159 293 1552 42 35 28
195 23 40 40 25 33 70 338 270 400 10 34 29
196 23 26 13 29 20 72 375 363 1167 17 35 29
197 23 35 39 28 26 14 766 1124 233 45 35 29
198 23 38 37 32 33 11 145 257 437 30 35 29
199 22 31 26 1 44 1 254 239 249 1 34 28
200 23 36 38 33 32 24 214 231 430 38 35 29
201 23 32 25 20 34 1 339 428 315 6 34 28
202 22 36 35 17 32 1 216 261 198 16 34 28
203 22 20 8 28 28 1 261 320 305 1 34 28
204 23 44 37 20 30 48 289 408 632 33 35 29
205 22 35 37 41 27 1 192 173 176 29 35 29
206 22 26 27 30 28 11 321 108 341 12 34 28
207 23 25 22 18 35 1 199 163 706 1 34 28
208 22 27 24 41 26 50 227 127 668 17 34 28
209 23 38 37 14 30 9 209 242 1761 25 35 28
210 22 31 33 32 24 21 162 246 267 27 34 28
211 22 28 24 31 23 17 183 250 265 19 34 28
212 23 25 17 21 35 1 233 381 147 1 34 28
213 23 26 17 27 31 1 158 1 265 11 34 28
214 22 31 24 18 27 16 225 164 203 31 35 28
215 22 32 28 35 15 1 190 304 599 26 34 28
216 22 31 27 22 39 1 255 324 376 14 34 28
217 22 31 30 34 24 24 702 181 187 12 34 28
218 22 33 31 27 35 74 335 225 363 4 34 29
219 22 22 11 26 22 1 328 279 403 11 34 28
220 23 34 40 38 37 1 260 185 318 19 34 28
221 23 23 17 31 13 17 240 260 439 24 34 28
222 23 34 39 43 25 12 280 404 225 34 35 29
223 22 30 26 35 22 1 1739 711 887 28 34 28
224 23 33 34 30 38 49 306 149 445 20 34 28
225 22 30 30 26 32 1 549 216 220 10 34 28
226 23 35 28 34 16 54 444 571 439 39 35 28
227 22 29 22 25 31 1 187 217 278 9 34 28
228 22 21 19 33 27 1 197 192 606 1 34 28
229 23 29 27 31 36 1 168 243 258 14 34 28
230 23 37 39 23 50 26 246 232 386 6 35 28
231 22 28 32 41 38 45 181 129 271 11 34 28
232 22 31 22 24 29 69 192 344 430 13 34 29
233 22 42 42 30 28 72 286 185 270 29 35 29
234 22 30 24 28 31 4 266 703 236 20 34 28
235 23 35 32 20 35 1 228 25 349 9 34 28
236 22 22 1 26 17 1 512 188 210 21 34 28
237 23 37 42 31 36 7 259 229 326 20 34 28
238 22 27 27 19 35 39 134 19 284 1 34 28
239 22 28 22 24 26 28 174 176 576 15 34 29
240 23 41 51 35 46 1 424 604 182 16 34 29
241 22 32 36 37 30 27 268 231 540 36 35 29
242 22 41 34 17 33 32 249 187 661 21 35 28
243 23 30 25 32 29 1 241 694 210 14 34 28
244 22 27 19 19 24 7 157 166 261 19 34 28
245 22 25 18 20 24 82 233 388 706 12 34 28
246 22 31 23 11 24 2 273 286 847 9 34 28
247 22 32 22 21 32 1 313 280 505 22 34 28
248 22 30 32 32 40 66 312 20 360 6 34 29
249 23 38 45 32 27 57 195 461 527 38 35 28
250 23 31 33 37 30 1 372 384 279 25 34 29
251 22 45 41 11 32 57 185 155 418 26 35 28
252 23 40 30 27 28 96 726 219 234 39 35 29
253 22 32 18 24 17 4 142 495 443 26 34 28
254 22 19 12 37 19 57 262 267 491 9 34 28
255 23 27 24 30 23 42 198 140 194 10 34 28
256 22 31 30 33 23 80 194 213 329 21 35 28
257 22 36 38 35 34 1 191 337 1099 27 34 28
258 22 31 32 42 20 7 206 171 400 31 35 28
259 23 37 36 28 41 60 134 415 954 18 34 28
260 22 26 14 21 31 47 213 175 479 6 34 28
261 22 27 26 23 31 39 328 317 173 9 34 28
262 22 31 34 31 28 96 526 208 728 29 35 28
263 22 31 17 25 20 1 154 36 227 22 34 28
264 23 26 25 13 26 16 186 169 132 10 34 28
265 22 31 26 42 14 54 428 233 482 19 34 28
266 22 34 35 22 32 1 179 131 318 22 34 28
267 22 41 50 34 33 1 198 429 618 41 35 28
268 23 32 35 35 24 5 364 213 348 27 35 29
269 22 32 34 48 22 1 307 382 312 34 35 28
270 22 35 30 17 30 1 163 112 363 6 34 28
271 22 33 28 28 25 1 232 249 541 4 35 29
272 22 29 20 33 22 22 262 213 423 7 34 28
273 23 31 27 35 29 94 208 244 337 27 35 28
274 23 31 31 39 26 67 340 272 429 20 34 28
275 23 32 29 22 23 59 208 193 294 19 34 28
276 23 33 32 35 29 1 533 273 1159 25 35 29
277 22 28 31 46 32 1 472 873 2007 16 34 29
278 22 29 19 26 34 1 530 390 244 16 34 28
279 22 32 31 15 34 8 422 330 325 1 35 28
280 23 36 38 24 39 64 328 251 574 14 35 28
281 23 35 31 15 35 118 289 38 491 8 35 29
282 22 26 21 33 17 68 200 189 683 1 34 28
283 23 26 32 44 34 1 177 222 210 15 34 29
284 23 36 26 20 40 40 218 312 220 19 34 28
285 23 31 23 29 21 1 188 163 420 33 35 28
286 23 36 30 22 26 24 292 144 228 18 34 28
287 23 39 36 23 42 1 234 152 494 8 35 29
288 22 33 26 12 33 37 261 100 297 20 34 28
289 23 36 38 36 26 51 188 240 186 26 35 29
290 23 29 25 32 25 1 252 329 261 20 35 29
291 22 29 27 13 28 86 176 281 378 15 34 28
292 22 27 35 36 37 67 333 69 180 13 34 28
293 22 32 28 16 26 7 256 271 213 28 35 29
294 23 38 32 36 25 50 274 255 227 34 35 29
295 23 27 22 30 27 10 200 271 691 27 34 28
296 22 31 29 46 18 24 211 308 400 27 35 28
297 23 33 23 24 30 1 204 206 213 8 34 28
298 22 35 30 33 32 1 205 181 305 16 34 29
299 22 25 19 33 25 29 224 205 411 13 34 28
300 22 28 25 17 27 58 204 338 240 8 34 29
301 22 40 36 15 42 89 393 352 2005 19 34 28
302 22 32 16 16 22 49 244 629 478 25 34 28
303 22 30 24 38 15 1 337 209 841 36 35 28
304 23 40 50 42 38 29 298 212 328 30 35 28
305 23 37 37 22 30 1 635 835 263 29 35 29
306 23 44 46 36 36 127 268 317 546 23 35 29
307 23 40 31 16 28 26 227 280 340 26 35 29
308 23 37 40 31 33 61 349 200 1073 25 35 29
309 23 29 21 25 21 56 251 350 311 18 34 29
310 22 35 31 43 22 40 1381 669 2007 22 34 29
311 22 26 35 56 22 94 196 156 167 11 34 28
312 22 30 25 31 27 1 577 143 249 19 34 29
313 22 44 40 18 35 30 233 219 187 38 35 28
314 22 28 19 18 18 9 240 312 569 23 34 28
315 22 28 31 31 40 17 341 213 378 17 34 29
316 22 30 15 8 28 13 146 156 409 1 34 28
317 22 30 26 25 34 56 291 156 237 4 34 28
318 22 34 19 14 26 1 211 156 193 18 34 28
319 22 26 20 29 29 28 268 207 197 23 34 28
320 22 35 25 23 28 1 353 218 256 24 34 28
321 23 31 30 29 37 1 150 161 152 16 34 29
322 22 32 33 31 27 1 211 142 1068 33 35 29
323 22 30 29 39 16 20 306 400 275 28 34 28
324 22 32 29 18 34 1 236 137 367 30 35 28
325 23 38 39 33 25 77 248 329 394 29 35 29
326 23 35 36 44 28 1 169 121 194 19 34 29
327 23 44 38 35 33 10 417 293 224 43 35 29
328 23 33 32 47 20 100 265 136 174 19 35 29
329 23 31 22 23 23 1 206 151 234 38 35 29
330 23 30 30 36 31 1 265 202 1085 31 35 28
331 22 35 28 19 26 1 278 297 252 23 34 28
332 22 30 13 20 21 46 233 184 480 30 35 28
333 22 35 36 27 35 100 438 378 328 8 34 28
334 23 30 27 24 33 1 212 1 594 10 34 28
335 22 33 23 30 24 9 272 179 168 22 34 28
336 22 35 34 34 27 38 292 187 396 29 35 28
337 22 36 35 42 29 1 208 199 238 24 34 29
338 22 40 38 26 32 80 216 130 343 31 35 28
339 22 38 41 23 32 96 201 408 1347 28 35 28
340 23 36 27 20 30 39 255 316 243 21 35 29
341 22 33 30 29 33 52 299 199 253 14 35 29
342 23 31 22 25 29 1 250 431 296 8 34 29
343 22 29 19 33 10 46 191 184 551 34 35 28
344 22 27 20 29 23 1 156 302 350 21 34 28
345 23 34 35 33 33 68 187 201 227 27 35 29
346 22 33 35 36 34 26 146 292 266 27 35 29
347 22 39 37 26 27 96 247 222 254 32 35 28
348 22 30 29 27 26 1 229 254 398 7 34 28
349 22 31 29 23 34 13 247 330 635 25 34 29
350 22 36 35 29 33 59 173 161 791 15 34 29
351 23 30 28 15 35 10 217 171 623 14 34 28
352 23 32 26 17 37 1 255 262 272 20 34 29
353 23 26 30 36 26 58 283 288 215 32 35 29
354 22 29 28 26 29 18 163 152 263 8 34 28
355 22 29 17 18 36 1 230 200 295 9 34 28
356 23 32 26 31 26 1 286 208 240 15 34 29
357 22 29 23 18 38 1 182 164 702 1 34 28
358 22 36 34 26 29 12 203 235 338 28 35 28
359 22 41 41 33 23 32 361 155 184 30 35 28
360 23 31 22 29 34 1 291 146 527 1 35 29
361 23 30 25 24 25 1 152 145 335 26 34 28
362 22 42 52 36 35 18 182 236 274 32 35 28
363 23 34 27 29 16 35 249 181 511 29 35 28
364 23 26 23 29 22 1 264 400 344 27 35 28
365 23 56 18 26 16 55 197 33 700 25 34 28
366 22 33 26 22 31 59 166 18 1454 15 34 29
367 22 23 20 40 24 1 239 144 570 5 34 28
368 22 38 32 19 34 32 153 97 347 28 35 29
369 23 34 36 25 48 28 185 178 302 1 34 29
370 22 28 8 28 15 1 241 350 241 18 34 28
371 22 39 36 24 37 17 659 194 273 14 34 29
372 23 33 28 27 29 1 447 537 426 20 34 29
373 22 30 19 15 30 4 240 279 782 1 34 28
374 22 37 30 19 21 57 301 138 341 30 35 29
375 23 36 30 28 27 12 242 235 568 19 34 29
376 22 28 25 27 26 15 232 308 1250 16 34 29
377 23 33 27 30 34 5 176 165 300 7 34 29
378 22 25 32 35 29 64 186 264 341 6 34 28
379 23 34 32 30 30 49 261 221 299 32 35 29
380 23 36 32 31 29 1 442 258 477 36 35 29
381 22 28 32 41 20 66 173 171 368 20 34 28
382 23 38 37 30 30 58 309 242 353 30 35 28
383 22 30 33 27 35 90 233 651 1272 12 35 29
384 22 28 31 37 25 82 424 372 218 29 35 29
385 23 32 20 17 27 50 303 228 236 13 34 28
386 23 28 24 23 29 61 1097 554 445 2 34 29
387 22 35 38 31 40 38 247 159 208 10 35 28
388 22 27 28 60 30 5 224 239 871 6 34 29
389 22 36 35 9 37 83 196 315 431 12 35 29
390 23 37 42 20 31 35 222 174 491 45 35 29
391 23 32 34 30 30 50 281 178 292 25 34 28
392 22 25 20 15 37 1 252 266 460 9 34 28
393 23 38 38 27 30 1 296 179 186 28 35 29
394 23 32 37 39 30 38 219 277 664 33 35 29
395 22 29 10 18 18 11 194 233 1056 18 34 28
396 22 29 29 39 24 11 331 338 167 25 34 28
397 23 37 32 13 38 55 229 196 588 1 35 28
398 22 32 34 40 19 27 294 254 347 43 35 28
399 22 30 29 23 31 1 237 139 617 16 34 28
400 22 28 30 36 23 25 252 272 752 18 34 29
401 23 33 38 42 26 1 155 162 304 34 35 28
402 22 36 29 26 24 22 278 169 184 36 35 29
403 23 34 40 29 42 1 293 238 300 15 34 29
404 23 40 39 29 28 50 269 258 224 25 34 29
405 22 34 24 21 35 1 693 307 249 14 34 29
406 22 34 31 18 33 1 494 223 461 27 35 29
407 22 34 42 31 33 82 464 409 382 18 35 29
408 23 40 37 34 21 1 272 170 255 45 35 29
409 23 32 44 20 31 19 249 202 225 10 34 28
410 22 34 33 36 22 1 276 224 521 38 35 28
411 22 23 17 29 21 1 297 263 483 17 34 28
412 23 33 39 41 36 25 238 205 891 21 34 29
413 23 31 27 14 35 60 299 146 188 6 34 28
414 23 36 38 24 33 81 439 338 1348 29 35 29
415 22 35 35 41 27 53 299 550 348 28 35 29
416 23 31 28 26 29 71 294 375 398 23 34 28
417 22 29 32 46 20 1 278 246 494 40 35 29
418 22 33 27 24 26 11 357 18 210 21 34 28
419 23 31 30 27 32 66 147 30 1308 10 34 29
420 23 38 36 28 32 45 162 339 544 28 35 28
421 22 38 40 26 38 67 302 197 216 7 34 28
422 23 31 35 42 25 2 251 249 353 24 35 29
423 23 31 36 31 33 28 241 166 526 9 35 29
424 22 44 44 39 26 67 273 230 673 43 35 29
425 22 32 31 22 30 3 518 383 298 13 34 28
426 23 26 20 28 28 1 318 202 177 16 34 29
427 22 31 23 33 22 3 235 203 245 33 35 28
428 22 38 39 31 36 1 292 104 242 30 35 28
429 22 32 29 14 38 41 379 380 139 18 34 28
430 23 37 38 16 36 59 224 176 719 17 34 28
431 23 31 32 27 32 1 1184 670 508 26 34 28
432 23 32 26 32 23 54 215 617 116 18 34 29
433 22 30 22 30 20 49 238 266 238 24 34 28
434 23 34 32 37 31 1 237 150 212 18 35 29
435 23 38 31 39 18 1 187 156 578 33 35 29
436 22 35 36 25 25 10 2005 1043 2005 26 35 28
437 23 34 24 37 28 15 560 60 852 17 34 28
438 23 35 32 40 32 65 180 218 245 10 34 28
439 23 39 39 30 35 107 250 329 510 16 34 28
440 22 31 18 12 31 1 536 318 415 1 34 28
441 22 35 24 24 27 53 226 272 380 12 34 28
442 22 24 21 28 35 29 279 236 358 5 34 28
443 22 24 14 29 20 16 319 218 407 5 34 28
444 22 28 33 24 31 18 215 279 213 14 34 28
445 23 41 51 21 48 35 163 133 501 29 35 28
446 23 39 41 43 30 1 213 310 929 36 35 28
447 23 30 30 25 35 1 139 115 218 6 34 28
448 23 32 34 36 23 65 156 188 253 42 35 29
449 23 29 24 35 16 39 222 30 805 40 35 28
450 22 27 27 34 27 16 163 315 174 30 35 29
451 22 24 12 11 31 69 174 39 411 6 34 28
452 22 29 23 22 34 10 199 131 249 11 34 28
453 22 23 13 19 30 35 191 315 233 10 34 28
454 23 34 25 22 30 1 439 205 263 29 35 28
455 23 37 42 30 29 66 157 114 255 29 35 29
456 22 30 32 25 33 1 263 442 650 24 34 28
457 23 33 45 45 31 63 260 152 195 25 34 28
458 23 40 74 251 54 33 202 211 575 73 35 29
459 22 34 37 31 32 1 485 226 658 9 34 29
460 22 33 24 13 28 1 192 452 888 15 34 28
461 23 42 57 32 43 1 171 136 200 28 35 29
462 23 38 45 39 41 1 225 213 302 24 34 28
463 23 37 40 38 33 87 212 250 312 16 34 29
464 23 28 25 37 29 11 252 265 495 20 34 29
465 22 41 39 19 30 16 379 224 327 42 35 28
466 22 32 29 18 33 18 216 153 317 16 34 28
467 23 37 33 26 22 40 251 145 405 30 35 28
468 23 24 23 51 21 45 147 225 347 20 34 29
469 22 37 40 22 45 2 204 217 350 16 34 29
470 23 37 39 33 26 39 204 166 328 36 35 28
471 23 27 29 27 31 82 276 200 219 12 34 29
472 23 32 35 42 24 1 333 193 225 36 35 28
473 23 34 27 22 23 18 310 178 621 19 34 28
474 22 31 31 9 38 1 163 228 217 6 34 28
475 23 35 32 19 37 73 166 559 604 2 35 28
476 22 36 38 15 35 39 179 114 1057 14 35 28
477 22 34 29 10 33 66 223 165 195 3 34 29
478 23 32 42 31 31 1 280 392 332 28 35 29
479 22 36 41 25 31 64 413 253 307 26 35 29
480 22 26 19 43 26 1 222 605 441 17 34 28
481 22 38 34 28 40 1 181 227 256 12 34 28
482 23 26 15 26 26 47 302 1 532 1 34 28
483 22 23 23 31 29 1 198 269 324 1 34 28
484 22 32 36 30 31 34 321 208 205 22 34 28
485 22 40 40 26 37 95 263 190 259 20 35 29
486 23 42 49 41 35 1 270 316 256 38 35 28
487 23 36 33 24 34 79 135 463 397 17 35 28
488 22 27 19 25 26 39 401 268 1054 14 34 29
489 23 36 37 28 37 79 302 228 270 14 35 29
490 23 25 25 20 32 10 256 258 481 6 34 28
491 23 32 28 31 29 1 238 140 342 25 34 29
492 22 42 30 23 26 14 186 138 430 28 35 28
493 22 23 16 41 20 32 373 400 520 8 34 28
494 22 26 22 30 19 29 298 279 499 16 34 28
495 22 27 25 20 30 1 251 512 1158 14 34 28
496 22 31 27 34 23 51 613 263 360 27 34 28
497 23 35 28 12 29 81 268 256 511 23 34 28
498 23 36 40 36 26 58 181 272 183 30 35 29
499 22 27 36 42 30 27 2005 525 847 22 34 28
500 22 30 26 17 32 1 204 219 459 11 34 28
501 23 39 39 31 35 1 223 217 445 25 34 28
502 22 31 20 28 30 36 661 433 226 14 34 28
503 22 35 29 22 28 3 231 239 700 25 34 28
504 23 32 29 34 33 1 300 398 440 15 34 28
505 22 36 37 18 33 8 137 76 1998 30 35 28
506 23 38 29 17 31 125 351 225 317 13 34 28
507 22 30 29 33 22 38 180 456 371 30 35 28
508 22 33 36 34 33 28 348 337 684 10 34 28
509 23 37 39 20 32 1 465 125 150 29 35 28
510 22 32 33 28 38 1 239 196 484 24 34 28
511 22 33 29 22 30 10 323 233 666 25 34 28
512 23 33 38 36 24 31 290 522 144 32 35 28
513 23 33 25 16 36 101 156 160 517 1 34 28
514 22 40 38 16 49 98 299 325 721 7 35 28
515 22 35 27 25 20 11 278 279 137 37 35 28
516 22 28 27 27 34 53 275 229 651 1 34 28
517 23 31 34 30 29 1 208 243 591 24 35 29
518 22 35 28 34 22 27 242 133 140 43 35 28
519 23 38 37 24 33 97 172 147 223 15 35 28
520 23 39 28 11 21 29 345 154 585 28 35 28
521 23 32 30 27 34 47 207 285 425 10 34 29
522 23 30 32 33 22 55 211 313 320 20 34 29
523 22 33 26 35 29 95 133 189 525 3 34 28
524 23 37 32 29 25 43 200 218 254 29 35 28
525 23 37 31 48 36 1 401 311 498 24 34 28
526 23 35 24 28 29 1 262 234 465 10 34 28
527 22 31 33 34 31 19 181 285 365 24 34 29
528 22 28 23 25 31 7 173 518 392 53 35 28
529 23 33 32 32 30 91 209 223 294 18 34 28
530 22 29 25 30 20 1 193 112 371 32 35 28
531 22 34 27 22 30 36 239 295 503 18 34 28
532 22 26 22 21 25 21 283 377 285 23 34 28
533 22 33 32 40 19 1 254 290 603 38 35 28
534 22 32 34 29 27 1 424 350 784 19 34 28
535 22 28 23 41 20 1 212 275 157 19 34 28
536 22 37 36 10 45 42 268 374 1133 1 34 28
537 22 28 24 30 26 5 212 244 585 9 34 28
538 22 36 35 14 36 77 257 298 353 15 34 28
539 23 32 35 48 23 17 213 216 335 43 35 28
540 22 31 33 22 38 7 231 161 150 28 35 28
541 23 30 26 34 22 35 168 177 608 34 35 29
542 22 37 31 28 28 66 220 68 219 29 34 28
543 22 33 24 14 23 1 195 260 453 15 34 28
544 22 22 8 33 21 1 164 192 374 21 34 28
545 22 21 16 36 22 1 179 146 318 5 34 28
546 22 31 30 34 27 1 328 240 533 22 34 28
547 22 31 34 24 38 1 238 65 410 13 34 28
548 22 35 37 26 40 71 200 172 1334 1 34 28
549 22 38 45 31 32 32 251 582 1010 34 35 29
550 23 35 38 34 34 82 182 172 427 35 35 28
551 22 41 43 21 44 15 209 194 846 1 34 28
552 22 36 37 37 26 99 177 288 596 29 35 28
553 23 37 32 19 27 22 171 229 446 20 34 28
554 22 30 22 31 20 55 236 265 584 23 34 28
555 22 38 46 41 34 1 203 167 638 41 35 28
556 22 32 24 40 25 31 193 1 371 21 34 28
557 22 37 37 19 38 1 276 335 678 10 34 28
558 22 32 36 28 30 1 230 288 253 8 34 28
559 22 39 41 41 29 60 247 257 217 43 35 28
560 22 37 41 34 38 83 489 217 244 25 34 28
561 22 29 23 20 29 1 247 184 163 20 34 28
562 22 26 33 38 27 10 343 670 873 14 34 28
563 22 36 42 24 38 130 289 240 895 7 35 28
564 22 25 22 27 26 64 240 247 294 16 34 28
565 22 32 25 17 29 77 242 179 412 9 34 28
566 22 33 29 14 40 47 181 176 152 6 34 28
567 22 27 11 21 21 1 288 135 387 17 34 28
568 23 39 30 13 27 122 272 278 290 31 35 29
569 22 33 33 18 43 1 316 171 249 1 34 28
570 22 35 36 28 37 52 306 257 576 22 34 28
571 22 29 31 34 13 48 194 181 615 19 34 28
572 22 35 38 41 34 1 191 127 484 37 35 28
573 23 37 41 36 31 45 228 178 357 32 35 29
574 22 29 31 21 45 47 188 216 697 5 34 28
575 22 28 12 14 25 8 278 237 221 9 34 28
576 22 37 40 38 29 72 179 265 428 40 35 28
577 22 31 27 17 35 29 262 171 608 5 34 28
578 23 31 33 14 36 14 221 311 185 9 34 28
579 22 29 26 25 32 14 189 345 306 6 34 28
580 23 37 46 42 35 1 252 178 377 42 35 28
581 22 31 30 28 26 23 293 180 467 18 34 28
582 22 38 30 21 18 1 232 245 1230 31 35 28
583 23 34 38 29 29 58 161 234 397 16 34 29
584 22 28 23 34 17 12 231 405 546 37 35 29
585 22 37 28 34 28 1 282 239 217 41 35 28
586 23 38 30 13 24 23 219 190 216 31 35 28
587 22 30 22 12 31 35 1136 684 1337 1 34 28
588 22 32 34 38 30 16 178 225 292 30 35 28
589 22 28 26 32 32 1 160 328 405 11 34 28
590 22 31 32 40 26 1 238 661 198 33 35 28
591 22 29 27 31 21 1 231 153 413 18 34 28
592 22 29 29 26 22 11 718 192 222 20 34 28
593 22 27 25 31 28 1 226 245 297 17 34 28
594 22 34 19 18 27 23 222 504 524 22 34 28
595 22 30 27 37 21 17 230 1 402 21 34 28
596 23 36 31 30 31 55 164 1 488 23 34 28
597 22 27 21 21 30 1 189 407 1220 11 34 28
598 22 26 30 40 32 1 183 196 173 26 34 28
599 22 36 35 16 38 38 155 28 382 28 35 28
600 23 37 25 18 16 37 181 171 435 40 35 28
601 22 36 38 28 35 1 182 370 223 31 35 29
602 22 32 27 30 28 1 214 173 382 17 34 28
603 22 41 43 27 37 40 178 440 875 24 34 28
604 22 40 45 11 48 1 394 252 695 36 35 28
605 22 34 44 41 37 1 265 213 1185 25 34 28
606 22 35 32 20 41 56 287 154 271 1 34 28
607 22 32 24 26 26 34 221 150 175 27 34 29
608 23 28 22 33 23 21 203 328 236 21 34 28
609 22 43 49 40 36 88 162 178 231 35 35 28
610 22 38 39 27 30 78 310 179 154 30 35 28
611 22 32 24 24 27 1 233 154 391 16 34 28
612 22 29 18 21 26 1 269 152 317 29 35 28
613 23 37 32 24 29 14 118 1 649 26 34 28
614 22 28 23 26 20 80 215 304 574 12 34 28
615 23 29 33 25 30 2 203 162 181 11 34 28
616 22 37 40 34 38 1 214 170 437 27 35 29
617 22 36 47 22 33 67 188 171 432 31 35 28
618 22 30 30 35 31 35 277 249 259 23 34 28
619 23 37 46 17 42 119 364 108 389 1 34 28
620 22 34 41 37 42 34 215 390 753 15 34 29
621 22 37 44 18 39 124 142 198 195 8 34 28
622 22 35 30 39 20 4 185 136 332 42 35 28
623 22 29 31 30 27 22 201 221 2005 3 34 28
624 22 32 30 19 32 1 391 163 259 5 34 28
625 22 30 17 15 27 1 226 33 158 12 34 28
626 23 29 30 42 22 59 257 754 313 19 34 28
627 22 29 27 39 23 54 157 269 621 30 35 28
628 22 28 22 36 28 1 202 200 528 11 34 28
629 23 29 21 14 35 5 247 166 367 10 34 28
630 22 41 14 158 40 1 176 175 1055 62 35 28
631 22 26 26 41 26 48 226 235 133 9 34 28
632 22 30 24 19 31 33 232 132 244 32 35 28
633 23 29 26 37 19 17 192 539 278 20 34 28
634 22 33 30 37 28 53 490 322 261 26 34 28
635 23 30 29 24 38 1 293 421 259 1 34 29
636 22 30 39 27 33 71 295 252 244 3 35 28
637 22 30 31 38 26 26 227 215 356 23 34 28
638 22 31 25 21 32 79 186 457 380 10 34 28
639 22 37 37 35 34 132 256 145 367 23 34 29
640 22 24 29 45 25 72 285 249 293 11 34 28
641 23 34 37 37 27 11 341 463 267 31 35 29
642 22 30 21 32 23 11 267 232 699 22 34 28
643 22 38 41 28 32 94 392 44 122 29 35 28
644 22 34 24 31 19 18 229 222 1539 21 34 28
645 23 32 29 37 27 1 238 236 200 28 35 29
646 22 30 33 33 37 1 152 232 597 18 34 28
647 22 31 27 24 34 10 306 238 310 10 34 28
648 23 26 25 27 28 3 236 248 316 5 34 28
649 22 28 17 35 24 17 410 213 427 16 34 28
650 22 37 35 35 26 13 284 272 351 36 35 28
651 23 35 23 20 20 1 170 547 199 36 35 28
652 22 43 54 41 40 118 219 280 216 36 35 28
653 22 36 35 10 36 36 168 282 842 25 34 28
654 22 38 35 30 31 39 469 240 406 33 35 28
655 22 28 19 20 22 14 217 226 1359 19 34 28
656 22 39 40 31 37 67 389 293 699 29 35 28
657 22 35 33 33 30 82 225 269 304 12 35 29
658 23 36 40 25 28 59 291 357 240 31 35 28
659 22 33 31 26 38 1 270 243 422 17 34 28
660 22 31 20 30 17 1 253 160 429 40 35 28
661 22 35 36 27 34 1 256 287 357 21 34 29
662 22 23 16 40 23 48 236 276 602 25 34 28
663 22 30 30 22 34 26 241 196 244 13 34 28
664 23 41 31 24 33 1 175 1 764 20 34 28
665 22 36 46 29 43 41 222 156 290 1 34 28
666 22 25 23 23 32 1 197 274 421 15 34 28
667 22 32 35 33 32 51 244 500 135 20 34 28
668 22 34 24 19 28 64 295 215 666 19 34 28
669 23 27 28 20 35 30 187 185 276 12 34 28
670 22 34 30 19 33 1 200 191 586 19 34 28
671 22 40 44 27 34 76 418 471 391 26 34 28
672 22 39 43 20 42 74 183 205 284 13 34 28
673 22 37 32 29 35 68 230 170 216 16 34 28
674 22 38 26 24 28 1 290 311 325 24 34 28
675 23 36 35 23 34 73 228 194 224 10 34 28
676 22 31 28 40 18 7 209 213 435 35 35 28
677 22 35 27 22 30 35 293 273 1260 23 34 28
678 22 27 21 24 25 1 244 151 218 21 34 28
679 22 32 20 28 24 16 341 157 214 9 34 28
680 22 27 34 43 27 17 216 163 601 20 34 28
681 22 35 37 33 24 42 324 529 305 22 34 28
682 22 23 22 27 28 1 227 225 234 14 34 28
683 22 40 41 26 31 1 474 265 400 39 35 28
684 23 29 22 34 12 42 1160 724 280 30 35 28
685 22 31 25 33 33 28 254 221 448 6 34 28
686 23 37 34 32 26 84 204 211 270 28 35 28
687 23 30 22 30 30 45 186 1 319 21 34 28
688 22 31 30 39 13 56 174 223 382 37 35 28
689 23 32 28 29 28 1 200 188 740 30 35 28
690 23 34 32 22 39 1 267 132 984 29 35 28
691 22 33 37 36 23 20 286 244 422 33 35 28
692 22 30 25 15 29 6 171 233 220 11 34 28
693 22 32 29 40 21 18 887 35 1486 37 35 28
694 22 34 38 13 44 117 266 225 221 1 35 28
695 23 32 38 31 30 9 210 266 398 10 34 28
696 22 36 37 16 40 1 399 491 1873 20 34 28
697 22 33 23 30 22 1 204 270 855 42 35 28
698 22 30 28 24 32 57 256 219 305 19 34 28
699 23 35 37 10 32 43 210 264 250 7 35 28
700 22 31 32 29 34 16 138 286 440 9 34 29
701 22 39 43 40 28 16 231 203 979 36 35 28
702 23 31 29 36 28 41 194 24 270 24 34 28
703 23 25 20 14 29 1 204 182 519 1 34 28
704 22 37 41 17 42 75 216 237 347 7 34 28
705 22 42 31 2 36 1 209 146 179 16 34 28
706 22 35 37 45 28 49 220 555 273 27 35 28
707 22 30 32 22 31 62 227 238 496 13 34 28
708 22 33 45 31 32 41 193 318 734 23 34 28
709 22 24 22 26 30 29 185 135 232 14 34 28
710 22 32 25 18 32 1 183 149 352 23 34 28
711 22 28 24 23 32 1 336 372 754 11 34 28
712 23 29 34 32 37 1 262 181 329 11 34 28
713 22 33 20 16 25 12 196 215 221 26 34 28
714 23 33 29 18 32 1 163 161 407 10 35 29
715 22 38 40 32 37 1 293 283 563 18 34 28
716 22 38 35 23 32 2 217 187 171 28 35 28
717 23 35 23 9 33 1 140 259 217 24 34 28
718 22 37 38 32 36 1 275 228 293 18 34 28
719 22 33 37 19 42 39 268 203 368 10 34 28
720 22 34 32 33 23 75 141 180 1278 31 35 28
721 22 37 45 25 41 99 271 164 282 8 34 28
722 22 37 33 15 30 1 362 134 259 27 35 28
723 22 24 13 18 33 7 676 215 317 9 34 28
724 22 37 39 25 31 1 197 193 635 33 35 28
725 22 40 46 29 32 49 199 245 194 39 35 28
726 22 33 33 26 31 28 159 161 288 21 34 28
727 22 27 17 27 21 8 268 172 371 13 34 28
728 22 35 28 28 27 1 175 153 299 15 34 28
729 22 26 20 36 17 32 207 131 248 23 34 28
730 22 36 41 35 29 98 537 262 255 31 35 28
731 22 39 42 34 34 70 203 302 253 36 35 28
732 23 34 31 16 24 52 199 238 378 28 35 28
733 22 35 31 31 30 26 176 308 245 32 35 28
734 22 29 28 38 21 47 341 350 408 23 34 28
735 22 23 21 40 24 1 2002 2002 2002 8 34 28
736 22 26 16 27 12 21 214 278 323 24 34 28
737 22 38 41 44 27 1 189 289 606 38 35 29
738 22 29 29 27 31 6 314 168 203 8 34 28
739 23 32 32 13 38 1 225 234 369 1 34 28
740 22 34 26 21 27 91 163 134 362 34 35 28
741 22 31 44 47 39 1 232 213 538 33 35 28
742 22 33 25 18 31 1 459 366 1622 5 34 28
743 22 29 35 24 33 19 225 337 473 19 34 28
744 22 32 33 30 32 1 263 208 642 6 34 28
745 23 38 34 33 28 43 254 110 620 21 34 29
746 22 32 33 47 19 58 223 204 402 34 35 28
747 22 37 33 25 36 54 1191 678 602 18 34 28
748 22 26 19 22 21 9 366 329 308 16 34 28
749 23 28 28 37 20 1 190 169 458 21 34 28
750 22 32 28 17 29 82 1756 1281 974 23 34 28
751 22 36 35 32 37 48 173 208 581 20 34 29
752 22 27 28 36 22 22 332 177 383 29 34 28
753 22 32 29 7 39 28 207 186 918 5 34 28
754 23 36 27 15 34 46 202 229 326 17 35 29
755 22 28 29 25 26 102 217 132 239 22 34 28
756 22 22 18 25 32 1 224 180 276 14 34 28
757 22 31 36 39 36 42 191 143 1645 21 34 28
758 22 25 16 6 32 24 196 173 239 2 34 28
759 22 34 30 31 31 66 612 262 601 12 34 28
760 22 30 31 23 39 1 215 175 402 1 34 28
761 22 35 36 33 35 1 286 221 357 25 34 28
762 22 29 32 32 34 1 217 195 377 13 34 28
763 23 39 35 38 31 1 226 252 610 42 35 28
764 22 35 30 31 30 1 229 185 359 19 34 28
765 22 37 37 27 25 61 267 319 238 27 35 28
766 23 37 34 28 33 72 205 150 306 29 35 28
767 22 33 25 22 29 30 361 405 174 32 35 28
768 22 26 24 31 33 40 202 174 590 16 34 28
769 22 27 19 35 16 13 822 35 1182 38 35 28
770 22 27 11 20 30 46 577 234 464 2 34 28
771 22 23 24 39 24 19 952 1124 1878 17 34 28
772 22 34 30 18 32 1 298 321 360 19 34 28
773 22 29 22 30 24 1 242 113 527 17 34 28
774 22 29 32 27 35 9 164 298 826 7 34 28
775 23 38 41 37 31 36 198 224 442 32 35 28
776 23 33 27 11 38 38 161 279 255 1 34 28
777 23 41 35 22 17 13 280 280 271 40 35 28
778 22 37 32 24 32 1 225 329 736 17 34 28
779 22 37 32 39 20 1 386 36 133 48 35 28
780 22 35 36 19 32 60 241 174 1110 41 35 28
781 22 39 35 23 29 63 197 499 315 24 34 28
782 22 35 35 33 25 52 213 37 440 30 35 28
783 22 33 34 26 29 70 189 135 166 31 35 28
784 22 32 31 36 26 81 141 1 152 9 34 28
785 22 35 38 39 24 30 321 515 759 40 35 28
786 22 33 29 27 30 19 232 185 222 21 34 28
787 23 37 35 33 20 54 1033 1391 939 26 35 28
788 22 32 32 41 26 20 205 269 337 29 35 28
789 23 40 30 12 28 29 192 205 287 36 35 28
790 23 33 46 38 34 74 234 304 207 18 34 28
791 23 35 49 27 47 126 237 234 277 14 34 28
792 22 33 31 22 35 37 291 248 646 10 34 28
793 22 36 30 20 31 7 337 226 615 12 34 28
794 22 30 18 21 28 14 269 171 342 15 34 28
795 23 38 30 15 35 29 235 193 220 11 34 28
796 22 34 32 29 31 1 292 278 449 22 34 28
797 22 41 44 38 36 1 171 212 478 28 35 28
798 22 29 24 6 37 1 249 186 575 1 34 28
799 23 45 40 14 35 1 302 284 368 30 35 28
800 22 38 36 38 34 52 205 47 198 25 35 28
801 23 40 46 29 37 83 147 260 727 25 34 28
802 23 38 45 31 34 14 311 176 638 18 34 29
803 22 30 32 12 42 63 168 165 439 16 34 28
804 22 32 30 36 24 25 545 865 704 70 35 28
805 22 33 36 40 16 18 216 312 503 24 34 28
806 22 27 25 38 20 1 237 239 347 29 35 28
807 23 39 38 23 26 1 214 565 465 25 34 28
808 23 36 40 30 30 1 220 236 238 19 34 28
809 22 31 17 24 30 25 215 180 474 17 34 28
810 22 32 25 26 27 95 2005 2005 2005 18 34 29
811 23 32 25 30 22 59 302 228 349 9 34 28
812 22 25 22 31 21 10 185 160 253 9 34 28
813 22 31 25 31 25 4 198 227 490 26 34 28
814 22 32 28 34 33 50 192 170 218 7 34 28
815 22 36 26 27 24 19 330 264 552 18 34 28
816 22 28 33 32 36 36 221 196 496 14 34 28
817 22 35 35 26 36 85 236 245 378 20 34 28
818 22 42 42 25 32 17 207 123 308 38 35 28
819 22 32 35 44 29 25 240 1 202 17 34 28
820 22 32 34 28 22 35 259 234 541 16 34 28
821 22 24 23 41 24 1 247 161 164 3 34 28
822 23 32 21 15 35 18 249 265 398 10 34 28
823 23 33 24 15 38 68 682 302 534 1 34 28
824 22 33 45 32 42 89 232 287 375 1 34 28
825 22 35 35 42 24 30 245 206 286 35 35 28
826 22 31 30 40 26 32 990 366 301 18 34 28
827 22 31 26 35 16 1 292 445 424 33 35 28
828 22 35 34 19 29 57 181 161 259 27 34 28
829 22 28 25 32 24 55 220 187 406 14 34 28
830 22 35 37 22 32 76 261 69 315 30 35 28
831 22 38 46 39 40 80 407 111 277 20 34 29
832 22 40 39 28 34 100 250 205 419 38 35 29
833 22 38 31 20 24 39 200 146 171 35 35 28
834 22 30 26 13 35 41 180 264 517 6 34 28
835 23 37 35 18 40 1 205 234 281 18 34 28
836 22 37 33 29 32 15 348 112 223 23 34 28
837 23 34 32 28 28 42 316 161 301 23 34 29
838 23 27 24 16 31 5 223 282 941 21 34 28
839 22 31 22 31 21 89 653 442 170 15 34 28
840 23 38 33 29 22 10 237 310 147 21 34 28
841 22 37 37 26 28 84 338 384 900 22 34 28
842 22 31 34 32 35 102 347 154 222 12 34 28
843 22 41 48 30 41 1 413 187 313 21 34 29
844 23 41 35 37 29 1 252 151 374 39 35 29
845 23 42 43 22 31 31 319 290 227 22 34 29
846 23 28 21 26 30 9 294 36 221 9 34 28
847 22 28 19 30 23 21 269 217 565 30 35 28
848 22 31 27 20 32 1 169 190 326 12 34 28
849 22 37 30 10 28 25 205 175 1147 33 35 28
850 22 37 40 28 27 118 249 214 228 24 34 28
851 22 36 39 19 37 19 294 167 581 24 34 28
852 22 32 26 35 23 1 262 200 308 24 34 28
853 22 33 29 35 26 6 165 190 169 34 35 28
854 22 28 24 26 30 54 514 29 1242 7 34 28
855 23 32 37 36 25 97 129 184 939 27 35 29
856 22 39 48 38 37 75 293 285 221 41 35 28
857 22 36 43 22 40 49 288 36 306 21 34 28
858 22 36 40 19 45 111 241 268 233 11 34 28
859 23 36 28 25 21 42 221 152 255 23 34 28
860 22 40 37 36 31 1 266 150 379 27 34 28
861 23 39 45 19 36 49 273 229 351 29 35 28
862 22 34 34 32 31 80 255 244 477 22 34 28
863 22 35 31 40 18 18 364 262 1115 44 35 28
864 22 33 39 25 40 1 1004 707 782 11 34 28
865 22 22 18 35 23 12 362 201 997 11 34 28
866 22 34 32 43 20 17 290 352 147 44 35 28
867 23 38 37 20 40 1 291 145 263 10 34 28
868 22 32 39 39 23 50 667 239 551 46 35 28
869 22 38 31 22 25 1 202 385 277 18 34 29
870 22 28 23 40 18 64 272 133 227 7 34 28
871 22 28 31 29 23 1 168 150 408 15 34 28
872 22 37 32 31 37 1 236 208 221 28 35 28
873 22 28 22 37 28 20 513 1 389 5 34 28
874 22 28 33 42 29 1 227 159 712 18 34 28
875 22 36 28 13 30 52 187 115 198 31 34 28
876 22 32 36 40 27 29 208 342 870 30 35 28
877 22 29 23 31 23 1 202 209 293 32 35 28
878 22 26 25 47 23 8 233 544 897 22 34 28
879 22 34 29 27 18 1 214 138 534 27 34 28
880 22 36 34 23 29 1 311 315 225 18 34 28
881 23 39 46 49 29 1 303 174 467 36 35 29
882 22 29 20 27 37 4 143 173 1765 5 34 28
883 22 30 15 24 27 1 230 285 196 26 34 28
884 22 30 27 36 23 1 559 169 255 29 35 28
885 22 32 24 20 21 34 188 226 272 19 34 28
886 23 41 45 26 37 80 222 160 233 24 34 28
887 22 30 25 32 29 20 228 250 807 9 34 28
888 22 32 43 49 28 41 240 167 323 28 35 28
889 23 28 27 30 19 36 458 244 607 21 34 28
890 22 37 26 17 24 89 190 145 147 27 34 28
891 22 28 34 47 23 62 288 304 415 21 34 28
892 23 33 27 36 11 19 330 237 746 31 35 28
893 22 28 34 31 35 25 401 289 300 10 34 28
894 22 29 29 33 25 64 388 212 515 29 35 28
895 22 31 27 17 35 15 456 428 250 4 34 28
896 22 29 31 34 25 60 295 246 368 25 34 28
897 22 32 24 17 32 22 247 176 157 17 34 28
898 22 35 41 35 44 1 271 535 254 17 34 28
899 22 34 34 32 25 53 385 365 205 17 34 28
900 22 32 19 21 26 36 265 185 2005 5 34 28
901 22 29 26 29 30 1 259 143 333 26 34 28
902 23 34 24 19 22 5 296 305 459 35 35 28
903 22 29 28 33 28 67 204 206 277 5 34 28
904 22 32 22 14 24 1 225 280 195 27 34 28
905 22 40 34 26 26 80 191 152 917 37 35 28
906 22 39 35 18 33 75 203 165 294 20 34 28
907 22 34 45 32 32 88 168 543 2005 19 34 28
908 23 30 33 39 25 84 125 1 915 26 34 28
909 22 30 29 32 25 57 494 307 203 16 34 28
910 22 35 42 35 28 64 308 347 251 14 35 28
911 22 40 34 22 26 87 252 239 691 27 34 28
912 22 31 29 19 33 1 266 246 255 1 34 28
913 22 33 37 36 30 25 155 134 344 15 34 28
914 22 44 41 19 26 100 208 222 412 34 35 28
915 22 35 32 28 28 14 206 277 530 21 34 28
916 23 37 43 30 38 33 189 205 509 26 35 28
917 23 29 27 36 27 1 295 1 1588 16 34 28
918 23 29 21 28 16 50 259 470 441 20 35 29
919 22 31 18 20 29 1 189 203 213 19 34 28
920 22 28 13 19 27 1 321 125 695 9 34 28
921 23 35 35 32 32 1 308 196 990 31 35 28
922 22 33 26 19 38 1 352 229 311 21 34 28
923 22 32 38 38 26 108 201 217 334 13 34 29
924 22 28 28 29 28 1 204 196 231 15 34 29
925 22 33 29 32 27 1 283 124 578 22 34 28
926 22 29 17 20 26 10 181 184 299 14 34 28
927 22 35 28 26 30 2 215 43 373 32 35 28
928 22 32 29 33 23 1 418 19 162 23 34 28
929 22 33 29 19 37 22 182 42 400 7 34 28
930 22 35 41 21 44 61 183 191 287 6 34 28
931 22 30 28 38 23 33 172 234 180 23 34 28
932 22 33 15 18 23 1 257 24 616 24 34 28
933 22 33 30 16 29 36 359 199 400 14 34 28
934 22 26 23 28 18 17 240 352 939 24 34 28
935 22 29 22 4 38 1 363 22 207 6 34 28
936 22 33 34 38 20 33 254 283 289 34 35 28
937 22 33 32 33 36 31 628 480 240 23 34 28
938 22 30 45 44 27 71 309 27 149 20 34 28
939 22 33 22 24 27 61 259 103 327 33 35 28
940 22 38 34 27 35 94 264 202 664 25 34 28
941 22 32 25 23 25 9 284 203 277 28 34 28
942 23 42 41 33 34 31 224 150 375 35 35 28
943 22 33 30 26 33 64 326 289 445 23 34 28
944 22 40 37 33 23 44 370 312 328 33 35 28
945 22 27 30 37 27 50 211 285 426 28 34 28
946 22 31 29 25 25 35 192 44 403 18 34 28
947 23 32 20 13 30 17 353 258 1023 12 35 28
948 23 35 29 30 26 57 280 263 301 22 34 28
949 22 35 39 28 36 24 259 161 348 29 35 28
950 22 40 44 15 43 51 299 295 382 27 34 28
951 22 40 40 29 31 40 364 225 600 21 34 28
952 22 28 23 38 21 1 225 135 540 40 35 28
953 23 37 37 9 37 46 192 283 457 31 35 28
954 22 33 29 31 26 58 290 294 380 36 35 28
955 22 35 42 29 29 82 240 193 210 27 34 28
956 22 20 25 43 20 12 206 184 1351 7 34 28
957 22 28 34 35 30 1 984 210 964 7 34 28
958 22 37 39 44 25 11 296 249 270 34 35 28
959 22 35 47 32 42 87 365 429 1208 23 34 28
960 22 34 34 21 31 31 565 221 294 17 34 28
961 22 38 43 19 28 45 1273 270 708 23 34 28
962 22 30 30 20 42 1 200 185 621 1 34 29
963 22 32 40 33 37 64 301 367 227 14 34 28
964 23 37 42 25 41 96 155 29 504 25 34 28
965 23 39 31 33 24 11 246 238 150 36 35 28
966 22 32 31 40 25 1 559 578 1879 31 35 28
967 23 31 25 34 26 13 151 221 170 26 34 28
968 22 31 26 26 20 51 165 124 342 32 35 28
969 22 25 16 18 25 1 456 1 296 12 34 28
970 23 39 43 31 31 64 264 243 300 33 35 29
971 22 31 16 1 33 2 136 245 391 8 34 28
972 22 47 43 7 36 25 218 317 415 23 34 28
973 22 35 30 24 33 1 258 213 196 26 34 28
974 22 33 22 18 32 51 165 192 515 11 34 28
975 22 39 38 21 34 4 287 336 344 26 35 28
976 22 28 34 24 33 24 1142 1225 683 14 34 28
977 23 31 28 34 25 76 182 265 445 20 34 29
978 22 25 16 32 31 86 276 207 555 7 34 28
979 22 31 20 11 27 25 190 567 894 1 34 28
980 22 27 21 37 28 15 229 172 343 8 34 28
981 22 32 29 20 36 46 195 200 404 1 34 28
982 22 33 31 29 20 21 297 198 569 44 35 28
983 23 37 29 11 36 54 178 170 382 1 35 28
984 22 31 29 34 25 45 219 181 365 39 35 29
985 22 41 47 34 36 1 298 288 1872 34 35 29
986 22 30 26 29 23 1 1195 720 782 21 34 28
987 23 36 35 23 35 1 723 807 189 35 35 28
988 22 31 34 41 29 59 279 245 129 16 34 28
989 22 29 26 27 27 17 160 187 303 22 34 28
990 22 34 37 29 38 79 333 194 1511 17 34 29
991 22 37 31 25 35 13 246 339 224 22 34 28
992 22 40 41 31 33 21 207 150 498 21 34 28
993 23 41 35 36 24 1 261 255 407 48 35 28
994 23 29 24 26 29 12 146 220 245 23 34 28
995 22 38 29 39 23 37 156 224 155 42 35 28
996 22 30 23 19 28 1 117 145 358 25 34 28
997 22 29 29 40 29 64 186 191 514 15 34 28
998 23 45 57 45 37 86 211 273 567 33 35 28
999 22 34 24 17 26 22 245 222 343 24 34 28
1000 22 33 30 37 25 47 177 243 229 32 35 28
