1 1777383069 3556 3702 3674 3653 3589 555 261 584 4063 4063 4063 4063 4063 4063 4063 4063
2 1777383069 3557 3701 3673 3652 3588 557 257 585 4061 4061 4061 4061 4061 4061 4061 4061
3 1777383069 3556 3700 3673 3652 3588 559 254 584 4061 4061 4061 4061 4061 4061 4061 4061
4 1777383069 3557 3702 3674 3653 3589 538 259 586 4061 4061 4061 4061 4061 4061 4061 4061
5 1777383069 3559 3703 3676 3654 3590 513 221 587 4063 4063 4063 4063 4063 4063 4063 4063
6 1777383069 3557 3702 3675 3654 3589 551 268 585 4063 4063 4063 4063 4063 4063 4063 4063
7 1777383069 3557 3702 3674 3653 3589 563 269 584 4063 4063 4062 4062 4062 4062 4062 4062
8 1777383069 3558 3702 3674 3653 3589 531 238 586 4063 4063 4062 4062 4062 4062 4062 4062
9 1777383070 3558 3702 3675 3654 3589 568 272 583 4063 4063 4062 4062 4062 4062 4062 4062
10 1777383070 3557 3702 3674 3654 3589 556 279 585 4063 4063 4063 4063 4063 4063 4063 4063
11 1777383070 3558 3703 3675 3654 3590 562 265 585 4063 4063 4062 4062 4062 4062 4062 4062
12 1777383070 3558 3703 3675 3654 3590 560 272 584 4063 4063 4062 4062 4062 4062 4062 4062
13 1777383070 3558 3702 3674 3654 3589 545 243 585 4061 4061 4061 4061 4061 4061 4061 4061
14 1777383070 3558 3703 3675 3654 3590 556 260 585 4063 4063 4062 4062 4062 4062 4062 4062
15 1777383070 3557 3702 3674 3653 3589 538 254 585 4063 4063 4062 4062 4062 4062 4062 4062
16 1777383070 3557 3702 3674 3653 3589 571 260 582 4063 4063 4062 4062 4062 4062 4062 4062
17 1777383070 3557 3702 3674 3653 3588 535 251 586 4063 4063 4062 4062 4062 4062 4062 4062
18 1777383070 3557 3702 3674 3654 3589 547 246 585 4063 4062 4062 4062 4062 4062 4062 4062
19 1777383070 3557 3702 3675 3653 3589 551 266 585 4063 4063 4063 4063 4063 4063 4063 4063
20 1777383070 3557 3702 3675 3654 3590 548 255 585 4063 4063 4062 4062 4062 4062 4062 4062
21 1777383071 3558 3702 3674 3653 3589 544 246 585 4063 4063 4062 4062 4062 4062 4062 4062
22 1777383071 3558 3702 3675 3653 3589 532 266 586 4061 4061 4061 4061 4061 4061 4061 4061
23 1777383071 3558 3703 3675 3654 3590 557 265 584 4063 4063 4062 4062 4062 4062 4062 4062
24 1777383071 3558 3702 3675 3654 3590 563 264 584 4063 4063 4062 4062 4062 4062 4062 4062
25 1777383071 3557 3703 3675 3654 3590 531 249 586 4063 4063 4062 4062 4062 4062 4062 4062
26 1777383071 3557 3702 3674 3653 3589 543 264 586 4063 4063 4063 4063 4063 4063 4063 4063
27 1777383071 3558 3703 3675 3654 3590 577 262 581 4063 4063 4062 4062 4062 4062 4062 4062
28 1777383071 3559 3704 3676 3655 3590 538 255 586 4063 4063 4062 4062 4062 4062 4062 4062
29 1777383072 3558 3703 3675 3654 3589 549 258 585 4061 4061 4061 4061 4061 4061 4061 4061
30 1777383072 3559 3704 3676 3655 3590 554 251 585 4063 4063 4062 4062 4062 4062 4062 4062
31 1777383072 3557 3701 3674 3653 3588 556 243 585 4063 4063 4062 4062 4062 4062 4062 4062
32 1777383072 3558 3703 3675 3654 3589 529 3629 26 4061 4061 4061 4061 4061 4061 4061 4061
33 1777383072 3560 3704 3676 3655 3591 527 241 587 4063 4063 4062 4062 4062 4062 4062 4062
34 1777383072 3559 3703 3675 3655 3590 566 270 584 4061 4061 4061 4061 4061 4061 4061 4061
35 1777383072 3558 3703 3675 3654 3590 541 262 586 4061 4061 4061 4061 4061 4061 4061 4061
36 1777383072 3557 3702 3674 3653 3588 568 259 584 4061 4061 4061 4061 4061 4061 4061 4061
37 1777383072 3558 3703 3676 3655 3590 548 244 586 4061 4061 4061 4061 4061 4061 4061 4061
38 1777383072 3558 3703 3675 3654 3590 548 261 585 4061 4061 4061 4061 4061 4061 4061 4061
39 1777383073 3557 3702 3675 3654 3589 551 248 585 4061 4061 4061 4061 4061 4061 4061 4061
40 1777383073 3558 3703 3675 3655 3590 561 270 585 4063 4063 4062 4062 4062 4062 4062 4062
41 1777383073 3557 3701 3674 3653 3589 559 244 585 4063 4063 4062 4062 4062 4062 4062 4062
42 1777383073 3558 3703 3675 3655 3590 562 279 584 4063 4063 4062 4062 4062 4062 4062 4062
43 1777383073 3557 3702 3674 3653 3589 546 241 585 4063 4063 4062 4062 4062 4062 4062 4062
44 1777383073 3559 3704 3676 3655 3591 559 268 584 4059 4059 4059 4059 4059 4059 4059 4059
45 1777383073 3558 3702 3675 3653 3589 552 256 585 4063 4061 4061 4061 4061 4061 4061 4061
46 1777383073 3558 3702 3674 3654 3590 558 274 585 4061 4061 4061 4061 4061 4061 4061 4061
47 1777383074 3558 3703 3675 3654 3589 549 265 586 4063 4063 4062 4062 4062 4062 4062 4062
48 1777383074 3559 3703 3676 3655 3590 515 231 587 4063 4061 4061 4061 4061 4061 4061 4061
49 1777383074 3559 3703 3676 3655 3590 546 258 586 4063 4062 4062 4062 4062 4062 4062 4062
50 1777383074 3558 3703 3676 3654 3590 557 257 586 4063 4062 4062 4062 4062 4062 4062 4062
51 1777383074 3558 3703 3675 3654 3590 560 259 585 4063 4063 4062 4062 4062 4062 4062 4062
52 1777383074 3558 3703 3675 3653 3589 556 262 585 4061 4061 4061 4061 4061 4061 4061 4061
53 1777383074 3558 3703 3675 3654 3590 555 272 585 4063 4061 4061 4061 4061 4061 4061 4061
54 1777383074 3559 3704 3676 3655 3590 535 265 587 4063 4063 4062 4062 4062 4062 4062 4062
55 1777383074 3558 3703 3675 3654 3590 528 251 587 4061 4061 4061 4061 4061 4061 4061 4061
56 1777383074 3558 3702 3674 3653 3589 563 276 584 4061 4061 4061 4061 4061 4061 4061 4061
57 1777383074 3558 3703 3675 3654 3589 555 246 585 4063 4063 4062 4062 4062 4062 4062 4062
58 1777383074 3558 3703 3676 3655 3590 559 3630 586 4063 4063 4062 4062 4062 4062 4062 4062
59 1777383074 3557 3703 3675 3654 3589 565 259 584 4063 4063 4062 4062 4062 4062 4062 4062
60 1777383074 3559 3704 3676 3655 3591 548 246 586 4063 4063 4062 4062 4062 4062 4062 4062
61 1777383074 3559 3704 3675 3655 3590 555 275 585 4061 4061 4061 4061 4061 4061 4061 4061
62 1777383074 3558 3703 3675 3654 3589 518 225 587 4063 4063 4062 4062 4062 4062 4062 4062
63 1777383074 3557 3702 3675 3654 3590 558 249 585 4063 4063 4062 4062 4062 4062 4062 4062
64 1777383074 3557 3702 3674 3654 3589 548 251 586 4061 4061 4061 4061 4061 4061 4061 4061
65 1777383074 3558 3703 3675 3655 3590 557 269 585 4063 4063 4062 4062 4062 4062 4062 4062
66 1777383075 3557 3702 3674 3654 3589 555 262 585 4063 4063 4063 4063 4063 4063 4063 4063
67 1777383075 3559 3703 3676 3655 3590 541 246 586 4061 4061 4061 4061 4061 4061 4061 4061
68 1777383075 3559 3704 3676 3655 3590 559 277 585 4063 4062 4062 4062 4062 4062 4062 4062
69 1777383075 3557 3702 3675 3654 3589 537 243 586 4063 4063 4062 4062 4062 4062 4062 4062
70 1777383075 3559 3703 3675 3655 3590 523 256 587 4061 4061 4061 4061 4061 4061 4061 4061
71 1777383075 3559 3704 3676 3655 3590 535 244 586 4063 4063 4062 4062 4062 4062 4062 4062
72 1777383075 3558 3703 3676 3655 3590 566 250 584 4063 4063 4062 4062 4062 4062 4062 4062
73 1777383075 3559 3703 3675 3655 3590 541 246 586 4063 4063 4062 4062 4062 4062 4062 4062
74 1777383075 3560 3704 3676 3656 3591 534 254 586 4061 4061 4061 4061 4061 4061 4061 4061
75 1777383076 3558 3702 3675 3654 3590 537 241 586 4063 4063 4062 4062 4062 4062 4062 4062
76 1777383076 3557 3702 3675 3654 3590 574 274 581 4061 4061 4061 4061 4061 4061 4061 4061
77 1777383076 3558 3703 3676 3655 3590 551 252 585 4063 4063 4063 4063 4063 4063 4063 4063
78 1777383076 3559 3704 3676 3656 3591 526 228 587 4065 4063 4063 4063 4063 4063 4063 4063
79 1777383076 3559 3703 3676 3654 3591 562 262 584 4063 4063 4063 4063 4063 4063 4063 4063
80 1777383076 3558 3703 3675 3654 3589 544 259 586 4063 4063 4062 4062 4062 4062 4062 4062
81 1777383076 3559 3703 3675 3655 3591 550 251 586 4063 4062 4062 4062 4062 4062 4062 4062
82 1777383076 3559 3703 3676 3655 3590 531 260 586 4063 4063 4062 4062 4062 4062 4062 4062
83 1777383076 3558 3703 3675 3654 3590 550 256 585 4061 4061 4061 4061 4061 4061 4061 4061
84 1777383076 3559 3704 3677 3656 3591 556 269 585 4063 4063 4062 4062 4062 4062 4062 4062
85 1777383076 3559 3704 3676 3655 3591 552 262 585 4063 4063 4062 4062 4062 4062 4062 4062
86 1777383077 3558 3703 3675 3654 3589 561 255 585 4063 4063 4062 4062 4062 4062 4062 4062
87 1777383077 3559 3704 3676 3655 3590 550 255 586 4063 4063 4063 4063 4063 4063 4063 4063
88 1777383077 3556 3701 3673 3652 3588 539 251 585 4061 4061 4061 4061 4061 4061 4061 4061
89 1777383077 3556 3701 3674 3653 3588 567 271 582 4061 4061 4061 4061 4061 4061 4061 4061
90 1777383077 3556 3700 3673 3652 3588 558 262 583 4063 4063 4063 4063 4063 4063 4063 4063
91 1777383077 3556 3701 3673 3653 3588 553 261 584 4061 4061 4061 4061 4061 4061 4061 4061
92 1777383077 3556 3701 3674 3653 3588 533 245 585 4061 4061 4061 4061 4061 4061 4061 4061
93 1777383077 3558 3702 3674 3653 3589 545 266 584 4063 4063 4062 4062 4062 4062 4062 4062
94 1777383077 3557 3701 3674 3653 3588 550 260 584 4063 4062 4062 4062 4062 4062 4062 4062
95 1777383078 3557 3702 3674 3653 3589 553 268 583 4063 4063 4062 4062 4062 4062 4062 4062
96 1777383078 3558 3703 3675 3654 3590 538 245 585 4063 4063 4062 4062 4062 4062 4062 4062
97 1777383078 3557 3701 3674 3652 3588 559 256 583 4063 4063 4062 4062 4062 4062 4062 4062
98 1777383078 3557 3702 3674 3653 3588 514 235 586 4061 4061 4061 4061 4061 4061 4061 4061
99 1777383078 3556 3700 3673 3652 3587 541 249 584 4063 4063 4063 4063 4063 4063 4063 4063
100 1777383078 3556 3701 3673 3652 3588 528 246 585 4065 4063 4063 4063 4063 4063 4063 4063
101 1777383078 3557 3702 3674 3654 3589 551 257 584 4063 4063 4062 4062 4062 4062 4062 4062
102 1777383078 3557 3702 3674 3653 3589 554 264 584 4061 4061 4060 4060 4060 4060 4060 4060
103 1777383078 3557 3702 3674 3653 3589 561 263 582 4063 4062 4062 4062 4062 4062 4062 4062
104 1777383078 3558 3702 3674 3654 3589 552 262 584 4063 4063 4062 4062 4062 4062 4062 4062
105 1777383078 3558 3702 3675 3653 3589 536 247 584 4063 4063 4062 4062 4062 4062 4062 4062
106 1777383078 3558 3702 3675 3654 3589 554 269 583 4061 4061 4061 4061 4061 4061 4061 4061
107 1777383078 3558 3703 3675 3654 3590 559 259 583 4063 4063 4063 4063 4063 4063 4063 4063
108 1777383079 3559 3704 3677 3655 3591 558 280 583 4063 4063 4062 4062 4062 4062 4062 4062
109 1777383079 3558 3703 3675 3654 3590 527 233 585 4061 4061 4061 4061 4061 4061 4061 4061
110 1777383079 3557 3702 3674 3654 3589 547 242 584 4063 4063 4062 4062 4062 4062 4062 4062
111 1777383079 3558 3703 3674 3654 3589 560 267 583 4063 4063 4063 4063 4063 4063 4063 4063
112 1777383079 3556 3701 3673 3652 3588 534 236 585 4061 4061 4061 4061 4061 4061 4061 4061
113 1777383079 3557 3702 3674 3653 3589 479 200 586 4063 4062 4062 4062 4062 4062 4062 4062
114 1777383079 3557 3701 3674 3653 3589 550 245 583 4063 4062 4062 4062 4062 4062 4062 4062
115 1777383080 3558 3702 3675 3654 3588 547 270 584 4063 4063 4062 4062 4062 4062 4062 4062
116 1777383080 3557 3702 3674 3653 3589 546 255 584 4063 4063 4063 4063 4063 4063 4063 4063
117 1777383080 3558 3703 3675 3654 3589 512 225 586 4063 4063 4062 4062 4062 4062 4062 4062
118 1777383080 3557 3701 3674 3653 3588 547 264 584 4061 4061 4061 4061 4061 4061 4061 4061
119 1777383080 3558 3703 3675 3654 3590 559 267 583 4063 4063 4062 4062 4062 4062 4062 4062
120 1777383080 3557 3701 3674 3653 3588 560 279 583 4063 4063 4063 4063 4063 4063 4063 4063
121 1777383080 3556 3701 3673 3652 3588 547 263 584 4061 4061 4061 4061 4061 4061 4061 4061
122 1777383080 3558 3703 3675 3654 3589 528 249 585 4063 4063 4062 4062 4062 4062 4062 4062
123 1777383081 3557 3701 3674 3653 3588 555 254 584 4063 4062 4062 4062 4062 4062 4062 4062
124 1777383081 3558 3703 3675 3654 3589 534 246 585 4061 4061 4061 4061 4061 4061 4061 4061
125 1777383081 3557 3702 3674 3653 3588 566 267 582 4063 4063 4063 4063 4063 4063 4063 4063
126 1777383081 3557 3702 3674 3654 3589 543 258 585 4063 4063 4063 4063 4063 4063 4063 4063
127 1777383081 3557 3702 3674 3653 3589 551 262 584 4063 4063 4062 4062 4062 4062 4062 4062
128 1777383081 3557 3701 3674 3653 3589 546 267 584 4063 4063 4062 4062 4062 4062 4062 4062
129 1777383081 3557 3703 3675 3654 3589 547 243 584 4063 4063 4062 4062 4062 4062 4062 4062
130 1777383081 3558 3702 3675 3654 3590 570 268 581 4063 4063 4062 4062 4062 4062 4062 4062
131 1777383081 3557 3701 3674 3653 3589 563 273 583 4061 4061 4061 4061 4061 4061 4061 4061
132 1777383081 3558 3703 3675 3654 3589 542 247 585 4061 4061 4061 4061 4061 4061 4061 4061
133 1777383082 3556 3702 3674 3653 3588 547 271 584 4063 4063 4062 4062 4062 4062 4062 4062
134 1777383082 3557 3701 3674 3654 3589 539 260 585 4061 4061 4061 4061 4061 4061 4061 4061
135 1777383082 3558 3702 3675 3653 3589 533 253 585 4063 4063 4062 4062 4062 4062 4062 4062
136 1777383082 3557 3702 3674 3653 3589 548 254 584 4063 4063 4062 4062 4062 4062 4062 4062
137 1777383082 3557 3702 3674 3654 3589 545 254 584 4063 4063 4062 4062 4062 4062 4062 4062
138 1777383082 3558 3703 3675 3654 3589 555 269 584 4063 4063 4063 4063 4063 4063 4063 4063
139 1777383083 3557 3702 3674 3654 3589 559 257 583 4061 4061 4061 4061 4061 4061 4061 4061
140 1777383083 3558 3702 3675 3653 3588 557 247 584 4063 4063 4062 4062 4062 4062 4062 4062
141 1777383083 3558 3703 3674 3654 3589 520 251 586 4063 4063 4062 4062 4062 4062 4062 4062
142 1777383083 3557 3701 3674 3653 3588 545 261 585 4061 4061 4061 4061 4061 4061 4061 4061
143 1777383083 3558 3703 3675 3654 3589 546 244 584 4061 4061 4061 4061 4061 4061 4061 4061
144 1777383083 3558 3702 3675 3654 3589 581 245 577 4063 4063 4062 4062 4062 4062 4062 4062
145 1777383083 3557 3702 3674 3654 3589 545 266 585 4063 4063 4062 4062 4062 4062 4062 4062
146 1777383083 3557 3702 3675 3654 3589 534 255 585 4063 4063 4062 4062 4062 4062 4062 4062
147 1777383084 3558 3703 3675 3654 3589 542 235 584 4061 4061 4061 4061 4061 4061 4061 4061
148 1777383084 3558 3703 3676 3655 3590 550 257 584 4063 4063 4062 4062 4062 4062 4062 4062
149 1777383084 3557 3702 3674 3654 3589 565 274 582 4063 4062 4062 4062 4062 4062 4062 4062
150 1777383084 3557 3702 3675 3653 3589 565 257 583 4063 4063 4062 4062 4062 4062 4062 4062
151 1777383084 3558 3703 3675 3653 3589 541 239 585 4063 4062 4062 4062 4062 4062 4062 4062
152 1777383084 3558 3703 3675 3654 3589 548 266 585 4063 4061 4061 4061 4061 4061 4061 4061
153 1777383084 3558 3703 3675 3654 3589 566 272 583 4061 4061 4061 4061 4061 4061 4061 4061
154 1777383084 3558 3702 3675 3654 3589 558 259 584 4063 4063 4063 4063 4063 4063 4063 4063
155 1777383084 3557 3702 3674 3653 3589 557 265 584 4063 4063 4062 4062 4062 4062 4062 4062
156 1777383085 3558 3702 3675 3654 3590 559 277 583 4061 4061 4061 4061 4061 4061 4061 4061
157 1777383085 3558 3702 3674 3654 3589 597 246 566 4063 4063 4062 4062 4062 4062 4062 4062
158 1777383085 3557 3702 3674 3653 3589 528 235 586 4063 4062 4062 4062 4062 4062 4062 4062
159 1777383085 3557 3703 3675 3654 3589 530 248 586 4063 4063 4062 4062 4062 4062 4062 4062
160 1777383085 3559 3704 3676 3656 3591 561 258 583 4063 4063 4063 4063 4063 4063 4063 4063
161 1777383085 3558 3703 3675 3654 3590 568 268 582 4063 4063 4063 4063 4063 4063 4063 4063
162 1777383085 3558 3703 3675 3654 3590 527 247 586 4063 4063 4062 4062 4062 4062 4062 4062
163 1777383085 3557 3703 3674 3654 3589 544 264 584 4063 4063 4062 4062 4062 4062 4062 4062
164 1777383085 3557 3702 3674 3654 3589 549 252 584 4061 4061 4061 4061 4061 4061 4061 4061
165 1777383085 3558 3702 3675 3654 3589 538 257 585 4063 4063 4062 4062 4062 4062 4062 4062
166 1777383086 3558 3703 3675 3654 3590 540 257 585 4063 4063 4063 4063 4063 4063 4063 4063
167 1777383086 3557 3701 3673 3653 3588 549 270 584 4063 4062 4062 4062 4062 4062 4062 4062
168 1777383086 3558 3702 3675 3653 3589 542 255 585 4061 4061 4061 4061 4061 4061 4061 4061
169 1777383086 3557 3702 3674 3653 3589 555 264 584 4063 4063 4062 4062 4062 4062 4062 4062
170 1777383086 3557 3702 3674 3653 3589 535 240 585 4063 4063 4062 4062 4062 4062 4062 4062
171 1777383086 3558 3704 3676 3655 3590 525 236 586 4063 4063 4062 4062 4062 4062 4062 4062
172 1777383086 3558 3702 3675 3654 3589 517 223 586 4061 4061 4061 4061 4061 4061 4061 4061
173 1777383086 3558 3703 3675 3654 3589 498 209 587 4063 4063 4062 4062 4062 4062 4062 4062
174 1777383086 3558 3703 3675 3654 3590 560 255 584 4063 4063 4062 4062 4062 4062 4062 4062
175 1777383086 3558 3702 3675 3654 3589 555 254 584 4061 4061 4061 4061 4061 4061 4061 4061
176 1777383086 3557 3702 3675 3654 3590 535 260 585 4063 4063 4062 4062 4062 4062 4062 4062
177 1777383086 3558 3703 3675 3654 3589 561 272 583 4063 4063 4062 4062 4062 4062 4062 4062
178 1777383087 3557 3701 3674 3653 3589 550 263 585 4063 4063 4062 4062 4062 4062 4062 4062
179 1777383087 3558 3702 3675 3654 3590 541 253 585 4063 4063 4062 4062 4062 4062 4062 4062
180 1777383087 3558 3703 3675 3654 3590 552 264 585 4063 4063 4062 4062 4062 4062 4062 4062
181 1777383087 3559 3703 3676 3655 3590 554 264 584 4063 4063 4062 4062 4062 4062 4062 4062
182 1777383087 3558 3702 3675 3654 3590 539 242 585 4061 4061 4061 4061 4061 4061 4061 4061
183 1777383087 3557 3701 3674 3653 3588 538 249 585 4061 4061 4061 4061 4061 4061 4061 4061
184 1777383087 3558 3703 3675 3655 3590 554 264 584 4061 4061 4061 4061 4061 4061 4061 4061
185 1777383087 3558 3702 3674 3654 3589 559 264 583 4063 4063 4062 4062 4062 4062 4062 4062
186 1777383087 3557 3702 3674 3654 3589 546 257 585 4063 4063 4062 4062 4062 4062 4062 4062
187 1777383087 3558 3703 3675 3655 3589 549 270 585 4063 4062 4062 4062 4062 4062 4062 4062
188 1777383088 3558 3703 3675 3653 3589 564 257 583 4063 4063 4062 4062 4062 4062 4062 4062
189 1777383088 3558 3702 3675 3653 3588 543 3630 586 4061 4061 4061 4061 4061 4061 4061 4061
190 1777383088 3557 3702 3675 3654 3589 547 3629 586 4063 4063 4062 4062 4062 4062 4062 4062
191 1777383088 3558 3703 3675 3654 3589 559 278 585 4063 4063 4062 4062 4062 4062 4062 4062
192 1777383088 3557 3702 3674 3654 3589 548 271 584 4063 4062 4062 4062 4062 4062 4062 4062
193 1777383088 3559 3704 3676 3655 3591 524 237 586 4061 4061 4061 4061 4061 4061 4061 4061
194 1777383089 3559 3704 3677 3655 3591 524 232 586 4063 4063 4062 4062 4062 4062 4062 4062
195 1777383089 3557 3702 3675 3654 3589 541 255 586 4061 4061 4061 4061 4061 4061 4061 4061
196 1777383089 3559 3703 3675 3654 3590 532 248 586 4061 4061 4061 4061 4061 4061 4061 4061
197 1777383089 3559 3703 3676 3655 3591 551 261 585 4063 4063 4062 4062 4062 4062 4062 4062
198 1777383089 3558 3702 3675 3654 3590 531 260 586 4063 4063 4062 4062 4062 4062 4062 4062
199 1777383089 3559 3704 3677 3655 3590 564 262 583 4063 4063 4062 4062 4062 4062 4062 4062
200 1777383089 3558 3703 3675 3654 3589 558 263 584 4063 4063 4062 4062 4062 4062 4062 4062
201 1777383089 3558 3703 3675 3654 3590 536 246 586 4063 4063 4062 4062 4062 4062 4062 4062
202 1777383089 3558 3703 3675 3654 3589 560 251 584 4063 4063 4063 4063 4063 4063 4063 4063
203 1777383089 3559 3703 3676 3655 3591 520 229 586 4061 4061 4061 4061 4061 4061 4061 4061
204 1777383089 3558 3704 3675 3654 3590 565 266 583 4063 4063 4062 4062 4062 4062 4062 4062
205 1777383089 3558 3703 3675 3655 3590 539 261 585 4063 4063 4062 4062 4062 4062 4062 4062
206 1777383089 3558 3703 3675 3654 3590 522 235 586 4065 4063 4063 4063 4063 4063 4063 4063
207 1777383089 3558 3703 3676 3654 3590 561 269 584 4063 4061 4061 4061 4061 4061 4061 4061
208 1777383089 3558 3702 3675 3654 3589 504 220 587 4063 4063 4063 4063 4063 4063 4063 4063
209 1777383089 3559 3703 3676 3655 3591 546 239 586 4061 4061 4061 4061 4061 4061 4061 4061
210 1777383089 3559 3703 3676 3655 3590 548 263 585 4061 4061 4061 4061 4061 4061 4061 4061
211 1777383089 3558 3703 3675 3654 3589 542 255 585 4063 4062 4062 4062 4062 4062 4062 4062
212 1777383089 3559 3704 3676 3655 3591 544 261 585 4063 4063 4062 4062 4062 4062 4062 4062
213 1777383089 3558 3703 3676 3655 3591 563 273 583 4063 4063 4062 4062 4062 4062 4062 4062
214 1777383090 3558 3702 3675 3655 3590 546 267 585 4063 4063 4063 4063 4063 4063 4063 4063
215 1777383090 3558 3703 3675 3654 3589 549 254 585 4061 4061 4061 4061 4061 4061 4061 4061
216 1777383090 3558 3704 3676 3655 3590 510 231 587 4063 4063 4063 4063 4063 4063 4063 4063
217 1777383090 3559 3704 3676 3655 3591 552 257 584 4063 4063 4062 4062 4062 4062 4062 4062
218 1777383090 3559 3704 3676 3655 3590 548 260 585 4061 4061 4061 4061 4061 4061 4061 4061
219 1777383090 3558 3703 3675 3654 3589 554 255 585 4063 4063 4062 4062 4062 4062 4062 4062
220 1777383090 3558 3703 3675 3654 3590 556 265 585 4061 4061 4061 4061 4061 4061 4061 4061
221 1777383091 3559 3703 3676 3655 3590 577 260 580 4063 4062 4062 4062 4062 4062 4062 4062
222 1777383091 3558 3703 3674 3654 3590 563 255 584 4063 4063 4062 4062 4062 4062 4062 4062
223 1777383091 3558 3703 3675 3655 3590 546 264 585 4063 4063 4062 4062 4062 4062 4062 4062
224 1777383091 3559 3704 3676 3655 3591 527 237 586 4061 4061 4061 4061 4061 4061 4061 4061
225 1777383091 3558 3703 3675 3653 3589 535 247 586 4063 4063 4062 4062 4062 4062 4062 4062
226 1777383091 3558 3703 3675 3654 3589 506 234 587 4063 4063 4063 4063 4063 4063 4063 4063
227 1777383091 3557 3703 3675 3654 3590 552 252 585 4061 4061 4061 4061 4061 4061 4061 4061
228 1777383091 3559 3703 3676 3655 3590 528 242 586 4061 4061 4061 4061 4061 4061 4061 4061
229 1777383092 3559 3704 3675 3655 3590 539 257 586 4063 4063 4062 4062 4062 4062 4062 4062
230 1777383092 3558 3703 3675 3654 3589 548 270 585 4061 4061 4061 4061 4061 4061 4061 4061
231 1777383092 3559 3703 3675 3655 3590 544 265 586 4063 4063 4062 4062 4062 4062 4062 4062
232 1777383092 3558 3704 3676 3655 3590 556 269 584 4063 4063 4062 4062 4062 4062 4062 4062
233 1777383092 3559 3704 3676 3655 3591 528 235 586 4061 4061 4061 4061 4061 4061 4061 4061
234 1777383092 3559 3704 3676 3655 3590 561 256 584 4063 4063 4062 4062 4062 4062 4062 4062
235 1777383092 3559 3704 3676 3655 3590 548 259 585 4063 4063 4062 4062 4062 4062 4062 4062
236 1777383092 3559 3704 3676 3655 3590 499 212 587 4061 4061 4061 4061 4061 4061 4061 4061
237 1777383092 3559 3704 3676 3655 3590 553 273 584 4061 4061 4061 4061 4061 4061 4061 4061
238 1777383092 3559 3704 3676 3656 3591 536 253 585 4063 4063 4062 4062 4062 4062 4062 4062
239 1777383092 3559 3704 3676 3655 3591 537 264 585 4063 4061 4061 4061 4061 4061 4061 4061
240 1777383093 3559 3703 3676 3655 3590 547 264 585 4061 4061 4061 4061 4061 4061 4061 4061
241 1777383093 3559 3704 3676 3655 3590 554 267 585 4063 4062 4062 4062 4062 4062 4062 4062
242 1777383093 3560 3704 3677 3655 3591 537 251 586 4063 4063 4062 4062 4062 4062 4062 4062
243 1777383093 3558 3704 3676 3655 3591 542 244 585 4063 4063 4063 4063 4063 4063 4063 4063
244 1777383093 3559 3704 3676 3655 3591 530 239 586 4063 4063 4062 4062 4062 4062 4062 4062
245 1777383093 3558 3703 3676 3655 3590 560 259 584 4061 4061 4061 4061 4061 4061 4061 4061
246 1777383093 3559 3704 3676 3655 3590 531 252 586 4061 4061 4061 4061 4061 4061 4061 4061
247 1777383094 3559 3704 3676 3655 3591 557 258 584 4063 4063 4062 4062 4062 4062 4062 4062
248 1777383094 3558 3703 3675 3654 3590 551 249 585 4063 4062 4062 4062 4062 4062 4062 4062
249 1777383094 3560 3704 3677 3656 3592 544 262 585 4061 4061 4061 4061 4061 4061 4061 4061
250 1777383094 3559 3704 3676 3655 3590 542 242 585 4063 4062 4062 4062 4062 4062 4062 4062
251 1777383094 3559 3704 3677 3655 3591 560 269 584 4063 4063 4062 4062 4062 4062 4062 4062
252 1777383094 3559 3704 3676 3655 3590 532 244 586 4061 4061 4061 4061 4061 4061 4061 4061
253 1777383094 3559 3704 3676 3655 3591 537 236 585 4063 4063 4062 4062 4062 4062 4062 4062
254 1777383094 3559 3704 3676 3655 3591 558 268 584 4063 4063 4062 4062 4062 4062 4062 4062
255 1777383094 3558 3703 3676 3655 3590 542 262 585 4063 4063 4062 4062 4062 4062 4062 4062
256 1777383094 3559 3704 3677 3656 3591 539 260 585 4063 4063 4062 4062 4062 4062 4062 4062
257 1777383094 3559 3704 3676 3655 3590 546 257 585 4063 4063 4062 4062 4062 4062 4062 4062
258 1777383095 3558 3703 3675 3655 3590 526 237 586 4063 4063 4063 4063 4063 4063 4063 4063
259 1777383095 3558 3702 3675 3654 3590 536 240 586 4063 4063 4062 4062 4062 4062 4062 4062
260 1777383095 3558 3703 3675 3654 3590 558 258 584 4063 4063 4063 4063 4063 4063 4063 4063
261 1777383095 3559 3703 3676 3655 3590 556 267 585 4063 4063 4062 4062 4062 4062 4062 4062
262 1777383095 3560 3704 3676 3656 3591 558 269 584 4063 4063 4062 4062 4062 4062 4062 4062
263 1777383095 3558 3703 3675 3655 3590 548 256 585 4063 4063 4062 4062 4062 4062 4062 4062
264 1777383095 3559 3704 3677 3656 3591 534 259 586 4063 4063 4062 4062 4062 4062 4062 4062
265 1777383095 3559 3704 3676 3655 3590 547 264 585 4063 4061 4061 4061 4061 4061 4061 4061
266 1777383095 3560 3705 3677 3656 3591 542 267 585 4061 4061 4061 4061 4061 4061 4061 4061
267 1777383095 3559 3705 3677 3657 3592 529 243 586 4061 4061 4061 4061 4061 4061 4061 4061
268 1777383095 3560 3705 3677 3656 3592 549 269 585 4063 4063 4062 4062 4062 4062 4062 4062
269 1777383095 3559 3704 3677 3655 3591 558 262 584 4063 4063 4062 4062 4062 4062 4062 4062
270 1777383095 3560 3704 3676 3655 3591 561 269 584 4061 4061 4061 4061 4061 4061 4061 4061
271 1777383096 3559 3704 3676 3656 3591 558 256 584 4063 4063 4062 4062 4062 4062 4062 4062
272 1777383096 3560 3705 3677 3656 3592 530 251 587 4061 4061 4061 4061 4061 4061 4061 4061
273 1777383096 3558 3703 3676 3655 3590 562 266 584 4063 4063 4062 4062 4062 4062 4062 4062
274 1777383096 3559 3704 3677 3656 3591 573 273 582 4061 4061 4061 4061 4061 4061 4061 4061
275 1777383096 3558 3703 3675 3654 3590 533 245 586 4061 4061 4061 4061 4061 4061 4061 4061
276 1777383096 3560 3704 3677 3656 3592 504 236 587 4063 4062 4062 4062 4062 4062 4062 4062
277 1777383096 3560 3705 3677 3656 3591 559 263 584 4063 4063 4062 4062 4062 4062 4062 4062
278 1777383096 3560 3704 3677 3656 3592 553 270 585 4063 4063 4062 4062 4062 4062 4062 4062
279 1777383096 3559 3705 3677 3655 3591 569 277 583 4063 4063 4062 4062 4062 4062 4062 4062
280 1777383096 3559 3704 3676 3654 3590 553 253 585 4063 4063 4062 4062 4062 4062 4062 4062
281 1777383096 3559 3704 3676 3655 3591 564 279 584 4063 4063 4062 4062 4062 4062 4062 4062
282 1777383096 3560 3705 3677 3656 3591 539 246 586 4063 4063 4062 4062 4062 4062 4062 4062
283 1777383096 3559 3704 3676 3655 3591 555 264 585 4061 4061 4061 4061 4061 4061 4061 4061
284 1777383096 3560 3705 3677 3656 3591 536 263 586 4063 4063 4062 4062 4062 4062 4062 4062
285 1777383097 3559 3704 3676 3655 3591 530 253 586 4063 4062 4062 4062 4062 4062 4062 4062
286 1777383097 3560 3705 3677 3656 3592 552 252 585 4063 4063 4062 4062 4062 4062 4062 4062
287 1777383097 3559 3704 3676 3654 3590 549 266 585 4061 4061 4061 4061 4061 4061 4061 4061
288 1777383097 3560 3705 3678 3657 3592 532 252 586 4063 4063 4062 4062 4062 4062 4062 4062
289 1777383097 3559 3704 3677 3656 3591 554 264 585 4063 4063 4062 4062 4062 4062 4062 4062
290 1777383097 3559 3704 3676 3655 3591 546 239 585 4063 4063 4062 4062 4062 4062 4062 4062
291 1777383097 3559 3703 3676 3655 3591 537 246 586 4063 4063 4062 4062 4062 4062 4062 4062
292 1777383097 3559 3704 3676 3655 3590 546 258 586 4063 4063 4062 4062 4062 4062 4062 4062
293 1777383097 3561 3706 3678 3657 3593 531 236 586 4063 4063 4062 4062 4062 4062 4062 4062
294 1777383097 3560 3704 3676 3656 3591 558 257 585 4061 4061 4061 4061 4061 4061 4061 4061
295 1777383098 3560 3705 3677 3657 3592 541 248 586 4063 4063 4062 4062 4062 4062 4062 4062
296 1777383098 3561 3706 3678 3657 3592 568 255 583 4061 4061 4061 4061 4061 4061 4061 4061
297 1777383098 3561 3705 3677 3656 3592 560 264 584 4063 4061 4061 4061 4061 4061 4061 4061
298 1777383098 3560 3705 3678 3657 3592 544 260 586 4061 4061 4061 4061 4061 4061 4061 4061
299 1777383098 3559 3705 3677 3656 3591 535 250 586 4063 4063 4062 4062 4062 4062 4062 4062
300 1777383098 3560 3705 3678 3657 3592 544 266 586 4063 4063 4063 4063 4063 4063 4063 4063
301 1777383099 3559 3703 3676 3655 3591 559 250 584 4063 4063 4062 4062 4062 4062 4062 4062
302 1777383099 3558 3703 3675 3654 3590 554 253 585 4063 4063 4062 4062 4062 4062 4062 4062
303 1777383099 3559 3704 3676 3655 3591 541 258 586 4063 4063 4062 4062 4062 4062 4062 4062
304 1777383099 3560 3705 3678 3656 3592 556 262 585 4063 4063 4063 4063 4063 4063 4063 4063
305 1777383099 3561 3706 3679 3658 3593 542 252 586 4065 4063 4063 4063 4063 4063 4063 4063
306 1777383099 3559 3704 3677 3656 3591 568 258 583 4063 4063 4062 4062 4062 4062 4062 4062
307 1777383099 3560 3705 3677 3656 3592 553 276 585 4061 4061 4061 4061 4061 4061 4061 4061
308 1777383099 3560 3705 3678 3657 3592 548 250 585 4063 4063 4063 4063 4063 4063 4063 4063
309 1777383099 3559 3704 3677 3655 3591 547 259 585 4061 4061 4061 4061 4061 4061 4061 4061
310 1777383099 3559 3704 3676 3655 3591 527 247 587 4063 4062 4062 4062 4062 4062 4062 4062
311 1777383099 3559 3704 3676 3655 3590 564 261 584 4061 4061 4061 4061 4061 4061 4061 4061
312 1777383099 3559 3704 3676 3655 3591 546 263 585 4063 4062 4062 4062 4062 4062 4062 4062
313 1777383100 3560 3704 3677 3656 3591 528 240 587 4061 4061 4061 4061 4061 4061 4061 4061
314 1777383100 3561 3706 3678 3657 3592 552 266 585 4063 4063 4062 4062 4062 4062 4062 4062
315 1777383100 3560 3705 3677 3656 3591 551 255 585 4063 4063 4062 4062 4062 4062 4062 4062
316 1777383100 3561 3705 3678 3657 3593 544 264 586 4063 4063 4062 4062 4062 4062 4062 4062
317 1777383100 3560 3705 3678 3657 3592 556 260 585 4063 4063 4063 4063 4063 4063 4063 4063
318 1777383100 3559 3704 3676 3656 3591 540 248 586 4061 4061 4061 4061 4061 4061 4061 4061
319 1777383100 3561 3706 3678 3657 3592 552 259 586 4063 4063 4062 4062 4062 4062 4062 4062
320 1777383100 3560 3705 3677 3656 3592 540 256 586 4063 4063 4063 4063 4063 4063 4063 4063
321 1777383100 3559 3704 3676 3655 3591 545 272 587 4061 4061 4061 4061 4061 4061 4061 4061
322 1777383101 3560 3705 3677 3655 3591 539 266 586 4063 4063 4062 4062 4062 4062 4062 4062
323 1777383101 3559 3704 3677 3656 3591 533 241 586 4063 4063 4062 4062 4062 4062 4062 4062
324 1777383101 3559 3704 3677 3655 3591 542 249 586 4061 4061 4061 4061 4061 4061 4061 4061
325 1777383101 3559 3705 3677 3656 3591 544 252 586 4063 4063 4062 4062 4062 4062 4062 4062
326 1777383101 3560 3705 3677 3656 3591 554 273 585 4063 4063 4062 4062 4062 4062 4062 4062
327 1777383101 3559 3704 3676 3656 3591 557 273 584 4061 4061 4061 4061 4061 4061 4061 4061
328 1777383101 3560 3704 3676 3655 3591 560 256 584 4063 4063 4062 4062 4062 4062 4062 4062
329 1777383101 3559 3704 3676 3655 3590 562 259 584 4063 4062 4062 4062 4062 4062 4062 4062
330 1777383101 3560 3705 3677 3656 3591 569 266 583 4063 4063 4063 4063 4063 4063 4063 4063
331 1777383101 3560 3704 3677 3655 3591 540 249 587 4063 4063 4063 4063 4063 4063 4063 4063
332 1777383101 3560 3706 3678 3657 3592 556 269 585 4063 4062 4062 4062 4062 4062 4062 4062
333 1777383101 3560 3705 3678 3657 3591 543 263 586 4063 4062 4062 4062 4062 4062 4062 4062
334 1777383101 3559 3704 3676 3655 3591 563 256 585 4063 4063 4062 4062 4062 4062 4062 4062
335 1777383101 3560 3705 3677 3656 3591 569 282 584 4063 4063 4062 4062 4062 4062 4062 4062
336 1777383102 3559 3704 3676 3655 3591 556 258 585 4063 4063 4062 4062 4062 4062 4062 4062
337 1777383102 3560 3705 3677 3657 3591 549 252 586 4061 4061 4061 4061 4061 4061 4061 4061
338 1777383102 3560 3705 3677 3656 3591 526 244 587 4063 4062 4062 4062 4062 4062 4062 4062
339 1777383102 3560 3705 3677 3656 3591 555 266 585 4063 4063 4062 4062 4062 4062 4062 4062
340 1777383102 3560 3704 3676 3656 3591 583 285 579 4063 4063 4062 4062 4062 4062 4062 4062
341 1777383102 3559 3704 3677 3656 3591 551 263 586 4063 4063 4062 4062 4062 4062 4062 4062
342 1777383102 3560 3704 3677 3656 3591 554 258 585 4063 4063 4062 4062 4062 4062 4062 4062
343 1777383102 3560 3705 3678 3657 3592 593 247 572 4061 4061 4061 4061 4061 4061 4061 4061
344 1777383102 3558 3703 3676 3654 3590 541 258 584 4063 4063 4062 4062 4062 4062 4062 4062
345 1777383102 3558 3703 3675 3654 3590 543 249 584 4063 4063 4062 4062 4062 4062 4062 4062
346 1777383102 3558 3703 3675 3654 3590 563 254 582 4063 4063 4063 4063 4063 4063 4063 4063
347 1777383102 3557 3702 3675 3654 3589 557 254 583 4065 4063 4063 4063 4063 4063 4063 4063
348 1777383102 3558 3704 3676 3655 3591 549 254 584 4063 4063 4063 4063 4063 4063 4063 4063
349 1777383103 3559 3703 3675 3654 3590 565 268 582 4063 4063 4063 4063 4063 4063 4063 4063
350 1777383103 3558 3703 3675 3654 3589 539 262 584 4063 4063 4062 4062 4062 4062 4062 4062
351 1777383103 3559 3703 3675 3654 3589 549 258 584 4063 4063 4063 4063 4063 4063 4063 4063
352 1777383103 3558 3704 3676 3655 3590 550 259 584 4063 4062 4062 4062 4062 4062 4062 4062
353 1777383103 3559 3703 3675 3655 3590 569 258 582 4063 4063 4062 4062 4062 4062 4062 4062
354 1777383103 3557 3702 3675 3654 3589 534 252 584 4061 4061 4061 4061 4061 4061 4061 4061
355 1777383103 3558 3702 3675 3653 3589 545 256 584 4063 4063 4062 4062 4062 4062 4062 4062
356 1777383103 3558 3703 3676 3655 3590 564 254 583 4063 4063 4062 4062 4062 4062 4062 4062
357 1777383103 3557 3702 3675 3654 3589 564 3630 584 4063 4063 4063 4063 4063 4063 4063 4063
358 1777383103 3558 3702 3675 3654 3589 541 262 584 4061 4061 4061 4061 4061 4061 4061 4061
359 1777383103 3558 3703 3675 3654 3590 536 261 585 4063 4063 4062 4062 4062 4062 4062 4062
360 1777383103 3558 3703 3675 3654 3590 540 244 585 4063 4063 4062 4062 4062 4062 4062 4062
361 1777383103 3559 3704 3677 3656 3591 549 254 584 4063 4063 4062 4062 4062 4062 4062 4062
362 1777383104 3558 3703 3675 3654 3590 544 251 584 4063 4063 4063 4063 4063 4063 4063 4063
363 1777383104 3559 3703 3676 3654 3590 561 271 583 4061 4061 4061 4061 4061 4061 4061 4061
364 1777383104 3558 3702 3674 3653 3588 525 236 585 4063 4063 4062 4062 4062 4062 4062 4062
365 1777383104 3558 3703 3675 3654 3590 555 274 584 4061 4061 4061 4061 4061 4061 4061 4061
366 1777383105 3557 3702 3674 3653 3589 567 276 582 4063 4063 4062 4062 4062 4062 4062 4062
367 1777383105 3558 3702 3675 3654 3589 564 278 583 4061 4061 4061 4061 4061 4061 4061 4061
368 1777383105 3558 3702 3674 3654 3589 522 242 585 4063 4063 4062 4062 4062 4062 4062 4062
369 1777383105 3558 3702 3674 3654 3589 562 259 583 4063 4063 4062 4062 4062 4062 4062 4062
370 1777383105 3558 3702 3674 3654 3589 520 3629 586 4063 4062 4062 4062 4062 4062 4062 4062
371 1777383105 3558 3703 3675 3654 3590 563 263 582 4063 4063 4063 4063 4063 4063 4063 4063
372 1777383105 3559 3703 3675 3655 3590 556 256 584 4061 4061 4061 4061 4061 4061 4061 4061
373 1777383105 3558 3702 3675 3655 3590 539 242 584 4063 4063 4062 4062 4062 4062 4062 4062
374 1777383106 3558 3703 3676 3654 3590 534 253 585 4061 4061 4061 4061 4061 4061 4061 4061
375 1777383106 3558 3703 3675 3655 3590 530 249 585 4063 4063 4062 4062 4062 4062 4062 4062
376 1777383106 3559 3704 3676 3655 3590 538 231 585 4061 4061 4061 4061 4061 4061 4061 4061
377 1777383106 3558 3703 3675 3654 3590 550 256 584 4063 4063 4062 4062 4062 4062 4062 4062
378 1777383106 3558 3703 3675 3654 3589 564 257 583 4063 4063 4062 4062 4062 4062 4062 4062
379 1777383106 3557 3702 3674 3653 3588 561 260 583 4063 4062 4062 4062 4062 4062 4062 4062
380 1777383106 3558 3702 3675 3654 3589 536 258 585 4063 4063 4063 4063 4063 4063 4063 4063
381 1777383106 3559 3703 3676 3655 3590 550 261 584 4063 4063 4062 4062 4062 4062 4062 4062
382 1777383107 3559 3703 3676 3655 3590 542 248 585 4063 4063 4062 4062 4062 4062 4062 4062
383 1777383107 3558 3703 3675 3654 3589 585 266 575 4063 4063 4062 4062 4062 4062 4062 4062
384 1777383107 3559 3704 3676 3655 3590 562 244 583 4061 4061 4061 4061 4061 4061 4061 4061
385 1777383107 3559 3703 3676 3655 3590 546 258 585 4061 4061 4061 4061 4061 4061 4061 4061
386 1777383107 3559 3703 3676 3655 3590 560 260 583 4063 4063 4062 4062 4062 4062 4062 4062
387 1777383107 3558 3703 3675 3654 3589 563 246 583 4063 4063 4062 4062 4062 4062 4062 4062
388 1777383107 3559 3703 3676 3655 3591 559 255 583 4061 4061 4061 4061 4061 4061 4061 4061
389 1777383107 3559 3704 3676 3655 3590 537 245 584 4063 4063 4063 4063 4063 4063 4063 4063
390 1777383107 3558 3703 3675 3655 3591 554 252 584 4061 4061 4061 4061 4061 4061 4061 4061
391 1777383108 3557 3703 3675 3654 3590 557 267 584 4063 4063 4063 4063 4063 4063 4063 4063
392 1777383108 3559 3704 3675 3654 3590 529 236 586 4063 4063 4062 4062 4062 4062 4062 4062
393 1777383108 3559 3704 3677 3656 3591 546 261 584 4061 4061 4061 4061 4061 4061 4061 4061
394 1777383108 3559 3704 3676 3655 3590 533 253 585 4061 4061 4061 4061 4061 4061 4061 4061
395 1777383108 3558 3703 3675 3655 3590 534 254 585 4063 4063 4062 4062 4062 4062 4062 4062
396 1777383108 3559 3704 3676 3655 3591 514 231 586 4063 4063 4062 4062 4062 4062 4062 4062
397 1777383108 3558 3703 3676 3655 3590 535 252 585 4063 4063 4062 4062 4062 4062 4062 4062
398 1777383108 3558 3702 3675 3654 3590 565 271 583 4063 4063 4062 4062 4062 4062 4062 4062
399 1777383109 3558 3703 3676 3654 3590 557 268 584 4061 4061 4061 4061 4061 4061 4061 4061
400 1777383109 3560 3705 3677 3656 3591 578 275 579 4063 4063 4062 4062 4062 4062 4062 4062
401 1777383109 3559 3704 3676 3655 3591 544 262 585 4063 4063 4063 4063 4063 4063 4063 4063
402 1777383109 3559 3704 3676 3655 3590 548 278 584 4063 4062 4062 4062 4062 4062 4062 4062
403 1777383109 3560 3704 3677 3656 3592 550 229 584 4061 4061 4061 4061 4061 4061 4061 4061
404 1777383109 3559 3704 3676 3655 3591 562 256 583 4063 4063 4062 4062 4062 4062 4062 4062
405 1777383109 3559 3704 3676 3655 3591 545 263 584 4063 4063 4063 4063 4063 4063 4063 4063
406 1777383110 3560 3704 3676 3655 3591 566 288 583 4063 4063 4062 4062 4062 4062 4062 4062
407 1777383110 3559 3703 3676 3654 3590 565 261 583 4063 4063 4062 4062 4062 4062 4062 4062
408 1777383110 3559 3703 3675 3655 3590 545 250 584 4063 4063 4062 4062 4062 4062 4062 4062
409 1777383110 3558 3703 3675 3654 3590 580 238 578 4063 4063 4062 4062 4062 4062 4062 4062
410 1777383110 3558 3703 3675 3654 3590 522 258 586 4061 4061 4061 4061 4061 4061 4061 4061
411 1777383110 3559 3704 3676 3655 3590 571 250 582 4061 4061 4061 4061 4061 4061 4061 4061
412 1777383111 3558 3702 3674 3654 3588 551 3629 585 4061 4061 4061 4061 4061 4061 4061 4061
413 1777383111 3559 3704 3676 3655 3591 554 253 585 4063 4063 4062 4062 4062 4062 4062 4062
414 1777383111 3559 3704 3676 3655 3591 560 266 583 4061 4061 4061 4061 4061 4061 4061 4061
415 1777383111 3558 3703 3676 3655 3590 497 205 586 4063 4063 4063 4063 4063 4063 4063 4063
416 1777383111 3560 3704 3676 3656 3591 540 264 585 4063 4063 4062 4062 4062 4062 4062 4062
417 1777383111 3558 3703 3675 3654 3590 516 227 586 4061 4061 4061 4061 4061 4061 4061 4061
418 1777383111 3558 3703 3676 3654 3590 536 242 585 4061 4061 4061 4061 4061 4061 4061 4061
419 1777383111 3559 3704 3676 3655 3591 578 258 579 4063 4063 4062 4062 4062 4062 4062 4062
420 1777383111 3559 3704 3677 3655 3591 566 247 583 4063 4063 4062 4062 4062 4062 4062 4062
421 1777383111 3560 3704 3676 3656 3591 511 245 586 4063 4063 4062 4062 4062 4062 4062 4062
422 1777383111 3560 3704 3677 3656 3592 532 246 585 4061 4061 4061 4061 4061 4061 4061 4061
423 1777383111 3559 3704 3676 3655 3591 497 207 586 4063 4063 4062 4062 4062 4062 4062 4062
424 1777383111 3559 3704 3677 3655 3590 558 3631 585 4063 4062 4062 4062 4062 4062 4062 4062
425 1777383111 3559 3704 3677 3656 3591 533 237 586 4061 4061 4061 4061 4061 4061 4061 4061
426 1777383112 3560 3705 3677 3656 3591 541 261 585 4063 4063 4062 4062 4062 4062 4062 4062
427 1777383112 3559 3704 3676 3655 3590 551 262 585 4063 4063 4062 4062 4062 4062 4062 4062
428 1777383112 3559 3704 3676 3655 3590 558 268 584 4061 4061 4061 4061 4061 4061 4061 4061
429 1777383112 3559 3704 3676 3656 3591 508 219 587 4063 4063 4062 4062 4062 4062 4062 4062
430 1777383112 3559 3704 3677 3655 3591 554 262 585 4061 4061 4060 4060 4060 4060 4060 4060
431 1777383113 3560 3704 3677 3655 3591 554 254 584 4063 4063 4062 4062 4062 4062 4062 4062
432 1777383113 3559 3704 3676 3656 3591 543 264 585 4063 4063 4062 4062 4062 4062 4062 4062
433 1777383113 3558 3702 3675 3654 3589 569 261 582 4063 4063 4062 4062 4062 4062 4062 4062
434 1777383113 3559 3704 3676 3655 3590 379 3631 588 4061 4061 4061 4061 4061 4061 4061 4061
435 1777383113 3558 3704 3676 3655 3590 554 256 585 4061 4061 4061 4061 4061 4061 4061 4061
436 1777383113 3558 3703 3675 3654 3590 558 254 584 4063 4063 4062 4062 4062 4062 4062 4062
437 1777383113 3559 3704 3676 3655 3591 543 254 585 4063 4063 4063 4063 4063 4063 4063 4063
438 1777383113 3559 3704 3676 3655 3590 493 213 587 4063 4063 4062 4062 4062 4062 4062 4062
439 1777383113 3559 3704 3676 3655 3591 521 227 586 4063 4063 4062 4062 4062 4062 4062 4062
440 1777383113 3559 3704 3676 3655 3590 550 248 584 4063 4063 4062 4062 4062 4062 4062 4062
441 1777383113 3559 3704 3677 3655 3591 527 251 586 4063 4063 4062 4062 4062 4062 4062 4062
442 1777383114 3559 3704 3676 3655 3590 551 263 585 4063 4063 4062 4062 4062 4062 4062 4062
443 1777383114 3559 3704 3677 3655 3590 545 254 585 4063 4063 4062 4062 4062 4062 4062 4062
444 1777383114 3559 3704 3676 3655 3590 540 253 585 4061 4061 4061 4061 4061 4061 4061 4061
445 1777383114 3559 3704 3677 3655 3591 543 253 585 4065 4063 4063 4063 4063 4063 4063 4063
446 1777383114 3559 3704 3676 3655 3591 564 257 583 4061 4061 4061 4061 4061 4061 4061 4061
447 1777383114 3559 3704 3676 3655 3590 572 267 581 4063 4063 4062 4062 4062 4062 4062 4062
448 1777383114 3559 3704 3676 3655 3590 557 261 584 4063 4063 4062 4062 4062 4062 4062 4062
449 1777383114 3559 3704 3676 3655 3590 577 270 580 4061 4061 4060 4060 4060 4060 4060 4060
450 1777383115 3559 3704 3676 3655 3590 556 266 584 4061 4061 4061 4061 4061 4061 4061 4061
451 1777383115 3559 3704 3676 3656 3591 555 254 584 4063 4063 4062 4062 4062 4062 4062 4062
452 1777383115 3560 3704 3677 3656 3591 544 265 586 4063 4062 4062 4062 4062 4062 4062 4062
453 1777383115 3559 3704 3676 3656 3591 564 256 583 4063 4063 4062 4062 4062 4062 4062 4062
454 1777383115 3559 3704 3676 3655 3590 530 242 586 4063 4063 4062 4062 4062 4062 4062 4062
455 1777383115 3559 3703 3676 3655 3590 572 254 582 4061 4061 4061 4061 4061 4061 4061 4061
456 1777383115 3558 3704 3676 3655 3590 548 267 585 4063 4063 4062 4062 4062 4062 4062 4062
457 1777383115 3559 3703 3677 3656 3591 541 255 586 4063 4063 4062 4062 4062 4062 4062 4062
458 1777383115 3560 3705 3677 3655 3591 539 260 585 4063 4063 4062 4062 4062 4062 4062 4062
459 1777383115 3559 3704 3676 3655 3590 550 254 585 4063 4063 4062 4062 4062 4062 4062 4062
460 1777383115 3558 3703 3676 3654 3590 562 265 584 4063 4062 4062 4062 4062 4062 4062 4062
461 1777383115 3562 3707 3679 3659 3594 533 244 586 4063 4063 4062 4062 4062 4062 4062 4062
462 1777383115 3558 3703 3675 3654 3590 545 250 586 4061 4061 4061 4061 4061 4061 4061 4061
463 1777383115 3558 3702 3675 3654 3589 575 3630 582 4063 4063 4063 4063 4063 4063 4063 4063
464 1777383116 3559 3704 3676 3655 3590 556 264 585 4061 4061 4061 4061 4061 4061 4061 4061
465 1777383116 3559 3704 3676 3655 3590 535 241 586 4063 4063 4063 4063 4063 4063 4063 4063
466 1777383116 3558 3703 3676 3655 3590 545 272 585 4063 4063 4063 4063 4063 4063 4063 4063
467 1777383116 3559 3704 3676 3655 3591 545 260 585 4063 4063 4062 4062 4062 4062 4062 4062
468 1777383116 3560 3704 3676 3656 3591 538 256 586 4063 4063 4063 4063 4063 4063 4063 4063
469 1777383116 3559 3704 3677 3655 3591 531 229 586 4063 4063 4062 4062 4062 4062 4062 4062
470 1777383116 3560 3704 3676 3655 3591 556 271 584 4061 4061 4061 4061 4061 4061 4061 4061
471 1777383116 3559 3705 3677 3656 3591 534 248 586 4063 4063 4062 4062 4062 4062 4062 4062
472 1777383117 3560 3704 3676 3656 3591 546 248 585 4063 4061 4061 4061 4061 4061 4061 4061
473 1777383117 3559 3704 3676 3655 3591 557 3630 586 4063 4063 4063 4063 4063 4063 4063 4063
474 1777383117 3559 3703 3676 3655 3591 560 269 584 4063 4063 4062 4062 4062 4062 4062 4062
475 1777383117 3560 3705 3677 3655 3591 536 242 586 4063 4063 4063 4063 4063 4063 4063 4063
476 1777383117 3560 3704 3677 3656 3592 538 243 586 4063 4063 4063 4063 4063 4063 4063 4063
477 1777383117 3559 3704 3676 3655 3591 546 253 585 4063 4062 4062 4062 4062 4062 4062 4062
478 1777383117 3559 3704 3676 3656 3591 546 276 585 4061 4061 4061 4061 4061 4061 4061 4061
479 1777383117 3560 3705 3677 3656 3592 569 271 583 4063 4063 4062 4062 4062 4062 4062 4062
480 1777383117 3558 3704 3676 3655 3590 566 244 583 4063 4063 4063 4063 4063 4063 4063 4063
481 1777383117 3559 3704 3676 3655 3591 565 256 584 4061 4061 4061 4061 4061 4061 4061 4061
482 1777383117 3559 3704 3676 3655 3590 544 256 585 4063 4062 4062 4062 4062 4062 4062 4062
483 1777383117 3560 3704 3677 3656 3591 519 3631 588 4063 4061 4061 4061 4061 4061 4061 4061
484 1777383118 3559 3704 3676 3655 3590 549 253 586 4061 4061 4061 4061 4061 4061 4061 4061
485 1777383118 3561 3706 3679 3658 3593 567 254 583 4061 4061 4061 4061 4061 4061 4061 4061
486 1777383118 3559 3705 3677 3656 3591 562 269 584 4063 4063 4062 4062 4062 4062 4062 4062
487 1777383118 3560 3705 3677 3656 3591 515 236 587 4063 4063 4062 4062 4062 4062 4062 4062
488 1777383118 3560 3705 3677 3656 3591 529 244 586 4063 4063 4062 4062 4062 4062 4062 4062
489 1777383118 3558 3703 3676 3655 3590 552 260 585 4063 4063 4062 4062 4062 4062 4062 4062
490 1777383118 3560 3705 3677 3656 3591 550 249 585 4063 4063 4062 4062 4062 4062 4062 4062
491 1777383118 3559 3704 3676 3655 3590 550 260 585 4061 4061 4061 4061 4061 4061 4061 4061
492 1777383118 3559 3704 3676 3656 3591 535 276 586 4063 4063 4062 4062 4062 4062 4062 4062
493 1777383118 3560 3705 3677 3655 3591 571 240 582 4061 4061 4061 4061 4061 4061 4061 4061
494 1777383118 3560 3705 3678 3656 3591 525 238 587 4063 4063 4063 4063 4063 4063 4063 4063
495 1777383119 3560 3705 3677 3656 3591 542 239 585 4063 4063 4062 4062 4062 4062 4062 4062
496 1777383119 3560 3705 3678 3657 3592 552 243 585 4063 4063 4063 4063 4063 4063 4063 4063
497 1777383119 3559 3704 3676 3655 3591 546 246 585 4063 4063 4062 4062 4062 4062 4062 4062
498 1777383119 3559 3704 3676 3655 3591 543 255 586 4063 4063 4062 4062 4062 4062 4062 4062
499 1777383119 3560 3705 3677 3656 3591 544 263 586 4061 4061 4061 4061 4061 4061 4061 4061
500 1777383119 3560 3705 3678 3657 3592 514 226 587 4063 4063 4062 4062 4062 4062 4062 4062
501 1777383119 3559 3703 3676 3655 3591 547 263 585 4063 4063 4062 4062 4062 4062 4062 4062
502 1777383119 3560 3705 3677 3656 3591 570 3632 584 4063 4063 4062 4062 4062 4062 4062 4062
503 1777383119 3559 3704 3676 3655 3590 549 262 585 4063 4063 4063 4063 4063 4063 4063 4063
504 1777383120 3560 3704 3677 3656 3592 565 274 584 4061 4061 4061 4061 4061 4061 4061 4061
505 1777383120 3560 3705 3676 3655 3591 560 267 584 4063 4061 4061 4061 4061 4061 4061 4061
506 1777383120 3559 3704 3677 3656 3591 540 260 586 4063 4063 4063 4063 4063 4063 4063 4063
507 1777383120 3559 3704 3677 3655 3590 553 3631 586 4063 4063 4063 4063 4063 4063 4063 4063
508 1777383120 3559 3704 3676 3655 3591 538 256 586 4063 4063 4062 4062 4062 4062 4062 4062
509 1777383120 3559 3704 3676 3655 3591 542 266 586 4061 4061 4061 4061 4061 4061 4061 4061
510 1777383120 3560 3705 3677 3656 3591 549 262 585 4063 4063 4062 4062 4062 4062 4062 4062
511 1777383120 3559 3704 3676 3656 3591 489 3631 589 4061 4061 4061 4061 4061 4061 4061 4061
512 1777383120 3560 3704 3677 3656 3591 553 253 586 4061 4061 4061 4061 4061 4061 4061 4061
513 1777383120 3560 3704 3677 3656 3591 538 258 586 4063 4061 4061 4061 4061 4061 4061 4061
514 1777383120 3559 3704 3677 3655 3591 562 264 584 4063 4062 4062 4062 4062 4062 4062 4062
515 1777383120 3559 3704 3677 3656 3591 545 243 585 4063 4063 4062 4062 4062 4062 4062 4062
516 1777383120 3560 3705 3677 3656 3592 531 250 586 4063 4063 4062 4062 4062 4062 4062 4062
517 1777383120 3559 3704 3676 3655 3591 555 255 585 4061 4061 4061 4061 4061 4061 4061 4061
518 1777383121 3559 3704 3676 3656 3591 516 241 586 4063 4063 4062 4062 4062 4062 4062 4062
519 1777383121 3560 3705 3677 3656 3591 533 246 586 4061 4061 4061 4061 4061 4061 4061 4061
520 1777383121 3559 3704 3676 3656 3591 532 262 586 4061 4061 4061 4061 4061 4061 4061 4061
521 1777383121 3560 3705 3677 3656 3592 545 244 585 4063 4063 4063 4063 4063 4063 4063 4063
522 1777383121 3558 3703 3676 3655 3590 552 3631 587 4063 4063 4062 4062 4062 4062 4062 4062
523 1777383121 3560 3705 3677 3656 3592 568 274 583 4061 4061 4061 4061 4061 4061 4061 4061
524 1777383121 3559 3704 3677 3656 3592 506 193 587 4063 4063 4062 4062 4062 4062 4062 4062
525 1777383121 3559 3704 3677 3655 3591 552 272 585 4063 4063 4062 4062 4062 4062 4062 4062
526 1777383121 3559 3704 3676 3656 3591 554 248 585 4063 4062 4062 4062 4062 4062 4062 4062
527 1777383121 3559 3705 3676 3655 3591 537 249 586 4063 4063 4062 4062 4062 4062 4062 4062
528 1777383122 3560 3704 3677 3656 3591 596 247 569 4061 4061 4061 4061 4061 4061 4061 4061
529 1777383122 3560 3704 3677 3655 3592 529 235 586 4063 4063 4063 4063 4063 4063 4063 4063
530 1777383122 3560 3705 3677 3656 3591 553 252 586 4061 4061 4061 4061 4061 4061 4061 4061
531 1777383122 3560 3705 3677 3656 3592 563 263 584 4063 4063 4062 4062 4062 4062 4062 4062
532 1777383122 3560 3705 3677 3656 3591 569 249 583 4061 4061 4061 4061 4061 4061 4061 4061
533 1777383122 3560 3705 3677 3656 3591 533 239 587 4063 4063 4062 4062 4062 4062 4062 4062
534 1777383122 3560 3705 3677 3656 3592 560 258 585 4061 4061 4061 4061 4061 4061 4061 4061
535 1777383122 3559 3705 3677 3656 3591 548 256 585 4061 4061 4061 4061 4061 4061 4061 4061
536 1777383122 3560 3705 3677 3656 3592 537 246 587 4061 4061 4061 4061 4061 4061 4061 4061
537 1777383122 3560 3704 3677 3656 3591 550 256 586 4063 4063 4062 4062 4062 4062 4062 4062
538 1777383122 3559 3705 3677 3656 3591 554 260 585 4063 4063 4062 4062 4062 4062 4062 4062
539 1777383122 3559 3704 3677 3656 3591 546 257 586 4063 4063 4062 4062 4062 4062 4062 4062
540 1777383122 3559 3704 3676 3655 3590 556 267 585 4063 4063 4062 4062 4062 4062 4062 4062
541 1777383123 3559 3705 3677 3656 3591 521 236 587 4063 4063 4063 4063 4063 4063 4063 4063
542 1777383123 3560 3706 3678 3657 3592 555 268 585 4061 4061 4061 4061 4061 4061 4061 4061
543 1777383123 3559 3704 3677 3655 3591 537 250 586 4063 4063 4062 4062 4062 4062 4062 4062
544 1777383123 3559 3704 3676 3656 3591 552 266 586 4063 4063 4063 4063 4063 4063 4063 4063
545 1777383123 3559 3704 3676 3655 3591 531 234 586 4061 4061 4061 4061 4061 4061 4061 4061
546 1777383123 3560 3704 3677 3656 3591 560 267 585 4061 4061 4061 4061 4061 4061 4061 4061
547 1777383123 3560 3705 3677 3656 3591 543 257 586 4063 4063 4062 4062 4062 4062 4062 4062
548 1777383123 3560 3705 3677 3656 3591 512 217 588 4061 4061 4061 4061 4061 4061 4061 4061
549 1777383124 3560 3705 3677 3656 3591 569 268 583 4063 4063 4062 4062 4062 4062 4062 4062
550 1777383124 3559 3704 3677 3656 3592 562 270 584 4063 4063 4062 4062 4062 4062 4062 4062
551 1777383124 3561 3706 3678 3657 3592 573 264 582 4063 4062 4062 4062 4062 4062 4062 4062
552 1777383124 3560 3705 3677 3656 3592 556 270 586 4061 4061 4061 4061 4061 4061 4061 4061
553 1777383124 3560 3705 3677 3656 3592 530 225 586 4065 4063 4063 4063 4063 4063 4063 4063
554 1777383124 3561 3705 3678 3657 3592 530 239 586 4063 4063 4062 4062 4062 4062 4062 4062
555 1777383124 3560 3705 3677 3656 3592 543 256 586 4063 4063 4062 4062 4062 4062 4062 4062
556 1777383124 3560 3706 3678 3657 3592 556 267 585 4063 4063 4062 4062 4062 4062 4062 4062
557 1777383124 3559 3704 3677 3656 3591 539 261 586 4063 4063 4062 4062 4062 4062 4062 4062
558 1777383124 3560 3705 3677 3656 3591 551 247 585 4063 4063 4062 4062 4062 4062 4062 4062
559 1777383125 3560 3704 3677 3656 3591 546 267 586 4061 4061 4061 4061 4061 4061 4061 4061
560 1777383125 3561 3705 3677 3656 3592 535 248 587 4063 4063 4063 4063 4063 4063 4063 4063
561 1777383125 3560 3705 3677 3656 3591 544 259 585 4063 4063 4062 4062 4062 4062 4062 4062
562 1777383125 3560 3705 3677 3656 3591 526 234 587 4063 4063 4062 4062 4062 4062 4062 4062
563 1777383125 3561 3705 3678 3657 3592 521 233 587 4061 4061 4061 4061 4061 4061 4061 4061
564 1777383125 3557 3702 3674 3653 3589 550 245 586 4061 4061 4061 4061 4061 4061 4061 4061
565 1777383125 3560 3704 3676 3655 3591 543 256 586 4063 4062 4062 4062 4062 4062 4062 4062
566 1777383125 3559 3704 3677 3656 3591 556 264 585 4063 4063 4062 4062 4062 4062 4062 4062
567 1777383125 3560 3705 3677 3656 3591 549 262 585 4061 4061 4061 4061 4061 4061 4061 4061
568 1777383126 3560 3705 3677 3656 3591 533 242 587 4063 4063 4063 4063 4063 4063 4063 4063
569 1777383126 3561 3706 3679 3657 3592 527 240 588 4063 4063 4063 4063 4063 4063 4063 4063
570 1777383126 3560 3705 3677 3656 3592 536 245 587 4063 4063 4062 4062 4062 4062 4062 4062
571 1777383126 3560 3705 3677 3656 3592 556 256 586 4063 4063 4062 4062 4062 4062 4062 4062
572 1777383126 3560 3705 3677 3656 3591 561 262 585 4061 4061 4061 4061 4061 4061 4061 4061
573 1777383126 3560 3704 3677 3656 3591 557 255 586 4061 4061 4061 4061 4061 4061 4061 4061
574 1777383126 3560 3705 3677 3656 3591 523 238 587 4063 4062 4062 4062 4062 4062 4062 4062
575 1777383126 3559 3704 3677 3656 3591 557 266 585 4063 4063 4062 4062 4062 4062 4062 4062
576 1777383126 3561 3706 3678 3657 3592 549 258 586 4063 4063 4062 4062 4062 4062 4062 4062
577 1777383126 3560 3705 3676 3656 3591 551 259 586 4063 4063 4062 4062 4062 4062 4062 4062
578 1777383126 3561 3705 3678 3656 3592 554 253 585 4063 4063 4062 4062 4062 4062 4062 4062
579 1777383127 3560 3705 3678 3657 3592 538 248 586 4063 4063 4062 4062 4062 4062 4062 4062
580 1777383127 3560 3705 3677 3656 3591 532 250 587 4063 4063 4062 4062 4062 4062 4062 4062
581 1777383127 3561 3706 3678 3657 3593 517 234 588 4063 4063 4062 4062 4062 4062 4062 4062
582 1777383127 3560 3705 3677 3656 3591 572 264 582 4063 4063 4062 4062 4062 4062 4062 4062
583 1777383127 3560 3705 3677 3657 3592 545 250 586 4063 4063 4062 4062 4062 4062 4062 4062
584 1777383127 3561 3706 3679 3658 3593 520 242 588 4063 4063 4062 4062 4062 4062 4062 4062
585 1777383127 3560 3704 3677 3655 3591 553 251 586 4063 4063 4062 4062 4062 4062 4062 4062
586 1777383127 3560 3705 3677 3657 3592 507 213 588 4063 4063 4062 4062 4062 4062 4062 4062
587 1777383127 3560 3705 3677 3657 3592 541 262 587 4061 4061 4061 4061 4061 4061 4061 4061
588 1777383127 3560 3706 3678 3657 3592 573 265 582 4063 4063 4062 4062 4062 4062 4062 4062
589 1777383127 3560 3705 3678 3657 3592 561 266 585 4063 4063 4062 4062 4062 4062 4062 4062
590 1777383127 3560 3705 3677 3656 3591 554 268 585 4063 4063 4062 4062 4062 4062 4062 4062
591 1777383127 3561 3706 3679 3658 3593 551 256 586 4063 4062 4062 4062 4062 4062 4062 4062
592 1777383128 3561 3706 3677 3656 3592 561 255 585 4063 4063 4062 4062 4062 4062 4062 4062
593 1777383128 3560 3705 3678 3656 3592 564 257 584 4063 4062 4062 4062 4062 4062 4062 4062
594 1777383128 3560 3704 3677 3656 3591 563 268 585 4061 4061 4061 4061 4061 4061 4061 4061
595 1777383128 3560 3705 3678 3657 3592 535 261 586 4063 4063 4062 4062 4062 4062 4062 4062
596 1777383128 3560 3705 3677 3656 3591 560 267 585 4063 4063 4062 4062 4062 4062 4062 4062
597 1777383128 3561 3705 3677 3656 3592 553 256 586 4061 4061 4061 4061 4061 4061 4061 4061
598 1777383128 3560 3706 3677 3656 3592 535 252 587 4063 4063 4062 4062 4062 4062 4062 4062
599 1777383128 3561 3706 3677 3656 3591 539 260 587 4061 4061 4061 4061 4061 4061 4061 4061
600 1777383136 3557 3702 3674 3652 3588 540 255 585 4063 4063 4062 4062 4062 4062 4062 4062
601 1777383136 3558 3702 3674 3653 3589 566 262 582 4063 4062 4062 4062 4062 4062 4062 4062
602 1777383137 3558 3702 3675 3654 3589 563 267 583 4063 4063 4062 4062 4062 4062 4062 4062
603 1777383137 3558 3703 3675 3654 3590 550 254 584 4061 4061 4061 4061 4061 4061 4061 4061
604 1777383137 3559 3704 3676 3655 3590 558 255 583 4063 4063 4062 4062 4062 4062 4062 4062
605 1777383137 3558 3703 3675 3654 3590 512 222 585 4063 4063 4062 4062 4062 4062 4062 4062
606 1777383137 3557 3702 3674 3654 3589 558 263 583 4063 4063 4062 4062 4062 4062 4062 4062
607 1777383137 3559 3704 3675 3654 3590 572 266 581 4061 4061 4061 4061 4061 4061 4061 4061
608 1777383137 3559 3703 3675 3655 3590 556 264 584 4063 4063 4063 4063 4063 4063 4063 4063
609 1777383137 3558 3703 3676 3655 3590 554 275 584 4061 4061 4061 4061 4061 4061 4061 4061
610 1777383137 3558 3704 3675 3654 3590 544 251 584 4065 4063 4063 4063 4063 4063 4063 4063
611 1777383137 3558 3703 3676 3655 3590 564 250 582 4063 4062 4062 4062 4062 4062 4062 4062
612 1777383138 3558 3703 3675 3654 3589 539 267 585 4063 4063 4062 4062 4062 4062 4062 4062
613 1777383138 3558 3704 3676 3655 3591 576 266 579 4061 4061 4061 4061 4061 4061 4061 4061
614 1777383138 3557 3703 3675 3653 3589 555 263 583 4061 4061 4061 4061 4061 4061 4061 4061
615 1777383138 3558 3702 3675 3654 3589 531 243 585 4063 4061 4061 4061 4061 4061 4061 4061
616 1777383138 3559 3704 3676 3655 3590 557 260 584 4063 4063 4062 4062 4062 4062 4062 4062
617 1777383138 3559 3704 3676 3655 3591 540 249 585 4061 4061 4061 4061 4061 4061 4061 4061
618 1777383138 3558 3703 3675 3654 3589 545 254 584 4063 4063 4062 4062 4062 4062 4062 4062
619 1777383138 3558 3704 3676 3655 3591 538 239 585 4063 4063 4063 4063 4063 4063 4063 4063
620 1777383138 3558 3703 3676 3655 3590 551 263 584 4063 4063 4062 4062 4062 4062 4062 4062
621 1777383138 3559 3704 3676 3654 3590 540 242 585 4063 4063 4063 4063 4063 4063 4063 4063
622 1777383138 3559 3703 3676 3655 3590 550 260 584 4063 4063 4062 4062 4062 4062 4062 4062
623 1777383138 3558 3703 3675 3655 3590 556 246 583 4063 4063 4063 4063 4063 4063 4063 4063
624 1777383139 3558 3703 3674 3654 3590 526 246 585 4061 4061 4061 4061 4061 4061 4061 4061
625 1777383139 3560 3704 3677 3656 3591 556 269 584 4061 4061 4061 4061 4061 4061 4061 4061
626 1777383139 3558 3703 3676 3654 3590 538 258 584 4063 4063 4062 4062 4062 4062 4062 4062
627 1777383139 3559 3703 3676 3655 3590 560 266 583 4063 4063 4062 4062 4062 4062 4062 4062
628 1777383139 3559 3703 3676 3655 3590 571 264 581 4063 4063 4062 4062 4062 4062 4062 4062
629 1777383139 3560 3704 3677 3655 3590 512 248 586 4063 4063 4062 4062 4062 4062 4062 4062
630 1777383139 3558 3703 3675 3654 3590 528 233 586 4061 4061 4061 4061 4061 4061 4061 4061
631 1777383139 3558 3702 3675 3654 3589 549 250 585 4061 4061 4061 4061 4061 4061 4061 4061
632 1777383139 3559 3704 3677 3655 3591 548 258 584 4063 4062 4062 4062 4062 4062 4062 4062
633 1777383139 3559 3705 3677 3656 3591 518 227 586 4061 4061 4061 4061 4061 4061 4061 4061
634 1777383140 3559 3704 3676 3655 3591 555 262 584 4063 4063 4062 4062 4062 4062 4062 4062
635 1777383140 3558 3703 3676 3654 3589 516 228 586 4063 4063 4062 4062 4062 4062 4062 4062
636 1777383140 3559 3704 3676 3656 3591 558 267 583 4063 4063 4062 4062 4062 4062 4062 4062
637 1777383140 3558 3703 3675 3654 3590 549 256 585 4063 4063 4063 4063 4063 4063 4063 4063
638 1777383140 3559 3704 3676 3655 3590 540 252 585 4061 4061 4061 4061 4061 4061 4061 4061
639 1777383141 3560 3704 3677 3656 3592 538 252 585 4063 4063 4062 4062 4062 4062 4062 4062
640 1777383141 3559 3704 3675 3655 3591 544 264 584 4061 4061 4061 4061 4061 4061 4061 4061
641 1777383141 3559 3704 3676 3655 3590 536 248 585 4063 4063 4062 4062 4062 4062 4062 4062
642 1777383141 3560 3704 3677 3656 3591 558 265 583 4063 4063 4062 4062 4062 4062 4062 4062
643 1777383141 3558 3703 3675 3655 3590 550 266 584 4063 4063 4063 4063 4063 4063 4063 4063
644 1777383141 3560 3705 3677 3656 3591 557 266 584 4063 4063 4062 4062 4062 4062 4062 4062
645 1777383141 3558 3702 3675 3654 3589 564 271 583 4063 4063 4062 4062 4062 4062 4062 4062
646 1777383141 3558 3704 3676 3655 3590 554 256 584 4063 4061 4061 4061 4061 4061 4061 4061
647 1777383141 3559 3704 3676 3655 3590 548 267 585 4063 4063 4062 4062 4062 4062 4062 4062
648 1777383141 3559 3704 3676 3655 3592 543 261 585 4061 4061 4061 4061 4061 4061 4061 4061
649 1777383141 3558 3703 3675 3654 3590 544 251 584 4063 4063 4062 4062 4062 4062 4062 4062
650 1777383141 3559 3704 3676 3655 3590 565 261 583 4063 4063 4062 4062 4062 4062 4062 4062
651 1777383141 3559 3704 3677 3655 3591 569 267 582 4063 4063 4063 4063 4063 4063 4063 4063
652 1777383142 3558 3703 3675 3654 3590 528 238 586 4063 4063 4062 4062 4062 4062 4062 4062
653 1777383142 3559 3704 3676 3656 3590 529 250 586 4061 4061 4061 4061 4061 4061 4061 4061
654 1777383142 3559 3703 3676 3655 3590 529 251 586 4061 4061 4061 4061 4061 4061 4061 4061
655 1777383142 3560 3704 3676 3656 3591 547 260 584 4061 4061 4061 4061 4061 4061 4061 4061
656 1777383142 3559 3704 3676 3655 3591 555 251 584 4063 4063 4062 4062 4062 4062 4062 4062
657 1777383142 3559 3704 3676 3655 3591 548 239 585 4063 4063 4063 4063 4063 4063 4063 4063
658 1777383142 3558 3703 3675 3654 3589 533 248 585 4061 4061 4061 4061 4061 4061 4061 4061
659 1777383142 3559 3704 3676 3655 3590 553 262 585 4063 4063 4062 4062 4062 4062 4062 4062
660 1777383142 3559 3704 3676 3656 3591 487 215 587 4061 4061 4061 4061 4061 4061 4061 4061
661 1777383142 3558 3704 3676 3654 3590 541 251 585 4061 4061 4061 4061 4061 4061 4061 4061
662 1777383142 3559 3704 3676 3655 3590 568 256 582 4063 4063 4062 4062 4062 4062 4062 4062
663 1777383142 3559 3704 3676 3655 3590 553 260 585 4061 4061 4061 4061 4061 4061 4061 4061
664 1777383142 3559 3703 3676 3655 3590 525 238 586 4063 4063 4062 4062 4062 4062 4062 4062
665 1777383143 3559 3704 3676 3655 3590 542 249 585 4061 4061 4061 4061 4061 4061 4061 4061
666 1777383143 3560 3704 3676 3656 3591 546 253 585 4063 4061 4061 4061 4061 4061 4061 4061
667 1777383143 3559 3704 3676 3655 3591 548 261 585 4063 4063 4062 4062 4062 4062 4062 4062
668 1777383143 3560 3704 3677 3656 3591 544 268 585 4063 4063 4062 4062 4062 4062 4062 4062
669 1777383143 3559 3704 3676 3656 3591 566 263 582 4063 4063 4063 4063 4063 4063 4063 4063
670 1777383143 3559 3704 3676 3655 3591 553 260 584 4063 4063 4063 4063 4063 4063 4063 4063
671 1777383143 3559 3704 3676 3655 3590 575 269 580 4063 4063 4062 4062 4062 4062 4062 4062
672 1777383143 3559 3703 3676 3655 3590 551 262 585 4061 4061 4061 4061 4061 4061 4061 4061
673 1777383144 3560 3705 3677 3656 3591 558 277 583 4063 4063 4062 4062 4062 4062 4062 4062
674 1777383144 3558 3703 3676 3655 3590 541 250 585 4061 4061 4061 4061 4061 4061 4061 4061
675 1777383144 3560 3704 3677 3656 3591 518 225 587 4061 4061 4061 4061 4061 4061 4061 4061
676 1777383144 3560 3704 3676 3655 3590 533 252 586 4061 4061 4061 4061 4061 4061 4061 4061
677 1777383144 3558 3704 3676 3656 3590 552 253 585 4063 4063 4062 4062 4062 4062 4062 4062
678 1777383144 3559 3704 3676 3655 3590 567 269 582 4063 4063 4062 4062 4062 4062 4062 4062
679 1777383144 3559 3704 3676 3655 3591 552 257 585 4061 4061 4061 4061 4061 4061 4061 4061
680 1777383144 3559 3704 3675 3655 3591 517 244 586 4063 4063 4062 4062 4062 4062 4062 4062
681 1777383145 3560 3705 3677 3656 3591 555 259 585 4063 4063 4062 4062 4062 4062 4062 4062
682 1777383145 3559 3704 3677 3655 3591 544 259 585 4063 4062 4062 4062 4062 4062 4062 4062
683 1777383145 3560 3704 3676 3655 3591 551 255 585 4063 4062 4062 4062 4062 4062 4062 4062
684 1777383145 3558 3703 3675 3654 3590 531 252 586 4063 4063 4062 4062 4062 4062 4062 4062
685 1777383145 3559 3704 3677 3656 3592 556 274 584 4063 4063 4063 4063 4063 4063 4063 4063
686 1777383145 3558 3703 3676 3655 3590 531 258 586 4063 4063 4062 4062 4062 4062 4062 4062
687 1777383145 3559 3704 3675 3655 3590 569 266 582 4061 4061 4061 4061 4061 4061 4061 4061
688 1777383145 3559 3704 3677 3656 3591 562 264 583 4063 4062 4062 4062 4062 4062 4062 4062
689 1777383145 3559 3704 3677 3656 3591 526 257 586 4063 4063 4062 4062 4062 4062 4062 4062
690 1777383145 3559 3703 3675 3655 3590 565 264 584 4063 4063 4063 4063 4063 4063 4063 4063
691 1777383145 3558 3703 3675 3655 3590 534 231 585 4063 4061 4061 4061 4061 4061 4061 4061
692 1777383145 3560 3705 3677 3656 3592 536 258 586 4063 4063 4062 4062 4062 4062 4062 4062
693 1777383146 3558 3703 3675 3654 3590 538 3630 587 4063 4063 4062 4062 4062 4062 4062 4062
694 1777383146 3559 3704 3676 3656 3591 555 252 584 4065 4063 4063 4063 4063 4063 4063 4063
695 1777383146 3559 3704 3676 3655 3591 564 264 583 4061 4061 4061 4061 4061 4061 4061 4061
696 1777383146 3559 3704 3676 3655 3590 553 3630 586 4061 4061 4061 4061 4061 4061 4061 4061
697 1777383146 3560 3705 3678 3657 3592 539 261 585 4061 4061 4061 4061 4061 4061 4061 4061
698 1777383146 3558 3703 3675 3655 3590 539 247 585 4061 4061 4061 4061 4061 4061 4061 4061
699 1777383146 3558 3703 3676 3654 3590 557 265 584 4063 4063 4062 4062 4062 4062 4062 4062
700 1777383146 3560 3705 3677 3656 3591 505 224 587 4061 4061 4061 4061 4061 4061 4061 4061
701 1777383146 3559 3704 3677 3656 3591 557 259 585 4063 4063 4062 4062 4062 4062 4062 4062
702 1777383146 3559 3704 3676 3655 3591 524 244 586 4063 4063 4063 4063 4063 4063 4063 4063
703 1777383146 3560 3705 3677 3656 3592 587 275 575 4063 4062 4062 4062 4062 4062 4062 4062
704 1777383146 3559 3704 3677 3655 3591 548 271 585 4063 4063 4062 4062 4062 4062 4062 4062
705 1777383146 3559 3703 3676 3654 3590 552 3629 586 4063 4063 4063 4063 4063 4063 4063 4063
706 1777383146 3560 3704 3676 3655 3591 558 270 584 4063 4062 4062 4062 4062 4062 4062 4062
707 1777383147 3559 3704 3676 3655 3591 543 256 586 4061 4061 4061 4061 4061 4061 4061 4061
708 1777383147 3559 3705 3677 3656 3591 531 238 586 4063 4063 4062 4062 4062 4062 4062 4062
709 1777383147 3558 3702 3675 3654 3589 548 254 585 4063 4061 4061 4061 4061 4061 4061 4061
710 1777383147 3559 3704 3676 3655 3591 517 236 587 4063 4063 4062 4062 4062 4062 4062 4062
711 1777383147 3559 3704 3676 3656 3591 510 232 587 4061 4061 4061 4061 4061 4061 4061 4061
712 1777383147 3559 3704 3676 3655 3591 539 256 585 4063 4062 4062 4062 4062 4062 4062 4062
713 1777383147 3559 3704 3677 3656 3591 554 261 585 4063 4063 4063 4063 4063 4063 4063 4063
714 1777383147 3560 3705 3677 3656 3591 555 249 585 4061 4061 4061 4061 4061 4061 4061 4061
715 1777383147 3559 3704 3677 3656 3591 540 250 585 4063 4063 4062 4062 4062 4062 4062 4062
716 1777383147 3559 3704 3676 3655 3591 531 251 587 4063 4063 4062 4062 4062 4062 4062 4062
717 1777383147 3558 3704 3677 3656 3591 568 287 583 4061 4061 4061 4061 4061 4061 4061 4061
718 1777383147 3560 3705 3677 3656 3591 548 269 585 4063 4063 4062 4062 4062 4062 4062 4062
719 1777383147 3558 3703 3675 3654 3589 544 261 586 4063 4063 4062 4062 4062 4062 4062 4062
720 1777383147 3559 3704 3677 3656 3591 525 241 586 4063 4063 4062 4062 4062 4062 4062 4062
721 1777383148 3560 3705 3677 3656 3591 553 258 585 4063 4063 4062 4062 4062 4062 4062 4062
722 1777383148 3559 3704 3676 3655 3590 550 267 585 4063 4063 4063 4063 4063 4063 4063 4063
723 1777383148 3559 3704 3676 3655 3591 536 231 586 4063 4063 4062 4062 4062 4062 4062 4062
724 1777383148 3560 3704 3677 3655 3591 557 283 584 4063 4063 4062 4062 4062 4062 4062 4062
725 1777383148 3559 3704 3676 3655 3591 528 234 587 4063 4063 4062 4062 4062 4062 4062 4062
726 1777383148 3559 3705 3677 3656 3592 559 264 584 4061 4061 4061 4061 4061 4061 4061 4061
727 1777383148 3560 3704 3676 3656 3592 561 268 584 4063 4063 4062 4062 4062 4062 4062 4062
728 1777383148 3560 3705 3678 3657 3592 551 250 585 4063 4063 4063 4063 4063 4063 4063 4063
729 1777383148 3558 3704 3676 3655 3591 558 244 585 4063 4063 4062 4062 4062 4062 4062 4062
730 1777383148 3559 3704 3676 3656 3591 536 256 586 4061 4061 4061 4061 4061 4061 4061 4061
731 1777383148 3560 3705 3677 3657 3592 578 276 579 4063 4063 4062 4062 4062 4062 4062 4062
732 1777383148 3560 3704 3677 3656 3591 555 260 585 4061 4061 4061 4061 4061 4061 4061 4061
733 1777383148 3559 3704 3676 3655 3591 572 277 581 4063 4063 4062 4062 4062 4062 4062 4062
734 1777383149 3560 3705 3677 3656 3591 560 256 584 4063 4063 4062 4062 4062 4062 4062 4062
735 1777383149 3560 3705 3677 3656 3592 552 255 585 4063 4063 4063 4063 4063 4063 4063 4063
736 1777383149 3559 3704 3676 3655 3591 548 257 585 4063 4063 4062 4062 4062 4062 4062 4062
737 1777383149 3560 3705 3677 3656 3591 547 256 585 4063 4063 4062 4062 4062 4062 4062 4062
738 1777383149 3561 3705 3677 3657 3592 521 249 587 4063 4062 4062 4062 4062 4062 4062 4062
739 1777383149 3561 3706 3677 3656 3592 532 249 587 4063 4063 4063 4063 4063 4063 4063 4063
740 1777383150 3558 3703 3675 3655 3590 537 249 586 4063 4063 4062 4062 4062 4062 4062 4062
741 1777383150 3560 3705 3677 3656 3592 554 262 585 4063 4063 4062 4062 4062 4062 4062 4062
742 1777383150 3559 3704 3676 3655 3591 561 248 583 4061 4061 4061 4061 4061 4061 4061 4061
743 1777383150 3560 3705 3677 3656 3591 553 266 585 4063 4063 4062 4062 4062 4062 4062 4062
744 1777383150 3560 3705 3677 3656 3592 541 259 586 4061 4061 4060 4060 4060 4060 4060 4060
745 1777383150 3558 3704 3675 3655 3590 518 232 587 4063 4063 4062 4062 4062 4062 4062 4062
746 1777383150 3559 3704 3676 3655 3590 535 243 586 4063 4062 4062 4062 4062 4062 4062 4062
747 1777383150 3559 3704 3676 3656 3591 566 267 584 4063 4063 4062 4062 4062 4062 4062 4062
748 1777383150 3560 3704 3677 3656 3591 563 262 584 4063 4063 4062 4062 4062 4062 4062 4062
749 1777383150 3560 3704 3677 3656 3592 543 253 586 4063 4063 4062 4062 4062 4062 4062 4062
750 1777383150 3559 3704 3676 3656 3591 565 261 583 4063 4063 4062 4062 4062 4062 4062 4062
751 1777383150 3560 3706 3678 3657 3592 548 266 585 4061 4061 4061 4061 4061 4061 4061 4061
752 1777383151 3560 3704 3677 3655 3591 544 259 586 4063 4063 4062 4062 4062 4062 4062 4062
753 1777383151 3560 3705 3677 3656 3591 562 265 584 4063 4063 4062 4062 4062 4062 4062 4062
754 1777383151 3559 3704 3677 3656 3591 571 286 582 4063 4063 4062 4062 4062 4062 4062 4062
755 1777383151 3560 3704 3677 3656 3591 534 256 586 4061 4061 4061 4061 4061 4061 4061 4061
756 1777383151 3560 3705 3677 3657 3592 572 266 582 4061 4061 4061 4061 4061 4061 4061 4061
757 1777383151 3560 3705 3677 3656 3591 558 267 584 4061 4061 4061 4061 4061 4061 4061 4061
758 1777383151 3559 3704 3676 3655 3590 531 230 585 4063 4063 4062 4062 4062 4062 4062 4062
759 1777383151 3559 3704 3676 3655 3590 515 230 587 4061 4061 4061 4061 4061 4061 4061 4061
760 1777383151 3560 3705 3677 3656 3591 521 245 587 4063 4063 4062 4062 4062 4062 4062 4062
761 1777383151 3558 3703 3676 3655 3590 512 242 587 4063 4063 4062 4062 4062 4062 4062 4062
762 1777383151 3560 3705 3677 3657 3592 545 246 585 4061 4061 4061 4061 4061 4061 4061 4061
763 1777383151 3560 3705 3677 3656 3591 536 253 586 4063 4063 4062 4062 4062 4062 4062 4062
764 1777383151 3559 3704 3676 3655 3591 551 254 585 4061 4061 4061 4061 4061 4061 4061 4061
765 1777383152 3559 3704 3676 3656 3591 565 266 584 4063 4063 4062 4062 4062 4062 4062 4062
766 1777383152 3560 3705 3678 3657 3592 548 263 585 4061 4061 4061 4061 4061 4061 4061 4061
767 1777383152 3559 3704 3677 3656 3591 568 274 583 4063 4063 4063 4063 4063 4063 4063 4063
768 1777383152 3559 3704 3677 3655 3591 523 237 587 4063 4063 4062 4062 4062 4062 4062 4062
769 1777383152 3559 3704 3676 3655 3591 551 269 585 4061 4061 4061 4061 4061 4061 4061 4061
770 1777383152 3560 3704 3677 3656 3592 555 271 585 4063 4063 4062 4062 4062 4062 4062 4062
771 1777383152 3560 3704 3677 3656 3591 546 263 585 4063 4063 4063 4063 4063 4063 4063 4063
772 1777383152 3561 3705 3678 3657 3592 557 269 585 4063 4063 4062 4062 4062 4062 4062 4062
773 1777383152 3559 3704 3676 3655 3590 551 3631 586 4063 4063 4062 4062 4062 4062 4062 4062
774 1777383152 3560 3705 3677 3656 3592 519 225 587 4063 4063 4062 4062 4062 4062 4062 4062
775 1777383152 3560 3705 3677 3656 3592 524 244 587 4063 4063 4062 4062 4062 4062 4062 4062
776 1777383152 3560 3705 3677 3656 3591 549 263 586 4063 4063 4062 4062 4062 4062 4062 4062
777 1777383153 3560 3705 3677 3656 3591 561 252 584 4063 4063 4062 4062 4062 4062 4062 4062
778 1777383153 3559 3704 3676 3655 3590 543 252 585 4063 4063 4063 4063 4063 4063 4063 4063
779 1777383153 3559 3704 3677 3656 3591 544 256 586 4063 4063 4063 4063 4063 4063 4063 4063
780 1777383153 3559 3704 3677 3655 3591 553 264 585 4061 4061 4061 4061 4061 4061 4061 4061
781 1777383153 3560 3704 3677 3656 3591 579 281 580 4061 4061 4061 4061 4061 4061 4061 4061
782 1777383153 3559 3703 3676 3655 3590 557 265 585 4063 4063 4062 4062 4062 4062 4062 4062
783 1777383153 3560 3705 3677 3656 3592 552 252 585 4063 4063 4063 4063 4063 4063 4063 4063
784 1777383153 3560 3704 3677 3656 3591 565 255 584 4063 4063 4062 4062 4062 4062 4062 4062
785 1777383153 3559 3703 3676 3655 3591 566 273 584 4063 4063 4062 4062 4062 4062 4062 4062
786 1777383153 3560 3705 3677 3656 3592 533 243 587 4063 4063 4062 4062 4062 4062 4062 4062
787 1777383153 3560 3704 3676 3655 3591 546 256 586 4061 4061 4061 4061 4061 4061 4061 4061
788 1777383153 3559 3705 3676 3656 3591 542 251 586 4063 4063 4062 4062 4062 4062 4062 4062
789 1777383154 3560 3705 3677 3657 3592 558 261 585 4063 4063 4062 4062 4062 4062 4062 4062
790 1777383154 3559 3704 3676 3656 3591 543 3631 587 4063 4063 4062 4062 4062 4062 4062 4062
791 1777383154 3560 3705 3677 3657 3592 555 246 585 4061 4061 4061 4061 4061 4061 4061 4061
792 1777383154 3560 3705 3677 3656 3591 537 256 587 4063 4063 4062 4062 4062 4062 4062 4062
793 1777383154 3560 3705 3677 3655 3592 565 262 584 4065 4063 4063 4063 4063 4063 4063 4063
794 1777383154 3560 3705 3678 3657 3593 545 256 586 4063 4063 4062 4062 4062 4062 4062 4062
795 1777383154 3560 3705 3678 3656 3592 527 265 587 4063 4063 4062 4062 4062 4062 4062 4062
796 1777383154 3560 3704 3677 3656 3591 559 265 585 4063 4063 4062 4062 4062 4062 4062 4062
797 1777383154 3560 3705 3677 3656 3592 576 272 581 4063 4063 4062 4062 4062 4062 4062 4062
798 1777383154 3560 3705 3677 3656 3591 569 236 584 4063 4063 4062 4062 4062 4062 4062 4062
799 1777383154 3559 3704 3676 3655 3591 571 279 583 4063 4063 4062 4062 4062 4062 4062 4062
800 1777383154 3560 3704 3677 3657 3592 549 3632 587 4061 4061 4061 4061 4061 4061 4061 4061
801 1777383154 3559 3704 3676 3655 3591 546 263 586 4063 4062 4062 4062 4062 4062 4062 4062
802 1777383154 3560 3705 3677 3657 3592 556 266 586 4063 4063 4063 4063 4063 4063 4063 4063
803 1777383155 3560 3705 3677 3656 3592 573 3632 583 4063 4063 4062 4062 4062 4062 4062 4062
804 1777383155 3561 3706 3677 3657 3592 550 268 586 4063 4062 4062 4062 4062 4062 4062 4062
805 1777383155 3558 3703 3676 3655 3590 565 269 584 4063 4063 4062 4062 4062 4062 4062 4062
806 1777383155 3559 3704 3677 3656 3591 493 3632 589 4061 4061 4061 4061 4061 4061 4061 4061
807 1777383156 3560 3705 3677 3657 3592 487 197 588 4063 4063 4063 4063 4063 4063 4063 4063
808 1777383156 3560 3705 3677 3656 3592 547 248 586 4063 4063 4062 4062 4062 4062 4062 4062
809 1777383156 3559 3705 3677 3656 3591 547 257 586 4061 4061 4061 4061 4061 4061 4061 4061
810 1777383156 3559 3704 3676 3656 3591 557 248 586 4063 4063 4063 4063 4063 4063 4063 4063
811 1777383156 3559 3704 3676 3656 3590 562 269 584 4061 4061 4061 4061 4061 4061 4061 4061
812 1777383156 3561 3706 3678 3656 3592 548 256 586 4063 4063 4063 4063 4063 4063 4063 4063
813 1777383156 3560 3705 3677 3657 3592 538 253 586 4061 4061 4061 4061 4061 4061 4061 4061
814 1777383156 3561 3705 3677 3656 3592 575 282 582 4061 4061 4061 4061 4061 4061 4061 4061
815 1777383156 3560 3705 3677 3656 3592 560 267 584 4063 4062 4062 4062 4062 4062 4062 4062
816 1777383156 3560 3705 3678 3657 3592 544 269 586 4061 4061 4061 4061 4061 4061 4061 4061
817 1777383156 3561 3705 3678 3656 3592 540 251 587 4061 4061 4061 4061 4061 4061 4061 4061
818 1777383156 3560 3705 3677 3656 3591 551 269 586 4063 4063 4062 4062 4062 4062 4062 4062
819 1777383156 3560 3705 3678 3656 3592 562 287 585 4063 4063 4063 4063 4063 4063 4063 4063
820 1777383156 3560 3705 3677 3656 3592 563 272 585 4063 4063 4063 4063 4063 4063 4063 4063
821 1777383156 3560 3705 3677 3656 3592 508 228 587 4061 4061 4061 4061 4061 4061 4061 4061
822 1777383156 3560 3705 3677 3657 3592 553 269 586 4063 4063 4062 4062 4062 4062 4062 4062
823 1777383157 3560 3705 3677 3656 3591 569 266 583 4063 4061 4061 4061 4061 4061 4061 4061
824 1777383157 3560 3705 3677 3656 3592 559 266 584 4063 4063 4062 4062 4062 4062 4062 4062
825 1777383157 3560 3705 3677 3656 3591 546 266 586 4061 4061 4061 4061 4061 4061 4061 4061
826 1777383157 3560 3705 3677 3656 3592 543 239 587 4063 4063 4063 4063 4063 4063 4063 4063
827 1777383157 3560 3705 3677 3656 3591 548 257 585 4061 4061 4061 4061 4061 4061 4061 4061
828 1777383157 3560 3704 3677 3656 3591 561 256 585 4063 4061 4061 4061 4061 4061 4061 4061
829 1777383157 3561 3706 3679 3658 3594 539 247 586 4063 4063 4062 4062 4062 4062 4062 4062
830 1777383157 3559 3705 3677 3656 3591 554 264 586 4063 4063 4062 4062 4062 4062 4062 4062
831 1777383157 3562 3706 3678 3657 3592 564 267 584 4061 4061 4061 4061 4061 4061 4061 4061
832 1777383157 3561 3706 3678 3657 3593 545 257 586 4063 4063 4063 4063 4063 4063 4063 4063
833 1777383157 3560 3705 3677 3656 3592 562 269 585 4063 4063 4062 4062 4062 4062 4062 4062
834 1777383158 3558 3704 3677 3655 3591 526 238 587 4063 4063 4062 4062 4062 4062 4062 4062
835 1777383158 3559 3704 3676 3655 3590 511 222 588 4063 4063 4063 4063 4063 4063 4063 4063
836 1777383158 3561 3706 3679 3658 3593 557 269 586 4061 4061 4061 4061 4061 4061 4061 4061
837 1777383158 3561 3706 3678 3657 3592 569 257 584 4061 4061 4061 4061 4061 4061 4061 4061
838 1777383158 3560 3705 3677 3656 3591 561 259 585 4061 4061 4061 4061 4061 4061 4061 4061
839 1777383158 3560 3705 3677 3656 3592 541 261 587 4063 4063 4062 4062 4062 4062 4062 4062
840 1777383158 3561 3706 3678 3657 3592 549 241 586 4063 4063 4062 4062 4062 4062 4062 4062
841 1777383158 3560 3705 3677 3656 3592 543 255 586 4063 4063 4062 4062 4062 4062 4062 4062
842 1777383158 3561 3705 3678 3657 3593 531 238 587 4063 4063 4062 4062 4062 4062 4062 4062
843 1777383158 3560 3705 3677 3656 3592 559 249 586 4063 4063 4062 4062 4062 4062 4062 4062
844 1777383158 3561 3706 3677 3657 3592 555 255 586 4063 4063 4062 4062 4062 4062 4062 4062
845 1777383158 3560 3704 3677 3656 3591 535 3632 588 4063 4063 4062 4062 4062 4062 4062 4062
846 1777383159 3561 3706 3678 3657 3593 560 267 585 4063 4063 4062 4062 4062 4062 4062 4062
847 1777383159 3561 3705 3678 3656 3592 570 279 583 4063 4063 4062 4062 4062 4062 4062 4062
848 1777383159 3561 3705 3678 3657 3592 544 248 586 4063 4063 4062 4062 4062 4062 4062 4062
849 1777383159 3561 3705 3678 3657 3592 536 250 587 4063 4063 4062 4062 4062 4062 4062 4062
850 1777383159 3561 3706 3678 3657 3592 537 241 587 4063 4063 4062 4062 4062 4062 4062 4062
851 1777383159 3560 3705 3677 3656 3592 538 254 587 4063 4063 4062 4062 4062 4062 4062 4062
852 1777383159 3560 3705 3677 3656 3591 556 278 586 4063 4063 4063 4063 4063 4063 4063 4063
853 1777383159 3561 3706 3678 3657 3593 568 283 584 4063 4063 4062 4062 4062 4062 4062 4062
854 1777383159 3561 3706 3678 3657 3593 553 273 586 4063 4063 4062 4062 4062 4062 4062 4062
855 1777383159 3559 3703 3675 3654 3590 547 254 584 4063 4063 4062 4062 4062 4062 4062 4062
856 1777383159 3559 3704 3676 3655 3590 578 262 578 4063 4063 4062 4062 4062 4062 4062 4062
857 1777383159 3560 3704 3677 3656 3591 545 262 584 4061 4061 4061 4061 4061 4061 4061 4061
858 1777383159 3559 3704 3676 3655 3590 557 267 583 4061 4061 4061 4061 4061 4061 4061 4061
859 1777383159 3559 3703 3676 3655 3590 532 233 585 4063 4063 4063 4063 4063 4063 4063 4063
860 1777383159 3558 3703 3675 3655 3591 559 255 583 4061 4061 4061 4061 4061 4061 4061 4061
861 1777383159 3559 3704 3676 3655 3590 529 237 586 4063 4063 4062 4062 4062 4062 4062 4062
862 1777383159 3558 3703 3675 3654 3590 537 240 584 4063 4063 4062 4062 4062 4062 4062 4062
863 1777383160 3559 3704 3676 3654 3591 551 253 584 4063 4063 4062 4062 4062 4062 4062 4062
864 1777383160 3559 3703 3675 3654 3589 568 261 582 4063 4063 4063 4063 4063 4063 4063 4063
865 1777383160 3559 3704 3676 3656 3590 554 253 584 4063 4063 4062 4062 4062 4062 4062 4062
866 1777383160 3558 3703 3675 3654 3590 544 253 584 4061 4061 4061 4061 4061 4061 4061 4061
867 1777383160 3559 3703 3675 3655 3590 544 259 584 4063 4063 4062 4062 4062 4062 4062 4062
868 1777383160 3559 3703 3675 3655 3590 551 259 584 4063 4062 4062 4062 4062 4062 4062 4062
869 1777383160 3559 3704 3676 3654 3590 564 261 583 4061 4061 4061 4061 4061 4061 4061 4061
870 1777383160 3559 3704 3676 3655 3590 548 262 584 4063 4063 4062 4062 4062 4062 4062 4062
871 1777383161 3560 3705 3677 3656 3591 568 267 582 4061 4061 4061 4061 4061 4061 4061 4061
872 1777383161 3559 3703 3675 3654 3589 537 251 585 4061 4061 4061 4061 4061 4061 4061 4061
873 1777383161 3561 3706 3678 3657 3593 528 240 585 4063 4063 4062 4062 4062 4062 4062 4062
874 1777383161 3559 3705 3677 3655 3590 548 251 584 4061 4061 4061 4061 4061 4061 4061 4061
875 1777383161 3559 3703 3676 3655 3591 543 265 585 4063 4063 4062 4062 4062 4062 4062 4062
876 1777383161 3558 3703 3675 3655 3590 588 3630 574 4061 4061 4061 4061 4061 4061 4061 4061
877 1777383161 3559 3704 3676 3655 3590 560 271 583 4063 4063 4062 4062 4062 4062 4062 4062
878 1777383161 3559 3704 3676 3655 3590 530 228 586 4061 4061 4061 4061 4061 4061 4061 4061
879 1777383161 3560 3704 3675 3655 3590 549 250 585 4061 4061 4061 4061 4061 4061 4061 4061
880 1777383161 3559 3704 3676 3655 3591 547 268 584 4061 4061 4061 4061 4061 4061 4061 4061
881 1777383161 3558 3703 3676 3655 3590 535 249 585 4061 4061 4061 4061 4061 4061 4061 4061
882 1777383161 3558 3704 3676 3655 3591 531 233 585 4061 4061 4061 4061 4061 4061 4061 4061
883 1777383161 3559 3704 3677 3656 3592 568 273 582 4063 4063 4063 4063 4063 4063 4063 4063
884 1777383162 3558 3703 3675 3654 3590 539 241 585 4063 4063 4063 4063 4063 4063 4063 4063
885 1777383162 3559 3704 3676 3655 3590 539 253 585 4063 4061 4061 4061 4061 4061 4061 4061
886 1777383162 3559 3704 3676 3655 3590 559 254 583 4063 4063 4062 4062 4062 4062 4062 4062
887 1777383162 3560 3704 3677 3655 3591 525 249 586 4063 4063 4062 4062 4062 4062 4062 4062
888 1777383162 3559 3704 3676 3655 3590 532 243 586 4063 4063 4062 4062 4062 4062 4062 4062
889 1777383162 3559 3704 3676 3655 3591 528 237 585 4061 4061 4061 4061 4061 4061 4061 4061
890 1777383162 3559 3703 3676 3655 3590 557 274 584 4063 4063 4062 4062 4062 4062 4062 4062
891 1777383162 3559 3704 3676 3655 3590 496 215 587 4063 4063 4062 4062 4062 4062 4062 4062
892 1777383162 3559 3704 3676 3655 3590 546 242 585 4063 4062 4062 4062 4062 4062 4062 4062
893 1777383162 3559 3704 3676 3655 3590 565 257 582 4063 4063 4062 4062 4062 4062 4062 4062
894 1777383162 3558 3703 3675 3654 3589 525 247 586 4061 4061 4061 4061 4061 4061 4061 4061
895 1777383163 3559 3704 3676 3656 3590 568 266 582 4063 4062 4062 4062 4062 4062 4062 4062
896 1777383163 3559 3704 3677 3656 3591 532 255 585 4063 4061 4061 4061 4061 4061 4061 4061
897 1777383163 3558 3703 3675 3654 3590 554 264 584 4063 4063 4062 4062 4062 4062 4062 4062
898 1777383163 3559 3704 3676 3655 3591 533 246 586 4063 4063 4063 4063 4063 4063 4063 4063
899 1777383163 3559 3704 3676 3655 3591 551 245 584 4063 4063 4062 4062 4062 4062 4062 4062
900 1777383163 3559 3704 3676 3655 3590 539 260 585 4061 4061 4061 4061 4061 4061 4061 4061
901 1777383163 3559 3704 3677 3656 3591 536 251 585 4063 4063 4062 4062 4062 4062 4062 4062
902 1777383163 3559 3704 3676 3655 3591 579 270 579 4063 4063 4062 4062 4062 4062 4062 4062
903 1777383163 3560 3705 3677 3656 3592 552 264 584 4063 4062 4062 4062 4062 4062 4062 4062
904 1777383163 3559 3704 3677 3655 3591 540 248 585 4063 4063 4062 4062 4062 4062 4062 4062
905 1777383163 3559 3705 3677 3656 3591 555 264 584 4062 4063 4062 4062 4062 4062 4062 4062
906 1777383164 3559 3704 3676 3656 3591 543 256 585 4063 4061 4061 4061 4061 4061 4061 4061
907 1777383164 3559 3704 3676 3655 3590 542 250 585 4061 4061 4061 4061 4061 4061 4061 4061
908 1777383164 3558 3703 3676 3655 3590 566 3631 584 4061 4061 4061 4061 4061 4061 4061 4061
909 1777383164 3559 3704 3676 3655 3590 546 249 585 4061 4061 4061 4061 4061 4061 4061 4061
910 1777383164 3559 3705 3676 3655 3591 577 255 578 4061 4061 4061 4061 4061 4061 4061 4061
911 1777383164 3559 3704 3676 3656 3591 541 251 585 4063 4063 4062 4062 4062 4062 4062 4062
912 1777383164 3559 3704 3676 3655 3590 555 3631 585 4063 4062 4062 4062 4062 4062 4062 4062
913 1777383164 3559 3704 3676 3655 3591 574 268 581 4063 4063 4062 4062 4062 4062 4062 4062
914 1777383164 3560 3704 3676 3655 3591 547 257 584 4063 4063 4062 4062 4062 4062 4062 4062
915 1777383164 3559 3704 3676 3656 3591 536 245 585 4061 4061 4061 4061 4061 4061 4061 4061
916 1777383164 3559 3704 3676 3655 3590 574 251 581 4063 4063 4063 4063 4063 4063 4063 4063
917 1777383164 3559 3704 3677 3656 3592 542 261 585 4063 4063 4062 4062 4062 4062 4062 4062
918 1777383164 3560 3705 3677 3655 3591 550 246 584 4063 4063 4062 4062 4062 4062 4062 4062
919 1777383165 3558 3704 3676 3655 3590 567 278 582 4063 4063 4063 4063 4063 4063 4063 4063
920 1777383165 3560 3705 3677 3656 3591 530 224 586 4061 4061 4061 4061 4061 4061 4061 4061
921 1777383165 3559 3704 3676 3655 3590 563 271 583 4061 4061 4061 4061 4061 4061 4061 4061
922 1777383165 3560 3705 3677 3657 3592 545 269 585 4063 4062 4062 4062 4062 4062 4062 4062
923 1777383165 3559 3704 3676 3655 3591 519 255 586 4061 4061 4061 4061 4061 4061 4061 4061
924 1777383165 3559 3703 3675 3655 3590 554 262 584 4063 4063 4063 4063 4063 4063 4063 4063
925 1777383165 3559 3704 3677 3656 3591 542 247 585 4063 4063 4062 4062 4062 4062 4062 4062
926 1777383165 3559 3704 3676 3655 3590 559 266 583 4063 4063 4063 4063 4063 4063 4063 4063
927 1777383165 3559 3704 3676 3654 3590 538 244 585 4061 4061 4061 4061 4061 4061 4061 4061
928 1777383165 3560 3705 3678 3657 3592 567 261 582 4063 4063 4062 4062 4062 4062 4062 4062
929 1777383166 3559 3704 3676 3654 3590 537 3631 586 4061 4061 4061 4061 4061 4061 4061 4061
930 1777383166 3559 3704 3677 3655 3591 554 268 584 4063 4063 4063 4063 4063 4063 4063 4063
931 1777383166 3559 3704 3677 3656 3591 552 261 584 4061 4061 4061 4061 4061 4061 4061 4061
932 1777383166 3560 3705 3677 3656 3592 552 252 584 4063 4063 4062 4062 4062 4062 4062 4062
933 1777383166 3560 3705 3678 3657 3592 560 257 584 4063 4063 4062 4062 4062 4062 4062 4062
934 1777383166 3559 3703 3676 3655 3590 561 263 584 4061 4061 4061 4061 4061 4061 4061 4061
935 1777383166 3559 3704 3676 3655 3591 526 235 586 4063 4063 4062 4062 4062 4062 4062 4062
936 1777383166 3559 3704 3676 3655 3590 555 255 584 4061 4061 4061 4061 4061 4061 4061 4061
937 1777383166 3560 3704 3677 3656 3591 523 256 586 4061 4061 4061 4061 4061 4061 4061 4061
938 1777383166 3560 3705 3677 3656 3591 517 235 586 4063 4063 4062 4062 4062 4062 4062 4062
939 1777383166 3559 3704 3677 3655 3591 547 251 584 4063 4063 4062 4062 4062 4062 4062 4062
940 1777383166 3559 3704 3676 3654 3590 561 261 583 4063 4063 4062 4062 4062 4062 4062 4062
941 1777383166 3560 3705 3677 3655 3591 543 247 585 4061 4061 4061 4061 4061 4061 4061 4061
942 1777383167 3559 3704 3677 3656 3591 516 228 586 4063 4063 4063 4063 4063 4063 4063 4063
943 1777383167 3560 3704 3677 3656 3591 566 267 583 4063 4063 4062 4062 4062 4062 4062 4062
944 1777383167 3558 3703 3676 3655 3591 533 253 586 4063 4063 4062 4062 4062 4062 4062 4062
945 1777383167 3559 3704 3676 3655 3591 564 283 583 4063 4063 4062 4062 4062 4062 4062 4062
946 1777383167 3559 3704 3677 3656 3591 570 269 581 4063 4062 4062 4062 4062 4062 4062 4062
947 1777383167 3559 3703 3676 3655 3590 552 277 585 4063 4063 4063 4063 4063 4063 4063 4063
948 1777383167 3559 3704 3676 3655 3590 556 263 585 4063 4063 4063 4063 4063 4063 4063 4063
949 1777383168 3559 3704 3676 3656 3591 568 269 582 4063 4063 4062 4062 4062 4062 4062 4062
950 1777383168 3559 3705 3677 3656 3591 545 262 585 4063 4063 4062 4062 4062 4062 4062 4062
951 1777383168 3560 3704 3677 3656 3591 550 254 585 4061 4061 4061 4061 4061 4061 4061 4061
952 1777383168 3560 3705 3677 3656 3592 557 266 584 4063 4063 4062 4062 4062 4062 4062 4062
953 1777383168 3559 3704 3676 3655 3590 553 259 585 4065 4063 4063 4063 4063 4063 4063 4063
954 1777383168 3560 3705 3677 3656 3591 549 258 585 4063 4063 4062 4062 4062 4062 4062 4062
955 1777383168 3559 3704 3677 3656 3591 555 263 584 4063 4062 4062 4062 4062 4062 4062 4062
956 1777383168 3560 3705 3677 3656 3592 541 251 585 4063 4063 4062 4062 4062 4062 4062 4062
957 1777383168 3560 3706 3678 3657 3592 573 276 581 4063 4063 4062 4062 4062 4062 4062 4062
958 1777383168 3559 3704 3677 3656 3591 533 250 586 4063 4063 4062 4062 4062 4062 4062 4062
959 1777383168 3559 3704 3676 3656 3591 570 272 583 4061 4061 4061 4061 4061 4061 4061 4061
960 1777383168 3560 3705 3677 3656 3592 562 264 584 4061 4061 4061 4061 4061 4061 4061 4061
961 1777383168 3558 3703 3676 3655 3591 547 257 585 4063 4063 4062 4062 4062 4062 4062 4062
962 1777383168 3560 3705 3677 3656 3592 531 245 586 4063 4063 4063 4063 4063 4063 4063 4063
963 1777383168 3559 3703 3676 3655 3590 604 3631 558 4063 4063 4062 4062 4062 4062 4062 4062
964 1777383168 3560 3705 3677 3657 3592 517 224 586 4061 4061 4061 4061 4061 4061 4061 4061
965 1777383169 3560 3705 3677 3656 3591 553 261 585 4063 4063 4062 4062 4062 4062 4062 4062
966 1777383169 3560 3705 3678 3657 3592 569 270 583 4063 4063 4062 4062 4062 4062 4062 4062
967 1777383169 3560 3705 3677 3656 3591 547 258 584 4063 4063 4062 4062 4062 4062 4062 4062
968 1777383169 3560 3704 3677 3656 3592 559 267 584 4063 4063 4063 4063 4063 4063 4063 4063
969 1777383169 3561 3706 3678 3657 3592 546 252 585 4063 4062 4062 4062 4062 4062 4062 4062
970 1777383169 3560 3705 3677 3656 3592 521 233 587 4063 4062 4062 4062 4062 4062 4062 4062
971 1777383169 3558 3703 3675 3654 3590 554 265 584 4063 4063 4062 4062 4062 4062 4062 4062
972 1777383169 3560 3705 3677 3656 3591 528 242 586 4063 4063 4062 4062 4062 4062 4062 4062
973 1777383169 3558 3703 3676 3655 3590 547 258 585 4063 4063 4062 4062 4062 4062 4062 4062
974 1777383169 3560 3705 3677 3656 3592 559 254 584 4063 4063 4063 4063 4063 4063 4063 4063
975 1777383169 3559 3704 3677 3656 3591 547 244 585 4063 4063 4062 4062 4062 4062 4062 4062
976 1777383170 3559 3703 3676 3655 3591 527 253 586 4063 4063 4063 4063 4063 4063 4063 4063
977 1777383170 3560 3705 3678 3656 3592 555 265 584 4061 4061 4061 4061 4061 4061 4061 4061
978 1777383170 3559 3704 3677 3656 3592 557 261 584 4063 4062 4062 4062 4062 4062 4062 4062
979 1777383170 3560 3704 3676 3655 3591 554 261 585 4063 4063 4062 4062 4062 4062 4062 4062
980 1777383170 3559 3704 3676 3655 3591 553 264 585 4063 4063 4062 4062 4062 4062 4062 4062
981 1777383170 3560 3705 3677 3656 3592 547 253 585 4063 4063 4062 4062 4062 4062 4062 4062
982 1777383171 3560 3705 3677 3656 3591 536 255 586 4063 4062 4062 4062 4062 4062 4062 4062
983 1777383171 3560 3705 3677 3656 3592 560 268 584 4061 4061 4061 4061 4061 4061 4061 4061
984 1777383171 3559 3704 3676 3655 3591 565 267 583 4063 4063 4062 4062 4062 4062 4062 4062
985 1777383171 3559 3704 3676 3656 3591 518 3631 588 4063 4063 4062 4062 4062 4062 4062 4062
986 1777383171 3560 3705 3677 3656 3591 528 252 587 4063 4063 4062 4062 4062 4062 4062 4062
987 1777383171 3560 3705 3678 3656 3592 544 260 586 4063 4061 4061 4061 4061 4061 4061 4061
988 1777383171 3559 3704 3677 3656 3591 537 228 586 4061 4061 4061 4061 4061 4061 4061 4061
989 1777383171 3560 3704 3677 3656 3591 570 258 582 4063 4063 4062 4062 4062 4062 4062 4062
990 1777383172 3561 3706 3678 3657 3592 549 263 585 4063 4061 4061 4061 4061 4061 4061 4061
991 1777383172 3559 3704 3677 3656 3591 546 261 585 4063 4063 4062 4062 4062 4062 4062 4062
992 1777383172 3559 3704 3676 3655 3590 552 267 585 4061 4061 4061 4061 4061 4061 4061 4061
993 1777383172 3559 3704 3676 3656 3591 537 261 586 4063 4063 4062 4062 4062 4062 4062 4062
994 1777383172 3560 3705 3677 3656 3592 552 256 585 4063 4063 4062 4062 4062 4062 4062 4062
995 1777383172 3559 3704 3676 3655 3591 535 243 586 4063 4063 4062 4062 4062 4062 4062 4062
996 1777383172 3559 3705 3677 3656 3592 545 249 586 4063 4063 4062 4062 4062 4062 4062 4062
997 1777383172 3560 3705 3677 3656 3591 557 269 584 4063 4063 4062 4062 4062 4062 4062 4062
998 1777383172 3561 3705 3678 3657 3592 570 261 582 4063 4063 4062 4062 4062 4062 4062 4062
999 1777383172 3560 3704 3676 3656 3591 555 257 585 4063 4062 4062 4062 4062 4062 4062 4062
1000 1777383172 3560 3705 3678 3657 3592 533 256 586 4061 4061 4061 4061 4061 4061 4061 4061
