1 1777383351 3556 3700 3673 3652 3588 529 256 587 4063 4063 4062 4062 4062 4062 4062 4062
2 1777383351 3558 3703 3675 3653 3590 539 244 586 4063 4063 4062 4062 4062 4062 4062 4062
3 1777383351 3558 3703 3675 3654 3590 570 254 583 4061 4061 4061 4061 4061 4061 4061 4061
4 1777383351 3558 3703 3675 3653 3589 563 3630 585 4063 4063 4062 4062 4062 4062 4062 4062
5 1777383351 3557 3702 3674 3654 3589 537 233 586 4063 4063 4062 4062 4062 4062 4062 4062
6 1777383351 3558 3703 3675 3655 3590 527 254 586 4063 4063 4063 4063 4063 4063 4063 4063
7 1777383351 3559 3704 3676 3655 3590 557 264 585 4063 4063 4062 4062 4062 4062 4062 4062
8 1777383351 3557 3702 3674 3653 3588 543 256 586 4061 4061 4061 4061 4061 4061 4061 4061
9 1777383351 3559 3703 3676 3655 3590 554 269 585 4063 4063 4062 4062 4062 4062 4062 4062
10 1777383351 3558 3703 3675 3655 3590 552 266 586 4063 4063 4062 4062 4062 4062 4062 4062
11 1777383351 3559 3704 3676 3655 3590 559 278 585 4063 4062 4062 4062 4062 4062 4062 4062
12 1777383351 3558 3703 3675 3654 3589 526 244 586 4063 4063 4062 4062 4062 4062 4062 4062
13 1777383352 3558 3703 3676 3654 3590 554 275 585 4063 4063 4063 4063 4063 4063 4063 4063
14 1777383352 3559 3704 3676 3655 3590 533 262 586 4063 4063 4063 4063 4063 4063 4063 4063
15 1777383352 3557 3702 3674 3653 3589 562 3629 585 4061 4061 4061 4061 4061 4061 4061 4061
16 1777383352 3558 3702 3674 3654 3589 535 247 586 4061 4061 4061 4061 4061 4061 4061 4061
17 1777383352 3557 3703 3675 3654 3590 550 259 585 4061 4061 4061 4061 4061 4061 4061 4061
18 1777383352 3558 3702 3675 3655 3590 569 266 583 4063 4063 4062 4062 4062 4062 4062 4062
19 1777383352 3558 3703 3675 3654 3590 525 241 587 4063 4063 4062 4062 4062 4062 4062 4062
20 1777383352 3558 3703 3675 3655 3590 561 274 585 4063 4062 4062 4062 4062 4062 4062 4062
21 1777383352 3558 3703 3676 3654 3589 560 272 585 4061 4061 4061 4061 4061 4061 4061 4061
22 1777383352 3558 3703 3675 3654 3590 532 244 586 4063 4063 4062 4062 4062 4062 4062 4062
23 1777383352 3558 3703 3675 3654 3590 570 266 583 4063 4063 4062 4062 4062 4062 4062 4062
24 1777383353 3559 3703 3675 3654 3589 561 275 584 4061 4061 4061 4061 4061 4061 4061 4061
25 1777383353 3558 3703 3676 3655 3590 520 238 586 4063 4062 4062 4062 4062 4062 4062 4062
26 1777383353 3558 3703 3675 3655 3590 539 249 586 4063 4063 4063 4063 4063 4063 4063 4063
27 1777383354 3559 3703 3676 3655 3590 552 271 586 4063 4063 4063 4063 4063 4063 4063 4063
28 1777383354 3558 3702 3675 3654 3589 538 254 586 4063 4063 4063 4063 4063 4063 4063 4063
29 1777383354 3560 3704 3677 3656 3591 565 267 584 4061 4061 4061 4061 4061 4061 4061 4061
30 1777383354 3559 3704 3676 3655 3591 551 270 585 4063 4063 4063 4063 4063 4063 4063 4063
31 1777383354 3559 3704 3676 3655 3591 550 253 585 4063 4063 4062 4062 4062 4062 4062 4062
32 1777383354 3559 3705 3677 3656 3592 563 268 584 4063 4063 4063 4063 4063 4063 4063 4063
33 1777383354 3558 3702 3675 3654 3589 562 267 584 4063 4063 4062 4062 4062 4062 4062 4062
34 1777383354 3558 3703 3675 3654 3590 543 3630 587 4063 4063 4062 4062 4062 4062 4062 4062
35 1777383355 3559 3704 3675 3655 3590 546 254 585 4063 4063 4062 4062 4062 4062 4062 4062
36 1777383355 3559 3704 3676 3655 3591 539 248 586 4063 4063 4062 4062 4062 4062 4062 4062
37 1777383355 3559 3704 3676 3655 3591 553 261 586 4061 4061 4061 4061 4061 4061 4061 4061
38 1777383355 3559 3704 3676 3655 3591 541 263 586 4063 4063 4062 4062 4062 4062 4062 4062
39 1777383355 3558 3703 3676 3655 3591 550 276 586 4063 4063 4063 4063 4063 4063 4063 4063
40 1777383355 3559 3704 3676 3655 3590 557 276 585 4063 4063 4062 4062 4062 4062 4062 4062
41 1777383355 3558 3704 3676 3655 3590 551 251 585 4063 4063 4062 4062 4062 4062 4062 4062
42 1777383356 3559 3704 3676 3655 3591 563 268 585 4061 4061 4061 4061 4061 4061 4061 4061
43 1777383356 3559 3704 3676 3654 3590 550 260 585 4063 4063 4062 4062 4062 4062 4062 4062
44 1777383356 3559 3704 3677 3657 3592 540 253 586 4063 4063 4062 4062 4062 4062 4062 4062
45 1777383356 3559 3704 3676 3655 3590 568 279 583 4061 4061 4061 4061 4061 4061 4061 4061
46 1777383356 3559 3704 3677 3655 3591 565 274 584 4061 4061 4061 4061 4061 4061 4061 4061
47 1777383356 3558 3703 3676 3655 3590 533 250 586 4063 4063 4063 4063 4063 4063 4063 4063
48 1777383356 3559 3704 3676 3655 3591 559 263 585 4063 4063 4062 4062 4062 4062 4062 4062
49 1777383356 3559 3704 3676 3655 3590 543 255 586 4063 4063 4062 4062 4062 4062 4062 4062
50 1777383356 3559 3703 3676 3655 3590 563 269 585 4063 4063 4062 4062 4062 4062 4062 4062
51 1777383356 3559 3704 3677 3655 3590 553 259 586 4061 4061 4061 4061 4061 4061 4061 4061
52 1777383356 3558 3703 3676 3655 3591 569 265 584 4063 4061 4061 4061 4061 4061 4061 4061
53 1777383356 3559 3704 3676 3656 3591 553 259 585 4065 4063 4063 4063 4063 4063 4063 4063
54 1777383356 3559 3704 3676 3655 3591 535 240 586 4063 4062 4062 4062 4062 4062 4062 4062
55 1777383356 3557 3702 3674 3653 3589 554 264 585 4063 4063 4063 4063 4063 4063 4063 4063
56 1777383357 3559 3704 3676 3655 3590 565 273 584 4061 4061 4061 4061 4061 4061 4061 4061
57 1777383357 3558 3703 3675 3655 3590 545 264 586 4063 4063 4063 4063 4063 4063 4063 4063
58 1777383357 3559 3704 3676 3656 3591 552 258 585 4063 4063 4063 4063 4063 4063 4063 4063
59 1777383357 3559 3704 3677 3656 3591 529 236 587 4063 4063 4062 4062 4062 4062 4062 4062
60 1777383357 3559 3704 3676 3655 3590 554 250 586 4063 4063 4063 4063 4063 4063 4063 4063
61 1777383357 3559 3704 3676 3656 3592 556 276 585 4063 4063 4062 4062 4062 4062 4062 4062
62 1777383357 3559 3704 3677 3656 3591 545 252 586 4063 4063 4063 4063 4063 4063 4063 4063
63 1777383357 3560 3705 3678 3656 3592 544 264 586 4063 4063 4062 4062 4062 4062 4062 4062
64 1777383357 3557 3703 3675 3654 3590 520 256 587 4063 4063 4062 4062 4062 4062 4062 4062
65 1777383357 3559 3704 3676 3656 3591 551 245 586 4063 4063 4062 4062 4062 4062 4062 4062
66 1777383357 3559 3704 3677 3656 3591 550 271 586 4063 4063 4063 4063 4063 4063 4063 4063
67 1777383357 3560 3705 3677 3657 3591 556 275 586 4063 4063 4062 4062 4062 4062 4062 4062
68 1777383357 3560 3704 3677 3656 3591 545 265 586 4063 4063 4063 4063 4063 4063 4063 4063
69 1777383357 3560 3704 3676 3656 3591 546 276 586 4061 4061 4061 4061 4061 4061 4061 4061
70 1777383357 3559 3704 3676 3655 3591 529 267 587 4063 4063 4063 4063 4063 4063 4063 4063
71 1777383358 3560 3705 3677 3656 3591 540 260 587 4061 4061 4061 4061 4061 4061 4061 4061
72 1777383358 3559 3704 3677 3656 3591 539 248 587 4061 4061 4061 4061 4061 4061 4061 4061
73 1777383358 3559 3704 3676 3655 3591 551 256 585 4061 4061 4061 4061 4061 4061 4061 4061
74 1777383358 3559 3705 3677 3656 3591 531 252 587 4063 4063 4062 4062 4062 4062 4062 4062
75 1777383358 3560 3705 3677 3655 3591 543 258 586 4061 4061 4061 4061 4061 4061 4061 4061
76 1777383358 3560 3705 3676 3656 3591 566 269 584 4063 4063 4062 4062 4062 4062 4062 4062
77 1777383359 3559 3704 3676 3655 3591 554 263 586 4061 4061 4061 4061 4061 4061 4061 4061
78 1777383359 3559 3704 3676 3655 3590 543 271 586 4063 4063 4062 4062 4062 4062 4062 4062
79 1777383359 3558 3703 3675 3654 3590 549 258 586 4063 4062 4062 4062 4062 4062 4062 4062
80 1777383359 3559 3704 3677 3656 3591 535 248 587 4063 4063 4062 4062 4062 4062 4062 4062
81 1777383359 3559 3704 3676 3655 3591 561 272 584 4063 4063 4062 4062 4062 4062 4062 4062
82 1777383359 3560 3705 3677 3656 3591 542 265 586 4061 4061 4061 4061 4061 4061 4061 4061
83 1777383359 3560 3704 3676 3656 3591 556 270 586 4061 4061 4061 4061 4061 4061 4061 4061
84 1777383359 3558 3703 3676 3655 3591 527 245 587 4063 4063 4063 4063 4063 4063 4063 4063
85 1777383359 3559 3704 3676 3656 3591 549 269 586 4061 4061 4061 4061 4061 4061 4061 4061
86 1777383360 3558 3703 3675 3655 3591 547 258 586 4063 4062 4062 4062 4062 4062 4062 4062
87 1777383360 3559 3704 3676 3656 3591 550 262 586 4063 4062 4062 4062 4062 4062 4062 4062
88 1777383360 3559 3704 3676 3655 3591 563 278 585 4061 4061 4061 4061 4061 4061 4061 4061
89 1777383360 3559 3704 3677 3656 3591 550 257 586 4061 4061 4061 4061 4061 4061 4061 4061
90 1777383360 3559 3705 3677 3656 3591 555 268 586 4063 4061 4061 4061 4061 4061 4061 4061
91 1777383360 3560 3704 3677 3656 3592 560 272 585 4061 4061 4061 4061 4061 4061 4061 4061
92 1777383360 3560 3705 3677 3656 3591 581 267 580 4063 4063 4062 4062 4062 4062 4062 4062
93 1777383360 3561 3706 3678 3657 3592 550 258 586 4063 4063 4062 4062 4062 4062 4062 4062
94 1777383360 3560 3705 3677 3656 3591 543 249 586 4061 4061 4061 4061 4061 4061 4061 4061
95 1777383360 3559 3704 3676 3655 3591 530 231 587 4063 4063 4062 4062 4062 4062 4062 4062
96 1777383360 3561 3705 3677 3657 3591 510 230 588 4063 4063 4062 4062 4062 4062 4062 4062
97 1777383360 3559 3704 3676 3655 3590 531 258 587 4061 4061 4061 4061 4061 4061 4061 4061
98 1777383361 3560 3705 3677 3656 3591 558 268 585 4061 4061 4061 4061 4061 4061 4061 4061
99 1777383361 3559 3703 3676 3655 3591 566 273 584 4061 4061 4061 4061 4061 4061 4061 4061
100 1777383361 3559 3703 3676 3655 3590 569 270 584 4063 4063 4063 4063 4063 4063 4063 4063
101 1777383361 3560 3704 3677 3656 3592 563 282 585 4063 4063 4062 4062 4062 4062 4062 4062
102 1777383361 3559 3704 3677 3656 3591 551 261 586 4063 4063 4063 4063 4063 4063 4063 4063
103 1777383361 3558 3703 3675 3654 3590 533 242 587 4061 4061 4061 4061 4061 4061 4061 4061
104 1777383361 3560 3704 3677 3656 3591 567 272 584 4063 4063 4062 4062 4062 4062 4062 4062
105 1777383361 3559 3705 3677 3656 3592 548 254 586 4063 4063 4062 4062 4062 4062 4062 4062
106 1777383361 3559 3704 3676 3656 3591 549 259 586 4061 4061 4061 4061 4061 4061 4061 4061
107 1777383361 3560 3705 3678 3656 3592 526 235 588 4061 4061 4061 4061 4061 4061 4061 4061
108 1777383362 3560 3704 3676 3655 3591 545 266 586 4063 4063 4062 4062 4062 4062 4062 4062
109 1777383362 3558 3703 3676 3655 3590 566 261 582 4063 4062 4062 4062 4062 4062 4062 4062
110 1777383362 3559 3704 3676 3655 3590 545 262 584 4063 4063 4063 4063 4063 4063 4063 4063
111 1777383362 3559 3704 3676 3655 3590 530 248 585 4063 4063 4063 4063 4063 4063 4063 4063
112 1777383362 3558 3703 3675 3654 3590 556 243 584 4063 4063 4062 4062 4062 4062 4062 4062
113 1777383362 3558 3703 3675 3654 3589 572 261 581 4063 4063 4062 4062 4062 4062 4062 4062
114 1777383362 3558 3703 3676 3655 3590 545 254 584 4063 4063 4062 4062 4062 4062 4062 4062
115 1777383362 3558 3703 3675 3654 3590 552 272 584 4063 4062 4062 4062 4062 4062 4062 4062
116 1777383362 3558 3703 3675 3654 3590 547 247 584 4061 4061 4061 4061 4061 4061 4061 4061
117 1777383362 3557 3701 3674 3654 3589 544 267 584 4063 4063 4062 4062 4062 4062 4062 4062
118 1777383362 3558 3703 3675 3654 3589 537 251 585 4061 4061 4061 4061 4061 4061 4061 4061
119 1777383363 3558 3703 3675 3655 3590 531 249 585 4063 4063 4062 4062 4062 4062 4062 4062
120 1777383363 3558 3703 3675 3654 3590 549 269 584 4061 4061 4061 4061 4061 4061 4061 4061
121 1777383363 3557 3702 3674 3654 3589 544 249 584 4063 4063 4062 4062 4062 4062 4062 4062
122 1777383363 3557 3703 3675 3654 3589 552 269 584 4061 4061 4061 4061 4061 4061 4061 4061
123 1777383363 3558 3703 3675 3654 3590 542 262 584 4061 4061 4061 4061 4061 4061 4061 4061
124 1777383363 3557 3702 3674 3653 3589 545 260 585 4063 4063 4062 4062 4062 4062 4062 4062
125 1777383363 3558 3703 3675 3654 3590 554 257 584 4063 4063 4062 4062 4062 4062 4062 4062
126 1777383363 3558 3704 3675 3655 3590 519 233 586 4063 4063 4062 4062 4062 4062 4062 4062
127 1777383363 3558 3703 3675 3654 3590 548 239 584 4061 4061 4061 4061 4061 4061 4061 4061
128 1777383363 3558 3703 3675 3654 3589 538 245 585 4063 4063 4062 4062 4062 4062 4062 4062
129 1777383363 3559 3704 3676 3655 3591 530 232 585 4063 4062 4062 4062 4062 4062 4062 4062
130 1777383364 3558 3703 3675 3654 3590 552 262 584 4063 4063 4062 4062 4062 4062 4062 4062
131 1777383364 3558 3703 3676 3654 3590 540 251 585 4063 4063 4062 4062 4062 4062 4062 4062
132 1777383364 3559 3703 3676 3655 3591 545 253 584 4063 4063 4062 4062 4062 4062 4062 4062
133 1777383364 3559 3704 3676 3654 3590 547 257 584 4063 4063 4063 4063 4063 4063 4063 4063
134 1777383364 3559 3703 3675 3655 3590 529 262 585 4063 4063 4062 4062 4062 4062 4062 4062
135 1777383364 3559 3704 3676 3655 3590 550 275 584 4063 4063 4062 4062 4062 4062 4062 4062
136 1777383364 3558 3702 3675 3654 3589 469 174 587 4063 4063 4062 4062 4062 4062 4062 4062
137 1777383364 3558 3702 3674 3653 3589 526 249 586 4063 4063 4062 4062 4062 4062 4062 4062
138 1777383364 3558 3702 3674 3653 3589 549 260 584 4063 4062 4062 4062 4062 4062 4062 4062
139 1777383364 3558 3703 3675 3654 3590 523 246 586 4063 4063 4062 4062 4062 4062 4062 4062
140 1777383364 3558 3703 3676 3655 3590 545 252 585 4061 4061 4061 4061 4061 4061 4061 4061
141 1777383364 3558 3703 3676 3654 3590 552 3630 585 4063 4063 4062 4062 4062 4062 4062 4062
142 1777383365 3559 3703 3676 3655 3590 535 264 585 4061 4061 4061 4061 4061 4061 4061 4061
143 1777383365 3559 3703 3676 3655 3590 546 247 584 4059 4059 4059 4059 4059 4059 4059 4059
144 1777383365 3558 3703 3676 3655 3590 557 253 584 4061 4061 4061 4061 4061 4061 4061 4061
145 1777383365 3558 3702 3675 3653 3589 540 3629 586 4063 4063 4062 4062 4062 4062 4062 4062
146 1777383365 3559 3703 3676 3655 3590 539 258 585 4063 4063 4063 4063 4063 4063 4063 4063
147 1777383365 3559 3704 3676 3655 3590 554 254 584 4063 4063 4062 4062 4062 4062 4062 4062
148 1777383365 3558 3703 3675 3655 3590 537 247 585 4063 4063 4062 4062 4062 4062 4062 4062
149 1777383365 3559 3704 3676 3655 3591 560 259 583 4063 4062 4062 4062 4062 4062 4062 4062
150 1777383365 3559 3704 3676 3655 3591 535 223 586 4061 4061 4061 4061 4061 4061 4061 4061
151 1777383365 3559 3704 3676 3655 3590 547 259 585 4061 4061 4061 4061 4061 4061 4061 4061
152 1777383365 3558 3703 3675 3654 3589 534 262 585 4063 4062 4062 4062 4062 4062 4062 4062
153 1777383365 3560 3704 3676 3656 3591 550 257 585 4061 4061 4061 4061 4061 4061 4061 4061
154 1777383365 3559 3704 3676 3655 3591 535 264 585 4063 4063 4062 4062 4062 4062 4062 4062
155 1777383365 3559 3703 3676 3654 3590 495 219 587 4061 4061 4061 4061 4061 4061 4061 4061
156 1777383366 3558 3703 3675 3654 3590 545 263 585 4061 4061 4061 4061 4061 4061 4061 4061
157 1777383366 3559 3704 3676 3655 3591 564 255 583 4061 4061 4061 4061 4061 4061 4061 4061
158 1777383366 3559 3703 3675 3655 3590 566 271 583 4063 4063 4062 4062 4062 4062 4062 4062
159 1777383366 3558 3703 3675 3654 3589 564 267 583 4061 4061 4061 4061 4061 4061 4061 4061
160 1777383366 3558 3703 3676 3655 3590 563 267 583 4061 4061 4061 4061 4061 4061 4061 4061
161 1777383366 3558 3703 3675 3654 3589 510 225 587 4063 4063 4062 4062 4062 4062 4062 4062
162 1777383367 3559 3704 3675 3654 3590 536 250 586 4061 4061 4061 4061 4061 4061 4061 4061
163 1777383367 3559 3704 3676 3655 3590 546 258 585 4061 4061 4061 4061 4061 4061 4061 4061
164 1777383367 3559 3704 3676 3655 3590 581 259 578 4061 4061 4061 4061 4061 4061 4061 4061
165 1777383367 3558 3703 3675 3654 3590 557 240 584 4063 4063 4062 4062 4062 4062 4062 4062
166 1777383367 3558 3703 3676 3655 3590 543 256 585 4063 4063 4063 4063 4063 4063 4063 4063
167 1777383367 3558 3703 3676 3654 3590 540 241 585 4063 4062 4062 4062 4062 4062 4062 4062
168 1777383367 3559 3704 3676 3655 3590 551 263 585 4063 4063 4062 4062 4062 4062 4062 4062
169 1777383367 3558 3703 3676 3655 3590 550 259 585 4061 4061 4061 4061 4061 4061 4061 4061
170 1777383367 3558 3703 3675 3655 3590 539 259 586 4063 4062 4062 4062 4062 4062 4062 4062
171 1777383367 3558 3704 3676 3655 3591 572 276 581 4063 4063 4063 4063 4063 4063 4063 4063
172 1777383367 3559 3704 3676 3655 3590 513 225 587 4063 4063 4062 4062 4062 4062 4062 4062
173 1777383368 3559 3704 3676 3655 3590 550 247 585 4061 4061 4061 4061 4061 4061 4061 4061
174 1777383368 3558 3703 3675 3654 3589 556 282 585 4063 4063 4063 4063 4063 4063 4063 4063
175 1777383368 3559 3704 3677 3655 3591 554 269 585 4063 4063 4063 4063 4063 4063 4063 4063
176 1777383368 3559 3704 3676 3655 3591 566 264 582 4063 4063 4062 4062 4062 4062 4062 4062
177 1777383368 3559 3704 3676 3655 3591 538 239 586 4061 4061 4061 4061 4061 4061 4061 4061
178 1777383368 3559 3704 3676 3655 3591 541 253 585 4061 4061 4061 4061 4061 4061 4061 4061
179 1777383368 3558 3703 3676 3655 3590 554 266 585 4061 4061 4061 4061 4061 4061 4061 4061
180 1777383368 3559 3703 3676 3655 3590 541 262 585 4063 4063 4062 4062 4062 4062 4062 4062
181 1777383368 3559 3704 3676 3655 3590 554 274 585 4063 4062 4062 4062 4062 4062 4062 4062
182 1777383368 3559 3703 3676 3655 3591 551 259 585 4061 4061 4061 4061 4061 4061 4061 4061
183 1777383368 3558 3703 3675 3655 3590 543 249 585 4063 4063 4062 4062 4062 4062 4062 4062
184 1777383368 3558 3704 3676 3655 3590 543 261 585 4063 4063 4062 4062 4062 4062 4062 4062
185 1777383368 3559 3703 3675 3654 3590 550 267 585 4063 4063 4063 4063 4063 4063 4063 4063
186 1777383368 3559 3704 3677 3656 3591 552 246 585 4063 4063 4062 4062 4062 4062 4062 4062
187 1777383368 3558 3703 3675 3654 3589 548 261 585 4063 4063 4063 4063 4063 4063 4063 4063
188 1777383369 3559 3703 3676 3655 3590 558 272 584 4063 4063 4062 4062 4062 4062 4062 4062
189 1777383369 3558 3702 3674 3653 3589 569 274 582 4063 4063 4063 4063 4063 4063 4063 4063
190 1777383369 3559 3704 3676 3655 3591 555 258 584 4063 4063 4063 4063 4063 4063 4063 4063
191 1777383369 3559 3704 3676 3655 3590 552 258 585 4063 4063 4062 4062 4062 4062 4062 4062
192 1777383369 3559 3704 3677 3655 3591 534 245 586 4061 4061 4061 4061 4061 4061 4061 4061
193 1777383369 3558 3704 3676 3655 3590 547 273 586 4061 4061 4061 4061 4061 4061 4061 4061
194 1777383369 3558 3703 3676 3655 3590 558 275 584 4063 4063 4062 4062 4062 4062 4062 4062
195 1777383369 3559 3704 3677 3655 3591 523 224 586 4063 4063 4063 4063 4063 4063 4063 4063
196 1777383369 3559 3703 3676 3655 3590 546 238 585 4061 4061 4061 4061 4061 4061 4061 4061
197 1777383369 3558 3703 3675 3654 3590 532 262 586 4063 4063 4063 4063 4063 4063 4063 4063
198 1777383369 3559 3703 3676 3655 3590 532 250 586 4063 4063 4062 4062 4062 4062 4062 4062
199 1777383369 3558 3703 3675 3655 3591 546 269 585 4063 4063 4062 4062 4062 4062 4062 4062
200 1777383369 3559 3704 3676 3655 3590 533 253 586 4063 4063 4062 4062 4062 4062 4062 4062
201 1777383370 3559 3705 3677 3656 3591 531 247 586 4061 4061 4061 4061 4061 4061 4061 4061
202 1777383370 3558 3703 3675 3655 3590 551 264 585 4063 4063 4062 4062 4062 4062 4062 4062
203 1777383370 3559 3704 3676 3655 3590 554 275 585 4061 4061 4061 4061 4061 4061 4061 4061
204 1777383370 3558 3703 3676 3655 3590 559 3631 585 4063 4063 4062 4062 4062 4062 4062 4062
205 1777383370 3559 3704 3677 3656 3591 552 274 585 4063 4063 4063 4063 4063 4063 4063 4063
206 1777383370 3560 3705 3677 3656 3591 575 259 580 4063 4063 4063 4063 4063 4063 4063 4063
207 1777383370 3559 3704 3677 3656 3591 548 266 585 4063 4063 4062 4062 4062 4062 4062 4062
208 1777383371 3558 3703 3676 3655 3590 546 265 585 4063 4063 4062 4062 4062 4062 4062 4062
209 1777383371 3559 3704 3676 3655 3591 533 241 586 4063 4063 4063 4063 4063 4063 4063 4063
210 1777383371 3559 3703 3676 3655 3590 569 291 583 4063 4063 4063 4063 4063 4063 4063 4063
211 1777383371 3559 3704 3676 3655 3590 554 257 584 4061 4061 4061 4061 4061 4061 4061 4061
212 1777383371 3559 3704 3676 3656 3590 546 255 586 4063 4063 4063 4063 4063 4063 4063 4063
213 1777383372 3559 3704 3676 3655 3591 560 271 584 4061 4061 4061 4061 4061 4061 4061 4061
214 1777383372 3560 3705 3677 3656 3591 542 261 585 4061 4061 4061 4061 4061 4061 4061 4061
215 1777383372 3559 3704 3676 3655 3590 534 253 587 4063 4063 4062 4062 4062 4062 4062 4062
216 1777383372 3560 3705 3677 3656 3591 541 251 586 4061 4061 4061 4061 4061 4061 4061 4061
217 1777383372 3559 3704 3676 3655 3590 545 262 585 4063 4063 4063 4063 4063 4063 4063 4063
218 1777383372 3560 3704 3676 3656 3591 532 252 586 4063 4063 4062 4062 4062 4062 4062 4062
219 1777383372 3560 3704 3676 3656 3591 543 246 586 4061 4061 4061 4061 4061 4061 4061 4061
220 1777383372 3559 3704 3676 3655 3590 551 263 586 4065 4063 4063 4063 4063 4063 4063 4063
221 1777383372 3560 3704 3677 3656 3591 543 264 586 4063 4063 4063 4063 4063 4063 4063 4063
222 1777383372 3559 3704 3677 3656 3591 522 242 586 4061 4061 4061 4061 4061 4061 4061 4061
223 1777383373 3559 3704 3676 3655 3590 546 274 585 4063 4062 4062 4062 4062 4062 4062 4062
224 1777383373 3559 3704 3676 3655 3590 546 259 585 4063 4063 4063 4063 4063 4063 4063 4063
225 1777383373 3559 3704 3676 3656 3591 546 259 585 4061 4061 4061 4061 4061 4061 4061 4061
226 1777383373 3559 3704 3676 3655 3591 552 266 585 4061 4061 4061 4061 4061 4061 4061 4061
227 1777383373 3559 3704 3676 3655 3591 548 270 585 4063 4061 4061 4061 4061 4061 4061 4061
228 1777383373 3559 3704 3676 3655 3590 580 279 579 4063 4063 4062 4062 4062 4062 4062 4062
229 1777383373 3559 3704 3676 3655 3591 573 269 582 4063 4063 4062 4062 4062 4062 4062 4062
230 1777383373 3560 3705 3677 3656 3591 551 256 585 4063 4063 4062 4062 4062 4062 4062 4062
231 1777383373 3559 3704 3676 3654 3590 529 236 586 4063 4062 4062 4062 4062 4062 4062 4062
232 1777383373 3559 3704 3676 3656 3590 567 282 583 4063 4063 4063 4063 4063 4063 4063 4063
233 1777383374 3559 3704 3676 3655 3590 558 3631 586 4063 4063 4062 4062 4062 4062 4062 4062
234 1777383374 3559 3703 3676 3655 3590 545 253 585 4061 4061 4061 4061 4061 4061 4061 4061
235 1777383374 3560 3704 3677 3656 3591 557 263 584 4063 4063 4062 4062 4062 4062 4062 4062
236 1777383374 3559 3705 3677 3656 3591 556 258 585 4061 4061 4061 4061 4061 4061 4061 4061
237 1777383374 3559 3704 3676 3655 3591 548 261 586 4063 4063 4063 4063 4063 4063 4063 4063
238 1777383374 3559 3704 3676 3655 3591 554 262 585 4063 4063 4062 4062 4062 4062 4062 4062
239 1777383374 3560 3705 3677 3657 3592 528 250 587 4063 4063 4062 4062 4062 4062 4062 4062
240 1777383374 3559 3704 3676 3655 3590 517 250 587 4061 4061 4061 4061 4061 4061 4061 4061
241 1777383374 3559 3704 3676 3655 3590 546 250 585 4063 4063 4062 4062 4062 4062 4062 4062
242 1777383374 3560 3705 3677 3656 3591 561 261 584 4061 4061 4061 4061 4061 4061 4061 4061
243 1777383375 3559 3704 3676 3656 3591 518 235 587 4063 4063 4063 4063 4063 4063 4063 4063
244 1777383375 3561 3705 3677 3656 3592 556 257 584 4063 4063 4062 4062 4062 4062 4062 4062
245 1777383375 3559 3704 3676 3655 3590 563 271 584 4063 4063 4062 4062 4062 4062 4062 4062
246 1777383375 3560 3705 3677 3656 3592 563 252 584 4061 4061 4061 4061 4061 4061 4061 4061
247 1777383375 3560 3705 3677 3656 3592 538 240 586 4061 4061 4061 4061 4061 4061 4061 4061
248 1777383375 3559 3704 3677 3656 3591 568 262 583 4063 4063 4062 4062 4062 4062 4062 4062
249 1777383375 3560 3705 3677 3656 3591 549 252 586 4063 4063 4062 4062 4062 4062 4062 4062
250 1777383375 3558 3703 3675 3654 3590 546 256 586 4061 4061 4061 4061 4061 4061 4061 4061
251 1777383375 3559 3704 3676 3655 3590 556 265 585 4061 4061 4061 4061 4061 4061 4061 4061
252 1777383375 3559 3704 3676 3655 3591 543 264 586 4063 4063 4062 4062 4062 4062 4062 4062
253 1777383375 3559 3704 3676 3656 3591 549 261 585 4063 4062 4062 4062 4062 4062 4062 4062
254 1777383375 3559 3703 3676 3655 3591 531 248 586 4061 4061 4061 4061 4061 4061 4061 4061
255 1777383375 3559 3704 3677 3655 3591 535 249 586 4063 4063 4062 4062 4062 4062 4062 4062
256 1777383375 3559 3704 3677 3656 3591 577 252 580 4063 4063 4062 4062 4062 4062 4062 4062
257 1777383375 3558 3703 3675 3655 3590 525 232 587 4063 4063 4062 4062 4062 4062 4062 4062
258 1777383375 3559 3704 3676 3656 3590 558 241 585 4063 4063 4062 4062 4062 4062 4062 4062
259 1777383375 3560 3705 3677 3656 3591 544 253 586 4063 4063 4062 4062 4062 4062 4062 4062
260 1777383375 3559 3704 3676 3655 3590 561 271 584 4063 4062 4062 4062 4062 4062 4062 4062
261 1777383376 3560 3705 3677 3656 3592 544 263 586 4063 4063 4062 4062 4062 4062 4062 4062
262 1777383376 3558 3703 3675 3654 3590 569 257 583 4063 4063 4062 4062 4062 4062 4062 4062
263 1777383376 3560 3704 3677 3656 3591 551 258 585 4063 4063 4062 4062 4062 4062 4062 4062
264 1777383376 3559 3703 3676 3655 3590 551 254 586 4063 4063 4062 4062 4062 4062 4062 4062
265 1777383377 3560 3704 3677 3656 3591 535 252 586 4063 4063 4062 4062 4062 4062 4062 4062
266 1777383377 3559 3705 3677 3656 3591 543 252 585 4063 4063 4062 4062 4062 4062 4062 4062
267 1777383377 3560 3705 3677 3656 3591 574 272 581 4063 4063 4062 4062 4062 4062 4062 4062
268 1777383377 3559 3704 3676 3655 3591 566 252 584 4063 4063 4062 4062 4062 4062 4062 4062
269 1777383377 3559 3704 3677 3656 3592 551 266 585 4063 4063 4063 4063 4063 4063 4063 4063
270 1777383377 3560 3705 3677 3657 3592 564 267 584 4063 4063 4062 4062 4062 4062 4062 4062
271 1777383378 3559 3704 3676 3656 3591 533 266 587 4063 4063 4062 4062 4062 4062 4062 4062
272 1777383378 3560 3705 3677 3656 3591 563 273 584 4061 4061 4061 4061 4061 4061 4061 4061
273 1777383378 3559 3704 3676 3655 3591 543 263 586 4063 4063 4062 4062 4062 4062 4062 4062
274 1777383378 3560 3705 3677 3655 3591 543 270 586 4063 4063 4062 4062 4062 4062 4062 4062
275 1777383378 3560 3706 3678 3656 3592 580 280 579 4063 4063 4062 4062 4062 4062 4062 4062
276 1777383378 3560 3705 3677 3656 3591 545 256 586 4063 4063 4062 4062 4062 4062 4062 4062
277 1777383378 3560 3705 3677 3657 3592 534 256 586 4061 4061 4061 4061 4061 4061 4061 4061
278 1777383378 3560 3704 3677 3655 3591 550 240 586 4063 4062 4062 4062 4062 4062 4062 4062
279 1777383379 3560 3704 3677 3656 3592 568 268 583 4061 4061 4061 4061 4061 4061 4061 4061
280 1777383379 3560 3706 3678 3657 3592 541 264 586 4061 4061 4061 4061 4061 4061 4061 4061
281 1777383379 3561 3706 3678 3657 3593 569 269 583 4063 4063 4062 4062 4062 4062 4062 4062
282 1777383379 3559 3704 3676 3655 3591 505 3631 589 4063 4063 4062 4062 4062 4062 4062 4062
283 1777383379 3560 3705 3677 3656 3592 562 249 584 4063 4063 4063 4063 4063 4063 4063 4063
284 1777383379 3559 3704 3677 3656 3591 561 272 584 4061 4061 4061 4061 4061 4061 4061 4061
285 1777383379 3560 3705 3678 3656 3592 547 253 586 4061 4061 4061 4061 4061 4061 4061 4061
286 1777383379 3560 3705 3678 3657 3593 561 262 585 4063 4063 4063 4063 4063 4063 4063 4063
287 1777383379 3560 3705 3676 3656 3591 549 261 586 4061 4061 4061 4061 4061 4061 4061 4061
288 1777383379 3561 3705 3677 3657 3592 545 266 586 4063 4062 4062 4062 4062 4062 4062 4062
289 1777383379 3560 3705 3677 3657 3592 564 273 584 4063 4063 4062 4062 4062 4062 4062 4062
290 1777383379 3559 3703 3676 3655 3590 573 3631 583 4061 4061 4061 4061 4061 4061 4061 4061
291 1777383380 3560 3706 3678 3658 3592 517 224 587 4061 4061 4061 4061 4061 4061 4061 4061
292 1777383380 3560 3705 3677 3657 3593 554 251 585 4063 4061 4061 4061 4061 4061 4061 4061
293 1777383380 3559 3704 3676 3656 3591 559 258 585 4063 4063 4062 4062 4062 4062 4062 4062
294 1777383380 3560 3705 3677 3656 3592 562 270 584 4063 4063 4062 4062 4062 4062 4062 4062
295 1777383380 3560 3705 3678 3656 3592 549 284 586 4063 4063 4062 4062 4062 4062 4062 4062
296 1777383380 3560 3704 3677 3656 3591 565 267 584 4063 4063 4062 4062 4062 4062 4062 4062
297 1777383380 3560 3704 3677 3656 3592 551 261 586 4063 4063 4062 4062 4062 4062 4062 4062
298 1777383380 3560 3705 3678 3657 3592 549 265 586 4063 4063 4063 4063 4063 4063 4063 4063
299 1777383380 3560 3705 3677 3657 3592 512 226 588 4063 4063 4062 4062 4062 4062 4062 4062
300 1777383380 3561 3706 3678 3657 3592 534 256 587 4061 4061 4061 4061 4061 4061 4061 4061
301 1777383380 3561 3705 3678 3657 3592 560 270 585 4063 4063 4062 4062 4062 4062 4062 4062
302 1777383380 3560 3705 3678 3657 3592 559 263 585 4061 4061 4061 4061 4061 4061 4061 4061
303 1777383380 3561 3706 3678 3657 3592 553 258 586 4063 4063 4062 4062 4062 4062 4062 4062
304 1777383380 3559 3705 3677 3655 3591 552 262 586 4063 4063 4062 4062 4062 4062 4062 4062
305 1777383380 3560 3705 3678 3657 3592 564 268 584 4061 4061 4061 4061 4061 4061 4061 4061
306 1777383381 3560 3705 3677 3657 3592 547 270 586 4063 4063 4062 4062 4062 4062 4062 4062
307 1777383381 3560 3706 3678 3657 3593 539 259 587 4063 4063 4062 4062 4062 4062 4062 4062
308 1777383381 3561 3705 3677 3657 3592 530 266 587 4063 4063 4063 4063 4063 4063 4063 4063
309 1777383381 3560 3705 3678 3656 3592 545 252 587 4061 4061 4061 4061 4061 4061 4061 4061
310 1777383381 3560 3705 3678 3657 3592 549 272 586 4061 4061 4061 4061 4061 4061 4061 4061
311 1777383381 3560 3705 3677 3656 3591 566 277 584 4061 4061 4061 4061 4061 4061 4061 4061
312 1777383381 3561 3706 3678 3657 3592 536 269 587 4063 4063 4062 4062 4062 4062 4062 4062
313 1777383381 3560 3705 3677 3657 3592 573 265 582 4063 4063 4062 4062 4062 4062 4062 4062
314 1777383382 3560 3705 3678 3657 3592 549 260 586 4061 4061 4061 4061 4061 4061 4061 4061
315 1777383382 3561 3706 3678 3657 3592 566 274 585 4063 4061 4061 4061 4061 4061 4061 4061
316 1777383382 3560 3705 3677 3656 3592 519 229 588 4061 4061 4061 4061 4061 4061 4061 4061
317 1777383382 3560 3705 3678 3657 3592 541 247 587 4061 4061 4061 4061 4061 4061 4061 4061
318 1777383382 3560 3705 3676 3656 3591 539 246 587 4061 4061 4061 4061 4061 4061 4061 4061
319 1777383382 3560 3705 3677 3657 3593 535 247 587 4063 4063 4062 4062 4062 4062 4062 4062
320 1777383382 3560 3705 3678 3657 3592 540 253 587 4063 4063 4062 4062 4062 4062 4062 4062
321 1777383382 3561 3705 3677 3657 3592 532 242 587 4063 4063 4063 4063 4063 4063 4063 4063
322 1777383382 3561 3706 3678 3658 3593 555 263 586 4063 4063 4062 4062 4062 4062 4062 4062
323 1777383382 3561 3705 3677 3656 3592 542 254 586 4063 4063 4062 4062 4062 4062 4062 4062
324 1777383382 3561 3705 3677 3656 3592 559 259 585 4061 4061 4061 4061 4061 4061 4061 4061
325 1777383382 3561 3706 3678 3657 3593 536 254 587 4063 4063 4062 4062 4062 4062 4062 4062
326 1777383382 3560 3704 3677 3656 3591 555 262 586 4063 4062 4062 4062 4062 4062 4062 4062
327 1777383383 3561 3706 3678 3657 3592 556 273 586 4063 4063 4063 4063 4063 4063 4063 4063
328 1777383383 3560 3705 3678 3657 3592 536 256 587 4063 4063 4062 4062 4062 4062 4062 4062
329 1777383383 3560 3704 3677 3656 3591 534 244 587 4063 4063 4062 4062 4062 4062 4062 4062
330 1777383383 3561 3705 3677 3657 3591 559 268 585 4063 4063 4062 4062 4062 4062 4062 4062
331 1777383383 3560 3706 3678 3657 3592 560 263 585 4063 4063 4063 4063 4063 4063 4063 4063
332 1777383383 3562 3707 3679 3658 3593 561 262 585 4061 4061 4061 4061 4061 4061 4061 4061
333 1777383383 3561 3707 3679 3658 3594 560 272 585 4061 4061 4061 4061 4061 4061 4061 4061
334 1777383383 3561 3706 3678 3657 3592 549 255 587 4063 4063 4062 4062 4062 4062 4062 4062
335 1777383383 3561 3706 3678 3657 3593 589 261 575 4061 4061 4061 4061 4061 4061 4061 4061
336 1777383383 3561 3706 3678 3657 3593 535 253 588 4063 4063 4062 4062 4062 4062 4062 4062
337 1777383383 3561 3706 3678 3656 3592 557 268 585 4063 4062 4062 4062 4062 4062 4062 4062
338 1777383383 3561 3707 3678 3657 3592 548 261 586 4061 4061 4061 4061 4061 4061 4061 4061
339 1777383383 3560 3705 3677 3656 3592 547 268 586 4061 4061 4061 4061 4061 4061 4061 4061
340 1777383384 3561 3706 3679 3657 3593 540 259 587 4061 4061 4061 4061 4061 4061 4061 4061
341 1777383384 3560 3705 3677 3656 3592 536 240 586 4065 4063 4063 4063 4063 4063 4063 4063
342 1777383384 3560 3705 3678 3657 3592 545 260 585 4063 4062 4062 4062 4062 4062 4062 4062
343 1777383384 3560 3705 3677 3656 3591 552 279 586 4061 4061 4061 4061 4061 4061 4061 4061
344 1777383384 3560 3705 3677 3656 3591 561 261 585 4063 4063 4062 4062 4062 4062 4062 4062
345 1777383384 3561 3706 3679 3658 3593 522 240 588 4063 4063 4063 4063 4063 4063 4063 4063
346 1777383384 3560 3705 3677 3657 3592 533 255 587 4063 4063 4062 4062 4062 4062 4062 4062
347 1777383384 3560 3705 3677 3656 3592 572 3632 584 4061 4061 4061 4061 4061 4061 4061 4061
348 1777383384 3561 3706 3678 3657 3592 553 258 586 4063 4063 4062 4062 4062 4062 4062 4062
349 1777383384 3561 3706 3678 3657 3592 533 263 587 4063 4063 4063 4063 4063 4063 4063 4063
350 1777383384 3561 3706 3678 3657 3592 573 274 583 4063 4063 4062 4062 4062 4062 4062 4062
351 1777383384 3561 3706 3678 3657 3593 561 265 585 4063 4063 4062 4062 4062 4062 4062 4062
352 1777383384 3561 3705 3678 3656 3592 556 269 586 4063 4063 4062 4062 4062 4062 4062 4062
353 1777383385 3560 3705 3677 3657 3592 543 263 587 4063 4063 4063 4063 4063 4063 4063 4063
354 1777383385 3562 3707 3679 3658 3593 556 264 586 4063 4063 4062 4062 4062 4062 4062 4062
355 1777383385 3561 3706 3678 3657 3593 564 260 585 4063 4063 4062 4062 4062 4062 4062 4062
356 1777383385 3561 3706 3678 3657 3593 555 259 586 4063 4063 4062 4062 4062 4062 4062 4062
357 1777383385 3561 3706 3678 3657 3592 538 247 587 4063 4063 4063 4063 4063 4063 4063 4063
358 1777383385 3563 3707 3679 3659 3594 551 275 586 4061 4061 4061 4061 4061 4061 4061 4061
359 1777383385 3561 3706 3678 3657 3593 542 253 587 4063 4063 4062 4062 4062 4062 4062 4062
360 1777383385 3561 3705 3678 3657 3592 575 280 583 4061 4061 4061 4061 4061 4061 4061 4061
361 1777383386 3560 3705 3678 3656 3592 536 252 587 4063 4063 4063 4063 4063 4063 4063 4063
362 1777383386 3560 3705 3678 3657 3592 548 270 587 4063 4063 4062 4062 4062 4062 4062 4062
363 1777383386 3560 3706 3678 3657 3592 555 282 586 4063 4063 4063 4063 4063 4063 4063 4063
364 1777383386 3561 3705 3678 3657 3592 556 264 586 4063 4063 4062 4062 4062 4062 4062 4062
365 1777383386 3560 3705 3677 3656 3591 551 270 584 4063 4063 4062 4062 4062 4062 4062 4062
366 1777383386 3559 3704 3677 3656 3591 544 252 584 4061 4061 4061 4061 4061 4061 4061 4061
367 1777383386 3559 3704 3676 3655 3591 562 264 583 4061 4061 4061 4061 4061 4061 4061 4061
368 1777383386 3559 3704 3676 3655 3591 557 264 583 4063 4063 4062 4062 4062 4062 4062 4062
369 1777383386 3559 3703 3676 3655 3590 546 254 585 4061 4061 4061 4061 4061 4061 4061 4061
370 1777383387 3559 3704 3676 3656 3591 538 259 585 4061 4061 4061 4061 4061 4061 4061 4061
371 1777383387 3560 3704 3676 3655 3591 545 256 585 4063 4063 4062 4062 4062 4062 4062 4062
372 1777383387 3559 3704 3676 3656 3591 538 257 584 4063 4063 4062 4062 4062 4062 4062 4062
373 1777383387 3559 3704 3676 3655 3591 542 3631 586 4063 4063 4062 4062 4062 4062 4062 4062
374 1777383387 3559 3704 3676 3655 3590 552 265 584 4063 4063 4063 4063 4063 4063 4063 4063
375 1777383388 3559 3704 3676 3655 3590 542 255 585 4063 4063 4062 4062 4062 4062 4062 4062
376 1777383388 3560 3704 3676 3655 3591 552 274 584 4063 4063 4062 4062 4062 4062 4062 4062
377 1777383388 3560 3704 3677 3656 3591 552 248 585 4061 4061 4061 4061 4061 4061 4061 4061
378 1777383388 3559 3704 3676 3656 3591 544 250 584 4061 4061 4061 4061 4061 4061 4061 4061
379 1777383388 3560 3705 3677 3656 3592 558 271 584 4061 4061 4061 4061 4061 4061 4061 4061
380 1777383388 3560 3705 3677 3656 3591 529 246 586 4063 4063 4062 4062 4062 4062 4062 4062
381 1777383388 3559 3704 3677 3655 3591 526 224 586 4063 4061 4061 4061 4061 4061 4061 4061
382 1777383388 3560 3705 3678 3656 3592 545 265 585 4063 4063 4062 4062 4062 4062 4062 4062
383 1777383388 3559 3705 3677 3655 3591 546 265 584 4063 4062 4062 4062 4062 4062 4062 4062
384 1777383388 3560 3705 3677 3656 3591 559 277 583 4063 4063 4062 4062 4062 4062 4062 4062
385 1777383388 3559 3704 3676 3655 3591 558 281 583 4061 4061 4061 4061 4061 4061 4061 4061
386 1777383388 3560 3705 3677 3656 3591 563 260 583 4063 4063 4062 4062 4062 4062 4062 4062
387 1777383388 3560 3704 3677 3656 3592 541 252 585 4063 4063 4062 4062 4062 4062 4062 4062
388 1777383388 3560 3705 3677 3656 3591 541 248 585 4061 4061 4061 4061 4061 4061 4061 4061
389 1777383388 3560 3705 3677 3656 3592 548 236 585 4063 4063 4062 4062 4062 4062 4062 4062
390 1777383388 3560 3704 3677 3656 3591 549 262 585 4063 4063 4062 4062 4062 4062 4062 4062
391 1777383389 3558 3704 3676 3655 3591 538 255 585 4063 4063 4062 4062 4062 4062 4062 4062
392 1777383389 3559 3704 3676 3655 3591 544 258 585 4061 4061 4061 4061 4061 4061 4061 4061
393 1777383389 3559 3704 3676 3656 3591 558 259 583 4063 4063 4062 4062 4062 4062 4062 4062
394 1777383389 3561 3705 3678 3657 3592 573 266 581 4063 4063 4063 4063 4063 4063 4063 4063
395 1777383389 3559 3704 3676 3655 3590 548 250 584 4063 4063 4062 4062 4062 4062 4062 4062
396 1777383389 3559 3705 3676 3656 3592 525 234 585 4063 4063 4062 4062 4062 4062 4062 4062
397 1777383389 3559 3704 3677 3656 3591 522 229 586 4063 4063 4062 4062 4062 4062 4062 4062
398 1777383389 3559 3704 3677 3655 3591 557 254 584 4063 4063 4063 4063 4063 4063 4063 4063
399 1777383390 3560 3705 3677 3656 3591 552 265 584 4063 4063 4063 4063 4063 4063 4063 4063
400 1777383390 3559 3704 3676 3655 3591 546 252 585 4063 4063 4063 4063 4063 4063 4063 4063
401 1777383390 3559 3704 3676 3655 3590 553 273 584 4061 4061 4061 4061 4061 4061 4061 4061
402 1777383390 3560 3705 3677 3656 3592 553 267 584 4063 4063 4063 4063 4063 4063 4063 4063
403 1777383390 3559 3704 3676 3655 3590 615 3631 448 4063 4063 4062 4062 4062 4062 4062 4062
404 1777383390 3559 3705 3677 3656 3591 551 262 584 4063 4063 4062 4062 4062 4062 4062 4062
405 1777383390 3560 3704 3677 3656 3591 547 269 585 4063 4063 4063 4063 4063 4063 4063 4063
406 1777383390 3559 3704 3676 3655 3591 542 251 585 4061 4061 4061 4061 4061 4061 4061 4061
407 1777383390 3560 3705 3678 3656 3592 548 259 584 4063 4062 4062 4062 4062 4062 4062 4062
408 1777383390 3559 3704 3677 3656 3591 507 221 587 4061 4061 4061 4061 4061 4061 4061 4061
409 1777383390 3559 3704 3677 3655 3591 568 276 582 4063 4063 4063 4063 4063 4063 4063 4063
410 1777383391 3559 3704 3677 3655 3591 583 3631 578 4061 4061 4061 4061 4061 4061 4061 4061
411 1777383391 3558 3703 3675 3654 3590 550 271 584 4063 4063 4063 4063 4063 4063 4063 4063
412 1777383391 3560 3705 3677 3656 3592 534 243 585 4063 4063 4063 4063 4063 4063 4063 4063
413 1777383391 3561 3705 3677 3656 3592 549 3631 586 4061 4061 4061 4061 4061 4061 4061 4061
414 1777383391 3560 3705 3677 3656 3591 538 243 585 4061 4061 4061 4061 4061 4061 4061 4061
415 1777383391 3559 3704 3676 3655 3591 554 256 584 4063 4062 4062 4062 4062 4062 4062 4062
416 1777383391 3560 3705 3678 3656 3592 554 258 585 4063 4063 4062 4062 4062 4062 4062 4062
417 1777383392 3561 3705 3678 3656 3592 544 264 585 4063 4062 4062 4062 4062 4062 4062 4062
418 1777383392 3560 3705 3678 3656 3591 568 258 583 4063 4063 4062 4062 4062 4062 4062 4062
419 1777383392 3560 3705 3678 3657 3592 533 243 585 4061 4061 4061 4061 4061 4061 4061 4061
420 1777383392 3560 3705 3677 3657 3592 540 254 585 4063 4063 4062 4062 4062 4062 4062 4062
421 1777383392 3560 3705 3678 3656 3592 566 262 583 4061 4061 4061 4061 4061 4061 4061 4061
422 1777383392 3560 3705 3677 3656 3591 532 250 586 4061 4061 4061 4061 4061 4061 4061 4061
423 1777383392 3559 3704 3677 3656 3591 539 253 585 4063 4063 4063 4063 4063 4063 4063 4063
424 1777383392 3560 3704 3677 3656 3591 568 286 582 4063 4063 4063 4063 4063 4063 4063 4063
425 1777383393 3562 3706 3679 3658 3593 557 252 584 4061 4061 4061 4061 4061 4061 4061 4061
426 1777383393 3562 3707 3679 3658 3593 538 271 586 4063 4063 4063 4063 4063 4063 4063 4063
427 1777383393 3560 3705 3677 3656 3592 567 266 583 4061 4061 4061 4061 4061 4061 4061 4061
428 1777383393 3560 3704 3677 3656 3592 539 245 585 4061 4061 4061 4061 4061 4061 4061 4061
429 1777383393 3560 3704 3676 3655 3591 559 265 584 4063 4063 4062 4062 4062 4062 4062 4062
430 1777383393 3560 3705 3678 3657 3592 538 255 586 4061 4061 4061 4061 4061 4061 4061 4061
431 1777383394 3560 3706 3677 3657 3592 571 266 582 4063 4063 4063 4063 4063 4063 4063 4063
432 1777383394 3560 3705 3677 3656 3591 533 226 586 4061 4061 4061 4061 4061 4061 4061 4061
433 1777383394 3560 3705 3677 3656 3591 573 261 581 4063 4063 4063 4063 4063 4063 4063 4063
434 1777383394 3559 3704 3676 3655 3591 565 303 583 4063 4063 4063 4063 4063 4063 4063 4063
435 1777383394 3560 3705 3678 3656 3592 569 284 582 4063 4062 4062 4062 4062 4062 4062 4062
436 1777383394 3560 3705 3677 3657 3592 541 241 585 4063 4063 4062 4062 4062 4062 4062 4062
437 1777383394 3562 3706 3679 3658 3593 518 232 587 4063 4061 4061 4061 4061 4061 4061 4061
438 1777383394 3560 3705 3677 3657 3592 568 263 582 4061 4061 4061 4061 4061 4061 4061 4061
439 1777383394 3560 3705 3677 3656 3592 513 222 587 4063 4063 4062 4062 4062 4062 4062 4062
440 1777383394 3560 3705 3677 3656 3592 545 262 585 4063 4063 4062 4062 4062 4062 4062 4062
441 1777383394 3559 3703 3676 3655 3591 527 3631 587 4061 4061 4061 4061 4061 4061 4061 4061
442 1777383395 3560 3705 3677 3656 3591 537 245 586 4061 4061 4061 4061 4061 4061 4061 4061
443 1777383395 3560 3706 3678 3656 3592 550 261 585 4061 4061 4061 4061 4061 4061 4061 4061
444 1777383395 3559 3704 3677 3656 3591 535 3631 587 4061 4061 4061 4061 4061 4061 4061 4061
445 1777383395 3560 3704 3677 3656 3591 546 251 585 4063 4063 4062 4062 4062 4062 4062 4062
446 1777383395 3560 3704 3677 3656 3591 581 278 578 4063 4063 4062 4062 4062 4062 4062 4062
447 1777383395 3560 3705 3677 3656 3592 538 251 586 4063 4063 4063 4063 4063 4063 4063 4063
448 1777383395 3560 3706 3678 3657 3592 553 272 585 4063 4063 4062 4062 4062 4062 4062 4062
449 1777383395 3560 3705 3677 3656 3591 560 265 583 4063 4063 4062 4062 4062 4062 4062 4062
450 1777383395 3560 3705 3677 3656 3591 543 261 585 4061 4061 4061 4061 4061 4061 4061 4061
451 1777383395 3558 3703 3675 3655 3591 548 266 584 4063 4063 4062 4062 4063 4062 4062 4062
452 1777383395 3560 3705 3677 3656 3591 556 256 584 4063 4063 4063 4063 4063 4063 4063 4063
453 1777383395 3560 3705 3677 3656 3592 558 274 583 4063 4063 4062 4062 4062 4062 4062 4062
454 1777383395 3560 3705 3677 3656 3592 564 270 583 4063 4063 4062 4062 4062 4062 4062 4062
455 1777383395 3560 3705 3677 3656 3591 556 259 585 4063 4062 4062 4062 4062 4062 4062 4062
456 1777383395 3559 3704 3677 3656 3591 549 256 585 4061 4061 4061 4061 4061 4061 4061 4061
457 1777383395 3561 3706 3678 3657 3592 544 258 585 4061 4061 4061 4061 4061 4061 4061 4061
458 1777383396 3559 3705 3677 3656 3592 549 3632 586 4063 4063 4062 4062 4062 4062 4062 4062
459 1777383396 3560 3704 3677 3656 3591 556 263 584 4063 4063 4062 4062 4062 4062 4062 4062
460 1777383396 3560 3705 3677 3656 3592 534 232 586 4063 4063 4063 4063 4063 4063 4063 4063
461 1777383396 3560 3705 3677 3656 3591 556 269 585 4063 4062 4062 4062 4062 4062 4062 4062
462 1777383396 3560 3705 3678 3656 3592 560 278 584 4063 4063 4063 4063 4063 4063 4063 4063
463 1777383396 3560 3706 3678 3657 3593 534 243 586 4063 4063 4062 4062 4062 4062 4062 4062
464 1777383396 3560 3705 3677 3656 3592 523 219 587 4063 4063 4063 4063 4063 4063 4063 4063
465 1777383396 3560 3705 3677 3656 3592 567 277 583 4063 4062 4062 4062 4062 4062 4062 4062
466 1777383396 3561 3706 3678 3657 3592 515 220 587 4063 4063 4062 4062 4062 4062 4062 4062
467 1777383396 3561 3706 3678 3657 3592 550 251 585 4063 4063 4062 4062 4062 4062 4062 4062
468 1777383396 3561 3705 3678 3657 3593 546 255 585 4063 4063 4062 4062 4062 4062 4062 4062
469 1777383396 3561 3705 3678 3656 3592 562 282 584 4063 4063 4062 4062 4062 4062 4062 4062
470 1777383396 3560 3705 3677 3656 3592 556 265 585 4063 4063 4062 4062 4062 4062 4062 4062
471 1777383396 3559 3704 3677 3655 3591 560 269 584 4063 4062 4062 4062 4062 4062 4062 4062
472 1777383397 3559 3703 3676 3655 3590 508 3631 589 4063 4063 4062 4062 4062 4062 4062 4062
473 1777383397 3559 3705 3677 3656 3592 521 225 587 4063 4063 4062 4062 4062 4062 4062 4062
474 1777383397 3561 3706 3677 3656 3592 547 251 585 4061 4061 4061 4061 4061 4061 4061 4061
475 1777383397 3560 3704 3677 3656 3591 570 3631 583 4063 4063 4062 4062 4062 4062 4062 4062
476 1777383397 3561 3705 3677 3657 3592 540 238 585 4063 4063 4062 4062 4062 4062 4062 4062
477 1777383397 3560 3705 3677 3656 3592 569 275 583 4061 4061 4061 4061 4061 4061 4061 4061
478 1777383397 3559 3704 3677 3656 3591 551 271 585 4063 4063 4063 4063 4063 4063 4063 4063
479 1777383397 3560 3705 3678 3656 3591 522 257 587 4063 4063 4063 4063 4063 4063 4063 4063
480 1777383397 3560 3704 3677 3656 3591 553 276 585 4063 4062 4062 4062 4062 4062 4062 4062
481 1777383397 3560 3706 3678 3657 3592 550 259 585 4063 4061 4061 4061 4061 4061 4061 4061
482 1777383397 3560 3705 3677 3657 3592 541 254 586 4063 4063 4062 4062 4062 4062 4062 4062
483 1777383398 3560 3705 3677 3656 3592 525 245 587 4063 4063 4062 4062 4062 4062 4062 4062
484 1777383398 3561 3706 3679 3657 3593 553 250 585 4063 4063 4063 4063 4063 4063 4063 4063
485 1777383398 3561 3705 3677 3657 3592 549 256 585 4061 4061 4061 4061 4061 4061 4061 4061
486 1777383398 3561 3706 3678 3657 3592 544 256 586 4063 4062 4062 4062 4062 4062 4062 4062
487 1777383398 3561 3706 3678 3658 3592 562 280 584 4063 4063 4062 4062 4062 4062 4062 4062
488 1777383398 3560 3705 3677 3657 3592 541 249 586 4061 4061 4061 4061 4061 4061 4061 4061
489 1777383398 3561 3706 3678 3657 3593 555 253 584 4063 4063 4062 4062 4062 4062 4062 4062
490 1777383398 3559 3705 3677 3656 3591 548 261 585 4061 4061 4061 4061 4061 4061 4061 4061
491 1777383399 3560 3705 3678 3657 3592 541 261 586 4063 4063 4062 4062 4062 4062 4062 4062
492 1777383399 3561 3706 3678 3657 3593 537 250 586 4063 4063 4062 4062 4062 4062 4062 4062
493 1777383399 3560 3705 3677 3656 3592 576 258 581 4063 4063 4063 4063 4063 4063 4063 4063
494 1777383399 3560 3706 3678 3657 3592 533 254 586 4063 4063 4062 4062 4062 4062 4062 4062
495 1777383399 3560 3704 3677 3656 3591 560 267 585 4063 4063 4062 4062 4062 4062 4062 4062
496 1777383399 3561 3706 3678 3657 3592 547 262 586 4063 4063 4063 4063 4063 4063 4063 4063
497 1777383399 3559 3704 3677 3656 3591 549 244 585 4063 4063 4062 4062 4062 4062 4062 4062
498 1777383399 3561 3706 3678 3657 3593 512 224 587 4063 4063 4063 4063 4063 4063 4063 4063
499 1777383399 3561 3706 3678 3657 3592 562 266 584 4063 4063 4062 4062 4062 4062 4062 4062
500 1777383399 3560 3705 3678 3657 3592 532 246 587 4061 4061 4061 4061 4061 4061 4061 4061
501 1777383399 3560 3705 3678 3657 3592 553 252 585 4063 4063 4062 4062 4062 4062 4062 4062
502 1777383400 3562 3707 3679 3658 3593 558 266 585 4063 4062 4062 4062 4062 4062 4062 4062
503 1777383400 3560 3705 3677 3657 3592 558 270 585 4063 4062 4062 4062 4062 4062 4062 4062
504 1777383400 3560 3705 3677 3657 3592 552 256 585 4063 4063 4062 4062 4062 4062 4062 4062
505 1777383400 3561 3706 3677 3657 3592 554 262 585 4061 4061 4061 4061 4061 4061 4061 4061
506 1777383400 3561 3705 3677 3657 3592 568 282 583 4063 4063 4062 4062 4062 4062 4062 4062
507 1777383400 3561 3706 3678 3657 3592 552 271 586 4063 4063 4062 4062 4062 4062 4062 4062
508 1777383400 3560 3705 3678 3657 3592 546 255 585 4063 4063 4062 4062 4062 4062 4062 4062
509 1777383400 3560 3705 3678 3656 3592 532 263 586 4061 4061 4061 4061 4061 4061 4061 4061
510 1777383400 3560 3706 3678 3656 3592 523 243 587 4063 4063 4062 4062 4062 4062 4062 4062
511 1777383400 3560 3705 3677 3657 3592 546 254 585 4063 4062 4062 4062 4062 4062 4062 4062
512 1777383400 3560 3705 3677 3656 3592 553 260 585 4063 4063 4062 4062 4062 4062 4062 4062
513 1777383400 3560 3704 3677 3656 3591 540 239 586 4061 4061 4061 4061 4061 4061 4061 4061
514 1777383401 3560 3706 3678 3657 3592 550 254 585 4061 4061 4061 4061 4061 4061 4061 4061
515 1777383401 3561 3706 3678 3658 3593 554 258 585 4063 4063 4062 4062 4062 4062 4062 4062
516 1777383401 3561 3706 3679 3657 3593 550 255 585 4063 4063 4062 4062 4062 4062 4062 4062
517 1777383401 3561 3706 3679 3658 3593 568 249 583 4063 4063 4062 4062 4062 4062 4062 4062
518 1777383401 3561 3706 3679 3657 3593 528 246 586 4063 4062 4062 4062 4062 4062 4062 4062
519 1777383401 3561 3706 3678 3657 3592 566 277 584 4063 4063 4062 4062 4062 4062 4062 4062
520 1777383401 3561 3706 3679 3658 3593 549 250 586 4063 4063 4062 4062 4062 4062 4062 4062
521 1777383401 3561 3706 3679 3657 3592 553 267 585 4063 4063 4062 4062 4062 4062 4062 4062
522 1777383401 3560 3704 3677 3656 3592 556 263 586 4063 4063 4062 4062 4062 4062 4062 4062
523 1777383401 3561 3706 3679 3657 3593 550 269 586 4063 4063 4062 4062 4062 4062 4062 4062
524 1777383401 3562 3707 3679 3658 3594 546 266 586 4063 4062 4062 4062 4062 4062 4062 4062
525 1777383401 3561 3706 3678 3657 3593 557 263 585 4061 4061 4061 4061 4061 4061 4061 4061
526 1777383401 3562 3706 3679 3657 3593 565 265 584 4063 4063 4062 4062 4062 4062 4062 4062
527 1777383402 3561 3706 3678 3657 3593 538 244 586 4063 4063 4062 4062 4062 4062 4062 4062
528 1777383402 3561 3706 3678 3658 3593 506 225 588 4061 4061 4061 4061 4061 4061 4061 4061
529 1777383402 3561 3706 3678 3657 3593 554 256 586 4061 4061 4061 4061 4061 4061 4061 4061
530 1777383402 3562 3707 3679 3658 3593 564 266 584 4063 4063 4062 4062 4062 4062 4062 4062
531 1777383402 3562 3706 3678 3658 3593 548 272 586 4063 4063 4062 4062 4062 4062 4062 4062
532 1777383402 3561 3705 3678 3657 3592 565 272 584 4063 4063 4063 4063 4063 4063 4063 4063
533 1777383402 3562 3707 3679 3658 3594 552 261 585 4061 4061 4061 4061 4061 4061 4061 4061
534 1777383402 3562 3707 3679 3657 3593 556 268 585 4063 4063 4062 4062 4062 4062 4062 4062
535 1777383402 3561 3706 3678 3657 3593 527 233 587 4063 4061 4061 4061 4061 4061 4061 4061
536 1777383402 3560 3706 3678 3657 3593 561 274 584 4061 4061 4061 4061 4061 4061 4061 4061
537 1777383402 3562 3706 3679 3658 3593 549 244 586 4063 4063 4062 4062 4062 4062 4062 4062
538 1777383403 3561 3705 3678 3657 3592 541 250 586 4063 4063 4062 4062 4062 4062 4062 4062
539 1777383403 3561 3706 3678 3658 3593 546 261 586 4063 4063 4063 4063 4063 4063 4063 4063
540 1777383403 3562 3707 3679 3659 3594 559 274 585 4063 4063 4062 4062 4062 4062 4062 4062
541 1777383403 3561 3706 3678 3658 3593 524 245 588 4063 4063 4062 4062 4062 4062 4062 4062
542 1777383403 3561 3706 3679 3657 3593 548 260 585 4063 4063 4063 4063 4063 4063 4063 4063
543 1777383403 3561 3706 3679 3658 3593 544 249 586 4061 4061 4061 4061 4061 4061 4061 4061
544 1777383403 3562 3707 3679 3658 3593 550 262 586 4063 4063 4062 4062 4062 4062 4062 4062
545 1777383403 3561 3706 3678 3657 3592 579 3633 581 4063 4063 4062 4062 4062 4062 4062 4062
546 1777383403 3561 3706 3678 3658 3593 555 273 586 4063 4063 4063 4063 4063 4063 4063 4063
547 1777383403 3562 3706 3679 3658 3594 551 259 585 4063 4063 4062 4062 4062 4062 4062 4062
548 1777383403 3561 3705 3678 3657 3592 549 260 586 4063 4063 4062 4062 4062 4062 4062 4062
549 1777383403 3562 3707 3680 3658 3594 558 225 584 4061 4061 4061 4061 4061 4061 4061 4061
550 1777383403 3560 3705 3677 3657 3592 577 276 581 4061 4061 4061 4061 4061 4061 4061 4061
551 1777383403 3561 3706 3679 3657 3593 550 252 586 4063 4063 4062 4062 4062 4062 4062 4062
552 1777383403 3561 3706 3678 3658 3593 560 271 584 4063 4063 4062 4062 4062 4062 4062 4062
553 1777383403 3560 3704 3677 3656 3591 555 268 585 4061 4061 4061 4061 4061 4061 4061 4061
554 1777383404 3561 3706 3678 3657 3592 510 225 588 4063 4063 4062 4062 4062 4062 4062 4062
555 1777383404 3561 3707 3679 3658 3594 532 261 587 4061 4061 4061 4061 4061 4061 4061 4061
556 1777383404 3559 3705 3677 3657 3592 558 275 584 4063 4063 4063 4063 4063 4063 4063 4063
557 1777383404 3561 3706 3679 3658 3593 544 264 586 4063 4063 4062 4062 4062 4062 4062 4062
558 1777383404 3561 3707 3678 3658 3593 543 243 586 4063 4063 4063 4063 4063 4063 4063 4063
559 1777383404 3561 3706 3679 3658 3593 554 260 586 4063 4063 4063 4063 4063 4063 4063 4063
560 1777383404 3561 3705 3678 3657 3593 558 271 585 4063 4063 4062 4062 4062 4062 4062 4062
561 1777383404 3560 3706 3678 3658 3593 547 3633 588 4063 4063 4062 4062 4062 4062 4062 4062
562 1777383405 3561 3705 3678 3657 3592 555 265 585 4063 4062 4062 4062 4062 4062 4062 4062
563 1777383405 3560 3705 3678 3657 3592 570 257 584 4063 4063 4063 4063 4063 4063 4063 4063
564 1777383405 3562 3707 3679 3658 3594 554 256 585 4061 4061 4061 4061 4061 4061 4061 4061
565 1777383405 3561 3706 3679 3657 3593 555 255 586 4063 4063 4062 4062 4062 4062 4062 4062
566 1777383405 3561 3706 3679 3658 3593 544 251 586 4061 4061 4061 4061 4061 4061 4061 4061
567 1777383405 3561 3706 3678 3657 3593 547 274 586 4061 4061 4061 4061 4061 4061 4061 4061
568 1777383406 3560 3705 3678 3657 3592 541 259 587 4063 4063 4063 4063 4063 4063 4063 4063
569 1777383406 3561 3707 3679 3658 3593 524 247 588 4063 4063 4062 4062 4062 4062 4062 4062
570 1777383406 3561 3705 3678 3657 3593 547 3633 587 4063 4063 4062 4062 4062 4062 4062 4062
571 1777383406 3561 3706 3679 3658 3592 525 238 587 4061 4061 4061 4061 4061 4061 4061 4061
572 1777383406 3561 3706 3679 3658 3593 567 261 584 4063 4063 4062 4062 4062 4062 4062 4062
573 1777383406 3561 3706 3678 3657 3592 557 269 586 4061 4061 4061 4061 4061 4061 4061 4061
574 1777383406 3562 3707 3679 3658 3593 556 273 586 4061 4061 4061 4061 4061 4061 4061 4061
575 1777383406 3561 3706 3679 3658 3593 531 250 587 4061 4061 4061 4061 4061 4061 4061 4061
576 1777383406 3562 3707 3679 3659 3594 538 251 586 4063 4063 4062 4062 4062 4062 4062 4062
577 1777383406 3562 3707 3679 3658 3593 568 264 584 4063 4063 4062 4062 4062 4062 4062 4062
578 1777383406 3562 3707 3679 3658 3593 509 249 588 4061 4061 4061 4061 4061 4061 4061 4061
579 1777383407 3562 3706 3679 3657 3592 565 265 584 4063 4063 4062 4062 4062 4062 4062 4062
580 1777383407 3561 3706 3679 3658 3593 532 249 587 4063 4063 4062 4062 4062 4062 4062 4062
581 1777383407 3561 3706 3679 3658 3593 552 259 586 4063 4063 4062 4062 4062 4062 4062 4062
582 1777383407 3562 3706 3678 3657 3593 557 275 585 4061 4061 4061 4061 4061 4061 4061 4061
583 1777383407 3562 3707 3679 3658 3593 550 264 586 4063 4063 4062 4062 4062 4062 4062 4062
584 1777383407 3561 3706 3678 3657 3592 549 257 586 4061 4061 4061 4061 4061 4061 4061 4061
585 1777383408 3562 3707 3679 3658 3593 533 263 587 4063 4063 4062 4062 4062 4062 4062 4062
586 1777383408 3561 3706 3679 3657 3593 541 265 587 4061 4061 4061 4061 4061 4061 4061 4061
587 1777383408 3562 3707 3680 3658 3594 564 277 584 4063 4061 4061 4061 4061 4061 4061 4061
588 1777383408 3560 3706 3678 3657 3593 550 239 586 4061 4061 4061 4061 4061 4061 4061 4061
589 1777383408 3561 3706 3679 3657 3593 526 3633 588 4061 4061 4061 4061 4061 4061 4061 4061
590 1777383408 3562 3707 3679 3658 3594 555 271 586 4063 4063 4062 4062 4062 4062 4062 4062
591 1777383408 3562 3707 3680 3658 3593 542 260 586 4065 4063 4063 4063 4063 4063 4063 4063
592 1777383409 3562 3706 3678 3658 3593 573 3634 584 4061 4061 4061 4061 4061 4061 4061 4061
593 1777383409 3562 3706 3679 3658 3593 540 258 587 4063 4063 4062 4062 4062 4062 4062 4062
594 1777383409 3561 3705 3678 3657 3593 551 262 586 4063 4063 4062 4062 4062 4062 4062 4062
595 1777383409 3562 3707 3680 3658 3594 551 261 586 4063 4063 4062 4062 4062 4062 4062 4062
596 1777383409 3562 3706 3679 3658 3593 534 243 587 4061 4061 4061 4061 4061 4061 4061 4061
597 1777383409 3561 3706 3678 3658 3593 548 263 586 4063 4063 4062 4062 4062 4062 4062 4062
598 1777383409 3561 3707 3679 3658 3594 544 245 586 4063 4063 4063 4063 4063 4063 4063 4063
599 1777383409 3562 3706 3679 3658 3593 558 277 586 4063 4063 4062 4062 4062 4062 4062 4062
600 1777383409 3562 3707 3678 3657 3593 553 262 586 4061 4061 4061 4061 4061 4061 4061 4061
601 1777383409 3561 3706 3679 3658 3594 528 247 587 4063 4063 4062 4062 4062 4062 4062 4062
602 1777383410 3562 3706 3679 3658 3594 545 270 586 4061 4061 4061 4061 4061 4061 4061 4061
603 1777383410 3561 3706 3678 3658 3593 510 230 589 4061 4061 4061 4061 4061 4061 4061 4061
604 1777383410 3561 3706 3678 3657 3592 557 274 585 4063 4062 4062 4062 4062 4062 4062 4062
605 1777383410 3561 3706 3678 3657 3593 537 243 587 4063 4063 4062 4062 4062 4062 4062 4062
606 1777383411 3562 3707 3679 3658 3594 539 276 587 4061 4061 4061 4061 4061 4061 4061 4061
607 1777383411 3562 3707 3679 3658 3594 541 244 587 4063 4063 4063 4063 4063 4063 4063 4063
608 1777383411 3562 3707 3679 3659 3594 571 271 584 4063 4063 4062 4062 4062 4062 4062 4062
609 1777383411 3562 3708 3679 3658 3593 560 274 585 4063 4063 4062 4062 4062 4062 4062 4062
610 1777383411 3561 3706 3679 3657 3593 544 261 587 4063 4063 4063 4063 4063 4063 4063 4063
611 1777383411 3562 3706 3679 3658 3593 566 271 585 4063 4063 4062 4062 4062 4062 4062 4062
612 1777383411 3562 3707 3679 3658 3593 549 258 586 4061 4061 4061 4061 4061 4061 4061 4061
613 1777383411 3562 3707 3679 3658 3593 524 242 587 4063 4061 4061 4061 4061 4061 4061 4061
614 1777383411 3562 3707 3679 3659 3594 541 248 587 4063 4062 4062 4062 4062 4062 4062 4062
615 1777383411 3562 3707 3679 3659 3594 574 277 583 4063 4063 4062 4062 4062 4062 4062 4062
616 1777383411 3562 3706 3678 3657 3594 570 273 583 4061 4061 4061 4061 4061 4061 4061 4061
617 1777383411 3561 3706 3679 3658 3594 531 255 587 4061 4061 4061 4061 4061 4061 4061 4061
618 1777383411 3561 3705 3678 3657 3593 543 3633 588 4063 4063 4062 4062 4062 4062 4062 4062
619 1777383411 3561 3706 3679 3657 3593 559 250 585 4061 4061 4061 4061 4061 4061 4061 4061
620 1777383411 3561 3706 3678 3657 3592 542 264 586 4063 4063 4062 4062 4062 4062 4062 4062
621 1777383412 3560 3705 3677 3656 3591 532 242 585 4063 4063 4063 4063 4063 4063 4063 4063
622 1777383412 3559 3704 3676 3656 3592 553 287 584 4063 4063 4062 4062 4062 4062 4062 4062
623 1777383412 3561 3705 3678 3657 3591 568 258 582 4063 4063 4062 4062 4062 4062 4062 4062
624 1777383412 3560 3705 3678 3657 3592 526 250 586 4063 4063 4062 4062 4062 4062 4062 4062
625 1777383412 3560 3705 3677 3656 3592 529 259 585 4063 4063 4062 4062 4062 4062 4062 4062
626 1777383412 3560 3705 3677 3656 3591 547 243 584 4063 4063 4062 4062 4062 4062 4062 4062
627 1777383412 3561 3706 3677 3657 3592 538 258 585 4063 4062 4062 4062 4062 4062 4062 4062
628 1777383412 3560 3705 3677 3656 3591 553 258 584 4063 4063 4063 4063 4063 4063 4063 4063
629 1777383412 3561 3706 3678 3657 3592 551 282 584 4063 4063 4062 4062 4062 4062 4062 4062
630 1777383412 3560 3704 3676 3655 3591 536 257 584 4061 4061 4061 4061 4061 4061 4061 4061
631 1777383413 3560 3705 3677 3656 3592 554 254 585 4063 4062 4062 4062 4062 4062 4062 4062
632 1777383413 3560 3704 3676 3655 3591 551 254 584 4063 4063 4062 4062 4062 4062 4062 4062
633 1777383413 3559 3704 3676 3656 3591 554 274 584 4063 4063 4062 4062 4062 4062 4062 4062
634 1777383413 3561 3705 3678 3656 3592 522 236 585 4063 4063 4063 4063 4063 4063 4063 4063
635 1777383413 3560 3705 3678 3656 3591 552 260 584 4061 4061 4061 4061 4061 4061 4061 4061
636 1777383413 3561 3705 3677 3657 3592 546 259 585 4063 4061 4061 4061 4061 4061 4061 4061
637 1777383413 3560 3705 3678 3656 3592 545 268 585 4063 4063 4062 4062 4062 4062 4062 4062
638 1777383413 3559 3704 3677 3656 3591 569 260 581 4063 4063 4063 4063 4063 4063 4063 4063
639 1777383414 3560 3704 3677 3655 3591 574 273 580 4063 4063 4062 4062 4062 4062 4062 4062
640 1777383414 3560 3705 3677 3656 3591 537 248 585 4063 4063 4063 4063 4063 4063 4063 4063
641 1777383414 3560 3705 3677 3656 3591 525 231 586 4061 4061 4061 4061 4061 4061 4061 4061
642 1777383414 3560 3705 3677 3656 3591 549 270 585 4063 4063 4062 4062 4062 4062 4062 4062
643 1777383414 3560 3705 3678 3657 3592 544 3632 586 4061 4061 4061 4061 4061 4061 4061 4061
644 1777383414 3561 3705 3677 3656 3592 556 280 584 4061 4061 4061 4061 4061 4061 4061 4061
645 1777383414 3560 3706 3678 3657 3592 533 271 586 4063 4063 4062 4062 4062 4062 4062 4062
646 1777383414 3560 3705 3677 3656 3592 555 252 584 4065 4063 4063 4063 4063 4063 4063 4063
647 1777383415 3560 3704 3677 3656 3592 545 274 584 4061 4061 4061 4061 4061 4061 4061 4061
648 1777383415 3560 3705 3677 3657 3592 549 267 585 4063 4063 4062 4062 4062 4062 4062 4062
649 1777383415 3561 3706 3678 3657 3593 559 265 584 4063 4062 4062 4062 4062 4062 4062 4062
650 1777383415 3560 3705 3678 3656 3592 571 278 582 4061 4061 4061 4061 4061 4061 4061 4061
651 1777383415 3560 3704 3677 3656 3591 530 242 586 4061 4061 4061 4061 4061 4061 4061 4061
652 1777383415 3559 3705 3677 3656 3592 557 271 584 4061 4061 4061 4061 4061 4061 4061 4061
653 1777383416 3560 3705 3677 3657 3592 557 248 583 4063 4063 4062 4062 4062 4062 4062 4062
654 1777383416 3560 3705 3677 3656 3591 553 262 584 4063 4063 4062 4062 4062 4062 4062 4062
655 1777383416 3560 3705 3678 3656 3592 543 263 585 4063 4063 4062 4062 4062 4062 4062 4062
656 1777383416 3559 3704 3676 3655 3591 551 256 585 4063 4063 4063 4063 4063 4063 4063 4063
657 1777383416 3559 3704 3676 3655 3591 538 258 585 4063 4063 4062 4062 4062 4062 4062 4062
658 1777383416 3559 3704 3676 3656 3591 531 240 585 4063 4063 4062 4062 4062 4062 4062 4062
659 1777383417 3561 3706 3678 3657 3592 562 251 584 4063 4063 4062 4062 4062 4062 4062 4062
660 1777383417 3561 3705 3678 3657 3593 535 248 585 4063 4063 4062 4062 4062 4062 4062 4062
661 1777383417 3560 3704 3676 3656 3591 537 267 585 4063 4061 4061 4061 4061 4061 4061 4061
662 1777383418 3560 3705 3677 3656 3592 541 253 585 4061 4061 4061 4061 4061 4061 4061 4061
663 1777383418 3560 3704 3677 3656 3591 514 3632 588 4063 4063 4062 4062 4062 4062 4062 4062
664 1777383418 3561 3705 3677 3656 3592 554 245 584 4063 4062 4062 4062 4062 4062 4062 4062
665 1777383418 3560 3705 3677 3657 3592 539 252 586 4063 4063 4062 4062 4062 4062 4062 4062
666 1777383418 3561 3705 3677 3656 3591 551 271 585 4063 4063 4062 4062 4062 4062 4062 4062
667 1777383418 3560 3704 3676 3655 3591 567 271 583 4063 4063 4063 4063 4063 4063 4063 4063
668 1777383418 3561 3705 3678 3657 3593 549 260 584 4061 4061 4061 4061 4061 4061 4061 4061
669 1777383418 3560 3705 3678 3657 3592 537 247 585 4061 4061 4061 4061 4061 4061 4061 4061
670 1777383418 3561 3706 3678 3657 3592 547 286 584 4061 4061 4061 4061 4061 4061 4061 4061
671 1777383419 3561 3705 3678 3656 3592 538 257 585 4063 4063 4063 4063 4063 4063 4063 4063
672 1777383419 3561 3705 3678 3657 3593 531 255 586 4063 4063 4063 4063 4063 4063 4063 4063
673 1777383419 3561 3705 3678 3656 3592 555 266 585 4063 4063 4062 4062 4062 4062 4062 4062
674 1777383419 3560 3705 3677 3656 3592 551 282 585 4063 4063 4062 4062 4062 4062 4062 4062
675 1777383419 3560 3705 3677 3656 3592 530 239 585 4063 4063 4062 4062 4062 4062 4062 4062
676 1777383419 3561 3706 3679 3658 3593 510 232 587 4063 4062 4062 4062 4062 4062 4062 4062
677 1777383419 3561 3705 3677 3656 3592 563 254 583 4063 4063 4062 4062 4062 4062 4062 4062
678 1777383420 3560 3705 3678 3656 3592 549 262 585 4063 4063 4062 4062 4062 4062 4062 4062
679 1777383420 3560 3705 3678 3656 3591 539 244 585 4063 4063 4062 4062 4062 4062 4062 4062
680 1777383420 3560 3705 3677 3656 3591 522 249 587 4061 4061 4061 4061 4061 4061 4061 4061
681 1777383420 3560 3705 3678 3656 3592 528 243 586 4063 4063 4062 4062 4062 4062 4062 4062
682 1777383420 3560 3705 3678 3656 3592 536 262 585 4063 4063 4063 4063 4063 4063 4063 4063
683 1777383420 3560 3705 3677 3656 3591 532 268 586 4063 4061 4061 4061 4061 4061 4061 4061
684 1777383420 3561 3705 3678 3657 3592 548 230 585 4061 4061 4061 4061 4061 4061 4061 4061
685 1777383420 3560 3704 3677 3656 3591 536 242 585 4063 4063 4062 4062 4062 4062 4062 4062
686 1777383420 3560 3706 3678 3657 3592 551 266 585 4061 4061 4061 4061 4061 4061 4061 4061
687 1777383420 3560 3704 3677 3657 3592 530 244 586 4063 4063 4063 4063 4063 4063 4063 4063
688 1777383420 3560 3705 3677 3657 3592 561 262 584 4063 4062 4062 4062 4062 4062 4062 4062
689 1777383420 3560 3705 3678 3657 3592 548 269 585 4063 4063 4063 4063 4063 4063 4063 4063
690 1777383420 3561 3706 3678 3657 3593 554 259 584 4063 4062 4062 4062 4062 4062 4062 4062
691 1777383420 3560 3706 3678 3657 3592 558 277 584 4061 4061 4061 4061 4061 4061 4061 4061
692 1777383421 3559 3705 3676 3655 3590 542 267 585 4063 4063 4062 4062 4062 4062 4062 4062
693 1777383421 3562 3707 3679 3658 3594 554 247 584 4063 4063 4063 4063 4063 4063 4063 4063
694 1777383421 3560 3705 3678 3657 3592 545 250 586 4063 4062 4062 4062 4062 4062 4062 4062
695 1777383421 3560 3705 3678 3657 3592 552 261 585 4063 4063 4063 4063 4063 4063 4063 4063
696 1777383421 3561 3705 3677 3657 3592 536 250 586 4063 4063 4063 4063 4063 4063 4063 4063
697 1777383421 3562 3706 3679 3658 3593 557 257 584 4061 4061 4061 4061 4061 4061 4061 4061
698 1777383421 3561 3705 3678 3657 3592 564 274 583 4063 4063 4063 4063 4063 4063 4063 4063
699 1777383422 3560 3705 3677 3656 3592 499 215 587 4061 4061 4061 4061 4061 4061 4061 4061
700 1777383422 3560 3705 3678 3657 3593 551 265 584 4063 4062 4062 4062 4062 4062 4062 4062
701 1777383422 3560 3705 3677 3657 3592 555 264 585 4063 4063 4062 4062 4062 4062 4062 4062
702 1777383422 3560 3705 3677 3657 3591 561 274 584 4063 4062 4062 4062 4062 4062 4062 4062
703 1777383422 3560 3705 3678 3657 3592 558 263 584 4063 4063 4063 4063 4063 4063 4063 4063
704 1777383423 3560 3705 3677 3656 3592 529 249 587 4063 4063 4062 4062 4062 4062 4062 4062
705 1777383423 3559 3704 3677 3656 3591 538 251 585 4063 4063 4062 4062 4062 4062 4062 4062
706 1777383423 3561 3706 3678 3657 3593 547 267 585 4061 4061 4061 4061 4061 4061 4061 4061
707 1777383423 3561 3706 3678 3657 3592 547 258 585 4063 4063 4062 4062 4062 4062 4062 4062
708 1777383423 3560 3705 3677 3656 3591 542 254 586 4063 4063 4063 4063 4063 4063 4063 4063
709 1777383423 3561 3706 3678 3657 3592 548 264 585 4061 4061 4061 4061 4061 4061 4061 4061
710 1777383423 3560 3705 3677 3656 3592 524 234 586 4061 4061 4061 4061 4061 4061 4061 4061
711 1777383423 3561 3706 3679 3658 3593 555 268 585 4063 4063 4062 4062 4062 4062 4062 4062
712 1777383423 3561 3705 3677 3657 3592 537 248 586 4063 4063 4062 4062 4062 4062 4062 4062
713 1777383423 3560 3705 3677 3656 3592 530 244 586 4061 4061 4061 4061 4061 4061 4061 4061
714 1777383423 3560 3705 3677 3657 3592 552 263 585 4061 4061 4061 4061 4061 4061 4061 4061
715 1777383423 3560 3705 3677 3656 3592 518 246 587 4063 4063 4063 4063 4063 4063 4063 4063
716 1777383423 3560 3705 3677 3656 3592 557 269 584 4063 4063 4062 4062 4062 4062 4062 4062
717 1777383424 3560 3705 3677 3656 3592 548 257 585 4061 4061 4061 4061 4061 4061 4061 4061
718 1777383424 3561 3706 3677 3657 3592 546 258 585 4063 4063 4062 4062 4062 4062 4062 4062
719 1777383424 3560 3705 3678 3657 3592 562 251 583 4063 4063 4063 4063 4063 4063 4063 4063
720 1777383424 3560 3705 3678 3657 3592 542 260 586 4061 4061 4061 4061 4061 4061 4061 4061
721 1777383424 3561 3706 3678 3657 3593 545 254 586 4063 4063 4062 4062 4062 4062 4062 4062
722 1777383424 3561 3706 3678 3657 3593 533 246 586 4063 4063 4062 4062 4062 4062 4062 4062
723 1777383424 3561 3706 3678 3657 3592 534 243 586 4063 4063 4063 4063 4063 4063 4063 4063
724 1777383424 3561 3706 3678 3657 3593 564 269 584 4063 4063 4062 4062 4062 4062 4062 4062
725 1777383424 3561 3706 3678 3658 3592 558 323 584 4063 4063 4062 4062 4062 4062 4062 4062
726 1777383424 3561 3706 3678 3657 3592 535 255 586 4063 4063 4063 4063 4063 4063 4063 4063
727 1777383424 3560 3705 3678 3657 3592 550 273 585 4063 4063 4062 4062 4062 4062 4062 4062
728 1777383424 3560 3705 3677 3657 3592 514 248 587 4061 4061 4061 4061 4061 4061 4061 4061
729 1777383425 3560 3705 3677 3656 3591 546 256 584 4063 4063 4062 4062 4062 4062 4062 4062
730 1777383425 3560 3705 3677 3655 3591 519 230 587 4063 4063 4062 4062 4062 4062 4062 4062
731 1777383425 3561 3705 3678 3657 3592 538 264 586 4063 4061 4061 4061 4061 4061 4061 4061
732 1777383425 3561 3705 3678 3657 3593 542 261 585 4063 4063 4063 4063 4063 4063 4063 4063
733 1777383425 3561 3706 3678 3657 3592 539 256 586 4061 4061 4061 4061 4061 4061 4061 4061
734 1777383425 3559 3704 3677 3655 3591 591 257 572 4063 4063 4062 4062 4062 4062 4062 4062
735 1777383426 3560 3705 3677 3657 3592 558 268 584 4063 4063 4062 4062 4062 4062 4062 4062
736 1777383426 3561 3706 3679 3658 3593 545 260 586 4063 4063 4063 4063 4063 4063 4063 4063
737 1777383426 3561 3706 3679 3657 3593 542 245 586 4063 4063 4063 4063 4063 4063 4063 4063
738 1777383426 3560 3705 3677 3656 3591 548 265 585 4063 4063 4062 4062 4062 4062 4062 4062
739 1777383426 3560 3705 3677 3656 3592 561 262 584 4063 4063 4062 4062 4062 4062 4062 4062
740 1777383426 3560 3705 3678 3657 3592 548 260 585 4061 4061 4061 4061 4061 4061 4061 4061
741 1777383426 3561 3706 3678 3657 3593 542 251 586 4063 4063 4062 4062 4062 4062 4062 4062
742 1777383426 3561 3706 3678 3657 3593 561 260 583 4063 4063 4062 4062 4062 4062 4062 4062
743 1777383426 3561 3706 3678 3657 3593 551 272 585 4061 4061 4061 4061 4061 4061 4061 4061
744 1777383426 3561 3705 3678 3657 3592 546 267 585 4061 4061 4061 4061 4061 4061 4061 4061
745 1777383426 3560 3705 3678 3657 3592 539 238 586 4061 4061 4061 4061 4061 4061 4061 4061
746 1777383426 3561 3706 3678 3657 3592 544 264 586 4063 4063 4062 4062 4062 4062 4062 4062
747 1777383426 3560 3706 3678 3657 3591 548 261 586 4063 4063 4062 4062 4062 4062 4062 4062
748 1777383426 3560 3705 3678 3656 3592 567 265 583 4063 4063 4062 4062 4062 4062 4062 4062
749 1777383426 3560 3705 3677 3656 3591 571 3631 584 4063 4063 4062 4062 4062 4062 4062 4062
750 1777383427 3560 3705 3677 3657 3592 538 256 586 4063 4062 4062 4062 4062 4062 4062 4062
751 1777383427 3560 3705 3677 3657 3592 554 257 585 4063 4063 4062 4062 4062 4062 4062 4062
752 1777383427 3561 3706 3678 3658 3593 566 263 583 4061 4061 4061 4061 4061 4061 4061 4061
753 1777383427 3561 3706 3678 3657 3593 534 253 586 4063 4063 4062 4062 4062 4062 4062 4062
754 1777383427 3561 3706 3678 3657 3592 547 275 586 4063 4063 4063 4063 4063 4063 4063 4063
755 1777383427 3561 3706 3678 3657 3592 542 262 586 4063 4063 4062 4062 4062 4062 4062 4062
756 1777383427 3560 3705 3677 3656 3591 564 283 583 4063 4063 4063 4063 4063 4063 4063 4063
757 1777383428 3560 3704 3676 3656 3591 539 251 586 4063 4063 4062 4062 4062 4062 4062 4062
758 1777383428 3561 3705 3677 3657 3592 535 251 586 4063 4063 4062 4062 4062 4062 4062 4062
759 1777383428 3561 3706 3678 3657 3593 566 3633 584 4063 4063 4063 4063 4063 4063 4063 4063
760 1777383428 3561 3706 3678 3657 3592 542 264 586 4063 4063 4062 4062 4062 4062 4062 4062
761 1777383428 3561 3706 3678 3657 3592 545 262 586 4063 4063 4063 4063 4063 4063 4063 4063
762 1777383428 3560 3705 3677 3656 3591 535 247 586 4063 4063 4062 4062 4062 4062 4062 4062
763 1777383428 3560 3705 3677 3657 3592 518 235 587 4063 4063 4062 4062 4062 4062 4062 4062
764 1777383429 3560 3705 3677 3657 3592 556 261 585 4063 4063 4062 4062 4062 4062 4062 4062
765 1777383429 3561 3705 3678 3657 3593 547 259 585 4063 4063 4062 4062 4062 4062 4062 4062
766 1777383429 3560 3705 3677 3656 3591 491 202 588 4063 4063 4063 4063 4063 4063 4063 4063
767 1777383429 3562 3706 3678 3658 3593 480 198 588 4061 4061 4061 4061 4061 4061 4061 4061
768 1777383429 3561 3706 3678 3657 3593 522 258 587 4063 4063 4062 4062 4062 4062 4062 4062
769 1777383429 3561 3706 3678 3657 3592 554 271 585 4063 4063 4062 4062 4062 4062 4062 4062
770 1777383429 3562 3707 3679 3658 3594 529 252 587 4063 4063 4062 4062 4062 4062 4062 4062
771 1777383429 3561 3706 3678 3658 3592 544 251 586 4063 4063 4062 4062 4062 4062 4062 4062
772 1777383430 3561 3705 3677 3657 3592 543 255 586 4063 4063 4062 4062 4062 4062 4062 4062
773 1777383430 3560 3705 3678 3657 3592 568 263 583 4061 4061 4061 4061 4061 4061 4061 4061
774 1777383430 3562 3706 3679 3658 3593 536 257 586 4063 4063 4062 4062 4062 4062 4062 4062
775 1777383430 3561 3706 3678 3657 3592 551 263 586 4063 4063 4062 4062 4062 4062 4062 4062
776 1777383430 3562 3707 3679 3658 3593 560 267 584 4061 4061 4061 4061 4061 4061 4061 4061
777 1777383430 3561 3706 3679 3658 3594 540 253 586 4063 4063 4062 4062 4062 4062 4062 4062
778 1777383430 3561 3705 3677 3656 3592 539 257 586 4063 4061 4061 4061 4061 4061 4061 4061
779 1777383430 3560 3705 3678 3657 3592 556 274 585 4061 4061 4061 4061 4061 4061 4061 4061
780 1777383430 3560 3705 3677 3655 3592 566 266 584 4061 4061 4061 4061 4061 4061 4061 4061
781 1777383430 3560 3705 3678 3657 3592 558 270 585 4063 4063 4062 4062 4062 4062 4062 4062
782 1777383430 3561 3705 3678 3657 3592 539 258 586 4063 4063 4063 4063 4063 4063 4063 4063
783 1777383430 3561 3706 3678 3657 3592 562 261 584 4061 4061 4061 4061 4061 4061 4061 4061
784 1777383430 3561 3706 3679 3657 3593 527 239 587 4063 4063 4063 4063 4063 4063 4063 4063
785 1777383430 3560 3706 3678 3657 3592 547 259 586 4061 4061 4061 4061 4061 4061 4061 4061
786 1777383430 3560 3705 3677 3656 3592 567 266 583 4063 4063 4062 4062 4062 4062 4062 4062
787 1777383430 3562 3707 3680 3658 3594 545 267 586 4061 4061 4061 4061 4061 4061 4061 4061
788 1777383431 3561 3706 3678 3657 3593 550 264 586 4061 4061 4061 4061 4061 4061 4061 4061
789 1777383431 3560 3705 3678 3656 3592 527 229 587 4063 4063 4062 4062 4062 4062 4062 4062
790 1777383431 3561 3706 3678 3658 3593 573 271 582 4061 4061 4061 4061 4061 4061 4061 4061
791 1777383431 3561 3706 3679 3658 3593 567 265 584 4063 4063 4062 4062 4062 4062 4062 4062
792 1777383431 3561 3706 3679 3658 3593 543 241 586 4061 4061 4061 4061 4061 4061 4061 4061
793 1777383431 3560 3705 3677 3656 3592 536 246 587 4063 4063 4063 4063 4063 4063 4063 4063
794 1777383431 3561 3705 3678 3657 3593 517 3633 588 4063 4063 4063 4063 4063 4063 4063 4063
795 1777383431 3562 3707 3679 3658 3593 550 270 585 4063 4063 4062 4062 4062 4062 4062 4062
796 1777383431 3562 3707 3679 3658 3594 570 280 583 4061 4061 4061 4061 4061 4061 4061 4061
797 1777383432 3562 3707 3679 3659 3594 524 236 587 4063 4062 4062 4062 4062 4062 4062 4062
798 1777383432 3561 3706 3678 3658 3593 547 266 586 4063 4063 4063 4063 4063 4063 4063 4063
799 1777383432 3560 3706 3678 3657 3592 546 267 586 4063 4063 4062 4062 4062 4062 4062 4062
800 1777383432 3561 3705 3677 3657 3592 561 272 584 4061 4061 4061 4061 4061 4061 4061 4061
801 1777383432 3560 3705 3678 3656 3592 517 239 587 4063 4063 4062 4062 4062 4062 4062 4062
802 1777383432 3562 3707 3679 3659 3594 541 254 586 4063 4063 4062 4062 4062 4062 4062 4062
803 1777383432 3562 3707 3679 3658 3593 530 230 587 4063 4061 4061 4061 4061 4061 4061 4061
804 1777383432 3561 3706 3678 3657 3592 531 250 587 4063 4063 4063 4063 4063 4063 4063 4063
805 1777383432 3562 3707 3678 3658 3593 542 273 587 4063 4063 4063 4063 4063 4063 4063 4063
806 1777383432 3560 3706 3678 3657 3592 529 245 587 4061 4061 4061 4061 4061 4061 4061 4061
807 1777383432 3562 3706 3678 3657 3592 569 256 584 4061 4063 4061 4061 4061 4061 4061 4061
808 1777383433 3562 3707 3680 3658 3594 546 267 586 4061 4061 4061 4061 4061 4061 4061 4061
809 1777383433 3560 3705 3677 3656 3592 526 238 588 4061 4061 4061 4061 4061 4061 4061 4061
810 1777383433 3561 3705 3678 3657 3592 539 266 586 4061 4061 4061 4061 4061 4061 4061 4061
811 1777383433 3560 3706 3678 3657 3592 548 265 586 4063 4063 4063 4063 4063 4063 4063 4063
812 1777383433 3561 3706 3678 3657 3593 542 262 586 4063 4061 4061 4061 4061 4061 4061 4061
813 1777383434 3562 3707 3679 3658 3593 501 221 588 4061 4061 4061 4061 4061 4061 4061 4061
814 1777383434 3561 3707 3679 3658 3593 565 270 584 4063 4063 4062 4062 4062 4062 4062 4062
815 1777383434 3561 3706 3678 3657 3593 538 262 586 4063 4063 4062 4062 4062 4062 4062 4062
816 1777383434 3561 3707 3679 3658 3594 554 261 586 4063 4062 4062 4062 4062 4062 4062 4062
817 1777383434 3561 3707 3679 3658 3593 565 271 584 4063 4063 4062 4062 4062 4062 4062 4062
818 1777383434 3561 3707 3679 3657 3593 555 283 585 4063 4063 4063 4063 4063 4063 4063 4063
819 1777383434 3562 3706 3679 3657 3593 547 262 586 4063 4063 4062 4062 4062 4062 4062 4062
820 1777383434 3561 3705 3677 3657 3592 554 247 585 4063 4063 4062 4062 4062 4062 4062 4062
821 1777383434 3561 3706 3679 3658 3593 568 272 584 4063 4063 4062 4062 4062 4062 4062 4062
822 1777383434 3561 3706 3678 3658 3593 567 258 584 4063 4063 4062 4062 4062 4062 4062 4062
823 1777383434 3561 3706 3678 3657 3593 557 3634 586 4063 4063 4062 4062 4062 4062 4062 4062
824 1777383434 3561 3706 3678 3657 3592 561 268 584 4063 4063 4063 4063 4063 4063 4063 4063
825 1777383434 3561 3706 3678 3657 3592 530 268 587 4063 4063 4063 4063 4063 4063 4063 4063
826 1777383435 3560 3705 3677 3656 3592 549 268 586 4063 4063 4062 4062 4062 4062 4062 4062
827 1777383435 3561 3706 3678 3657 3592 542 245 586 4063 4063 4062 4062 4062 4062 4062 4062
828 1777383435 3562 3707 3679 3658 3593 553 261 586 4063 4063 4062 4062 4062 4062 4062 4062
829 1777383435 3561 3705 3678 3657 3593 554 268 586 4063 4063 4062 4062 4062 4062 4062 4062
830 1777383435 3561 3705 3678 3657 3593 553 271 585 4063 4063 4063 4063 4063 4063 4063 4063
831 1777383435 3561 3706 3678 3657 3593 555 251 585 4063 4063 4062 4062 4062 4062 4062 4062
832 1777383436 3561 3706 3678 3657 3593 553 267 586 4061 4061 4061 4061 4061 4061 4061 4061
833 1777383436 3561 3706 3678 3657 3592 540 236 586 4061 4061 4061 4061 4061 4061 4061 4061
834 1777383436 3561 3705 3678 3657 3593 537 3633 588 4061 4061 4061 4061 4061 4061 4061 4061
835 1777383436 3561 3706 3678 3658 3593 557 271 585 4061 4061 4061 4061 4061 4061 4061 4061
836 1777383436 3561 3706 3678 3657 3593 565 3632 585 4063 4063 4063 4063 4063 4063 4063 4063
837 1777383436 3560 3705 3677 3656 3592 555 3633 587 4063 4063 4062 4062 4062 4062 4062 4062
838 1777383436 3561 3706 3678 3657 3593 553 245 586 4063 4063 4063 4063 4063 4063 4063 4063
839 1777383437 3561 3705 3678 3657 3592 553 268 585 4063 4061 4061 4061 4061 4061 4061 4061
840 1777383437 3563 3707 3679 3658 3594 576 272 581 4065 4063 4063 4063 4063 4063 4063 4063
841 1777383437 3562 3707 3679 3658 3594 568 262 584 4063 4063 4062 4062 4062 4062 4062 4062
842 1777383437 3562 3707 3679 3658 3593 558 272 585 4063 4063 4062 4062 4062 4062 4062 4062
843 1777383437 3561 3706 3679 3658 3593 557 259 585 4063 4063 4063 4063 4063 4063 4063 4063
844 1777383437 3561 3706 3678 3657 3593 574 270 582 4063 4063 4063 4063 4063 4063 4063 4063
845 1777383437 3561 3706 3678 3657 3593 548 260 586 4063 4063 4062 4062 4062 4062 4062 4062
846 1777383438 3561 3706 3679 3657 3592 557 271 586 4063 4063 4062 4062 4062 4062 4062 4062
847 1777383438 3561 3706 3678 3658 3594 542 264 587 4063 4062 4062 4062 4062 4062 4062 4062
848 1777383438 3561 3706 3678 3658 3593 554 270 586 4063 4063 4062 4062 4062 4062 4062 4062
849 1777383438 3562 3707 3679 3658 3593 533 256 587 4063 4063 4062 4062 4062 4062 4062 4062
850 1777383438 3561 3706 3678 3657 3593 522 255 587 4061 4061 4061 4061 4061 4061 4061 4061
851 1777383438 3561 3706 3678 3657 3592 565 284 585 4061 4061 4061 4061 4061 4061 4061 4061
852 1777383438 3560 3705 3678 3657 3592 546 260 586 4063 4063 4062 4062 4062 4062 4062 4062
853 1777383438 3561 3706 3678 3657 3593 556 275 586 4063 4062 4062 4062 4062 4062 4062 4062
854 1777383438 3560 3706 3678 3657 3592 547 259 586 4063 4062 4062 4062 4062 4062 4062 4062
855 1777383439 3561 3706 3678 3657 3593 550 259 586 4063 4063 4063 4063 4063 4063 4063 4063
856 1777383439 3561 3705 3678 3657 3593 546 258 586 4063 4063 4062 4062 4062 4062 4062 4062
857 1777383439 3562 3707 3680 3659 3594 566 279 584 4061 4061 4061 4061 4061 4061 4061 4061
858 1777383439 3562 3707 3679 3658 3594 555 272 586 4063 4063 4062 4062 4062 4062 4062 4062
859 1777383439 3561 3706 3678 3657 3593 556 278 586 4063 4063 4062 4062 4062 4062 4062 4062
860 1777383439 3561 3706 3678 3657 3592 559 256 585 4063 4063 4062 4062 4062 4062 4062 4062
861 1777383439 3562 3707 3680 3659 3595 555 276 586 4061 4061 4061 4061 4061 4061 4061 4061
862 1777383439 3561 3706 3678 3658 3593 529 251 587 4063 4063 4062 4062 4062 4062 4062 4062
863 1777383439 3562 3706 3678 3658 3593 536 257 587 4063 4063 4062 4062 4062 4062 4062 4062
864 1777383439 3562 3707 3679 3658 3594 549 262 586 4063 4063 4063 4063 4063 4063 4063 4063
865 1777383439 3561 3706 3679 3657 3592 563 275 585 4061 4061 4061 4061 4061 4061 4061 4061
866 1777383440 3562 3707 3679 3658 3593 561 268 585 4063 4063 4062 4062 4062 4062 4062 4062
867 1777383440 3560 3705 3678 3657 3593 565 278 585 4063 4063 4063 4063 4063 4063 4063 4063
868 1777383440 3561 3706 3679 3658 3592 573 274 583 4061 4061 4061 4061 4061 4061 4061 4061
869 1777383440 3561 3706 3678 3657 3592 545 267 587 4063 4063 4062 4062 4062 4062 4062 4062
870 1777383440 3562 3707 3679 3658 3593 549 262 586 4063 4063 4062 4062 4062 4062 4062 4062
871 1777383440 3561 3706 3679 3658 3594 549 3633 587 4063 4063 4062 4062 4062 4062 4062 4062
872 1777383440 3561 3705 3677 3657 3592 543 270 587 4063 4063 4062 4062 4062 4062 4062 4062
873 1777383441 3562 3706 3679 3658 3593 537 245 587 4061 4061 4061 4061 4061 4061 4061 4061
874 1777383441 3562 3707 3679 3658 3593 556 245 586 4063 4063 4062 4062 4062 4062 4062 4062
875 1777383441 3561 3706 3679 3658 3593 538 3633 589 4063 4062 4062 4062 4062 4062 4062 4062
876 1777383441 3562 3706 3678 3658 3593 553 271 586 4061 4061 4061 4061 4061 4061 4061 4061
877 1777383441 3559 3704 3676 3655 3591 544 245 585 4063 4063 4062 4062 4062 4062 4062 4062
878 1777383441 3559 3704 3676 3655 3591 533 242 585 4061 4061 4061 4061 4061 4061 4061 4061
879 1777383441 3559 3704 3677 3655 3591 529 248 585 4063 4063 4062 4062 4062 4062 4062 4062
880 1777383441 3560 3705 3677 3656 3591 566 256 582 4063 4063 4062 4062 4062 4062 4062 4062
881 1777383441 3560 3704 3677 3656 3591 536 262 585 4063 4061 4061 4061 4061 4061 4061 4061
882 1777383441 3559 3703 3676 3655 3590 510 231 586 4063 4063 4062 4062 4062 4062 4062 4062
883 1777383441 3558 3702 3675 3654 3590 542 251 585 4061 4061 4061 4061 4061 4061 4061 4061
884 1777383441 3560 3705 3677 3656 3592 553 260 584 4061 4061 4061 4061 4061 4061 4061 4061
885 1777383441 3560 3705 3677 3656 3592 550 253 584 4063 4063 4063 4063 4063 4063 4063 4063
886 1777383441 3559 3704 3676 3656 3591 539 253 585 4063 4063 4062 4062 4062 4062 4062 4062
887 1777383442 3559 3704 3676 3655 3591 572 3631 582 4063 4063 4062 4062 4062 4062 4062 4062
888 1777383442 3559 3704 3677 3656 3591 550 260 584 4063 4063 4062 4062 4062 4062 4062 4062
889 1777383442 3559 3704 3676 3655 3591 555 275 584 4063 4063 4062 4062 4062 4062 4062 4062
890 1777383442 3560 3705 3678 3657 3592 564 256 583 4063 4063 4062 4062 4062 4062 4062 4062
891 1777383442 3560 3705 3677 3656 3591 557 266 584 4063 4063 4062 4062 4062 4062 4062 4062
892 1777383442 3559 3704 3677 3656 3591 549 254 584 4063 4063 4062 4062 4062 4062 4062 4062
893 1777383442 3560 3705 3677 3656 3592 534 255 585 4063 4063 4062 4062 4062 4062 4062 4062
894 1777383442 3559 3704 3676 3655 3592 554 291 584 4063 4063 4062 4062 4062 4062 4062 4062
895 1777383443 3559 3704 3676 3656 3591 543 251 585 4061 4061 4061 4061 4061 4061 4061 4061
896 1777383443 3560 3705 3677 3656 3592 538 3632 587 4063 4063 4062 4062 4062 4062 4062 4062
897 1777383443 3560 3704 3676 3655 3591 571 267 581 4063 4063 4062 4062 4062 4062 4062 4062
898 1777383443 3559 3703 3676 3655 3591 538 3631 587 4063 4063 4063 4063 4063 4063 4063 4063
899 1777383443 3560 3705 3677 3656 3591 535 250 585 4063 4063 4062 4062 4062 4062 4062 4062
900 1777383443 3559 3704 3677 3656 3592 558 264 583 4063 4063 4063 4063 4063 4063 4063 4063
901 1777383443 3560 3704 3677 3656 3592 545 273 584 4063 4063 4062 4062 4062 4062 4062 4062
902 1777383444 3560 3705 3677 3656 3592 555 260 584 4063 4063 4062 4062 4062 4062 4062 4062
903 1777383444 3560 3705 3678 3657 3592 544 255 585 4063 4063 4062 4062 4062 4062 4062 4062
904 1777383444 3560 3705 3678 3657 3592 549 248 584 4063 4063 4063 4063 4063 4063 4063 4063
905 1777383444 3560 3705 3677 3656 3592 535 243 585 4061 4061 4061 4061 4061 4061 4061 4061
906 1777383444 3560 3705 3678 3656 3592 542 266 585 4063 4063 4062 4062 4062 4062 4062 4062
907 1777383444 3560 3705 3677 3656 3591 554 276 584 4061 4061 4061 4061 4061 4061 4061 4061
908 1777383444 3559 3705 3676 3655 3591 552 267 584 4061 4061 4061 4061 4061 4061 4061 4061
909 1777383444 3559 3704 3677 3656 3591 554 265 584 4063 4063 4062 4062 4062 4062 4062 4062
910 1777383445 3559 3704 3676 3655 3590 552 252 584 4061 4061 4061 4061 4061 4061 4061 4061
911 1777383445 3560 3705 3678 3656 3592 552 253 585 4063 4063 4062 4062 4062 4062 4062 4062
912 1777383445 3560 3704 3677 3655 3591 551 268 585 4063 4063 4063 4063 4063 4063 4063 4063
913 1777383445 3561 3705 3678 3657 3592 544 269 585 4061 4061 4061 4061 4061 4061 4061 4061
914 1777383445 3560 3705 3678 3656 3591 549 259 584 4061 4061 4061 4061 4061 4061 4061 4061
915 1777383445 3560 3705 3678 3657 3592 579 260 578 4063 4063 4062 4062 4062 4062 4062 4062
916 1777383445 3560 3704 3677 3656 3591 541 3631 586 4061 4061 4061 4061 4061 4061 4061 4061
917 1777383445 3560 3705 3677 3656 3592 545 266 585 4063 4063 4062 4062 4062 4062 4062 4062
918 1777383445 3559 3704 3676 3656 3591 599 252 565 4063 4063 4062 4062 4062 4062 4062 4062
919 1777383445 3560 3705 3677 3656 3592 572 276 581 4063 4063 4063 4063 4063 4063 4063 4063
920 1777383446 3559 3704 3676 3656 3591 539 261 585 4063 4062 4062 4062 4062 4062 4062 4062
921 1777383446 3559 3704 3676 3655 3591 562 264 583 4063 4063 4062 4062 4062 4062 4062 4062
922 1777383446 3560 3705 3677 3656 3591 558 257 584 4063 4063 4062 4062 4062 4062 4062 4062
923 1777383446 3560 3704 3677 3656 3591 562 279 583 4063 4062 4062 4062 4062 4062 4062 4062
924 1777383446 3561 3706 3678 3657 3592 562 283 583 4063 4063 4062 4062 4062 4062 4062 4062
925 1777383447 3560 3704 3677 3656 3591 547 254 585 4061 4061 4061 4061 4061 4061 4061 4061
926 1777383447 3561 3706 3678 3657 3592 555 262 584 4061 4061 4061 4061 4061 4061 4061 4061
927 1777383447 3560 3705 3677 3657 3591 558 252 584 4061 4061 4061 4061 4061 4061 4061 4061
928 1777383448 3559 3704 3676 3655 3591 559 254 584 4061 4061 4061 4061 4061 4061 4061 4061
929 1777383448 3560 3704 3677 3656 3592 545 262 585 4063 4063 4062 4062 4062 4062 4062 4062
930 1777383448 3560 3705 3677 3656 3591 519 248 587 4063 4063 4063 4063 4063 4063 4063 4063
931 1777383448 3560 3705 3677 3656 3592 551 267 585 4061 4061 4061 4061 4061 4061 4061 4061
932 1777383448 3560 3705 3677 3656 3592 557 272 584 4063 4063 4063 4063 4063 4063 4063 4063
933 1777383448 3560 3705 3677 3656 3591 529 241 586 4061 4061 4061 4061 4061 4061 4061 4061
934 1777383448 3560 3705 3677 3656 3592 555 256 584 4061 4061 4061 4061 4061 4061 4061 4061
935 1777383448 3561 3705 3678 3657 3592 521 243 586 4061 4061 4061 4061 4061 4061 4061 4061
936 1777383448 3559 3704 3677 3655 3591 530 252 586 4063 4063 4062 4062 4062 4062 4062 4062
937 1777383448 3560 3705 3678 3657 3592 558 255 584 4063 4063 4062 4062 4062 4062 4062 4062
938 1777383448 3561 3705 3678 3657 3592 521 232 586 4063 4063 4062 4062 4062 4062 4062 4062
939 1777383448 3561 3706 3678 3657 3592 563 285 584 4061 4061 4061 4061 4061 4061 4061 4061
940 1777383448 3560 3705 3677 3656 3591 526 241 586 4063 4063 4062 4062 4062 4062 4062 4062
941 1777383449 3561 3706 3678 3657 3592 536 253 585 4063 4063 4062 4062 4062 4062 4062 4062
942 1777383449 3560 3705 3678 3657 3593 546 260 585 4063 4063 4062 4062 4062 4062 4062 4062
943 1777383449 3559 3704 3677 3656 3592 534 247 585 4063 4063 4062 4062 4062 4062 4062 4062
944 1777383449 3559 3704 3677 3656 3591 567 272 582 4063 4063 4062 4062 4062 4062 4062 4062
945 1777383449 3560 3705 3678 3657 3592 547 253 585 4061 4061 4061 4061 4061 4061 4061 4061
946 1777383449 3560 3705 3678 3657 3592 395 126 587 4063 4063 4062 4062 4062 4062 4062 4062
947 1777383450 3560 3706 3677 3656 3592 555 257 585 4063 4063 4062 4062 4062 4062 4062 4062
948 1777383450 3560 3705 3677 3656 3592 553 253 585 4063 4063 4062 4062 4062 4062 4062 4062
949 1777383450 3560 3705 3678 3657 3592 543 269 585 4063 4063 4062 4062 4062 4062 4062 4062
950 1777383450 3561 3706 3678 3657 3593 519 248 586 4063 4063 4062 4062 4062 4062 4062 4062
951 1777383450 3560 3705 3677 3656 3592 541 237 585 4063 4063 4062 4062 4062 4062 4062 4062
952 1777383450 3559 3704 3677 3656 3591 556 261 584 4061 4061 4061 4061 4061 4061 4061 4061
953 1777383451 3560 3704 3677 3656 3591 556 255 585 4061 4061 4061 4061 4061 4061 4061 4061
954 1777383451 3561 3705 3678 3657 3592 555 267 584 4063 4063 4063 4063 4063 4063 4063 4063
955 1777383451 3561 3705 3678 3656 3592 544 258 585 4063 4063 4062 4062 4062 4062 4062 4062
956 1777383451 3560 3705 3677 3657 3592 534 240 585 4061 4061 4061 4061 4061 4061 4061 4061
957 1777383451 3560 3705 3677 3656 3591 560 277 584 4063 4063 4063 4063 4063 4063 4063 4063
958 1777383451 3561 3705 3678 3657 3592 528 244 586 4061 4061 4061 4061 4061 4061 4061 4061
959 1777383451 3560 3705 3677 3656 3592 556 276 584 4061 4061 4061 4061 4061 4061 4061 4061
960 1777383451 3559 3705 3677 3655 3591 529 249 586 4063 4063 4062 4062 4062 4062 4062 4062
961 1777383451 3561 3705 3678 3657 3592 568 263 583 4063 4063 4062 4062 4062 4062 4062 4062
962 1777383451 3559 3704 3677 3655 3591 550 260 585 4063 4063 4062 4062 4062 4062 4062 4062
963 1777383451 3560 3704 3677 3655 3591 554 266 585 4063 4063 4063 4063 4063 4063 4063 4063
964 1777383451 3560 3705 3677 3657 3591 546 267 585 4063 4063 4062 4062 4062 4062 4062 4062
965 1777383451 3560 3705 3677 3657 3592 559 261 584 4063 4063 4062 4062 4062 4062 4062 4062
966 1777383452 3560 3705 3677 3656 3591 548 261 585 4063 4062 4062 4062 4062 4062 4062 4062
967 1777383452 3559 3704 3677 3656 3591 513 218 587 4061 4061 4061 4061 4061 4061 4061 4061
968 1777383452 3560 3705 3677 3657 3592 550 264 585 4061 4061 4061 4061 4061 4061 4061 4061
969 1777383452 3560 3706 3678 3657 3592 516 244 587 4061 4061 4061 4061 4061 4061 4061 4061
970 1777383452 3560 3705 3678 3657 3592 544 262 585 4061 4061 4061 4061 4061 4061 4061 4061
971 1777383452 3561 3706 3679 3658 3593 551 276 585 4063 4063 4062 4062 4062 4062 4062 4062
972 1777383452 3560 3705 3677 3656 3592 537 256 586 4063 4063 4062 4062 4062 4062 4062 4062
973 1777383452 3560 3705 3676 3656 3591 563 270 583 4063 4063 4062 4062 4062 4062 4062 4062
974 1777383452 3561 3707 3679 3657 3593 498 222 587 4061 4061 4061 4061 4061 4061 4061 4061
975 1777383452 3560 3705 3678 3656 3592 564 261 583 4061 4061 4061 4061 4061 4061 4061 4061
976 1777383452 3560 3706 3678 3657 3593 541 246 585 4063 4063 4062 4062 4062 4062 4062 4062
977 1777383453 3561 3705 3678 3657 3592 564 281 583 4063 4063 4062 4062 4062 4062 4062 4062
978 1777383453 3560 3705 3677 3656 3592 539 252 586 4063 4063 4062 4062 4062 4062 4062 4062
979 1777383453 3561 3706 3678 3658 3593 583 247 577 4061 4061 4061 4061 4061 4061 4061 4061
980 1777383453 3561 3706 3679 3658 3593 533 241 586 4063 4063 4062 4062 4062 4062 4062 4062
981 1777383453 3560 3705 3678 3657 3592 550 268 585 4063 4063 4062 4062 4062 4062 4062 4062
982 1777383453 3560 3705 3677 3656 3591 559 279 584 4061 4061 4061 4061 4061 4061 4061 4061
983 1777383453 3561 3706 3678 3657 3592 545 266 585 4063 4062 4062 4062 4062 4062 4062 4062
984 1777383453 3561 3706 3678 3657 3592 535 244 586 4063 4063 4062 4062 4062 4062 4062 4062
985 1777383453 3561 3706 3678 3657 3592 560 273 584 4063 4063 4063 4063 4063 4063 4063 4063
986 1777383453 3561 3706 3678 3657 3593 571 264 582 4063 4063 4062 4062 4062 4062 4062 4062
987 1777383453 3560 3705 3677 3656 3592 571 270 581 4063 4063 4062 4062 4062 4062 4062 4062
988 1777383453 3561 3705 3678 3657 3593 556 274 585 4063 4063 4062 4062 4062 4062 4062 4062
989 1777383454 3561 3705 3678 3657 3593 538 247 586 4063 4063 4062 4062 4062 4062 4062 4062
990 1777383454 3561 3707 3679 3658 3593 559 263 584 4063 4063 4062 4062 4062 4062 4062 4062
991 1777383454 3561 3706 3678 3657 3593 515 245 587 4061 4061 4061 4061 4061 4061 4061 4061
992 1777383454 3562 3706 3679 3658 3593 565 266 584 4061 4061 4061 4061 4061 4061 4061 4061
993 1777383454 3560 3706 3678 3657 3592 564 265 584 4061 4061 4061 4061 4061 4061 4061 4061
994 1777383454 3560 3705 3677 3656 3592 558 266 584 4061 4061 4061 4061 4061 4061 4061 4061
995 1777383454 3561 3706 3678 3657 3593 547 258 585 4061 4061 4061 4061 4061 4061 4061 4061
996 1777383454 3561 3705 3677 3657 3592 523 241 586 4063 4063 4062 4062 4062 4062 4062 4062
997 1777383454 3561 3706 3678 3658 3593 564 274 584 4063 4063 4062 4062 4062 4062 4062 4062
998 1777383454 3560 3705 3677 3656 3592 549 243 585 4061 4061 4061 4061 4061 4061 4061 4061
999 1777383454 3560 3705 3678 3657 3592 554 275 585 4063 4062 4062 4062 4062 4062 4062 4062
1000 1777383454 3560 3705 3678 3656 3592 541 252 586 4063 4063 4063 4063 4063 4063 4063 4063
