1 1777382347 3556 3700 3673 3652 3588 533 250 587 4061 4061 4061 4061 4061 4061 4061 4061
2 1777382347 3557 3702 3674 3653 3589 547 300 586 4063 4063 4062 4062 4062 4062 4062 4062
3 1777382347 3557 3702 3674 3653 3588 534 261 587 4063 4063 4062 4062 4062 4062 4062 4062
4 1777382347 3556 3701 3673 3653 3588 541 250 586 4063 4062 4062 4062 4062 4062 4062 4062
5 1777382347 3557 3702 3674 3654 3589 575 3629 583 4063 4063 4062 4062 4062 4062 4062 4062
6 1777382347 3558 3703 3674 3654 3589 542 270 586 4061 4061 4061 4061 4061 4061 4061 4061
7 1777382347 3556 3702 3673 3653 3588 563 290 585 4061 4061 4061 4061 4061 4061 4061 4061
8 1777382347 3557 3702 3674 3653 3589 548 265 586 4061 4061 4061 4061 4061 4061 4061 4061
9 1777382347 3557 3702 3674 3653 3588 544 276 587 4061 4061 4061 4061 4061 4061 4061 4061
10 1777382347 3557 3701 3674 3653 3588 544 273 587 4061 4061 4061 4061 4061 4061 4061 4061
11 1777382347 3557 3702 3674 3653 3589 575 280 582 4061 4061 4061 4061 4061 4061 4061 4061
12 1777382347 3558 3703 3675 3654 3590 520 236 587 4063 4063 4063 4063 4063 4063 4063 4063
13 1777382348 3558 3702 3675 3654 3589 576 269 581 4063 4063 4062 4062 4062 4062 4062 4062
14 1777382348 3559 3704 3676 3655 3590 551 273 586 4063 4063 4063 4063 4063 4063 4063 4063
15 1777382348 3557 3702 3674 3653 3589 512 265 588 4061 4061 4061 4061 4061 4061 4061 4061
16 1777382348 3558 3702 3674 3653 3589 519 238 588 4063 4063 4063 4063 4063 4063 4063 4063
17 1777382348 3557 3702 3674 3653 3588 547 265 586 4063 4061 4061 4061 4061 4061 4061 4061
18 1777382348 3558 3703 3675 3654 3590 541 253 587 4061 4061 4061 4061 4061 4061 4061 4061
19 1777382348 3557 3701 3674 3653 3588 548 269 587 4063 4063 4063 4063 4063 4063 4063 4063
20 1777382349 3556 3701 3674 3652 3588 550 3628 587 4063 4063 4062 4062 4062 4062 4062 4062
21 1777382349 3558 3703 3675 3654 3590 560 275 585 4063 4063 4062 4062 4062 4062 4062 4062
22 1777382349 3558 3702 3675 3654 3589 556 286 585 4061 4061 4060 4060 4060 4060 4060 4060
23 1777382349 3558 3704 3675 3655 3590 574 313 583 4063 4063 4062 4062 4062 4062 4062 4062
24 1777382349 3558 3703 3675 3653 3589 556 299 586 4063 4063 4062 4062 4062 4062 4062 4062
25 1777382349 3558 3702 3675 3654 3589 564 279 585 4063 4063 4063 4063 4063 4063 4063 4063
26 1777382349 3557 3703 3675 3653 3589 555 3630 587 4063 4061 4061 4061 4061 4061 4061 4061
27 1777382349 3557 3703 3674 3654 3590 559 308 586 4061 4061 4061 4061 4061 4061 4061 4061
28 1777382349 3558 3703 3676 3654 3590 549 272 587 4063 4063 4062 4062 4062 4062 4062 4062
29 1777382349 3558 3703 3675 3654 3590 538 266 587 4063 4063 4062 4062 4062 4062 4062 4062
30 1777382350 3557 3702 3674 3653 3589 544 255 587 4063 4063 4062 4062 4062 4062 4062 4062
31 1777382350 3556 3701 3673 3652 3588 539 3629 588 4063 4063 4062 4062 4062 4062 4062 4062
32 1777382350 3557 3702 3675 3654 3590 551 284 587 4063 4063 4062 4062 4062 4062 4062 4062
33 1777382350 3557 3702 3674 3654 3590 554 3629 587 4061 4061 4060 4060 4060 4060 4060 4060
34 1777382350 3558 3704 3676 3655 3590 550 271 586 4063 4062 4062 4062 4062 4062 4062 4062
35 1777382350 3558 3703 3675 3654 3589 530 250 588 4063 4063 4062 4062 4062 4062 4062 4062
36 1777382350 3558 3703 3675 3655 3590 563 277 585 4063 4063 4062 4062 4062 4062 4062 4062
37 1777382350 3558 3703 3675 3654 3590 480 195 589 4063 4063 4062 4062 4062 4062 4062 4062
38 1777382350 3559 3703 3676 3655 3590 551 267 587 4061 4061 4061 4061 4061 4061 4061 4061
39 1777382350 3559 3704 3676 3655 3591 546 279 587 4063 4063 4062 4062 4062 4062 4062 4062
40 1777382351 3557 3702 3675 3654 3589 544 268 587 4061 4061 4061 4061 4061 4061 4061 4061
41 1777382351 3559 3704 3676 3656 3591 529 244 588 4061 4061 4061 4061 4061 4061 4061 4061
42 1777382351 3558 3703 3675 3654 3589 531 259 588 4061 4061 4061 4061 4061 4061 4061 4061
43 1777382351 3557 3703 3674 3654 3589 575 277 583 4063 4063 4062 4062 4062 4062 4062 4062
44 1777382351 3560 3705 3677 3657 3592 564 267 586 4061 4061 4061 4061 4061 4061 4061 4061
45 1777382351 3558 3702 3675 3654 3589 578 267 581 4063 4063 4062 4062 4062 4062 4062 4062
46 1777382351 3559 3704 3676 3655 3591 545 267 587 4061 4061 4061 4061 4061 4061 4061 4061
47 1777382351 3557 3701 3673 3653 3588 549 259 584 4061 4061 4061 4061 4061 4061 4061 4061
48 1777382351 3557 3702 3674 3653 3588 556 275 584 4063 4061 4061 4061 4061 4061 4061 4061
49 1777382351 3557 3702 3674 3653 3588 551 265 584 4063 4063 4062 4062 4062 4062 4062 4062
50 1777382351 3556 3701 3673 3652 3588 551 274 584 4063 4063 4063 4063 4063 4063 4063 4063
51 1777382352 3557 3701 3674 3652 3588 552 279 584 4063 4063 4062 4062 4062 4062 4062 4062
52 1777382352 3557 3701 3673 3652 3588 539 253 586 4061 4061 4061 4061 4061 4061 4061 4061
53 1777382352 3556 3700 3673 3652 3587 557 273 584 4063 4062 4062 4062 4062 4062 4062 4062
54 1777382352 3556 3700 3673 3652 3588 528 277 586 4063 4063 4062 4062 4062 4062 4062 4062
55 1777382352 3557 3702 3674 3653 3589 528 248 587 4063 4063 4062 4062 4062 4062 4062 4062
56 1777382352 3557 3701 3674 3653 3588 541 268 586 4061 4061 4061 4061 4061 4061 4061 4061
57 1777382352 3556 3700 3672 3652 3587 524 253 586 4061 4061 4061 4061 4061 4061 4061 4061
58 1777382352 3557 3702 3674 3653 3588 558 299 584 4063 4063 4062 4062 4062 4062 4062 4062
59 1777382352 3556 3702 3674 3653 3588 534 266 586 4065 4063 4063 4063 4063 4063 4063 4063
60 1777382353 3556 3701 3673 3652 3587 516 236 586 4061 4061 4061 4061 4061 4061 4061 4061
61 1777382353 3556 3701 3674 3652 3588 538 266 586 4063 4063 4062 4062 4062 4062 4062 4062
62 1777382353 3557 3702 3674 3653 3588 565 3629 584 4061 4061 4061 4061 4061 4061 4061 4061
63 1777382353 3556 3701 3674 3653 3588 546 266 585 4063 4063 4062 4062 4062 4062 4062 4062
64 1777382353 3557 3701 3673 3653 3588 535 251 585 4063 4062 4062 4062 4062 4062 4062 4062
65 1777382353 3556 3701 3673 3652 3588 548 271 585 4063 4063 4062 4062 4062 4062 4062 4062
66 1777382353 3556 3701 3674 3653 3588 568 286 582 4063 4062 4062 4062 4062 4062 4062 4062
67 1777382353 3557 3702 3674 3653 3588 568 282 582 4061 4061 4061 4061 4061 4061 4061 4061
68 1777382353 3556 3701 3673 3652 3587 573 300 581 4063 4063 4062 4062 4062 4062 4062 4062
69 1777382353 3556 3700 3673 3652 3587 554 260 584 4065 4063 4063 4063 4063 4063 4063 4063
70 1777382354 3558 3703 3674 3653 3589 558 251 584 4063 4063 4062 4062 4062 4062 4062 4062
71 1777382354 3556 3702 3674 3653 3588 563 246 583 4063 4063 4062 4062 4062 4062 4062 4062
72 1777382354 3556 3701 3673 3652 3587 546 273 585 4061 4061 4061 4061 4061 4061 4061 4061
73 1777382354 3556 3701 3673 3652 3587 541 283 585 4063 4063 4062 4062 4062 4062 4062 4062
74 1777382354 3557 3701 3673 3653 3588 538 252 585 4063 4063 4062 4062 4062 4062 4062 4062
75 1777382354 3556 3700 3674 3652 3587 554 287 584 4061 4061 4061 4061 4061 4061 4061 4061
76 1777382354 3556 3701 3674 3653 3588 555 277 584 4063 4063 4063 4063 4063 4063 4063 4063
77 1777382354 3557 3702 3674 3653 3589 531 254 586 4063 4062 4062 4062 4062 4062 4062 4062
78 1777382354 3556 3701 3673 3653 3588 540 266 585 4063 4061 4061 4061 4061 4061 4061 4061
79 1777382354 3557 3701 3674 3653 3588 556 267 584 4063 4063 4062 4062 4062 4062 4062 4062
80 1777382354 3558 3703 3675 3654 3590 537 3630 587 4063 4063 4062 4062 4062 4062 4062 4062
81 1777382354 3558 3702 3675 3654 3589 540 276 586 4061 4061 4061 4061 4061 4061 4061 4061
82 1777382355 3557 3702 3674 3653 3588 533 251 586 4061 4061 4061 4061 4061 4061 4061 4061
83 1777382355 3556 3700 3672 3651 3587 527 267 586 4063 4063 4062 4062 4062 4062 4062 4062
84 1777382355 3557 3701 3674 3653 3588 559 267 584 4061 4061 4061 4061 4061 4061 4061 4061
85 1777382355 3556 3701 3673 3652 3588 570 275 582 4063 4063 4062 4062 4062 4062 4062 4062
86 1777382355 3557 3702 3674 3653 3589 563 265 583 4063 4063 4062 4062 4062 4062 4062 4062
87 1777382355 3557 3702 3674 3653 3588 557 270 584 4061 4061 4061 4061 4061 4061 4061 4061
88 1777382355 3556 3701 3673 3653 3588 553 281 584 4063 4063 4062 4062 4062 4062 4062 4062
89 1777382355 3556 3701 3673 3653 3588 539 300 585 4063 4063 4062 4062 4062 4062 4062 4062
90 1777382355 3558 3702 3675 3654 3589 543 299 585 4063 4063 4063 4063 4063 4063 4063 4063
91 1777382356 3556 3701 3673 3652 3588 544 253 585 4063 4063 4062 4062 4062 4062 4062 4062
92 1777382356 3556 3701 3674 3652 3588 523 242 586 4061 4061 4061 4061 4061 4061 4061 4061
93 1777382356 3557 3701 3674 3653 3588 550 262 584 4061 4061 4061 4061 4061 4061 4061 4061
94 1777382356 3557 3701 3674 3653 3589 556 265 584 4063 4063 4062 4062 4062 4062 4062 4062
95 1777382356 3557 3702 3674 3654 3589 560 268 584 4061 4061 4061 4061 4061 4061 4061 4061
96 1777382356 3557 3701 3674 3652 3588 523 244 587 4061 4061 4061 4061 4061 4061 4061 4061
97 1777382356 3558 3702 3675 3654 3589 565 284 583 4063 4063 4062 4062 4062 4062 4062 4062
98 1777382356 3556 3700 3673 3652 3587 529 265 587 4061 4061 4061 4061 4061 4061 4061 4061
99 1777382356 3557 3702 3674 3653 3589 578 300 579 4059 4059 4059 4059 4059 4059 4059 4059
100 1777382356 3557 3702 3674 3653 3589 551 264 585 4061 4061 4061 4061 4061 4061 4061 4061
101 1777382357 3556 3701 3674 3653 3589 551 3629 586 4063 4063 4062 4062 4062 4062 4062 4062
102 1777382357 3558 3702 3675 3653 3589 540 276 586 4061 4061 4061 4061 4061 4061 4061 4061
103 1777382357 3558 3702 3675 3654 3589 565 300 583 4061 4061 4061 4061 4061 4061 4061 4061
104 1777382357 3558 3703 3675 3654 3589 541 259 586 4063 4063 4062 4062 4062 4062 4062 4062
105 1777382357 3557 3702 3674 3653 3589 548 252 585 4063 4063 4062 4062 4062 4062 4062 4062
106 1777382357 3557 3702 3674 3653 3588 551 286 585 4063 4063 4063 4063 4063 4063 4063 4063
107 1777382357 3556 3701 3674 3652 3587 554 3627 586 4063 4063 4063 4063 4063 4063 4063 4063
108 1777382357 3557 3702 3675 3653 3589 545 262 586 4063 4063 4062 4062 4062 4062 4062 4062
109 1777382357 3557 3702 3674 3653 3589 536 269 586 4063 4062 4062 4062 4062 4062 4062 4062
110 1777382357 3557 3702 3674 3653 3588 569 283 582 4061 4061 4061 4061 4061 4061 4061 4061
111 1777382357 3557 3701 3674 3653 3589 564 260 583 4061 4061 4061 4061 4061 4061 4061 4061
112 1777382357 3557 3701 3674 3652 3588 548 266 585 4063 4063 4063 4063 4063 4063 4063 4063
113 1777382357 3557 3702 3674 3653 3589 542 277 586 4063 4063 4062 4062 4062 4062 4062 4062
114 1777382357 3557 3702 3674 3653 3589 545 255 585 4063 4063 4062 4062 4062 4062 4062 4062
115 1777382358 3557 3701 3674 3653 3588 572 288 581 4061 4061 4061 4061 4061 4061 4061 4061
116 1777382358 3558 3703 3675 3654 3590 539 276 586 4063 4063 4062 4062 4062 4062 4062 4062
117 1777382358 3558 3703 3675 3654 3590 539 277 585 4063 4063 4063 4063 4063 4063 4063 4063
118 1777382358 3558 3703 3675 3654 3590 515 251 587 4063 4062 4062 4062 4062 4062 4062 4062
119 1777382358 3557 3702 3674 3653 3589 533 272 586 4063 4063 4062 4062 4062 4062 4062 4062
120 1777382358 3557 3703 3675 3654 3589 559 265 584 4063 4062 4062 4062 4062 4062 4062 4062
121 1777382358 3558 3702 3675 3654 3589 554 279 585 4062 4063 4062 4062 4062 4062 4062 4062
122 1777382359 3557 3702 3674 3653 3588 551 275 585 4063 4063 4062 4062 4062 4062 4062 4062
123 1777382359 3558 3702 3675 3654 3589 564 281 584 4063 4062 4062 4062 4062 4062 4062 4062
124 1777382359 3557 3702 3674 3654 3589 540 261 586 4063 4063 4062 4062 4062 4062 4062 4062
125 1777382359 3557 3702 3674 3653 3589 534 240 586 4063 4063 4062 4062 4062 4062 4062 4062
126 1777382359 3558 3703 3675 3654 3589 537 267 586 4063 4062 4062 4062 4062 4062 4062 4062
127 1777382359 3557 3702 3674 3653 3588 508 216 588 4063 4063 4062 4062 4062 4062 4062 4062
128 1777382359 3557 3702 3674 3654 3589 517 244 587 4061 4061 4061 4061 4061 4061 4061 4061
129 1777382359 3558 3702 3675 3654 3590 570 296 583 4063 4063 4062 4062 4062 4062 4062 4062
130 1777382360 3557 3703 3675 3654 3589 546 273 585 4063 4063 4062 4062 4062 4062 4062 4062
131 1777382360 3557 3703 3674 3653 3589 531 281 587 4063 4063 4062 4062 4062 4062 4062 4062
132 1777382360 3557 3702 3675 3653 3589 566 266 583 4061 4061 4061 4061 4061 4061 4061 4061
133 1777382360 3557 3702 3674 3653 3589 542 268 585 4063 4063 4063 4063 4063 4063 4063 4063
134 1777382360 3557 3702 3675 3654 3590 547 267 585 4063 4063 4062 4062 4062 4062 4062 4062
135 1777382360 3557 3702 3674 3654 3589 558 286 584 4063 4063 4062 4062 4062 4062 4062 4062
136 1777382360 3558 3702 3675 3654 3590 537 255 586 4063 4063 4062 4062 4062 4062 4062 4062
137 1777382360 3558 3702 3675 3654 3589 545 285 585 4063 4063 4062 4062 4062 4062 4062 4062
138 1777382360 3557 3702 3674 3654 3589 549 259 586 4061 4061 4061 4061 4061 4061 4061 4061
139 1777382361 3558 3702 3675 3654 3589 540 277 586 4063 4063 4062 4062 4062 4062 4062 4062
140 1777382361 3558 3703 3675 3654 3589 570 287 582 4063 4063 4062 4062 4062 4062 4062 4062
141 1777382361 3558 3704 3675 3654 3590 559 276 585 4063 4062 4062 4062 4062 4062 4062 4062
142 1777382361 3558 3703 3675 3654 3590 558 266 584 4063 4063 4062 4062 4062 4062 4062 4062
143 1777382361 3558 3702 3675 3654 3589 556 286 584 4063 4063 4062 4062 4062 4062 4062 4062
144 1777382361 3559 3704 3676 3655 3590 555 281 585 4061 4061 4061 4061 4061 4061 4061 4061
145 1777382361 3558 3702 3675 3654 3590 552 283 585 4061 4061 4061 4061 4061 4061 4061 4061
146 1777382362 3558 3702 3674 3653 3589 550 254 585 4063 4063 4062 4062 4062 4062 4062 4062
147 1777382362 3558 3702 3674 3653 3589 531 268 587 4061 4061 4061 4061 4061 4061 4061 4061
148 1777382362 3558 3702 3674 3653 3589 533 258 587 4063 4063 4062 4062 4062 4062 4062 4062
149 1777382362 3558 3703 3675 3655 3590 536 234 586 4063 4063 4062 4062 4062 4062 4062 4062
150 1777382362 3558 3703 3675 3654 3589 538 266 586 4063 4063 4062 4062 4062 4062 4062 4062
151 1777382362 3558 3703 3675 3655 3590 536 285 586 4063 4063 4062 4062 4062 4062 4062 4062
152 1777382362 3558 3703 3675 3655 3590 544 276 586 4063 4063 4062 4062 4062 4062 4062 4062
153 1777382362 3558 3703 3675 3654 3589 557 262 585 4061 4061 4061 4061 4061 4061 4061 4061
154 1777382363 3557 3702 3674 3653 3589 533 243 587 4063 4063 4062 4062 4062 4062 4062 4062
155 1777382363 3557 3702 3674 3654 3589 542 262 586 4061 4061 4061 4061 4061 4061 4061 4061
156 1777382363 3558 3703 3675 3654 3590 564 264 584 4063 4062 4062 4062 4062 4062 4062 4062
157 1777382363 3559 3704 3677 3656 3591 556 275 585 4061 4061 4061 4061 4061 4061 4061 4061
158 1777382363 3558 3703 3675 3654 3590 522 240 587 4061 4061 4061 4061 4061 4061 4061 4061
159 1777382363 3557 3702 3675 3653 3588 562 274 583 4063 4063 4062 4062 4062 4062 4062 4062
160 1777382363 3558 3703 3675 3654 3590 547 268 586 4063 4063 4062 4062 4062 4062 4062 4062
161 1777382363 3558 3703 3674 3654 3590 536 246 586 4061 4061 4061 4061 4061 4061 4061 4061
162 1777382363 3558 3702 3675 3654 3589 552 3628 587 4061 4061 4061 4061 4061 4061 4061 4061
163 1777382363 3559 3704 3676 3654 3590 550 263 586 4063 4063 4062 4062 4062 4062 4062 4062
164 1777382363 3558 3703 3675 3654 3589 564 282 584 4063 4063 4062 4062 4062 4062 4062 4062
165 1777382363 3558 3702 3675 3654 3589 569 282 583 4061 4061 4061 4061 4061 4061 4061 4061
166 1777382364 3558 3703 3675 3654 3589 553 286 585 4063 4063 4062 4062 4062 4062 4062 4062
167 1777382364 3557 3702 3674 3653 3589 568 3629 584 4063 4063 4063 4063 4063 4063 4063 4063
168 1777382364 3557 3703 3675 3654 3589 564 285 584 4061 4061 4061 4061 4061 4061 4061 4061
169 1777382364 3557 3702 3674 3654 3589 557 286 585 4063 4063 4063 4063 4063 4063 4063 4063
170 1777382364 3558 3702 3675 3653 3589 553 279 585 4063 4063 4062 4062 4062 4062 4062 4062
171 1777382364 3558 3703 3676 3655 3590 548 277 585 4063 4063 4062 4062 4062 4062 4062 4062
172 1777382364 3558 3703 3675 3654 3590 547 268 585 4063 4062 4062 4062 4062 4062 4062 4062
173 1777382364 3559 3704 3676 3656 3591 517 238 588 4063 4063 4062 4062 4062 4062 4062 4062
174 1777382364 3558 3703 3675 3654 3590 552 269 585 4061 4061 4061 4061 4061 4061 4061 4061
175 1777382364 3558 3703 3676 3654 3590 558 273 585 4063 4063 4062 4062 4062 4062 4062 4062
176 1777382365 3558 3703 3675 3655 3590 521 258 587 4061 4061 4061 4061 4061 4061 4061 4061
177 1777382365 3558 3702 3675 3653 3589 549 270 585 4063 4063 4062 4062 4062 4062 4062 4062
178 1777382365 3558 3703 3675 3654 3590 586 268 575 4061 4061 4061 4061 4061 4061 4061 4061
179 1777382365 3558 3703 3675 3654 3589 560 260 584 4063 4063 4063 4063 4063 4063 4063 4063
180 1777382365 3558 3703 3675 3654 3590 539 273 586 4061 4061 4061 4061 4061 4061 4061 4061
181 1777382365 3557 3702 3674 3654 3589 533 267 587 4063 4063 4062 4062 4062 4062 4062 4062
182 1777382365 3559 3703 3675 3654 3590 556 269 585 4061 4061 4061 4061 4061 4061 4061 4061
183 1777382365 3558 3704 3675 3654 3589 546 291 586 4063 4063 4062 4062 4062 4062 4062 4062
184 1777382365 3557 3702 3675 3654 3589 555 272 585 4061 4061 4061 4061 4061 4061 4061 4061
185 1777382365 3558 3703 3675 3654 3590 541 251 586 4063 4063 4062 4062 4062 4062 4062 4062
186 1777382366 3558 3703 3675 3654 3590 553 271 585 4063 4063 4062 4062 4062 4062 4062 4062
187 1777382366 3557 3703 3675 3654 3590 544 257 586 4063 4063 4062 4062 4062 4062 4062 4062
188 1777382366 3558 3702 3675 3654 3589 547 267 586 4063 4063 4062 4062 4062 4062 4062 4062
189 1777382366 3559 3704 3676 3655 3591 568 261 583 4063 4063 4062 4062 4062 4062 4062 4062
190 1777382366 3558 3703 3676 3655 3590 549 265 585 4063 4063 4062 4062 4062 4062 4062 4062
191 1777382366 3557 3702 3675 3653 3589 540 277 586 4061 4061 4061 4061 4061 4061 4061 4061
192 1777382366 3559 3703 3675 3655 3590 535 256 587 4063 4063 4062 4062 4062 4062 4062 4062
193 1777382366 3557 3702 3675 3654 3590 532 260 587 4063 4063 4062 4062 4062 4062 4062 4062
194 1777382366 3558 3703 3676 3655 3590 580 281 580 4061 4061 4061 4061 4061 4061 4061 4061
195 1777382367 3559 3703 3675 3654 3589 541 269 586 4063 4063 4062 4062 4062 4062 4062 4062
196 1777382367 3557 3702 3675 3654 3589 557 282 585 4063 4062 4062 4062 4062 4062 4062 4062
197 1777382367 3558 3703 3675 3655 3590 530 251 587 4061 4061 4060 4060 4060 4060 4060 4060
198 1777382367 3558 3703 3675 3655 3590 565 272 584 4063 4063 4062 4062 4062 4062 4062 4062
199 1777382367 3558 3703 3675 3654 3590 540 261 586 4063 4063 4062 4062 4062 4062 4062 4062
200 1777382367 3559 3704 3675 3655 3590 566 270 584 4061 4061 4061 4061 4061 4061 4061 4061
201 1777382367 3558 3702 3674 3654 3589 527 253 587 4063 4062 4062 4062 4062 4062 4062 4062
202 1777382367 3558 3703 3675 3654 3589 538 255 586 4061 4061 4061 4061 4061 4061 4061 4061
203 1777382367 3559 3703 3676 3654 3590 538 264 587 4063 4063 4062 4062 4062 4062 4062 4062
204 1777382367 3557 3702 3674 3653 3588 549 270 586 4063 4063 4062 4062 4062 4062 4062 4062
205 1777382367 3559 3704 3676 3655 3591 550 277 585 4061 4061 4061 4061 4061 4061 4061 4061
206 1777382367 3558 3703 3675 3654 3589 545 3630 587 4061 4061 4061 4061 4061 4061 4061 4061
207 1777382367 3558 3703 3676 3655 3590 564 289 584 4063 4063 4062 4062 4062 4062 4062 4062
208 1777382368 3557 3702 3674 3653 3588 564 3629 586 4063 4063 4062 4062 4062 4062 4062 4062
209 1777382368 3558 3703 3675 3654 3589 582 295 578 4063 4062 4062 4062 4062 4062 4062 4062
210 1777382368 3558 3703 3675 3654 3590 561 246 584 4061 4061 4061 4061 4061 4061 4061 4061
211 1777382368 3558 3703 3674 3654 3589 541 248 586 4061 4061 4061 4061 4061 4061 4061 4061
212 1777382368 3559 3703 3676 3655 3590 537 251 587 4063 4063 4063 4063 4063 4063 4063 4063
213 1777382368 3559 3703 3675 3654 3590 566 3630 585 4061 4061 4061 4061 4061 4061 4061 4061
214 1777382368 3558 3703 3675 3654 3590 546 275 585 4061 4061 4061 4061 4061 4061 4061 4061
215 1777382368 3559 3704 3675 3654 3590 578 278 581 4063 4063 4062 4062 4062 4062 4062 4062
216 1777382368 3558 3703 3675 3654 3590 554 270 585 4063 4063 4062 4062 4062 4062 4062 4062
217 1777382368 3558 3703 3675 3654 3590 532 285 587 4063 4061 4061 4061 4061 4061 4061 4061
218 1777382368 3559 3704 3676 3655 3590 533 266 587 4063 4063 4062 4062 4062 4062 4062 4062
219 1777382368 3559 3704 3676 3655 3590 539 259 587 4061 4061 4061 4061 4061 4061 4061 4061
220 1777382368 3559 3704 3676 3655 3590 555 289 586 4063 4063 4062 4062 4062 4062 4062 4062
221 1777382368 3558 3703 3675 3654 3589 552 268 585 4063 4063 4062 4062 4062 4062 4062 4062
222 1777382369 3558 3703 3675 3654 3589 543 257 587 4063 4063 4063 4063 4063 4063 4063 4063
223 1777382369 3559 3703 3676 3655 3590 537 265 587 4063 4063 4063 4063 4063 4063 4063 4063
224 1777382369 3559 3703 3676 3655 3590 548 295 586 4061 4061 4061 4061 4061 4061 4061 4061
225 1777382369 3559 3704 3676 3655 3591 526 264 587 4063 4063 4063 4063 4063 4063 4063 4063
226 1777382369 3559 3704 3676 3655 3590 543 258 587 4063 4063 4063 4063 4063 4063 4063 4063
227 1777382369 3558 3703 3675 3655 3589 550 260 585 4061 4061 4061 4061 4061 4061 4061 4061
228 1777382369 3558 3703 3675 3655 3590 563 271 585 4063 4063 4062 4062 4062 4062 4062 4062
229 1777382369 3558 3702 3675 3654 3590 542 246 586 4061 4061 4061 4061 4061 4061 4061 4061
230 1777382369 3558 3703 3674 3655 3589 551 260 586 4061 4061 4061 4061 4061 4061 4061 4061
231 1777382369 3557 3702 3675 3654 3589 556 3630 586 4063 4063 4062 4062 4062 4062 4062 4062
232 1777382370 3559 3703 3675 3655 3590 555 265 586 4063 4063 4062 4062 4062 4062 4062 4062
233 1777382370 3558 3703 3676 3655 3590 543 277 586 4061 4061 4061 4061 4061 4061 4061 4061
234 1777382370 3559 3703 3675 3654 3590 550 257 586 4063 4063 4062 4062 4062 4062 4062 4062
235 1777382370 3559 3704 3676 3655 3590 542 3630 588 4061 4061 4061 4061 4061 4061 4061 4061
236 1777382370 3558 3703 3676 3655 3590 528 266 587 4061 4061 4061 4061 4061 4061 4061 4061
237 1777382370 3559 3703 3675 3654 3590 543 262 587 4063 4063 4062 4062 4062 4062 4062 4062
238 1777382370 3558 3702 3675 3653 3589 565 3630 585 4063 4063 4062 4062 4062 4062 4062 4062
239 1777382370 3558 3703 3675 3654 3590 564 300 584 4061 4061 4061 4061 4061 4061 4061 4061
240 1777382370 3559 3704 3676 3655 3591 517 239 587 4061 4061 4061 4061 4061 4061 4061 4061
241 1777382370 3558 3703 3675 3655 3590 550 272 586 4063 4062 4062 4062 4062 4062 4062 4062
242 1777382370 3558 3703 3676 3655 3590 553 285 586 4063 4063 4063 4063 4063 4063 4063 4063
243 1777382371 3557 3703 3675 3655 3590 532 236 587 4063 4063 4063 4063 4063 4063 4063 4063
244 1777382371 3559 3704 3676 3655 3591 564 281 584 4061 4061 4061 4061 4061 4061 4061 4061
245 1777382371 3558 3704 3676 3655 3590 556 272 585 4063 4063 4062 4062 4062 4062 4062 4062
246 1777382371 3559 3704 3676 3655 3590 565 275 584 4063 4063 4062 4062 4062 4062 4062 4062
247 1777382371 3559 3704 3676 3655 3590 548 271 586 4061 4061 4061 4061 4061 4061 4061 4061
248 1777382371 3559 3704 3676 3655 3590 547 3630 587 4061 4061 4061 4061 4061 4061 4061 4061
249 1777382371 3559 3704 3677 3655 3591 554 265 585 4063 4063 4062 4062 4062 4062 4062 4062
250 1777382372 3558 3703 3676 3655 3590 534 260 587 4063 4063 4063 4063 4063 4063 4063 4063
251 1777382372 3557 3703 3675 3654 3589 560 296 585 4063 4063 4062 4062 4062 4062 4062 4062
252 1777382372 3559 3704 3676 3655 3591 527 254 588 4061 4061 4061 4061 4061 4061 4061 4061
253 1777382372 3558 3703 3675 3654 3590 568 264 584 4063 4062 4062 4062 4062 4062 4062 4062
254 1777382372 3559 3703 3676 3655 3590 554 267 586 4063 4063 4062 4062 4062 4062 4062 4062
255 1777382372 3559 3704 3676 3655 3591 532 275 588 4065 4063 4063 4063 4063 4063 4063 4063
256 1777382372 3559 3704 3676 3655 3591 559 271 585 4063 4063 4062 4062 4062 4062 4062 4062
257 1777382372 3560 3705 3677 3656 3591 566 281 584 4063 4063 4062 4062 4062 4062 4062 4062
258 1777382372 3558 3703 3675 3654 3589 562 271 585 4063 4063 4062 4062 4062 4062 4062 4062
259 1777382372 3560 3704 3676 3655 3591 585 263 578 4061 4061 4061 4061 4061 4061 4061 4061
260 1777382373 3559 3703 3676 3655 3590 555 286 586 4061 4061 4061 4061 4061 4061 4061 4061
261 1777382373 3559 3704 3676 3655 3591 532 253 588 4063 4062 4062 4062 4062 4062 4062 4062
262 1777382373 3559 3705 3677 3655 3591 547 282 586 4061 4061 4061 4061 4061 4061 4061 4061
263 1777382373 3559 3704 3676 3655 3591 548 3631 588 4063 4063 4062 4062 4062 4062 4062 4062
264 1777382373 3558 3703 3675 3654 3590 527 239 587 4063 4063 4062 4062 4062 4062 4062 4062
265 1777382373 3559 3704 3676 3655 3590 541 273 587 4063 4063 4062 4062 4062 4062 4062 4062
266 1777382373 3559 3704 3677 3655 3591 545 3631 588 4061 4061 4061 4061 4061 4061 4061 4061
267 1777382373 3559 3704 3675 3655 3590 561 260 585 4063 4063 4062 4062 4062 4062 4062 4062
268 1777382373 3558 3703 3675 3654 3590 537 276 587 4061 4061 4061 4061 4061 4061 4061 4061
269 1777382373 3560 3705 3677 3656 3591 531 253 587 4061 4061 4061 4061 4061 4061 4061 4061
270 1777382373 3559 3703 3676 3655 3590 557 3630 587 4061 4061 4061 4061 4061 4061 4061 4061
271 1777382373 3560 3704 3676 3656 3591 555 273 586 4061 4061 4061 4061 4061 4061 4061 4061
272 1777382373 3559 3704 3676 3655 3590 550 271 586 4063 4063 4062 4062 4062 4062 4062 4062
273 1777382374 3559 3703 3676 3655 3591 554 273 586 4063 4062 4062 4062 4062 4062 4062 4062
274 1777382374 3558 3703 3676 3655 3591 550 264 587 4063 4063 4063 4063 4063 4063 4063 4063
275 1777382374 3560 3704 3677 3655 3591 550 271 587 4061 4061 4061 4061 4061 4061 4061 4061
276 1777382374 3559 3703 3676 3655 3590 558 276 585 4061 4061 4061 4061 4061 4061 4061 4061
277 1777382374 3558 3703 3675 3654 3590 600 263 566 4063 4063 4062 4062 4062 4062 4062 4062
278 1777382374 3560 3705 3677 3656 3592 526 255 588 4063 4063 4062 4062 4062 4062 4062 4062
279 1777382374 3559 3704 3677 3656 3591 533 261 588 4063 4063 4062 4062 4062 4062 4062 4062
280 1777382374 3559 3704 3677 3656 3591 543 273 587 4063 4063 4062 4062 4062 4062 4062 4062
281 1777382374 3560 3704 3677 3656 3592 558 3633 587 4063 4063 4063 4063 4063 4063 4063 4063
282 1777382375 3559 3704 3677 3655 3591 564 284 585 4061 4061 4061 4061 4061 4061 4061 4061
283 1777382375 3559 3704 3676 3655 3591 543 261 587 4061 4061 4061 4061 4061 4061 4061 4061
284 1777382375 3559 3704 3676 3655 3590 523 244 588 4063 4062 4062 4062 4062 4062 4062 4062
285 1777382375 3559 3704 3676 3656 3591 571 310 583 4063 4063 4062 4062 4062 4062 4062 4062
286 1777382375 3560 3705 3677 3656 3592 530 290 588 4063 4063 4062 4062 4062 4062 4062 4062
287 1777382375 3559 3704 3676 3655 3590 560 299 586 4061 4061 4061 4061 4061 4061 4061 4061
288 1777382376 3558 3703 3675 3654 3589 551 3630 587 4061 4061 4061 4061 4061 4061 4061 4061
289 1777382376 3559 3703 3676 3655 3590 541 253 587 4063 4063 4062 4062 4062 4062 4062 4062
290 1777382376 3560 3704 3677 3655 3591 541 253 587 4063 4063 4062 4062 4062 4062 4062 4062
291 1777382376 3560 3705 3677 3655 3591 552 260 586 4061 4061 4061 4061 4061 4061 4061 4061
292 1777382376 3559 3704 3676 3655 3591 540 3631 588 4061 4061 4061 4061 4061 4061 4061 4061
293 1777382376 3560 3705 3677 3656 3592 523 243 589 4061 4061 4061 4061 4061 4061 4061 4061
294 1777382376 3559 3705 3676 3655 3591 537 258 587 4063 4063 4062 4062 4062 4062 4062 4062
295 1777382376 3559 3704 3677 3656 3591 562 274 585 4063 4063 4062 4062 4062 4062 4062 4062
296 1777382376 3561 3706 3679 3657 3592 552 261 587 4063 4063 4062 4062 4062 4062 4062 4062
297 1777382377 3560 3705 3678 3656 3592 542 263 587 4063 4063 4062 4062 4062 4062 4062 4062
298 1777382377 3559 3703 3676 3655 3591 550 275 586 4063 4062 4062 4062 4062 4062 4062 4062
299 1777382377 3559 3704 3676 3655 3591 558 275 585 4061 4061 4061 4061 4061 4061 4061 4061
300 1777382377 3560 3705 3677 3655 3591 549 259 587 4061 4061 4061 4061 4061 4061 4061 4061
301 1777382377 3560 3705 3677 3656 3592 542 270 587 4063 4062 4062 4062 4062 4062 4062 4062
302 1777382377 3560 3705 3677 3656 3591 557 257 586 4063 4063 4063 4063 4063 4063 4063 4063
303 1777382377 3558 3703 3675 3654 3590 550 284 585 4063 4063 4062 4062 4062 4062 4062 4062
304 1777382377 3558 3703 3675 3655 3590 550 270 584 4063 4063 4062 4062 4062 4062 4062 4062
305 1777382377 3557 3702 3674 3653 3588 535 255 585 4063 4063 4062 4062 4062 4062 4062 4062
306 1777382385 3556 3701 3673 3652 3588 546 274 585 4063 4063 4062 4062 4062 4062 4062 4062
307 1777382385 3557 3702 3675 3654 3589 548 267 585 4063 4063 4062 4062 4062 4062 4062 4062
308 1777382385 3557 3702 3674 3654 3589 556 290 584 4063 4063 4063 4063 4063 4063 4063 4063
309 1777382385 3557 3701 3674 3653 3588 545 263 585 4061 4061 4061 4061 4061 4061 4061 4061
310 1777382386 3557 3702 3674 3653 3588 543 270 585 4063 4063 4062 4062 4062 4062 4062 4062
311 1777382386 3557 3702 3674 3653 3588 538 258 585 4063 4063 4062 4062 4062 4062 4062 4062
312 1777382386 3558 3702 3674 3654 3589 519 273 586 4063 4063 4062 4062 4062 4062 4062 4062
313 1777382386 3557 3702 3674 3653 3589 529 250 586 4061 4061 4061 4061 4061 4061 4061 4061
314 1777382386 3557 3702 3675 3653 3588 555 271 585 4061 4061 4061 4061 4061 4061 4061 4061
315 1777382386 3557 3702 3674 3653 3588 541 269 585 4063 4063 4062 4062 4062 4062 4062 4062
316 1777382386 3558 3702 3675 3654 3589 558 281 583 4061 4061 4061 4061 4061 4061 4061 4061
317 1777382386 3557 3701 3674 3653 3588 527 279 586 4063 4062 4062 4062 4062 4062 4062 4062
318 1777382386 3556 3702 3674 3653 3589 546 3629 586 4063 4063 4062 4062 4062 4062 4062 4062
319 1777382387 3557 3702 3674 3653 3589 529 250 586 4061 4061 4061 4061 4061 4061 4061 4061
320 1777382387 3558 3703 3674 3654 3589 527 261 586 4061 4061 4061 4061 4061 4061 4061 4061
321 1777382387 3557 3702 3675 3654 3589 549 259 585 4063 4063 4062 4062 4062 4062 4062 4062
322 1777382387 3558 3703 3675 3654 3590 569 301 582 4063 4063 4062 4062 4062 4062 4062 4062
323 1777382387 3559 3704 3676 3655 3590 527 251 586 4063 4063 4062 4062 4062 4062 4062 4062
324 1777382387 3558 3703 3675 3654 3589 546 288 585 4063 4063 4062 4062 4062 4062 4062 4062
325 1777382387 3558 3703 3675 3654 3590 551 264 585 4063 4063 4062 4062 4062 4062 4062 4062
326 1777382387 3557 3702 3674 3652 3588 532 3629 586 4063 4063 4063 4063 4063 4063 4063 4063
327 1777382387 3557 3702 3674 3653 3589 535 256 586 4063 4063 4062 4062 4062 4062 4062 4062
328 1777382387 3558 3702 3675 3654 3590 525 267 586 4063 4063 4062 4062 4062 4062 4062 4062
329 1777382387 3557 3702 3675 3654 3588 543 277 585 4063 4063 4062 4062 4062 4062 4062 4062
330 1777382387 3558 3703 3675 3655 3590 558 284 584 4063 4063 4062 4062 4062 4062 4062 4062
331 1777382388 3556 3701 3673 3652 3588 525 244 586 4063 4063 4062 4062 4062 4062 4062 4062
332 1777382388 3557 3702 3675 3653 3589 555 274 584 4061 4061 4061 4061 4061 4061 4061 4061
333 1777382388 3557 3702 3674 3654 3589 543 264 586 4063 4063 4062 4062 4062 4062 4062 4062
334 1777382388 3558 3703 3675 3654 3589 551 285 585 4063 4061 4061 4061 4061 4061 4061 4061
335 1777382388 3558 3703 3675 3655 3590 510 248 587 4063 4063 4062 4062 4062 4062 4062 4062
336 1777382388 3557 3702 3675 3654 3589 552 277 585 4063 4063 4062 4062 4062 4062 4062 4062
337 1777382388 3558 3702 3675 3654 3590 536 258 586 4061 4061 4061 4061 4061 4061 4061 4061
338 1777382388 3557 3702 3674 3653 3588 549 3629 586 4063 4063 4062 4062 4062 4062 4062 4062
339 1777382388 3558 3703 3675 3654 3589 564 276 583 4063 4063 4062 4062 4062 4062 4062 4062
340 1777382388 3557 3702 3674 3653 3589 532 243 586 4061 4061 4061 4061 4061 4061 4061 4061
341 1777382388 3558 3703 3675 3654 3589 540 263 586 4061 4061 4061 4061 4061 4061 4061 4061
342 1777382388 3558 3703 3675 3655 3590 550 255 585 4063 4062 4062 4062 4062 4062 4062 4062
343 1777382388 3558 3703 3675 3654 3590 564 283 583 4063 4063 4062 4062 4062 4062 4062 4062
344 1777382388 3559 3704 3676 3655 3590 562 258 584 4063 4063 4062 4062 4062 4062 4062 4062
345 1777382388 3557 3702 3674 3653 3589 550 260 585 4061 4061 4061 4061 4061 4061 4061 4061
346 1777382389 3557 3702 3675 3654 3589 550 257 585 4063 4063 4062 4062 4062 4062 4062 4062
347 1777382389 3557 3702 3674 3653 3589 547 268 585 4061 4061 4061 4061 4061 4061 4061 4061
348 1777382389 3559 3704 3676 3655 3590 550 268 585 4063 4063 4063 4063 4063 4063 4063 4063
349 1777382389 3557 3702 3675 3654 3589 554 269 584 4063 4063 4062 4062 4062 4062 4062 4062
350 1777382389 3558 3702 3675 3654 3590 570 291 582 4061 4061 4061 4061 4061 4061 4061 4061
351 1777382389 3557 3702 3674 3653 3589 563 287 583 4063 4063 4062 4062 4062 4062 4062 4062
352 1777382389 3558 3703 3676 3654 3590 528 248 586 4061 4061 4061 4061 4061 4061 4061 4061
353 1777382389 3558 3703 3676 3654 3590 533 247 586 4063 4063 4063 4063 4063 4063 4063 4063
354 1777382390 3559 3703 3676 3655 3591 550 280 585 4061 4061 4061 4061 4061 4061 4061 4061
355 1777382390 3558 3703 3675 3654 3590 545 268 586 4063 4063 4062 4062 4062 4062 4062 4062
356 1777382390 3557 3702 3675 3654 3589 523 254 587 4061 4061 4061 4061 4061 4061 4061 4061
357 1777382390 3559 3704 3676 3654 3590 562 287 584 4061 4061 4061 4061 4061 4061 4061 4061
358 1777382390 3558 3703 3675 3654 3589 555 265 585 4063 4063 4062 4062 4062 4062 4062 4062
359 1777382390 3558 3703 3675 3655 3590 532 275 586 4063 4063 4062 4062 4062 4062 4062 4062
360 1777382390 3558 3704 3675 3654 3590 542 284 585 4061 4061 4061 4061 4061 4061 4061 4061
361 1777382390 3559 3704 3676 3655 3591 545 296 585 4063 4063 4062 4062 4062 4062 4062 4062
362 1777382390 3558 3703 3675 3655 3590 548 262 585 4061 4061 4061 4061 4061 4061 4061 4061
363 1777382390 3559 3703 3675 3654 3589 552 282 585 4063 4063 4062 4062 4062 4062 4062 4062
364 1777382390 3558 3702 3675 3654 3589 546 255 585 4061 4061 4061 4061 4061 4061 4061 4061
365 1777382391 3557 3701 3674 3653 3588 567 3629 583 4063 4063 4062 4062 4062 4062 4062 4062
366 1777382391 3558 3703 3675 3653 3589 580 3630 580 4061 4061 4061 4061 4061 4061 4061 4061
367 1777382391 3558 3703 3675 3655 3590 556 289 585 4063 4063 4062 4062 4062 4062 4062 4062
368 1777382391 3558 3702 3675 3654 3590 559 3630 586 4061 4061 4061 4061 4061 4061 4061 4061
369 1777382391 3558 3704 3676 3654 3590 559 268 584 4061 4061 4061 4061 4061 4061 4061 4061
370 1777382391 3558 3703 3675 3654 3589 544 253 585 4061 4061 4061 4061 4061 4061 4061 4061
371 1777382391 3558 3703 3675 3655 3590 520 267 586 4063 4063 4062 4062 4062 4062 4062 4062
372 1777382391 3558 3704 3676 3655 3591 550 269 586 4063 4063 4062 4062 4062 4062 4062 4062
373 1777382391 3558 3703 3675 3654 3590 558 273 584 4063 4063 4062 4062 4062 4062 4062 4062
374 1777382392 3559 3704 3676 3655 3590 538 274 586 4063 4063 4063 4063 4063 4063 4063 4063
375 1777382392 3558 3703 3675 3654 3590 561 278 584 4063 4063 4062 4062 4062 4062 4062 4062
376 1777382392 3558 3703 3676 3655 3590 572 290 581 4063 4063 4062 4062 4062 4062 4062 4062
377 1777382392 3557 3703 3675 3653 3589 561 3629 585 4063 4063 4062 4062 4062 4062 4062 4062
378 1777382392 3560 3705 3677 3656 3591 559 265 584 4063 4063 4063 4063 4063 4063 4063 4063
379 1777382392 3559 3704 3676 3655 3591 537 260 586 4063 4063 4062 4062 4062 4062 4062 4062
380 1777382392 3558 3702 3675 3654 3590 546 273 585 4061 4061 4061 4061 4061 4061 4061 4061
381 1777382392 3558 3703 3676 3654 3590 557 268 585 4061 4061 4061 4061 4061 4061 4061 4061
382 1777382393 3559 3704 3676 3655 3590 538 263 586 4061 4061 4061 4061 4061 4061 4061 4061
383 1777382393 3558 3703 3675 3655 3590 561 261 584 4061 4061 4061 4061 4061 4061 4061 4061
384 1777382393 3558 3704 3675 3655 3590 528 251 587 4061 4061 4061 4061 4061 4061 4061 4061
385 1777382393 3559 3704 3676 3655 3590 531 251 587 4061 4061 4061 4061 4061 4061 4061 4061
386 1777382393 3558 3703 3676 3654 3590 536 262 586 4063 4063 4062 4062 4062 4062 4062 4062
387 1777382393 3559 3703 3676 3655 3590 530 265 586 4061 4061 4061 4061 4061 4061 4061 4061
388 1777382393 3558 3702 3674 3654 3589 564 275 583 4061 4061 4061 4061 4061 4061 4061 4061
389 1777382393 3559 3704 3676 3655 3591 556 263 584 4063 4062 4062 4062 4062 4062 4062 4062
390 1777382393 3559 3704 3676 3655 3591 554 291 585 4063 4063 4062 4062 4062 4062 4062 4062
391 1777382394 3559 3704 3676 3655 3591 545 272 586 4063 4063 4062 4062 4062 4062 4062 4062
392 1777382394 3558 3703 3676 3654 3590 546 267 585 4063 4063 4062 4062 4062 4062 4062 4062
393 1777382394 3559 3703 3676 3655 3590 537 263 586 4063 4063 4062 4062 4062 4062 4062 4062
394 1777382394 3559 3703 3676 3654 3590 566 274 584 4063 4063 4062 4062 4062 4062 4062 4062
395 1777382394 3558 3703 3675 3655 3590 568 282 583 4063 4063 4062 4062 4062 4062 4062 4062
396 1777382394 3559 3703 3676 3654 3590 516 233 587 4061 4061 4061 4061 4061 4061 4061 4061
397 1777382394 3559 3703 3676 3655 3590 563 280 584 4061 4061 4061 4061 4061 4061 4061 4061
398 1777382394 3559 3703 3676 3655 3590 544 265 585 4063 4063 4062 4062 4062 4062 4062 4062
399 1777382395 3558 3703 3676 3655 3591 565 294 584 4063 4063 4062 4062 4062 4062 4062 4062
400 1777382395 3559 3704 3676 3655 3590 560 275 584 4063 4063 4062 4062 4062 4062 4062 4062
401 1777382395 3559 3704 3676 3655 3590 563 272 584 4061 4061 4061 4061 4061 4061 4061 4061
402 1777382395 3559 3704 3676 3655 3591 513 244 588 4061 4061 4061 4061 4061 4061 4061 4061
403 1777382395 3559 3704 3676 3656 3591 532 253 587 4063 4063 4062 4062 4062 4062 4062 4062
404 1777382395 3557 3702 3674 3654 3589 526 246 587 4063 4063 4063 4063 4063 4063 4063 4063
405 1777382395 3559 3704 3676 3655 3591 520 259 587 4063 4063 4062 4062 4062 4062 4062 4062
406 1777382395 3559 3704 3676 3655 3591 540 272 586 4061 4061 4061 4061 4061 4061 4061 4061
407 1777382395 3558 3703 3675 3655 3591 521 251 587 4063 4062 4062 4062 4062 4062 4062 4062
408 1777382395 3559 3704 3676 3655 3590 545 278 586 4061 4061 4061 4061 4061 4061 4061 4061
409 1777382395 3558 3703 3675 3655 3590 536 258 586 4063 4063 4062 4062 4062 4062 4062 4062
410 1777382395 3560 3704 3676 3656 3591 551 274 586 4063 4063 4062 4062 4062 4062 4062 4062
411 1777382396 3558 3703 3675 3655 3590 555 273 585 4061 4061 4061 4061 4061 4061 4061 4061
412 1777382396 3559 3704 3676 3655 3590 562 282 584 4063 4063 4062 4062 4062 4062 4062 4062
413 1777382396 3559 3705 3677 3656 3591 513 236 587 4061 4061 4061 4061 4061 4061 4061 4061
414 1777382396 3560 3704 3677 3656 3591 554 279 585 4063 4062 4062 4062 4062 4062 4062 4062
415 1777382396 3559 3704 3676 3655 3591 538 251 586 4061 4061 4061 4061 4061 4061 4061 4061
416 1777382396 3558 3703 3675 3655 3590 538 253 586 4062 4063 4062 4062 4062 4062 4062 4062
417 1777382396 3559 3704 3676 3655 3590 545 270 586 4063 4063 4062 4062 4062 4062 4062 4062
418 1777382396 3559 3704 3676 3655 3591 535 3631 588 4061 4061 4061 4061 4061 4061 4061 4061
419 1777382396 3558 3703 3675 3655 3590 537 3631 587 4061 4061 4061 4061 4061 4061 4061 4061
420 1777382396 3559 3703 3676 3654 3590 572 259 582 4063 4063 4062 4062 4062 4062 4062 4062
421 1777382397 3560 3704 3676 3655 3590 521 250 588 4063 4063 4062 4062 4062 4062 4062 4062
422 1777382397 3560 3705 3677 3656 3592 547 268 586 4061 4061 4061 4061 4061 4061 4061 4061
423 1777382397 3559 3705 3677 3656 3591 557 287 585 4061 4061 4061 4061 4061 4061 4061 4061
424 1777382397 3558 3703 3675 3654 3590 550 275 585 4061 4061 4061 4061 4061 4061 4061 4061
425 1777382397 3559 3704 3677 3656 3591 527 260 587 4063 4063 4062 4062 4062 4062 4062 4062
426 1777382397 3559 3704 3676 3655 3591 512 236 587 4061 4061 4061 4061 4061 4061 4061 4061
427 1777382397 3558 3703 3675 3655 3590 539 269 586 4063 4063 4063 4063 4063 4063 4063 4063
428 1777382397 3559 3704 3676 3655 3591 530 266 587 4063 4063 4062 4062 4062 4062 4062 4062
429 1777382397 3559 3704 3676 3655 3590 520 249 587 4063 4063 4062 4062 4062 4062 4062 4062
430 1777382397 3558 3703 3676 3655 3590 560 293 584 4061 4061 4061 4061 4061 4061 4061 4061
431 1777382397 3559 3703 3676 3655 3591 535 255 587 4061 4061 4061 4061 4061 4061 4061 4061
432 1777382397 3559 3704 3677 3655 3591 534 236 587 4063 4062 4062 4062 4062 4062 4062 4062
433 1777382398 3558 3703 3675 3654 3590 539 270 586 4063 4062 4062 4062 4062 4062 4062 4062
434 1777382398 3559 3704 3677 3656 3591 548 287 585 4063 4063 4063 4063 4063 4063 4063 4063
435 1777382398 3559 3704 3676 3655 3591 567 302 583 4061 4061 4061 4061 4061 4061 4061 4061
436 1777382398 3559 3703 3676 3655 3591 545 273 585 4063 4063 4063 4063 4063 4063 4063 4063
437 1777382398 3559 3704 3676 3655 3591 543 269 586 4061 4061 4061 4061 4061 4061 4061 4061
438 1777382398 3559 3704 3676 3655 3591 533 251 586 4063 4063 4062 4062 4062 4062 4062 4062
439 1777382398 3560 3704 3677 3656 3591 548 266 585 4061 4061 4061 4061 4061 4061 4061 4061
440 1777382398 3560 3705 3676 3656 3592 540 260 586 4061 4061 4061 4061 4061 4061 4061 4061
441 1777382398 3559 3703 3676 3655 3590 552 262 585 4063 4063 4062 4062 4062 4062 4062 4062
442 1777382399 3559 3704 3676 3655 3591 546 272 586 4061 4061 4061 4061 4061 4061 4061 4061
443 1777382399 3558 3703 3675 3654 3590 546 273 586 4063 4063 4063 4063 4063 4063 4063 4063
444 1777382399 3559 3704 3676 3655 3590 512 234 587 4061 4061 4061 4061 4061 4061 4061 4061
445 1777382399 3559 3703 3676 3655 3590 571 3630 583 4063 4063 4062 4062 4062 4062 4062 4062
446 1777382400 3559 3704 3677 3656 3591 563 275 584 4061 4061 4061 4061 4061 4061 4061 4061
447 1777382400 3559 3703 3676 3654 3590 557 3630 586 4063 4063 4062 4062 4062 4062 4062 4062
448 1777382400 3559 3703 3676 3655 3590 558 274 585 4063 4063 4062 4062 4062 4062 4062 4062
449 1777382400 3559 3704 3676 3655 3590 262 3630 589 4063 4063 4062 4062 4062 4062 4062 4062
450 1777382400 3560 3704 3677 3656 3591 539 241 586 4061 4061 4061 4061 4061 4061 4061 4061
451 1777382400 3558 3703 3675 3654 3590 567 3630 584 4061 4061 4061 4061 4061 4061 4061 4061
452 1777382400 3558 3703 3676 3654 3590 558 297 585 4061 4061 4061 4061 4061 4061 4061 4061
453 1777382400 3560 3704 3677 3656 3592 548 261 585 4063 4062 4062 4062 4062 4062 4062 4062
454 1777382400 3559 3704 3677 3656 3592 535 259 587 4063 4063 4062 4062 4062 4062 4062 4062
455 1777382400 3559 3703 3676 3655 3590 560 3630 586 4063 4062 4062 4062 4062 4062 4062 4062
456 1777382400 3559 3705 3677 3656 3592 560 267 585 4063 4063 4062 4062 4062 4062 4062 4062
457 1777382400 3559 3704 3677 3655 3591 522 3631 589 4061 4061 4061 4061 4061 4061 4061 4061
458 1777382401 3560 3705 3677 3656 3592 569 277 583 4063 4063 4063 4063 4063 4063 4063 4063
459 1777382401 3559 3703 3676 3655 3591 536 282 586 4063 4063 4062 4062 4062 4062 4062 4062
460 1777382401 3560 3704 3676 3655 3591 574 269 582 4063 4063 4063 4063 4063 4063 4063 4063
461 1777382401 3559 3704 3676 3655 3591 545 3631 586 4063 4063 4062 4062 4062 4062 4062 4062
462 1777382401 3560 3704 3677 3656 3592 552 262 585 4063 4063 4062 4062 4062 4062 4062 4062
463 1777382401 3560 3704 3677 3656 3591 551 260 586 4061 4061 4061 4061 4061 4061 4061 4061
464 1777382401 3560 3705 3677 3655 3591 550 275 586 4063 4061 4061 4061 4061 4061 4061 4061
465 1777382401 3559 3703 3677 3655 3591 533 266 587 4063 4063 4063 4063 4063 4063 4063 4063
466 1777382401 3559 3703 3676 3655 3591 559 280 585 4063 4061 4061 4061 4061 4061 4061 4061
467 1777382402 3559 3704 3676 3656 3591 550 279 586 4063 4063 4062 4062 4062 4062 4062 4062
468 1777382402 3560 3705 3677 3656 3591 564 248 584 4063 4063 4062 4062 4062 4062 4062 4062
469 1777382402 3559 3705 3676 3656 3591 562 264 584 4063 4063 4062 4062 4062 4062 4062 4062
470 1777382402 3560 3704 3676 3656 3591 552 296 586 4061 4061 4061 4061 4061 4061 4061 4061
471 1777382402 3560 3705 3677 3656 3591 533 254 587 4063 4063 4062 4062 4062 4062 4062 4062
472 1777382402 3559 3704 3676 3655 3591 520 256 588 4063 4063 4062 4062 4062 4062 4062 4062
473 1777382402 3560 3705 3677 3657 3593 553 288 585 4063 4063 4063 4063 4063 4063 4063 4063
474 1777382403 3559 3704 3676 3655 3591 540 253 586 4061 4061 4061 4061 4061 4061 4061 4061
475 1777382403 3561 3705 3678 3657 3592 568 257 584 4063 4063 4062 4062 4062 4062 4062 4062
476 1777382403 3559 3703 3676 3655 3591 579 3631 581 4063 4063 4062 4062 4062 4062 4062 4062
477 1777382403 3560 3704 3677 3656 3591 527 257 587 4061 4061 4061 4061 4061 4061 4061 4061
478 1777382403 3559 3703 3676 3655 3590 549 274 586 4063 4063 4062 4062 4062 4062 4062 4062
479 1777382403 3559 3704 3676 3655 3591 538 261 587 4063 4063 4062 4062 4062 4062 4062 4062
480 1777382403 3561 3705 3678 3657 3593 552 243 586 4061 4061 4061 4061 4061 4061 4061 4061
481 1777382403 3559 3704 3676 3655 3591 549 257 586 4061 4061 4061 4061 4061 4061 4061 4061
482 1777382403 3559 3703 3676 3655 3590 541 265 586 4063 4063 4062 4062 4062 4062 4062 4062
483 1777382403 3559 3704 3676 3656 3591 547 263 586 4061 4061 4061 4061 4061 4061 4061 4061
484 1777382403 3560 3705 3677 3656 3591 543 271 586 4061 4061 4061 4061 4061 4061 4061 4061
485 1777382403 3560 3705 3677 3657 3592 543 281 586 4063 4063 4062 4062 4062 4062 4062 4062
486 1777382403 3561 3706 3678 3656 3592 529 251 587 4063 4063 4062 4062 4062 4062 4062 4062
487 1777382404 3559 3704 3676 3655 3591 569 262 583 4061 4061 4061 4061 4061 4061 4061 4061
488 1777382404 3560 3705 3678 3656 3592 554 282 586 4065 4063 4063 4063 4063 4063 4063 4063
489 1777382404 3559 3704 3677 3655 3591 541 261 587 4063 4063 4062 4062 4062 4062 4062 4062
490 1777382404 3559 3703 3676 3655 3590 550 273 586 4063 4063 4062 4062 4062 4062 4062 4062
491 1777382404 3559 3704 3676 3655 3591 554 300 586 4061 4061 4061 4061 4061 4061 4061 4061
492 1777382404 3559 3704 3676 3655 3591 556 3631 586 4063 4063 4062 4062 4062 4062 4062 4062
493 1777382404 3559 3703 3676 3655 3590 537 259 587 4063 4063 4062 4062 4062 4062 4062 4062
494 1777382405 3560 3705 3677 3656 3591 546 270 586 4061 4061 4061 4061 4061 4061 4061 4061
495 1777382405 3560 3705 3678 3656 3592 565 279 585 4061 4061 4061 4061 4061 4061 4061 4061
496 1777382405 3560 3705 3678 3657 3592 530 260 588 4061 4061 4061 4061 4061 4061 4061 4061
497 1777382405 3560 3705 3677 3657 3592 555 275 586 4063 4063 4062 4062 4062 4062 4062 4062
498 1777382405 3558 3704 3676 3655 3590 540 246 587 4061 4061 4061 4061 4061 4061 4061 4061
499 1777382406 3559 3705 3677 3656 3591 537 265 587 4063 4062 4062 4062 4062 4062 4062 4062
500 1777382406 3560 3704 3677 3656 3591 558 272 585 4063 4063 4063 4063 4063 4063 4063 4063
501 1777382406 3561 3706 3678 3657 3592 549 275 586 4061 4061 4061 4061 4061 4061 4061 4061
502 1777382406 3560 3705 3677 3656 3591 527 255 587 4063 4062 4062 4062 4062 4062 4062 4062
503 1777382406 3560 3705 3677 3656 3592 567 276 585 4061 4061 4061 4061 4061 4061 4061 4061
504 1777382406 3559 3704 3677 3656 3592 550 268 586 4061 4061 4061 4061 4061 4061 4061 4061
505 1777382406 3559 3704 3677 3656 3592 589 3632 575 4063 4063 4063 4063 4063 4063 4063 4063
506 1777382406 3560 3705 3677 3656 3592 535 263 587 4061 4061 4061 4061 4061 4061 4061 4061
507 1777382406 3560 3705 3677 3657 3592 559 258 586 4061 4061 4061 4061 4061 4061 4061 4061
508 1777382406 3561 3706 3678 3657 3593 547 275 586 4063 4062 4062 4062 4062 4062 4062 4062
509 1777382406 3559 3704 3676 3655 3591 500 3631 589 4063 4062 4062 4062 4062 4062 4062 4062
510 1777382406 3560 3705 3678 3656 3592 556 274 585 4061 4061 4061 4061 4061 4061 4061 4061
511 1777382407 3560 3706 3677 3656 3592 553 273 586 4061 4061 4061 4061 4061 4061 4061 4061
512 1777382407 3559 3705 3677 3656 3592 514 225 588 4063 4063 4062 4062 4062 4062 4062 4062
513 1777382407 3560 3705 3677 3656 3592 559 271 585 4063 4063 4062 4062 4062 4062 4062 4062
514 1777382407 3560 3704 3677 3656 3591 561 274 585 4061 4061 4061 4061 4061 4061 4061 4061
515 1777382407 3559 3704 3676 3655 3591 531 248 587 4063 4063 4062 4062 4062 4062 4062 4062
516 1777382407 3560 3705 3677 3656 3592 555 287 586 4063 4063 4062 4062 4062 4062 4062 4062
517 1777382407 3560 3705 3677 3656 3592 555 268 586 4063 4063 4062 4062 4062 4062 4062 4062
518 1777382407 3560 3704 3676 3656 3591 512 3631 590 4063 4063 4062 4062 4062 4062 4062 4062
519 1777382407 3560 3705 3677 3656 3591 563 268 585 4061 4061 4061 4061 4061 4061 4061 4061
520 1777382407 3560 3704 3677 3656 3592 546 296 586 4061 4061 4061 4061 4061 4061 4061 4061
521 1777382408 3560 3705 3677 3657 3592 561 269 585 4063 4063 4062 4062 4062 4062 4062 4062
522 1777382408 3560 3706 3677 3656 3592 554 264 586 4061 4061 4061 4061 4061 4061 4061 4061
523 1777382408 3559 3704 3677 3656 3592 563 270 585 4061 4061 4061 4061 4061 4061 4061 4061
524 1777382408 3560 3704 3677 3656 3592 546 261 586 4063 4063 4063 4063 4063 4063 4063 4063
525 1777382408 3559 3704 3677 3656 3591 556 277 586 4061 4061 4061 4061 4061 4061 4061 4061
526 1777382408 3559 3704 3676 3655 3592 554 262 586 4063 4062 4062 4062 4062 4062 4062 4062
527 1777382409 3560 3705 3678 3656 3591 554 266 586 4063 4063 4062 4062 4062 4062 4062 4062
528 1777382409 3560 3705 3678 3657 3592 555 260 586 4063 4063 4062 4062 4062 4062 4062 4062
529 1777382409 3560 3704 3677 3656 3592 549 272 587 4063 4063 4062 4062 4062 4062 4062 4062
530 1777382409 3560 3704 3677 3656 3592 564 3632 586 4061 4061 4061 4061 4061 4061 4061 4061
531 1777382409 3561 3705 3678 3657 3593 556 273 586 4061 4061 4061 4061 4061 4061 4061 4061
532 1777382409 3561 3706 3678 3657 3592 533 251 587 4063 4062 4062 4062 4062 4062 4062 4062
533 1777382409 3560 3705 3677 3656 3591 552 270 586 4061 4061 4061 4061 4061 4061 4061 4061
534 1777382409 3561 3705 3678 3657 3592 537 271 587 4063 4063 4062 4062 4062 4062 4062 4062
535 1777382409 3561 3705 3678 3656 3592 535 258 588 4063 4063 4062 4062 4062 4062 4062 4062
536 1777382410 3560 3705 3678 3657 3592 550 272 586 4061 4061 4061 4061 4061 4061 4061 4061
537 1777382410 3559 3704 3677 3656 3592 564 276 585 4063 4063 4062 4062 4062 4062 4062 4062
538 1777382410 3560 3705 3678 3657 3592 559 269 586 4063 4061 4061 4061 4061 4061 4061 4061
539 1777382410 3560 3705 3677 3657 3592 555 278 586 4061 4061 4061 4061 4061 4061 4061 4061
540 1777382410 3561 3706 3678 3657 3592 482 208 589 4063 4063 4062 4062 4062 4062 4062 4062
541 1777382410 3561 3705 3678 3657 3592 584 281 579 4061 4061 4061 4061 4061 4061 4061 4061
542 1777382410 3560 3705 3677 3656 3592 530 3631 589 4063 4063 4062 4062 4062 4062 4062 4062
543 1777382410 3560 3705 3678 3656 3592 552 263 587 4061 4061 4061 4061 4061 4061 4061 4061
544 1777382410 3561 3705 3678 3657 3592 562 272 585 4063 4063 4062 4062 4062 4062 4062 4062
545 1777382411 3560 3705 3678 3657 3593 555 284 586 4061 4061 4061 4061 4061 4061 4061 4061
546 1777382411 3560 3705 3677 3656 3592 546 279 586 4061 4061 4061 4061 4061 4061 4061 4061
547 1777382411 3561 3706 3678 3658 3593 556 270 586 4063 4063 4062 4062 4062 4062 4062 4062
548 1777382411 3560 3705 3678 3657 3593 566 295 584 4063 4063 4062 4062 4062 4062 4062 4062
549 1777382411 3561 3706 3678 3657 3592 562 265 586 4063 4063 4062 4062 4062 4062 4062 4062
550 1777382411 3561 3705 3678 3657 3592 556 291 586 4061 4061 4061 4061 4061 4061 4061 4061
551 1777382412 3560 3705 3678 3657 3593 564 286 585 4063 4062 4062 4062 4062 4062 4062 4062
552 1777382412 3561 3706 3678 3657 3592 571 277 583 4063 4063 4062 4062 4062 4062 4062 4062
553 1777382412 3561 3706 3678 3657 3593 563 272 585 4061 4061 4061 4061 4061 4061 4061 4061
554 1777382412 3560 3706 3678 3656 3592 564 270 585 4063 4063 4062 4062 4062 4062 4062 4062
555 1777382412 3561 3705 3678 3657 3593 560 288 585 4061 4061 4061 4061 4061 4061 4061 4061
556 1777382412 3560 3705 3677 3656 3592 557 3633 587 4063 4063 4063 4063 4063 4063 4063 4063
557 1777382412 3561 3706 3679 3657 3593 561 273 585 4061 4061 4061 4061 4061 4061 4061 4061
558 1777382412 3559 3704 3675 3654 3590 539 258 585 4061 4061 4061 4061 4061 4061 4061 4061
559 1777382412 3558 3704 3675 3655 3590 536 256 586 4063 4063 4062 4062 4062 4062 4062 4062
560 1777382413 3558 3703 3676 3655 3590 506 244 587 4061 4061 4061 4061 4061 4061 4061 4061
561 1777382413 3558 3703 3675 3654 3589 527 247 586 4061 4061 4061 4061 4061 4061 4061 4061
562 1777382413 3559 3704 3676 3655 3591 557 264 584 4063 4063 4062 4062 4062 4062 4062 4062
563 1777382413 3558 3703 3675 3654 3589 555 282 584 4063 4063 4062 4062 4062 4062 4062 4062
564 1777382413 3558 3703 3675 3654 3590 543 271 585 4061 4061 4061 4061 4061 4061 4061 4061
565 1777382413 3559 3704 3676 3655 3590 533 266 586 4061 4061 4061 4061 4061 4061 4061 4061
566 1777382414 3559 3704 3676 3655 3591 522 243 586 4063 4063 4062 4062 4062 4062 4062 4062
567 1777382414 3557 3703 3675 3654 3590 536 3629 587 4063 4063 4062 4062 4062 4062 4062 4062
568 1777382414 3558 3704 3676 3655 3590 537 264 585 4063 4063 4062 4062 4062 4062 4062 4062
569 1777382414 3558 3702 3675 3654 3590 545 285 585 4063 4063 4062 4062 4062 4062 4062 4062
570 1777382414 3558 3703 3676 3655 3590 548 273 584 4063 4063 4062 4062 4062 4062 4062 4062
571 1777382414 3559 3703 3676 3655 3590 563 285 583 4063 4063 4063 4063 4063 4063 4063 4063
572 1777382414 3558 3703 3675 3654 3590 563 3630 584 4063 4063 4062 4062 4062 4062 4062 4062
573 1777382414 3559 3704 3676 3656 3591 543 276 585 4061 4061 4061 4061 4061 4061 4061 4061
574 1777382414 3559 3704 3676 3656 3591 562 281 583 4063 4062 4062 4062 4062 4062 4062 4062
575 1777382414 3559 3704 3676 3655 3591 528 257 586 4061 4061 4061 4061 4061 4061 4061 4061
576 1777382415 3558 3703 3676 3654 3590 554 273 585 4063 4063 4062 4062 4062 4062 4062 4062
577 1777382415 3559 3704 3676 3655 3591 561 283 584 4063 4063 4062 4062 4062 4062 4062 4062
578 1777382415 3559 3703 3676 3655 3590 540 255 585 4061 4061 4061 4061 4061 4061 4061 4061
579 1777382415 3559 3703 3675 3655 3590 559 258 584 4063 4063 4063 4063 4063 4063 4063 4063
580 1777382415 3559 3704 3676 3655 3590 541 270 585 4063 4063 4062 4062 4062 4062 4062 4062
581 1777382416 3559 3704 3676 3655 3590 541 274 586 4061 4061 4061 4061 4061 4061 4061 4061
582 1777382416 3559 3704 3676 3655 3590 570 280 581 4063 4063 4063 4063 4063 4063 4063 4063
583 1777382416 3559 3703 3676 3655 3590 564 266 584 4063 4061 4061 4061 4061 4061 4061 4061
584 1777382416 3558 3703 3675 3654 3590 556 274 584 4061 4061 4061 4061 4061 4061 4061 4061
585 1777382416 3559 3704 3676 3655 3591 518 240 586 4063 4063 4063 4063 4063 4063 4063 4063
586 1777382416 3559 3704 3677 3656 3591 545 266 585 4063 4063 4063 4063 4063 4063 4063 4063
587 1777382416 3559 3703 3676 3655 3590 547 274 585 4061 4061 4061 4061 4061 4061 4061 4061
588 1777382416 3560 3705 3677 3656 3592 556 264 584 4063 4063 4062 4062 4062 4062 4062 4062
589 1777382416 3559 3705 3677 3656 3591 569 257 582 4063 4063 4062 4062 4062 4062 4062 4062
590 1777382416 3559 3704 3676 3655 3591 539 251 585 4061 4061 4061 4061 4061 4061 4061 4061
591 1777382416 3558 3703 3675 3655 3590 560 287 583 4063 4063 4063 4063 4063 4063 4063 4063
592 1777382417 3558 3704 3676 3655 3590 516 262 587 4061 4061 4061 4061 4061 4061 4061 4061
593 1777382417 3560 3704 3677 3655 3590 549 262 585 4061 4061 4061 4061 4061 4061 4061 4061
594 1777382417 3557 3702 3675 3653 3589 552 266 584 4063 4063 4062 4062 4062 4062 4062 4062
595 1777382417 3560 3705 3677 3656 3592 551 270 585 4061 4061 4061 4061 4061 4061 4061 4061
596 1777382417 3558 3703 3675 3654 3590 567 290 583 4063 4063 4063 4063 4063 4063 4063 4063
597 1777382417 3559 3703 3676 3655 3590 569 277 583 4061 4061 4061 4061 4061 4061 4061 4061
598 1777382417 3559 3704 3676 3655 3591 516 255 586 4061 4061 4061 4061 4061 4061 4061 4061
599 1777382417 3559 3705 3677 3656 3592 570 3632 583 4061 4061 4061 4061 4061 4061 4061 4061
600 1777382417 3559 3704 3676 3655 3591 553 272 585 4063 4063 4063 4063 4063 4063 4063 4063
601 1777382418 3559 3704 3676 3656 3591 524 230 586 4061 4061 4061 4061 4061 4061 4061 4061
602 1777382418 3559 3704 3677 3656 3591 558 280 584 4063 4063 4062 4062 4062 4062 4062 4062
603 1777382418 3559 3705 3676 3656 3591 573 268 581 4063 4063 4062 4062 4062 4062 4062 4062
604 1777382418 3560 3705 3677 3656 3592 545 273 585 4063 4063 4062 4062 4062 4062 4062 4062
605 1777382418 3559 3704 3676 3655 3591 572 288 581 4061 4061 4061 4061 4061 4061 4061 4061
606 1777382418 3560 3705 3677 3657 3592 536 272 586 4063 4063 4063 4063 4063 4063 4063 4063
607 1777382418 3558 3703 3675 3654 3590 540 270 586 4063 4063 4062 4062 4062 4062 4062 4062
608 1777382418 3559 3704 3676 3655 3591 550 253 585 4061 4061 4061 4061 4061 4061 4061 4061
609 1777382419 3559 3704 3676 3654 3590 544 272 586 4063 4063 4062 4062 4062 4062 4062 4062
610 1777382419 3559 3704 3676 3655 3591 526 268 586 4063 4062 4062 4062 4062 4062 4062 4062
611 1777382419 3559 3704 3676 3655 3591 546 286 585 4061 4061 4061 4061 4061 4061 4061 4061
612 1777382419 3559 3704 3677 3656 3591 546 280 585 4063 4063 4063 4063 4063 4063 4063 4063
613 1777382419 3559 3703 3676 3655 3591 585 271 576 4063 4063 4062 4062 4062 4062 4062 4062
614 1777382419 3558 3703 3676 3655 3590 558 271 584 4063 4063 4063 4063 4063 4063 4063 4063
615 1777382419 3559 3704 3677 3655 3591 533 250 586 4063 4062 4062 4062 4062 4062 4062 4062
616 1777382419 3559 3704 3676 3655 3591 564 284 583 4063 4063 4062 4062 4062 4062 4062 4062
617 1777382419 3559 3704 3677 3655 3591 566 275 583 4061 4061 4061 4061 4061 4061 4061 4061
618 1777382420 3558 3703 3676 3655 3590 535 252 586 4063 4063 4062 4062 4062 4062 4062 4062
619 1777382420 3559 3704 3676 3655 3591 542 3632 586 4063 4063 4063 4063 4063 4063 4063 4063
620 1777382420 3559 3704 3676 3655 3591 559 272 584 4063 4063 4062 4062 4062 4062 4062 4062
621 1777382420 3559 3703 3676 3655 3590 542 254 586 4063 4062 4062 4062 4062 4062 4062 4062
622 1777382420 3559 3703 3675 3654 3590 551 3631 586 4063 4062 4062 4062 4062 4062 4062 4062
623 1777382420 3558 3703 3676 3654 3590 580 295 579 4061 4061 4061 4061 4061 4061 4061 4061
624 1777382420 3559 3704 3676 3655 3590 530 273 586 4063 4063 4063 4063 4063 4063 4063 4063
625 1777382420 3559 3704 3676 3655 3590 531 3631 588 4061 4061 4061 4061 4061 4061 4061 4061
626 1777382421 3559 3704 3676 3656 3591 537 246 586 4061 4061 4061 4061 4061 4061 4061 4061
627 1777382421 3559 3704 3677 3656 3591 567 267 583 4063 4063 4063 4063 4063 4063 4063 4063
628 1777382421 3558 3703 3675 3654 3589 535 259 586 4063 4063 4062 4062 4062 4062 4062 4062
629 1777382421 3561 3706 3678 3657 3592 555 281 585 4063 4063 4062 4062 4062 4062 4062 4062
630 1777382421 3559 3704 3676 3656 3591 576 305 580 4063 4063 4062 4062 4062 4062 4062 4062
631 1777382421 3559 3704 3676 3655 3591 520 231 587 4063 4063 4062 4062 4062 4062 4062 4062
632 1777382421 3559 3704 3676 3655 3590 536 3631 588 4061 4061 4061 4061 4061 4061 4061 4061
633 1777382421 3559 3705 3677 3656 3592 545 244 585 4063 4063 4062 4062 4062 4062 4062 4062
634 1777382422 3559 3703 3676 3655 3591 529 255 586 4061 4061 4061 4061 4061 4061 4061 4061
635 1777382422 3559 3704 3676 3655 3591 553 265 585 4061 4061 4061 4061 4061 4061 4061 4061
636 1777382422 3559 3704 3676 3655 3590 537 255 586 4063 4063 4062 4062 4062 4062 4062 4062
637 1777382422 3560 3705 3677 3656 3592 546 268 585 4063 4063 4062 4062 4062 4062 4062 4062
638 1777382422 3559 3703 3676 3655 3591 558 259 584 4061 4061 4061 4061 4061 4061 4061 4061
639 1777382422 3559 3705 3676 3656 3591 553 283 585 4063 4063 4062 4062 4062 4062 4062 4062
640 1777382422 3559 3704 3676 3655 3590 539 260 586 4061 4061 4061 4061 4061 4061 4061 4061
641 1777382422 3559 3704 3677 3655 3591 531 250 586 4063 4061 4061 4061 4061 4061 4061 4061
642 1777382422 3559 3704 3676 3655 3591 553 279 585 4063 4063 4062 4062 4062 4062 4062 4062
643 1777382422 3559 3704 3676 3655 3591 517 3631 587 4061 4061 4061 4061 4061 4061 4061 4061
644 1777382422 3559 3704 3676 3655 3591 576 293 580 4061 4061 4061 4061 4061 4061 4061 4061
645 1777382422 3560 3705 3677 3656 3592 522 246 587 4063 4063 4062 4062 4062 4062 4062 4062
646 1777382422 3559 3704 3677 3655 3591 564 264 583 4063 4063 4062 4062 4062 4062 4062 4062
647 1777382422 3558 3703 3675 3654 3590 528 258 587 4063 4062 4062 4062 4062 4062 4062 4062
648 1777382422 3558 3703 3676 3655 3590 535 255 586 4061 4061 4061 4061 4061 4061 4061 4061
649 1777382423 3558 3704 3676 3655 3591 533 263 586 4063 4063 4062 4062 4062 4062 4062 4062
650 1777382423 3559 3704 3676 3656 3591 557 265 585 4063 4063 4062 4062 4062 4062 4062 4062
651 1777382423 3559 3705 3676 3656 3591 547 228 585 4061 4061 4061 4061 4061 4061 4061 4061
652 1777382423 3559 3704 3676 3655 3590 541 256 587 4061 4061 4061 4061 4061 4061 4061 4061
653 1777382423 3559 3705 3677 3656 3591 573 270 582 4063 4063 4062 4062 4062 4062 4062 4062
654 1777382423 3558 3704 3675 3655 3591 537 274 586 4063 4063 4062 4062 4062 4062 4062 4062
655 1777382423 3559 3704 3677 3655 3591 564 285 583 4063 4063 4063 4063 4063 4063 4063 4063
656 1777382423 3559 3703 3676 3654 3590 543 269 586 4061 4061 4061 4061 4061 4061 4061 4061
657 1777382423 3560 3705 3677 3656 3591 551 264 585 4061 4061 4061 4061 4061 4061 4061 4061
658 1777382423 3559 3705 3677 3656 3592 533 250 586 4061 4061 4061 4061 4061 4061 4061 4061
659 1777382424 3558 3703 3676 3655 3591 543 264 585 4061 4061 4061 4061 4061 4061 4061 4061
660 1777382424 3559 3704 3676 3655 3591 547 285 585 4063 4063 4062 4062 4062 4062 4062 4062
661 1777382424 3560 3705 3677 3656 3592 545 265 586 4063 4063 4063 4063 4063 4063 4063 4063
662 1777382424 3555 3700 3672 3651 3587 558 272 585 4061 4061 4061 4061 4061 4061 4061 4061
663 1777382424 3559 3704 3677 3656 3591 540 268 586 4063 4063 4062 4062 4062 4062 4062 4062
664 1777382424 3560 3704 3676 3655 3591 567 281 584 4061 4061 4061 4061 4061 4061 4061 4061
665 1777382424 3559 3704 3676 3655 3591 537 271 586 4063 4063 4062 4062 4062 4062 4062 4062
666 1777382424 3559 3704 3677 3655 3591 560 260 585 4061 4061 4061 4061 4061 4061 4061 4061
667 1777382425 3560 3704 3677 3656 3591 507 212 588 4061 4061 4061 4061 4061 4061 4061 4061
668 1777382425 3560 3704 3677 3656 3591 552 275 585 4063 4063 4062 4062 4062 4062 4062 4062
669 1777382425 3560 3705 3677 3656 3591 537 269 586 4063 4062 4062 4062 4062 4062 4062 4062
670 1777382425 3560 3705 3678 3656 3592 557 279 584 4063 4063 4062 4062 4062 4062 4062 4062
671 1777382425 3559 3704 3677 3656 3591 531 252 587 4063 4063 4062 4062 4062 4062 4062 4062
672 1777382425 3560 3705 3678 3656 3592 562 276 583 4063 4063 4062 4062 4062 4062 4062 4062
673 1777382425 3559 3704 3677 3655 3591 518 244 587 4063 4061 4061 4061 4061 4061 4061 4061
674 1777382426 3559 3703 3676 3655 3591 544 267 586 4063 4063 4062 4062 4062 4062 4062 4062
675 1777382426 3560 3704 3676 3655 3591 540 268 587 4063 4063 4062 4062 4062 4062 4062 4062
676 1777382426 3560 3704 3677 3656 3591 553 272 585 4061 4061 4061 4061 4061 4061 4061 4061
677 1777382426 3559 3704 3676 3655 3591 555 286 585 4061 4061 4061 4061 4061 4061 4061 4061
678 1777382426 3559 3704 3676 3655 3591 541 302 587 4063 4063 4063 4063 4063 4063 4063 4063
679 1777382426 3559 3705 3677 3655 3591 516 263 588 4063 4063 4062 4062 4062 4062 4062 4062
680 1777382426 3559 3704 3677 3656 3591 564 287 584 4061 4061 4061 4061 4061 4061 4061 4061
681 1777382426 3559 3704 3676 3655 3591 533 255 587 4063 4063 4062 4062 4062 4062 4062 4062
682 1777382427 3560 3705 3677 3656 3591 534 259 587 4061 4061 4061 4061 4061 4061 4061 4061
683 1777382427 3559 3704 3677 3656 3591 549 272 586 4063 4063 4062 4062 4062 4062 4062 4062
684 1777382427 3560 3704 3677 3656 3592 520 252 587 4063 4063 4062 4062 4062 4062 4062 4062
685 1777382427 3559 3705 3677 3656 3591 549 274 586 4061 4061 4061 4061 4061 4061 4061 4061
686 1777382427 3559 3704 3676 3656 3591 533 254 587 4063 4063 4062 4062 4062 4062 4062 4062
687 1777382427 3560 3704 3677 3656 3591 562 277 584 4063 4063 4062 4062 4062 4062 4062 4062
688 1777382427 3559 3704 3676 3655 3591 555 266 585 4063 4062 4062 4062 4062 4062 4062 4062
689 1777382427 3559 3705 3677 3656 3592 561 288 584 4063 4063 4062 4062 4062 4062 4062 4062
690 1777382427 3558 3703 3675 3654 3590 564 271 584 4063 4063 4062 4062 4062 4062 4062 4062
691 1777382427 3560 3705 3678 3656 3591 539 272 586 4063 4063 4062 4062 4062 4062 4062 4062
692 1777382427 3560 3705 3677 3657 3591 552 272 585 4063 4063 4063 4063 4063 4063 4063 4063
693 1777382428 3559 3705 3676 3655 3590 548 3631 587 4063 4063 4062 4062 4062 4062 4062 4062
694 1777382428 3560 3705 3677 3656 3591 543 260 586 4063 4063 4062 4062 4062 4062 4062 4062
695 1777382428 3559 3704 3677 3656 3592 553 267 585 4063 4063 4062 4062 4062 4062 4062 4062
696 1777382428 3560 3704 3677 3656 3591 542 265 586 4063 4063 4062 4062 4062 4062 4062 4062
697 1777382428 3560 3705 3677 3656 3591 562 278 584 4063 4063 4062 4062 4062 4062 4062 4062
698 1777382428 3560 3705 3677 3657 3592 537 263 586 4063 4063 4062 4062 4062 4062 4062 4062
699 1777382428 3560 3705 3677 3656 3592 550 264 586 4061 4061 4061 4061 4061 4061 4061 4061
700 1777382428 3560 3705 3677 3656 3591 563 265 584 4063 4063 4062 4062 4062 4062 4062 4062
701 1777382428 3558 3704 3676 3655 3591 567 292 584 4061 4061 4061 4061 4061 4061 4061 4061
702 1777382428 3558 3703 3676 3655 3590 548 3631 587 4063 4063 4062 4062 4062 4062 4062 4062
703 1777382428 3560 3704 3677 3656 3591 557 280 585 4063 4063 4062 4062 4062 4062 4062 4062
704 1777382428 3560 3705 3677 3656 3592 556 261 585 4063 4063 4063 4063 4063 4063 4063 4063
705 1777382428 3559 3704 3677 3655 3591 521 266 587 4063 4063 4062 4062 4062 4062 4062 4062
706 1777382429 3559 3703 3676 3654 3589 541 247 587 4061 4061 4061 4061 4061 4061 4061 4061
707 1777382429 3559 3705 3677 3656 3591 546 263 586 4063 4063 4063 4063 4063 4063 4063 4063
708 1777382429 3560 3705 3677 3656 3592 557 272 585 4063 4063 4062 4062 4062 4062 4062 4062
709 1777382429 3560 3705 3677 3656 3591 551 273 586 4061 4061 4061 4061 4061 4061 4061 4061
710 1777382429 3560 3705 3677 3656 3592 553 288 586 4063 4063 4063 4063 4063 4063 4063 4063
711 1777382429 3560 3704 3677 3656 3591 557 275 585 4063 4063 4062 4062 4062 4062 4062 4062
712 1777382429 3560 3704 3677 3656 3592 538 272 586 4061 4061 4061 4061 4061 4061 4061 4061
713 1777382429 3558 3703 3676 3655 3590 541 244 587 4063 4063 4062 4062 4062 4062 4062 4062
714 1777382430 3559 3704 3676 3655 3591 567 282 584 4063 4062 4062 4062 4062 4062 4062 4062
715 1777382430 3560 3704 3677 3656 3591 550 276 586 4061 4061 4061 4061 4061 4061 4061 4061
716 1777382430 3559 3704 3676 3656 3591 524 266 587 4063 4063 4062 4062 4062 4062 4062 4062
717 1777382430 3559 3704 3677 3655 3590 549 246 586 4063 4063 4062 4062 4062 4062 4062 4062
718 1777382430 3560 3705 3677 3656 3592 532 266 587 4061 4061 4061 4061 4061 4061 4061 4061
719 1777382430 3559 3704 3676 3656 3591 539 270 586 4061 4061 4061 4061 4061 4061 4061 4061
720 1777382430 3559 3704 3677 3656 3591 578 290 580 4063 4063 4062 4062 4062 4062 4062 4062
721 1777382430 3561 3705 3677 3657 3592 535 263 587 4061 4061 4061 4061 4061 4061 4061 4061
722 1777382430 3560 3704 3677 3656 3592 533 275 587 4063 4063 4062 4062 4062 4062 4062 4062
723 1777382430 3559 3705 3677 3656 3592 530 266 587 4063 4063 4062 4062 4062 4062 4062 4062
724 1777382430 3558 3703 3675 3655 3590 566 275 583 4063 4063 4062 4062 4062 4062 4062 4062
725 1777382431 3559 3704 3676 3655 3591 546 263 586 4063 4063 4062 4062 4062 4062 4062 4062
726 1777382431 3560 3705 3678 3656 3592 540 268 586 4063 4062 4062 4062 4062 4062 4062 4062
727 1777382431 3560 3705 3677 3656 3592 539 252 587 4061 4061 4061 4061 4061 4061 4061 4061
728 1777382431 3559 3704 3677 3656 3591 556 282 585 4063 4063 4062 4062 4062 4062 4062 4062
729 1777382431 3560 3705 3677 3657 3592 545 3632 588 4063 4062 4062 4062 4062 4062 4062 4062
730 1777382431 3561 3705 3677 3656 3592 533 254 587 4061 4061 4061 4061 4061 4061 4061 4061
731 1777382431 3560 3705 3678 3657 3592 538 247 587 4063 4063 4062 4062 4062 4062 4062 4062
732 1777382431 3560 3706 3677 3656 3592 558 272 585 4061 4061 4061 4061 4061 4061 4061 4061
733 1777382431 3559 3704 3677 3656 3591 558 244 585 4063 4063 4062 4062 4062 4062 4062 4062
734 1777382432 3560 3705 3678 3657 3592 542 263 586 4061 4061 4061 4061 4061 4061 4061 4061
735 1777382433 3559 3704 3676 3655 3590 576 286 581 4063 4063 4063 4063 4063 4063 4063 4063
736 1777382433 3560 3705 3677 3655 3591 557 266 585 4063 4063 4063 4063 4063 4063 4063 4063
737 1777382433 3560 3705 3677 3657 3592 563 262 585 4061 4061 4061 4061 4061 4061 4061 4061
738 1777382433 3560 3705 3677 3656 3592 528 260 587 4063 4063 4062 4062 4062 4062 4062 4062
739 1777382433 3559 3704 3676 3655 3591 555 266 586 4063 4063 4062 4062 4062 4062 4062 4062
740 1777382433 3559 3704 3676 3655 3590 564 274 585 4063 4063 4063 4063 4063 4063 4063 4063
741 1777382433 3559 3704 3676 3656 3591 554 277 586 4063 4063 4062 4062 4062 4062 4062 4062
742 1777382433 3559 3704 3677 3656 3592 546 274 586 4061 4061 4061 4061 4061 4061 4061 4061
743 1777382433 3560 3705 3677 3656 3592 561 261 585 4063 4063 4062 4062 4062 4062 4062 4062
744 1777382433 3560 3704 3677 3656 3592 561 278 585 4061 4061 4061 4061 4061 4061 4061 4061
745 1777382433 3559 3704 3676 3655 3591 561 3632 586 4063 4063 4062 4062 4062 4062 4062 4062
746 1777382433 3560 3705 3677 3656 3591 542 256 586 4063 4063 4062 4062 4062 4062 4062 4062
747 1777382434 3559 3704 3677 3656 3591 547 267 586 4063 4062 4062 4062 4062 4062 4062 4062
748 1777382434 3560 3704 3677 3656 3591 540 262 587 4063 4063 4062 4062 4062 4062 4062 4062
749 1777382434 3561 3705 3677 3656 3592 567 289 584 4063 4062 4062 4062 4062 4062 4062 4062
750 1777382434 3559 3704 3676 3655 3591 580 258 580 4063 4063 4063 4063 4063 4063 4063 4063
751 1777382434 3560 3705 3678 3657 3592 571 274 583 4061 4061 4061 4061 4061 4061 4061 4061
752 1777382434 3560 3704 3677 3656 3591 549 294 586 4063 4062 4062 4062 4062 4062 4062 4062
753 1777382434 3560 3705 3677 3656 3591 568 278 585 4061 4061 4061 4061 4061 4061 4061 4061
754 1777382434 3560 3704 3677 3655 3591 555 266 586 4063 4063 4062 4062 4062 4062 4062 4062
755 1777382434 3559 3704 3677 3656 3591 541 286 586 4061 4061 4061 4061 4061 4061 4061 4061
756 1777382434 3559 3705 3677 3656 3592 552 269 586 4063 4063 4062 4062 4062 4062 4062 4062
757 1777382434 3561 3705 3677 3656 3592 578 297 580 4063 4063 4062 4062 4062 4062 4062 4062
758 1777382434 3560 3705 3677 3656 3591 541 270 587 4061 4061 4061 4061 4061 4061 4061 4061
759 1777382434 3560 3705 3677 3657 3592 547 278 586 4063 4063 4062 4062 4062 4062 4062 4062
760 1777382435 3559 3704 3676 3656 3591 555 271 586 4061 4061 4061 4061 4061 4061 4061 4061
761 1777382435 3560 3705 3677 3656 3592 544 272 587 4063 4063 4062 4062 4062 4062 4062 4062
762 1777382435 3559 3704 3677 3655 3591 567 272 583 4061 4061 4061 4061 4061 4061 4061 4061
763 1777382435 3560 3705 3677 3657 3592 565 274 585 4063 4063 4062 4062 4062 4062 4062 4062
764 1777382435 3560 3704 3677 3656 3592 550 267 586 4061 4061 4061 4061 4061 4061 4061 4061
765 1777382436 3560 3705 3677 3656 3591 536 265 588 4061 4061 4061 4061 4061 4061 4061 4061
766 1777382436 3561 3705 3677 3657 3592 550 3631 588 4061 4061 4061 4061 4061 4061 4061 4061
767 1777382436 3560 3705 3677 3656 3591 507 229 589 4063 4063 4062 4062 4062 4062 4062 4062
768 1777382436 3560 3705 3678 3657 3592 566 290 585 4063 4063 4062 4062 4062 4062 4062 4062
769 1777382436 3559 3704 3677 3656 3592 558 3631 587 4061 4061 4061 4061 4061 4061 4061 4061
770 1777382436 3560 3705 3678 3656 3592 534 269 587 4063 4063 4062 4062 4062 4062 4062 4062
771 1777382436 3559 3704 3676 3655 3591 551 273 586 4063 4063 4062 4062 4062 4062 4062 4062
772 1777382436 3560 3705 3677 3656 3591 554 263 586 4063 4063 4062 4062 4062 4062 4062 4062
773 1777382436 3560 3704 3677 3656 3591 560 3631 586 4063 4063 4062 4062 4062 4062 4062 4062
774 1777382436 3559 3704 3676 3655 3591 580 275 581 4063 4063 4062 4062 4062 4062 4062 4062
775 1777382436 3560 3705 3677 3656 3591 565 280 585 4063 4063 4062 4062 4062 4062 4062 4062
776 1777382436 3560 3705 3677 3656 3591 550 252 587 4063 4063 4062 4062 4062 4062 4062 4062
777 1777382436 3560 3705 3677 3656 3592 523 245 588 4063 4063 4062 4062 4062 4062 4062 4062
778 1777382436 3560 3705 3677 3655 3591 560 274 585 4063 4063 4062 4062 4062 4062 4062 4062
779 1777382436 3559 3704 3676 3654 3590 617 3630 304 4063 4063 4062 4062 4062 4062 4062 4062
780 1777382437 3560 3705 3677 3656 3592 563 299 585 4063 4063 4062 4062 4062 4062 4062 4062
781 1777382437 3559 3704 3676 3655 3591 531 239 587 4061 4061 4061 4061 4061 4061 4061 4061
782 1777382437 3560 3704 3676 3655 3591 557 3631 587 4063 4062 4062 4062 4062 4062 4062 4062
783 1777382437 3559 3704 3676 3655 3590 528 3630 589 4063 4063 4062 4062 4062 4062 4062 4062
784 1777382437 3560 3705 3677 3656 3591 544 248 586 4061 4061 4061 4061 4061 4061 4061 4061
785 1777382437 3560 3705 3677 3656 3591 559 259 586 4061 4061 4061 4061 4061 4061 4061 4061
786 1777382437 3559 3704 3677 3656 3591 533 262 587 4061 4061 4061 4061 4061 4061 4061 4061
787 1777382437 3561 3705 3678 3657 3593 542 263 587 4061 4061 4061 4061 4061 4061 4061 4061
788 1777382437 3561 3706 3678 3657 3593 556 265 586 4061 4061 4061 4061 4061 4061 4061 4061
789 1777382437 3561 3705 3678 3657 3592 541 265 587 4063 4063 4063 4063 4063 4063 4063 4063
790 1777382437 3560 3704 3676 3656 3591 520 235 588 4061 4061 4061 4061 4061 4061 4061 4061
791 1777382437 3561 3706 3678 3656 3592 557 263 586 4061 4061 4061 4061 4061 4061 4061 4061
792 1777382437 3561 3706 3678 3657 3592 562 290 585 4063 4063 4062 4062 4062 4062 4062 4062
793 1777382437 3559 3704 3677 3656 3591 549 287 586 4063 4063 4062 4062 4062 4062 4062 4062
794 1777382437 3560 3704 3677 3656 3591 539 280 587 4063 4061 4061 4061 4061 4061 4061 4061
795 1777382438 3560 3705 3677 3656 3592 543 262 587 4063 4063 4062 4062 4062 4062 4062 4062
796 1777382438 3560 3705 3677 3656 3592 541 267 587 4063 4063 4062 4062 4062 4062 4062 4062
797 1777382438 3560 3705 3677 3656 3592 577 267 582 4063 4063 4062 4062 4062 4062 4062 4062
798 1777382438 3560 3705 3677 3656 3591 550 285 587 4061 4061 4061 4061 4061 4061 4061 4061
799 1777382438 3560 3705 3677 3656 3591 537 263 588 4063 4062 4062 4062 4062 4062 4062 4062
800 1777382438 3560 3705 3677 3656 3592 549 3631 588 4061 4061 4061 4061 4061 4061 4061 4061
801 1777382438 3560 3705 3677 3656 3592 578 272 582 4063 4061 4061 4061 4061 4061 4061 4061
802 1777382438 3560 3705 3677 3656 3592 549 300 586 4063 4063 4062 4062 4062 4062 4062 4062
803 1777382438 3560 3705 3677 3656 3592 575 285 582 4061 4061 4061 4061 4061 4061 4061 4061
804 1777382438 3560 3705 3676 3655 3591 545 264 587 4063 4063 4062 4062 4062 4062 4062 4062
805 1777382439 3560 3705 3677 3657 3593 556 262 586 4061 4061 4061 4061 4061 4061 4061 4061
806 1777382439 3560 3705 3677 3656 3592 553 262 587 4061 4061 4061 4061 4061 4061 4061 4061
807 1777382439 3561 3705 3678 3656 3592 572 268 583 4061 4061 4061 4061 4061 4061 4061 4061
808 1777382439 3561 3706 3678 3657 3592 537 258 588 4063 4062 4062 4062 4062 4062 4062 4062
809 1777382439 3560 3705 3678 3657 3592 549 283 586 4063 4062 4062 4062 4062 4062 4062 4062
810 1777382439 3560 3705 3678 3656 3592 548 266 587 4061 4061 4061 4061 4061 4061 4061 4061
811 1777382439 3560 3705 3678 3657 3592 539 269 587 4061 4061 4061 4061 4061 4061 4061 4061
812 1777382439 3560 3705 3677 3656 3592 553 282 586 4061 4061 4061 4061 4061 4061 4061 4061
813 1777382439 3560 3705 3678 3657 3592 562 271 585 4063 4063 4063 4063 4063 4063 4063 4063
814 1777382439 3558 3703 3675 3654 3590 539 271 585 4061 4061 4061 4061 4061 4061 4061 4061
815 1777382440 3558 3703 3675 3654 3590 538 272 586 4061 4061 4061 4061 4061 4061 4061 4061
816 1777382440 3557 3702 3674 3654 3589 563 276 583 4063 4063 4062 4062 4062 4062 4062 4062
817 1777382440 3558 3703 3675 3654 3590 550 268 584 4061 4061 4061 4061 4061 4061 4061 4061
818 1777382440 3558 3703 3676 3654 3590 548 3630 586 4063 4063 4062 4062 4062 4062 4062 4062
819 1777382440 3558 3702 3675 3654 3590 503 217 587 4063 4063 4062 4062 4062 4062 4062 4062
820 1777382440 3558 3703 3675 3654 3590 553 273 584 4061 4061 4061 4061 4061 4061 4061 4061
821 1777382440 3559 3703 3676 3655 3590 534 268 586 4061 4061 4061 4061 4061 4061 4061 4061
822 1777382440 3558 3704 3675 3655 3590 546 259 585 4063 4063 4063 4063 4063 4063 4063 4063
823 1777382440 3559 3704 3676 3655 3591 542 272 585 4063 4063 4062 4062 4062 4062 4062 4062
824 1777382440 3559 3704 3676 3655 3590 550 266 585 4063 4063 4062 4062 4062 4062 4062 4062
825 1777382441 3558 3703 3675 3655 3590 544 276 585 4063 4063 4062 4062 4062 4062 4062 4062
826 1777382441 3559 3704 3676 3655 3591 531 261 586 4061 4061 4061 4061 4061 4061 4061 4061
827 1777382441 3560 3704 3677 3656 3591 545 256 585 4063 4063 4062 4062 4062 4062 4062 4062
828 1777382441 3558 3703 3675 3654 3590 558 277 584 4061 4061 4061 4061 4061 4061 4061 4061
829 1777382441 3559 3704 3676 3655 3591 555 276 584 4063 4063 4063 4063 4063 4063 4063 4063
830 1777382441 3559 3703 3676 3655 3590 552 3630 585 4063 4063 4062 4062 4062 4062 4062 4062
831 1777382441 3558 3703 3674 3654 3589 544 3630 586 4063 4063 4062 4062 4062 4062 4062 4062
832 1777382441 3559 3703 3676 3655 3591 550 271 585 4063 4062 4062 4062 4062 4062 4062 4062
833 1777382441 3558 3704 3676 3654 3590 531 3631 587 4061 4061 4061 4061 4061 4061 4061 4061
834 1777382441 3558 3703 3676 3655 3590 561 277 584 4061 4061 4061 4061 4061 4061 4061 4061
835 1777382441 3558 3703 3675 3654 3590 552 268 584 4063 4063 4062 4062 4062 4062 4062 4062
836 1777382441 3557 3702 3675 3654 3589 541 3630 586 4063 4063 4063 4063 4063 4063 4063 4063
837 1777382441 3558 3703 3675 3655 3590 539 279 585 4063 4063 4062 4062 4062 4062 4062 4062
838 1777382441 3558 3703 3676 3654 3590 559 274 584 4061 4061 4061 4061 4061 4061 4061 4061
839 1777382441 3559 3703 3675 3655 3590 498 231 587 4061 4061 4061 4061 4061 4061 4061 4061
840 1777382442 3558 3703 3675 3654 3589 543 251 585 4061 4061 4061 4061 4061 4061 4061 4061
841 1777382442 3558 3703 3675 3655 3590 558 268 584 4063 4063 4063 4063 4063 4063 4063 4063
842 1777382442 3557 3703 3675 3654 3589 527 260 586 4063 4063 4062 4062 4062 4062 4062 4062
843 1777382442 3558 3703 3675 3654 3590 542 278 585 4063 4063 4062 4062 4062 4062 4062 4062
844 1777382442 3558 3704 3676 3655 3591 540 3631 586 4063 4063 4062 4062 4062 4062 4062 4062
845 1777382442 3558 3703 3675 3655 3590 526 252 586 4063 4063 4062 4062 4062 4062 4062 4062
846 1777382442 3558 3703 3676 3655 3591 541 3631 586 4063 4062 4062 4062 4062 4062 4062 4062
847 1777382442 3559 3704 3675 3655 3590 552 273 585 4061 4061 4061 4061 4061 4061 4061 4061
848 1777382442 3558 3703 3675 3654 3590 558 264 583 4061 4061 4061 4061 4061 4061 4061 4061
849 1777382442 3559 3703 3676 3655 3590 565 291 583 4063 4063 4062 4062 4062 4062 4062 4062
850 1777382442 3558 3703 3675 3655 3590 534 262 585 4063 4063 4062 4062 4062 4062 4062 4062
851 1777382442 3559 3703 3676 3655 3590 557 278 584 4061 4061 4061 4061 4061 4061 4061 4061
852 1777382442 3558 3703 3675 3654 3589 545 266 585 4061 4061 4061 4061 4061 4061 4061 4061
853 1777382442 3558 3703 3675 3654 3589 553 268 585 4063 4063 4062 4062 4062 4062 4062 4062
854 1777382443 3558 3703 3675 3654 3589 554 3630 586 4063 4063 4063 4063 4063 4063 4063 4063
855 1777382443 3559 3703 3676 3655 3591 573 283 581 4063 4061 4061 4061 4061 4061 4061 4061
856 1777382443 3558 3702 3675 3654 3590 534 254 586 4063 4062 4062 4062 4062 4062 4062 4062
857 1777382443 3558 3703 3675 3654 3589 541 260 585 4061 4061 4061 4061 4061 4061 4061 4061
858 1777382443 3557 3702 3675 3654 3589 519 247 586 4063 4063 4062 4062 4062 4062 4062 4062
859 1777382443 3558 3703 3676 3654 3590 540 276 586 4063 4063 4063 4063 4063 4063 4063 4063
860 1777382444 3558 3702 3675 3654 3590 548 279 585 4061 4061 4061 4061 4061 4061 4061 4061
861 1777382444 3558 3703 3675 3654 3590 547 274 585 4063 4063 4063 4063 4063 4063 4063 4063
862 1777382444 3558 3704 3676 3656 3590 549 275 585 4061 4061 4061 4061 4061 4061 4061 4061
863 1777382444 3559 3704 3676 3655 3591 551 280 585 4063 4063 4062 4062 4062 4062 4062 4062
864 1777382444 3559 3703 3676 3655 3590 543 265 586 4063 4063 4062 4062 4062 4062 4062 4062
865 1777382444 3559 3704 3676 3655 3591 554 282 584 4061 4061 4061 4061 4061 4061 4061 4061
866 1777382444 3559 3704 3676 3656 3591 504 214 587 4063 4063 4063 4063 4063 4063 4063 4063
867 1777382444 3558 3703 3675 3654 3589 532 269 586 4061 4061 4061 4061 4061 4061 4061 4061
868 1777382444 3558 3703 3676 3654 3590 532 271 586 4063 4063 4062 4062 4062 4062 4062 4062
869 1777382445 3559 3703 3676 3655 3590 551 247 584 4063 4063 4062 4062 4062 4062 4062 4062
870 1777382445 3558 3703 3676 3655 3591 536 286 586 4063 4063 4062 4062 4062 4062 4062 4062
871 1777382445 3559 3704 3677 3655 3591 559 3631 585 4063 4063 4063 4063 4063 4063 4063 4063
872 1777382445 3558 3703 3675 3654 3590 543 270 585 4063 4063 4062 4062 4062 4062 4062 4062
873 1777382445 3558 3702 3675 3654 3589 543 272 585 4063 4063 4063 4063 4063 4063 4063 4063
874 1777382445 3558 3703 3675 3655 3590 564 295 583 4063 4063 4062 4062 4062 4062 4062 4062
875 1777382445 3560 3704 3676 3656 3592 558 288 584 4063 4063 4062 4062 4062 4062 4062 4062
876 1777382445 3558 3703 3676 3655 3590 564 274 584 4061 4061 4061 4061 4061 4061 4061 4061
877 1777382446 3559 3703 3676 3655 3590 549 262 585 4061 4061 4061 4061 4061 4061 4061 4061
878 1777382446 3559 3704 3676 3655 3591 561 254 584 4061 4061 4061 4061 4061 4061 4061 4061
879 1777382446 3558 3703 3675 3654 3590 568 304 582 4063 4062 4062 4062 4062 4062 4062 4062
880 1777382446 3558 3703 3675 3654 3590 532 258 586 4063 4063 4062 4062 4062 4062 4062 4062
881 1777382446 3558 3703 3676 3655 3590 554 281 584 4063 4062 4062 4062 4062 4062 4062 4062
882 1777382446 3558 3702 3675 3654 3589 602 283 559 4063 4063 4062 4062 4062 4062 4062 4062
883 1777382446 3558 3703 3675 3654 3590 536 256 586 4063 4063 4062 4062 4062 4062 4062 4062
884 1777382446 3558 3703 3675 3654 3590 527 279 587 4061 4061 4061 4061 4061 4061 4061 4061
885 1777382446 3559 3703 3676 3655 3590 548 259 585 4063 4063 4062 4062 4062 4062 4062 4062
886 1777382446 3558 3703 3675 3654 3589 544 267 585 4061 4061 4061 4061 4061 4061 4061 4061
887 1777382446 3558 3703 3675 3655 3590 567 273 583 4063 4063 4062 4062 4062 4062 4062 4062
888 1777382447 3559 3704 3676 3655 3590 548 271 585 4063 4063 4062 4062 4062 4062 4062 4062
889 1777382447 3558 3703 3676 3654 3590 546 278 585 4061 4061 4061 4061 4061 4061 4061 4061
890 1777382447 3559 3704 3676 3655 3590 526 252 587 4063 4063 4062 4062 4062 4062 4062 4062
891 1777382447 3559 3703 3676 3655 3590 545 267 585 4061 4061 4061 4061 4061 4061 4061 4061
892 1777382447 3558 3703 3676 3655 3590 553 278 585 4063 4063 4062 4062 4062 4062 4062 4062
893 1777382447 3559 3704 3676 3655 3590 535 261 586 4063 4063 4062 4062 4062 4062 4062 4062
894 1777382447 3558 3703 3676 3655 3590 545 279 585 4063 4063 4062 4062 4062 4062 4062 4062
895 1777382447 3558 3703 3675 3654 3589 538 261 586 4063 4063 4062 4062 4062 4062 4062 4062
896 1777382447 3559 3704 3676 3655 3590 543 265 585 4063 4063 4062 4062 4062 4062 4062 4062
897 1777382447 3558 3703 3676 3655 3590 521 254 587 4063 4062 4062 4062 4062 4062 4062 4062
898 1777382447 3560 3704 3677 3656 3591 545 250 586 4063 4061 4061 4061 4061 4061 4061 4061
899 1777382447 3558 3703 3676 3655 3590 531 243 586 4061 4061 4061 4061 4061 4061 4061 4061
900 1777382447 3558 3703 3675 3654 3590 577 296 580 4063 4063 4062 4062 4062 4062 4062 4062
901 1777382448 3559 3704 3676 3655 3590 546 288 586 4063 4063 4062 4062 4062 4062 4062 4062
902 1777382448 3559 3704 3676 3655 3591 543 267 585 4063 4063 4062 4062 4062 4062 4062 4062
903 1777382448 3559 3704 3676 3655 3591 548 270 585 4061 4061 4061 4061 4061 4061 4061 4061
904 1777382448 3558 3703 3676 3655 3590 535 250 586 4063 4062 4062 4062 4062 4062 4062 4062
905 1777382448 3558 3703 3675 3655 3590 565 294 583 4063 4063 4062 4062 4062 4062 4062 4062
906 1777382448 3557 3702 3675 3654 3589 553 272 585 4063 4063 4062 4062 4062 4062 4062 4062
907 1777382448 3559 3703 3676 3655 3590 579 274 580 4061 4061 4061 4061 4061 4061 4061 4061
908 1777382448 3558 3702 3675 3654 3589 595 3630 569 4061 4061 4061 4061 4061 4061 4061 4061
909 1777382448 3559 3704 3677 3656 3591 518 244 588 4063 4063 4062 4062 4062 4062 4062 4062
910 1777382449 3558 3703 3675 3654 3590 523 254 587 4062 4063 4062 4062 4062 4062 4062 4062
911 1777382449 3559 3704 3677 3656 3591 553 282 585 4061 4061 4061 4061 4061 4061 4061 4061
912 1777382449 3558 3703 3675 3655 3590 542 258 585 4063 4061 4061 4061 4061 4061 4061 4061
913 1777382449 3558 3702 3675 3654 3590 573 3630 582 4061 4061 4061 4061 4061 4061 4061 4061
914 1777382449 3559 3703 3676 3655 3590 555 267 585 4063 4063 4062 4062 4062 4062 4062 4062
915 1777382449 3559 3704 3676 3655 3591 555 275 585 4061 4061 4061 4061 4061 4061 4061 4061
916 1777382450 3559 3703 3676 3655 3591 561 274 584 4063 4063 4062 4062 4062 4062 4062 4062
917 1777382450 3560 3704 3676 3656 3591 566 282 584 4063 4063 4062 4062 4062 4062 4062 4062
918 1777382450 3560 3704 3676 3655 3591 542 259 586 4061 4061 4061 4061 4061 4061 4061 4061
919 1777382450 3559 3704 3676 3655 3591 540 251 586 4063 4062 4062 4062 4062 4062 4062 4062
920 1777382450 3559 3704 3676 3655 3590 558 298 585 4063 4063 4062 4062 4062 4062 4062 4062
921 1777382450 3559 3704 3677 3655 3591 557 289 584 4063 4062 4062 4062 4062 4062 4062 4062
922 1777382450 3559 3704 3676 3655 3591 535 261 586 4061 4061 4061 4061 4061 4061 4061 4061
923 1777382450 3560 3704 3677 3655 3591 554 261 585 4063 4063 4062 4062 4062 4062 4062 4062
924 1777382450 3558 3704 3676 3655 3590 549 270 585 4063 4063 4062 4062 4062 4062 4062 4062
925 1777382450 3559 3704 3676 3655 3591 553 293 585 4063 4062 4062 4062 4062 4062 4062 4062
926 1777382450 3559 3703 3676 3655 3590 540 295 586 4063 4062 4062 4062 4062 4062 4062 4062
927 1777382451 3559 3703 3675 3654 3590 564 3630 585 4061 4061 4061 4061 4061 4061 4061 4061
928 1777382451 3558 3703 3675 3654 3590 478 3631 590 4061 4061 4061 4061 4061 4061 4061 4061
929 1777382451 3558 3703 3675 3655 3590 553 271 586 4061 4061 4061 4061 4061 4061 4061 4061
930 1777382451 3559 3704 3676 3655 3591 548 277 585 4061 4061 4061 4061 4061 4061 4061 4061
931 1777382451 3558 3703 3675 3655 3590 547 260 586 4063 4061 4061 4061 4061 4061 4061 4061
932 1777382451 3559 3703 3675 3654 3590 547 3630 586 4063 4063 4062 4062 4062 4062 4062 4062
933 1777382451 3558 3703 3675 3655 3590 529 266 586 4063 4063 4062 4062 4062 4062 4062 4062
934 1777382451 3559 3703 3675 3654 3590 564 273 584 4063 4063 4062 4062 4062 4062 4062 4062
935 1777382452 3558 3703 3675 3654 3590 540 3630 587 4063 4063 4063 4063 4063 4063 4063 4063
936 1777382452 3559 3704 3677 3656 3591 529 247 587 4063 4062 4062 4062 4062 4062 4062 4062
937 1777382452 3560 3705 3677 3657 3592 527 249 587 4063 4062 4062 4062 4062 4062 4062 4062
938 1777382452 3558 3703 3675 3653 3588 310 3629 589 4061 4061 4061 4061 4061 4061 4061 4061
939 1777382452 3559 3704 3676 3655 3591 539 250 586 4061 4061 4061 4061 4061 4061 4061 4061
940 1777382452 3559 3704 3676 3655 3590 557 278 585 4063 4063 4062 4062 4062 4062 4062 4062
941 1777382452 3559 3704 3676 3655 3590 541 264 586 4063 4063 4063 4063 4063 4063 4063 4063
942 1777382452 3558 3702 3675 3654 3590 546 3630 587 4061 4061 4060 4060 4060 4060 4060 4060
943 1777382452 3559 3703 3675 3655 3590 546 271 586 4063 4063 4062 4062 4062 4062 4062 4062
944 1777382452 3559 3703 3676 3655 3590 528 252 587 4061 4061 4061 4061 4061 4061 4061 4061
945 1777382452 3559 3704 3677 3656 3591 565 274 584 4063 4063 4062 4062 4062 4062 4062 4062
946 1777382453 3558 3703 3675 3654 3589 557 3630 585 4061 4061 4061 4061 4061 4061 4061 4061
947 1777382453 3559 3704 3676 3655 3591 557 278 584 4063 4063 4063 4063 4063 4063 4063 4063
948 1777382453 3558 3703 3676 3655 3590 542 268 586 4063 4063 4062 4062 4062 4062 4062 4062
949 1777382453 3559 3703 3676 3655 3590 552 278 586 4063 4063 4062 4062 4062 4062 4062 4062
950 1777382453 3559 3704 3676 3655 3591 534 262 587 4061 4061 4061 4061 4061 4061 4061 4061
951 1777382453 3560 3704 3677 3655 3591 547 276 586 4063 4063 4063 4063 4063 4063 4063 4063
952 1777382453 3558 3703 3676 3655 3590 556 295 585 4063 4063 4062 4062 4062 4062 4062 4062
953 1777382453 3560 3704 3676 3655 3591 551 270 585 4063 4063 4063 4063 4063 4063 4063 4063
954 1777382453 3558 3703 3676 3655 3590 540 259 586 4061 4061 4061 4061 4061 4061 4061 4061
955 1777382453 3558 3703 3675 3654 3590 532 253 587 4063 4063 4062 4062 4062 4062 4062 4062
956 1777382453 3559 3704 3676 3656 3591 562 288 584 4061 4061 4061 4061 4061 4061 4061 4061
957 1777382454 3558 3703 3676 3654 3590 544 282 586 4063 4063 4063 4063 4063 4063 4063 4063
958 1777382454 3560 3704 3676 3656 3591 553 263 585 4061 4061 4061 4061 4061 4061 4061 4061
959 1777382454 3560 3705 3678 3656 3592 541 266 586 4061 4061 4061 4061 4061 4061 4061 4061
960 1777382454 3559 3704 3676 3656 3591 530 261 587 4063 4062 4062 4062 4062 4062 4062 4062
961 1777382454 3558 3704 3676 3655 3591 547 272 586 4061 4061 4061 4061 4061 4061 4061 4061
962 1777382455 3559 3704 3676 3656 3591 566 287 584 4061 4061 4061 4061 4061 4061 4061 4061
963 1777382455 3559 3704 3676 3655 3591 543 259 586 4063 4063 4062 4062 4062 4062 4062 4062
964 1777382455 3558 3703 3676 3654 3590 572 3631 583 4063 4063 4063 4063 4063 4063 4063 4063
965 1777382455 3559 3704 3677 3656 3591 511 237 588 4063 4063 4063 4063 4063 4063 4063 4063
966 1777382455 3559 3704 3676 3655 3590 563 279 584 4063 4063 4062 4062 4062 4062 4062 4062
967 1777382455 3560 3705 3677 3656 3591 554 250 586 4063 4063 4062 4062 4062 4062 4062 4062
968 1777382455 3559 3704 3676 3655 3591 563 3631 586 4063 4063 4062 4062 4062 4062 4062 4062
969 1777382455 3559 3704 3676 3655 3590 521 263 588 4063 4063 4062 4062 4062 4062 4062 4062
970 1777382455 3559 3704 3676 3656 3591 551 266 585 4061 4061 4061 4061 4061 4061 4061 4061
971 1777382455 3559 3703 3676 3655 3590 547 244 586 4063 4063 4062 4062 4062 4062 4062 4062
972 1777382455 3561 3706 3678 3657 3592 550 266 586 4061 4061 4061 4061 4061 4061 4061 4061
973 1777382455 3560 3705 3677 3656 3591 529 255 587 4063 4063 4063 4063 4063 4063 4063 4063
974 1777382455 3557 3702 3675 3654 3589 571 281 583 4063 4063 4063 4063 4063 4063 4063 4063
975 1777382456 3559 3704 3676 3655 3591 549 260 586 4063 4063 4062 4062 4062 4062 4062 4062
976 1777382456 3559 3703 3676 3655 3591 539 260 586 4061 4061 4061 4061 4061 4061 4061 4061
977 1777382456 3559 3704 3677 3656 3591 561 273 585 4063 4063 4062 4062 4062 4062 4062 4062
978 1777382456 3559 3704 3676 3656 3590 551 267 585 4061 4061 4061 4061 4061 4061 4061 4061
979 1777382456 3560 3705 3676 3656 3591 569 271 583 4061 4061 4061 4061 4061 4061 4061 4061
980 1777382456 3559 3704 3676 3655 3591 552 287 586 4061 4061 4061 4061 4061 4061 4061 4061
981 1777382456 3559 3704 3676 3655 3591 541 273 587 4063 4062 4062 4062 4062 4062 4062 4062
982 1777382456 3560 3704 3676 3655 3590 551 285 586 4063 4063 4062 4062 4062 4062 4062 4062
983 1777382456 3559 3704 3676 3656 3591 567 278 584 4061 4061 4061 4061 4061 4061 4061 4061
984 1777382456 3560 3704 3676 3656 3591 552 275 585 4063 4063 4063 4063 4063 4063 4063 4063
985 1777382456 3559 3704 3676 3655 3591 554 282 586 4061 4061 4061 4061 4061 4061 4061 4061
986 1777382456 3559 3703 3676 3655 3590 538 266 587 4061 4061 4061 4061 4061 4061 4061 4061
987 1777382456 3559 3704 3676 3655 3591 531 252 587 4063 4063 4062 4062 4062 4062 4062 4062
988 1777382456 3560 3704 3677 3656 3591 498 224 588 4063 4062 4062 4062 4062 4062 4062 4062
989 1777382456 3560 3705 3677 3656 3591 553 272 586 4061 4061 4061 4061 4061 4061 4061 4061
990 1777382456 3558 3703 3675 3654 3590 555 282 585 4063 4063 4062 4062 4062 4062 4062 4062
991 1777382457 3559 3704 3676 3655 3590 537 252 587 4061 4061 4061 4061 4061 4061 4061 4061
992 1777382457 3559 3704 3676 3655 3591 566 285 584 4061 4061 4061 4061 4061 4061 4061 4061
993 1777382457 3560 3704 3677 3656 3591 545 265 586 4063 4063 4063 4063 4063 4063 4063 4063
994 1777382457 3559 3704 3676 3655 3591 550 260 585 4063 4063 4062 4062 4062 4062 4062 4062
995 1777382457 3560 3705 3677 3657 3592 550 260 586 4063 4063 4062 4062 4062 4062 4062 4062
996 1777382457 3559 3704 3676 3655 3590 560 283 585 4063 4063 4062 4062 4062 4062 4062 4062
997 1777382457 3560 3705 3677 3657 3591 565 299 584 4063 4063 4062 4062 4062 4062 4062 4062
998 1777382457 3559 3704 3677 3656 3591 568 265 584 4063 4063 4062 4062 4062 4062 4062 4062
999 1777382457 3559 3703 3675 3655 3590 544 266 586 4063 4063 4062 4062 4062 4062 4062 4062
1000 1777382458 3560 3704 3677 3656 3592 552 260 586 4061 4061 4061 4061 4061 4061 4061 4061
