1 1777382626 3557 3701 3674 3652 3588 540 258 586 4063 4063 4062 4062 4062 4062 4062 4062
2 1777382626 3557 3702 3675 3654 3589 540 264 586 4063 4063 4062 4062 4062 4062 4062 4062
3 1777382626 3557 3702 3674 3653 3589 545 264 586 4063 4062 4062 4062 4062 4062 4062 4062
4 1777382626 3558 3704 3675 3655 3590 532 244 587 4063 4062 4062 4062 4062 4062 4062 4062
5 1777382626 3559 3704 3676 3655 3591 512 223 588 4061 4061 4061 4061 4061 4061 4061 4061
6 1777382626 3557 3703 3675 3654 3590 553 246 586 4063 4063 4063 4063 4063 4063 4063 4063
7 1777382626 3558 3703 3675 3654 3590 534 231 587 4063 4063 4062 4062 4062 4062 4062 4062
8 1777382626 3558 3703 3675 3655 3590 576 258 581 4063 4063 4062 4062 4062 4062 4062 4062
9 1777382626 3559 3703 3676 3655 3591 561 270 585 4061 4061 4061 4061 4061 4061 4061 4061
10 1777382627 3557 3702 3675 3653 3589 544 262 586 4063 4063 4062 4062 4062 4062 4062 4062
11 1777382627 3558 3702 3675 3654 3589 530 267 588 4063 4062 4062 4062 4062 4062 4062 4062
12 1777382627 3559 3703 3676 3655 3590 555 268 586 4063 4063 4062 4062 4062 4062 4062 4062
13 1777382627 3558 3703 3676 3654 3589 570 276 584 4061 4061 4061 4061 4061 4061 4061 4061
14 1777382627 3557 3702 3674 3654 3590 537 260 587 4063 4063 4063 4063 4063 4063 4063 4063
15 1777382627 3558 3703 3675 3654 3589 560 271 585 4061 4061 4061 4061 4061 4061 4061 4061
16 1777382627 3559 3703 3675 3654 3590 532 254 587 4061 4061 4061 4061 4061 4061 4061 4061
17 1777382627 3558 3703 3675 3654 3589 525 253 588 4063 4063 4062 4062 4062 4062 4062 4062
18 1777382628 3559 3704 3676 3655 3590 535 239 587 4063 4063 4062 4062 4062 4062 4062 4062
19 1777382628 3559 3704 3676 3655 3591 537 254 587 4061 4061 4061 4061 4061 4061 4061 4061
20 1777382628 3559 3704 3676 3655 3590 555 260 586 4061 4061 4061 4061 4061 4061 4061 4061
21 1777382628 3558 3703 3675 3654 3590 559 274 586 4063 4063 4062 4062 4062 4062 4062 4062
22 1777382628 3559 3704 3676 3655 3590 526 242 587 4063 4062 4062 4062 4062 4062 4062 4062
23 1777382628 3558 3703 3676 3655 3590 539 260 587 4061 4061 4061 4061 4061 4061 4061 4061
24 1777382629 3559 3704 3676 3655 3591 560 258 586 4063 4062 4062 4062 4062 4062 4062 4062
25 1777382629 3560 3705 3678 3656 3591 542 254 587 4063 4063 4062 4062 4062 4062 4062 4062
26 1777382629 3559 3704 3676 3655 3590 538 257 587 4063 4063 4062 4062 4062 4062 4062 4062
27 1777382629 3559 3703 3675 3654 3589 567 3631 585 4061 4061 4061 4061 4061 4061 4061 4061
28 1777382629 3559 3704 3676 3656 3591 570 265 584 4063 4063 4063 4063 4063 4063 4063 4063
29 1777382629 3559 3704 3676 3655 3591 548 265 586 4063 4063 4063 4063 4063 4063 4063 4063
30 1777382629 3558 3703 3675 3654 3590 546 249 586 4063 4063 4062 4062 4062 4062 4062 4062
31 1777382629 3559 3704 3676 3655 3591 544 286 587 4061 4061 4061 4061 4061 4061 4061 4061
32 1777382630 3558 3703 3675 3654 3589 543 262 587 4061 4061 4061 4061 4061 4061 4061 4061
33 1777382630 3558 3704 3676 3654 3590 542 257 587 4061 4061 4061 4061 4061 4061 4061 4061
34 1777382630 3558 3703 3676 3655 3591 561 272 585 4061 4061 4061 4061 4061 4061 4061 4061
35 1777382630 3559 3703 3676 3655 3591 553 259 586 4061 4061 4061 4061 4061 4061 4061 4061
36 1777382630 3559 3704 3676 3655 3591 533 256 587 4061 4061 4061 4061 4061 4061 4061 4061
37 1777382630 3559 3704 3676 3655 3591 545 250 587 4061 4061 4061 4061 4061 4061 4061 4061
38 1777382630 3558 3703 3676 3655 3590 556 273 586 4063 4062 4062 4062 4062 4062 4062 4062
39 1777382630 3559 3704 3677 3655 3590 569 270 584 4061 4061 4061 4061 4061 4061 4061 4061
40 1777382631 3559 3704 3676 3655 3590 536 257 588 4063 4063 4062 4062 4062 4062 4062 4062
41 1777382631 3559 3704 3677 3656 3591 567 269 585 4061 4061 4061 4061 4061 4061 4061 4061
42 1777382631 3559 3704 3676 3655 3591 563 285 585 4063 4063 4062 4062 4062 4062 4062 4062
43 1777382631 3559 3703 3676 3655 3591 555 276 586 4061 4061 4061 4061 4061 4061 4061 4061
44 1777382631 3560 3704 3677 3656 3591 542 261 587 4063 4063 4062 4062 4062 4062 4062 4062
45 1777382631 3560 3704 3677 3655 3591 573 272 583 4061 4061 4061 4061 4061 4061 4061 4061
46 1777382631 3559 3704 3676 3655 3591 508 222 588 4063 4063 4062 4062 4062 4062 4062 4062
47 1777382631 3559 3704 3676 3655 3591 555 274 586 4063 4063 4062 4062 4062 4062 4062 4062
48 1777382631 3558 3703 3675 3655 3590 542 254 587 4061 4061 4061 4061 4061 4061 4061 4061
49 1777382631 3559 3704 3676 3655 3591 547 3632 587 4063 4063 4062 4062 4062 4062 4062 4062
50 1777382631 3559 3703 3676 3655 3591 556 274 586 4061 4061 4061 4061 4061 4061 4061 4061
51 1777382632 3557 3701 3674 3653 3588 538 243 587 4061 4061 4061 4061 4061 4061 4061 4061
52 1777382632 3560 3704 3676 3656 3591 540 256 587 4061 4061 4061 4061 4061 4061 4061 4061
53 1777382632 3560 3704 3677 3656 3591 559 272 586 4061 4061 4061 4061 4061 4061 4061 4061
54 1777382632 3560 3705 3677 3656 3592 551 261 586 4061 4061 4061 4061 4061 4061 4061 4061
55 1777382632 3559 3704 3676 3655 3591 562 272 585 4063 4063 4062 4062 4062 4062 4062 4062
56 1777382632 3560 3704 3676 3655 3591 566 279 584 4061 4061 4061 4061 4061 4061 4061 4061
57 1777382632 3559 3704 3677 3655 3591 540 264 587 4063 4063 4063 4063 4063 4063 4063 4063
58 1777382632 3560 3705 3677 3655 3591 543 240 587 4063 4063 4062 4062 4062 4062 4062 4062
59 1777382632 3559 3704 3676 3655 3590 529 228 588 4063 4063 4062 4062 4062 4062 4062 4062
60 1777382632 3559 3704 3676 3655 3591 532 239 588 4061 4061 4061 4061 4061 4061 4061 4061
61 1777382633 3560 3704 3676 3656 3591 539 250 587 4063 4063 4062 4062 4062 4062 4062 4062
62 1777382633 3559 3703 3676 3654 3591 579 3631 582 4061 4061 4061 4061 4061 4061 4061 4061
63 1777382633 3559 3704 3677 3656 3591 566 279 585 4061 4061 4061 4061 4061 4061 4061 4061
64 1777382633 3559 3704 3676 3655 3590 516 3631 589 4061 4061 4061 4061 4061 4061 4061 4061
65 1777382633 3560 3705 3677 3656 3591 549 273 586 4063 4061 4061 4061 4061 4061 4061 4061
66 1777382633 3559 3704 3676 3654 3590 524 235 589 4063 4063 4062 4062 4062 4062 4062 4062
67 1777382633 3560 3705 3677 3656 3591 559 258 586 4061 4061 4061 4061 4061 4061 4061 4061
68 1777382634 3557 3702 3674 3653 3588 540 260 585 4061 4061 4061 4061 4061 4061 4061 4061
69 1777382634 3558 3703 3675 3654 3589 545 254 584 4063 4063 4062 4062 4062 4062 4062 4062
70 1777382634 3558 3702 3675 3654 3589 558 242 584 4063 4063 4062 4062 4062 4062 4062 4062
71 1777382634 3557 3702 3674 3653 3589 589 260 573 4063 4063 4062 4062 4062 4062 4062 4062
72 1777382634 3557 3702 3674 3653 3589 533 246 586 4061 4061 4061 4061 4061 4061 4061 4061
73 1777382634 3558 3703 3675 3654 3589 542 254 585 4061 4061 4061 4061 4061 4061 4061 4061
74 1777382634 3557 3702 3675 3654 3590 554 261 584 4063 4063 4062 4062 4062 4062 4062 4062
75 1777382634 3558 3702 3675 3654 3589 538 248 585 4063 4063 4062 4062 4062 4062 4062 4062
76 1777382634 3558 3703 3675 3653 3589 548 270 585 4063 4063 4062 4062 4062 4062 4062 4062
77 1777382635 3557 3701 3674 3653 3588 545 262 585 4063 4063 4062 4062 4062 4062 4062 4062
78 1777382635 3558 3702 3674 3654 3589 568 276 583 4063 4063 4063 4063 4063 4063 4063 4063
79 1777382635 3557 3701 3674 3653 3588 507 231 587 4063 4062 4062 4062 4062 4062 4062 4062
80 1777382635 3558 3702 3675 3654 3590 560 259 583 4061 4061 4061 4061 4061 4061 4061 4061
81 1777382635 3558 3703 3675 3654 3589 552 257 585 4063 4063 4062 4062 4062 4062 4062 4062
82 1777382635 3558 3703 3675 3654 3589 535 255 586 4063 4063 4062 4062 4062 4062 4062 4062
83 1777382635 3558 3703 3676 3655 3590 548 244 585 4063 4063 4062 4062 4062 4062 4062 4062
84 1777382635 3558 3703 3676 3655 3590 544 263 585 4061 4061 4061 4061 4061 4061 4061 4061
85 1777382635 3557 3702 3674 3654 3589 546 257 585 4063 4063 4062 4062 4062 4062 4062 4062
86 1777382635 3558 3702 3674 3654 3589 534 240 585 4063 4063 4063 4063 4063 4063 4063 4063
87 1777382636 3558 3703 3675 3654 3590 558 273 584 4063 4063 4062 4062 4062 4062 4062 4062
88 1777382636 3558 3703 3675 3654 3589 570 254 581 4063 4063 4062 4062 4062 4062 4062 4062
89 1777382636 3557 3702 3674 3653 3588 562 279 583 4061 4061 4061 4061 4061 4061 4061 4061
90 1777382636 3558 3702 3674 3654 3589 526 250 586 4061 4061 4061 4061 4061 4061 4061 4061
91 1777382636 3558 3703 3675 3654 3589 532 255 586 4061 4061 4061 4061 4061 4061 4061 4061
92 1777382637 3557 3702 3675 3654 3590 515 243 587 4061 4061 4061 4061 4061 4061 4061 4061
93 1777382637 3558 3702 3675 3654 3590 544 255 585 4063 4062 4062 4062 4062 4062 4062 4062
94 1777382637 3558 3702 3674 3653 3589 534 254 585 4061 4061 4061 4061 4061 4061 4061 4061
95 1777382637 3557 3702 3675 3653 3589 542 262 585 4063 4063 4062 4062 4062 4062 4062 4062
96 1777382637 3557 3702 3674 3653 3589 521 253 586 4063 4063 4062 4062 4062 4062 4062 4062
97 1777382637 3558 3703 3675 3655 3590 541 259 586 4061 4061 4061 4061 4061 4061 4061 4061
98 1777382638 3558 3703 3675 3654 3589 552 262 585 4063 4063 4062 4062 4062 4062 4062 4062
99 1777382638 3559 3704 3676 3655 3590 531 235 586 4061 4061 4061 4061 4061 4061 4061 4061
100 1777382638 3558 3704 3675 3654 3590 544 257 585 4063 4063 4063 4063 4063 4063 4063 4063
101 1777382638 3558 3703 3675 3655 3590 555 269 585 4063 4063 4062 4062 4062 4062 4062 4062
102 1777382638 3558 3703 3676 3655 3590 560 270 584 4063 4063 4062 4062 4062 4062 4062 4062
103 1777382638 3558 3703 3676 3655 3590 545 262 585 4063 4063 4062 4062 4062 4062 4062 4062
104 1777382638 3559 3703 3676 3654 3590 549 274 585 4061 4061 4061 4061 4061 4061 4061 4061
105 1777382638 3558 3703 3675 3654 3590 548 268 585 4063 4063 4062 4062 4062 4062 4062 4062
106 1777382638 3558 3703 3675 3654 3590 552 275 585 4063 4063 4062 4062 4062 4062 4062 4062
107 1777382639 3558 3702 3675 3653 3589 571 267 581 4063 4063 4062 4062 4062 4062 4062 4062
108 1777382639 3559 3704 3676 3656 3591 573 260 581 4061 4061 4061 4061 4061 4061 4061 4061
109 1777382639 3558 3703 3675 3654 3590 573 253 581 4063 4063 4062 4062 4062 4062 4062 4062
110 1777382639 3558 3703 3675 3654 3590 540 245 586 4061 4061 4061 4061 4061 4061 4061 4061
111 1777382639 3558 3703 3675 3654 3589 544 253 585 4061 4061 4061 4061 4061 4061 4061 4061
112 1777382639 3558 3703 3675 3654 3590 567 272 583 4063 4063 4062 4062 4062 4062 4062 4062
113 1777382639 3558 3703 3675 3654 3590 559 260 584 4063 4063 4062 4062 4062 4062 4062 4062
114 1777382639 3558 3704 3676 3655 3591 535 264 586 4063 4063 4062 4062 4062 4062 4062 4062
115 1777382639 3558 3703 3675 3654 3590 537 266 586 4063 4063 4062 4062 4062 4062 4062 4062
116 1777382639 3558 3703 3675 3654 3590 554 268 585 4061 4061 4061 4061 4061 4061 4061 4061
117 1777382639 3558 3703 3675 3654 3590 568 279 583 4063 4063 4062 4062 4062 4062 4062 4062
118 1777382639 3557 3702 3674 3654 3589 547 266 585 4063 4063 4062 4062 4062 4062 4062 4062
119 1777382640 3558 3703 3675 3654 3589 548 257 585 4061 4061 4061 4061 4061 4061 4061 4061
120 1777382640 3559 3704 3676 3655 3590 554 286 585 4063 4061 4061 4061 4061 4061 4061 4061
121 1777382640 3557 3702 3674 3654 3589 574 260 581 4063 4063 4062 4062 4062 4062 4062 4062
122 1777382640 3559 3703 3675 3654 3590 547 260 585 4063 4063 4062 4062 4062 4062 4062 4062
123 1777382640 3558 3703 3675 3654 3590 555 265 584 4063 4063 4062 4062 4062 4062 4062 4062
124 1777382640 3558 3702 3675 3654 3590 527 243 586 4061 4061 4061 4061 4061 4061 4061 4061
125 1777382640 3558 3703 3675 3654 3589 545 254 585 4061 4061 4061 4061 4061 4061 4061 4061
126 1777382640 3558 3702 3675 3654 3589 554 260 585 4063 4063 4062 4062 4062 4062 4062 4062
127 1777382640 3559 3703 3675 3654 3590 547 268 585 4061 4061 4061 4061 4061 4061 4061 4061
128 1777382641 3558 3702 3675 3654 3589 544 256 586 4061 4061 4061 4061 4061 4061 4061 4061
129 1777382641 3558 3703 3675 3654 3590 564 275 584 4061 4061 4061 4061 4061 4061 4061 4061
130 1777382641 3558 3703 3676 3655 3590 540 254 586 4063 4063 4062 4062 4062 4062 4062 4062
131 1777382641 3558 3703 3675 3654 3589 538 254 586 4063 4062 4062 4062 4062 4062 4062 4062
132 1777382641 3558 3703 3675 3654 3590 567 280 583 4063 4063 4062 4062 4062 4062 4062 4062
133 1777382641 3558 3702 3675 3654 3589 557 259 584 4061 4061 4061 4061 4061 4061 4061 4061
134 1777382641 3558 3703 3675 3654 3590 550 268 585 4061 4061 4061 4061 4061 4061 4061 4061
135 1777382642 3558 3703 3675 3654 3590 533 257 586 4061 4061 4061 4061 4061 4061 4061 4061
136 1777382642 3559 3704 3676 3656 3591 568 286 582 4063 4063 4062 4062 4062 4062 4062 4062
137 1777382642 3558 3703 3675 3654 3590 517 228 587 4063 4063 4062 4062 4062 4062 4062 4062
138 1777382642 3558 3703 3675 3654 3590 470 194 588 4063 4062 4062 4062 4062 4062 4062 4062
139 1777382642 3557 3702 3674 3653 3589 556 276 584 4063 4063 4062 4062 4062 4062 4062 4062
140 1777382642 3559 3704 3676 3656 3590 528 241 586 4063 4063 4062 4062 4062 4062 4062 4062
141 1777382642 3558 3703 3675 3654 3589 524 237 587 4061 4061 4061 4061 4061 4061 4061 4061
142 1777382643 3557 3702 3675 3654 3589 554 258 585 4063 4063 4062 4062 4062 4062 4062 4062
143 1777382643 3559 3704 3676 3655 3590 559 271 584 4061 4061 4061 4061 4061 4061 4061 4061
144 1777382643 3558 3702 3675 3654 3589 556 278 584 4063 4063 4062 4062 4062 4062 4062 4062
145 1777382643 3559 3703 3675 3654 3590 568 267 583 4063 4063 4063 4063 4063 4063 4063 4063
146 1777382643 3560 3704 3677 3656 3591 526 247 587 4063 4063 4062 4062 4062 4062 4062 4062
147 1777382643 3558 3703 3675 3654 3589 508 240 588 4061 4061 4061 4061 4061 4061 4061 4061
148 1777382643 3560 3704 3676 3656 3591 536 246 587 4063 4063 4062 4062 4062 4062 4062 4062
149 1777382643 3559 3704 3676 3656 3591 496 209 588 4063 4063 4062 4062 4062 4062 4062 4062
150 1777382643 3558 3703 3675 3654 3590 542 251 586 4061 4061 4061 4061 4061 4061 4061 4061
151 1777382644 3557 3702 3674 3654 3589 562 270 584 4063 4063 4062 4062 4062 4062 4062 4062
152 1777382644 3558 3703 3676 3655 3590 556 258 585 4063 4063 4062 4062 4062 4062 4062 4062
153 1777382644 3559 3704 3676 3655 3590 561 270 584 4063 4063 4062 4062 4062 4062 4062 4062
154 1777382644 3558 3703 3676 3655 3590 543 252 586 4063 4063 4062 4062 4062 4062 4062 4062
155 1777382644 3558 3702 3675 3654 3589 543 258 586 4063 4063 4062 4062 4062 4062 4062 4062
156 1777382644 3559 3704 3676 3655 3590 529 245 586 4063 4063 4062 4062 4062 4062 4062 4062
157 1777382644 3558 3703 3675 3654 3590 546 259 586 4061 4061 4061 4061 4061 4061 4061 4061
158 1777382644 3559 3704 3676 3655 3591 553 264 585 4061 4061 4061 4061 4061 4061 4061 4061
159 1777382645 3557 3702 3675 3654 3589 558 257 585 4063 4063 4062 4062 4062 4062 4062 4062
160 1777382645 3558 3702 3675 3654 3590 544 260 586 4063 4063 4062 4062 4062 4062 4062 4062
161 1777382645 3558 3703 3675 3654 3589 559 270 584 4061 4061 4061 4061 4061 4061 4061 4061
162 1777382645 3560 3704 3677 3656 3591 560 285 584 4061 4061 4061 4061 4061 4061 4061 4061
163 1777382645 3558 3703 3676 3655 3590 561 264 584 4063 4063 4062 4062 4062 4062 4062 4062
164 1777382645 3558 3702 3675 3654 3590 551 253 585 4061 4061 4061 4061 4061 4061 4061 4061
165 1777382645 3558 3703 3675 3654 3590 527 240 587 4061 4061 4061 4061 4061 4061 4061 4061
166 1777382645 3558 3703 3676 3654 3590 545 255 585 4063 4063 4062 4062 4062 4062 4062 4062
167 1777382646 3558 3703 3675 3654 3589 549 260 585 4061 4061 4061 4061 4061 4061 4061 4061
168 1777382646 3557 3703 3675 3655 3590 545 266 586 4063 4063 4062 4062 4062 4062 4062 4062
169 1777382646 3558 3703 3675 3654 3590 560 268 584 4061 4061 4061 4061 4061 4061 4061 4061
170 1777382646 3558 3703 3675 3655 3590 556 261 585 4063 4063 4062 4062 4062 4062 4062 4062
171 1777382646 3558 3703 3675 3654 3589 567 258 583 4063 4063 4062 4062 4062 4062 4062 4062
172 1777382646 3558 3702 3675 3654 3590 534 255 586 4063 4063 4063 4063 4063 4063 4063 4063
173 1777382646 3558 3703 3676 3655 3590 559 272 584 4061 4061 4061 4061 4061 4061 4061 4061
174 1777382647 3559 3704 3676 3655 3591 482 214 588 4063 4063 4062 4062 4062 4062 4062 4062
175 1777382647 3558 3703 3675 3655 3590 555 281 584 4063 4063 4062 4062 4062 4062 4062 4062
176 1777382647 3559 3704 3676 3654 3590 544 253 586 4063 4063 4062 4062 4062 4062 4062 4062
177 1777382648 3559 3704 3676 3655 3591 559 252 585 4063 4063 4062 4062 4062 4062 4062 4062
178 1777382648 3558 3703 3675 3654 3590 545 256 586 4063 4063 4062 4062 4062 4062 4062 4062
179 1777382648 3558 3703 3675 3654 3590 540 250 586 4063 4063 4062 4062 4062 4062 4062 4062
180 1777382648 3558 3703 3675 3654 3590 551 271 585 4063 4063 4062 4062 4062 4062 4062 4062
181 1777382648 3558 3703 3675 3654 3590 559 270 585 4061 4061 4061 4061 4061 4061 4061 4061
182 1777382648 3558 3702 3675 3654 3589 542 268 586 4063 4063 4062 4062 4062 4062 4062 4062
183 1777382648 3558 3703 3676 3654 3590 560 267 585 4063 4063 4062 4062 4062 4062 4062 4062
184 1777382648 3558 3703 3675 3654 3590 554 265 585 4061 4061 4061 4061 4061 4061 4061 4061
185 1777382648 3558 3703 3675 3654 3589 521 232 587 4063 4063 4062 4062 4062 4062 4062 4062
186 1777382648 3558 3703 3675 3655 3591 566 265 584 4061 4061 4061 4061 4061 4061 4061 4061
187 1777382648 3559 3703 3676 3655 3591 553 261 585 4063 4063 4063 4063 4063 4063 4063 4063
188 1777382648 3559 3704 3676 3655 3590 558 248 585 4063 4063 4062 4062 4062 4062 4062 4062
189 1777382648 3558 3703 3675 3655 3590 541 263 586 4061 4061 4061 4061 4061 4061 4061 4061
190 1777382648 3558 3703 3676 3655 3590 542 256 586 4063 4063 4062 4062 4062 4062 4062 4062
191 1777382648 3558 3703 3675 3654 3590 561 257 584 4061 4061 4061 4061 4061 4061 4061 4061
192 1777382649 3559 3704 3676 3655 3591 546 264 586 4061 4061 4061 4061 4061 4061 4061 4061
193 1777382649 3559 3704 3676 3655 3591 558 250 585 4063 4062 4062 4062 4062 4062 4062 4062
194 1777382649 3559 3704 3676 3655 3590 559 273 585 4063 4063 4062 4062 4062 4062 4062 4062
195 1777382649 3558 3702 3675 3653 3589 543 260 586 4063 4063 4062 4062 4062 4062 4062 4062
196 1777382649 3558 3703 3675 3654 3590 541 258 586 4063 4061 4061 4061 4061 4061 4061 4061
197 1777382649 3558 3703 3675 3654 3589 544 280 586 4063 4063 4062 4062 4062 4062 4062 4062
198 1777382649 3559 3704 3676 3654 3590 558 268 585 4061 4061 4061 4061 4061 4061 4061 4061
199 1777382649 3558 3703 3674 3653 3589 532 266 587 4061 4061 4061 4061 4061 4061 4061 4061
200 1777382649 3557 3702 3674 3654 3589 549 243 585 4063 4062 4062 4062 4062 4062 4062 4062
201 1777382649 3559 3703 3675 3654 3590 546 254 586 4063 4063 4062 4062 4062 4062 4062 4062
202 1777382650 3558 3703 3675 3654 3589 545 261 585 4061 4061 4061 4061 4061 4061 4061 4061
203 1777382650 3558 3704 3676 3655 3591 548 270 585 4061 4061 4061 4061 4061 4061 4061 4061
204 1777382650 3558 3703 3675 3654 3589 522 239 587 4061 4061 4061 4061 4061 4061 4061 4061
205 1777382650 3559 3704 3676 3655 3591 530 251 587 4061 4061 4061 4061 4061 4061 4061 4061
206 1777382650 3560 3705 3677 3656 3592 550 270 585 4063 4063 4062 4062 4062 4062 4062 4062
207 1777382650 3559 3704 3676 3655 3590 530 242 587 4063 4063 4062 4062 4062 4062 4062 4062
208 1777382650 3558 3703 3675 3654 3591 550 260 586 4063 4063 4062 4062 4062 4062 4062 4062
209 1777382650 3559 3704 3676 3656 3591 565 269 584 4063 4063 4062 4062 4062 4062 4062 4062
210 1777382650 3559 3704 3676 3655 3591 549 269 585 4063 4063 4062 4062 4062 4062 4062 4062
211 1777382650 3559 3704 3676 3655 3591 534 251 587 4063 4063 4062 4062 4062 4062 4062 4062
212 1777382651 3559 3704 3676 3655 3590 555 270 586 4063 4063 4062 4062 4062 4062 4062 4062
213 1777382651 3559 3703 3676 3655 3591 555 256 585 4061 4061 4061 4061 4061 4061 4061 4061
214 1777382651 3558 3703 3675 3654 3590 549 257 585 4061 4061 4061 4061 4061 4061 4061 4061
215 1777382651 3558 3704 3676 3655 3591 554 243 586 4061 4061 4061 4061 4061 4061 4061 4061
216 1777382651 3559 3704 3676 3655 3590 566 269 585 4061 4061 4061 4061 4061 4061 4061 4061
217 1777382651 3560 3704 3676 3655 3591 559 258 585 4061 4061 4061 4061 4061 4061 4061 4061
218 1777382651 3559 3704 3676 3655 3590 578 3630 581 4063 4063 4062 4062 4062 4062 4062 4062
219 1777382651 3559 3704 3676 3655 3591 542 271 586 4063 4063 4063 4063 4063 4063 4063 4063
220 1777382651 3560 3704 3676 3656 3591 559 277 585 4061 4061 4061 4061 4061 4061 4061 4061
221 1777382651 3559 3704 3677 3656 3591 528 247 587 4061 4061 4061 4061 4061 4061 4061 4061
222 1777382652 3558 3704 3676 3656 3591 540 276 586 4063 4063 4062 4062 4062 4062 4062 4062
223 1777382652 3559 3703 3676 3655 3591 557 268 585 4063 4063 4062 4062 4062 4062 4062 4062
224 1777382652 3559 3704 3676 3655 3591 543 256 586 4061 4061 4061 4061 4061 4061 4061 4061
225 1777382652 3558 3703 3675 3655 3590 564 276 584 4061 4061 4061 4061 4061 4061 4061 4061
226 1777382653 3558 3703 3675 3654 3590 561 258 585 4063 4063 4062 4062 4062 4062 4062 4062
227 1777382653 3558 3704 3675 3655 3590 561 264 584 4061 4061 4061 4061 4061 4061 4061 4061
228 1777382653 3559 3703 3676 3655 3590 548 268 586 4063 4063 4062 4062 4062 4062 4062 4062
229 1777382653 3559 3703 3676 3655 3591 570 291 582 4063 4063 4062 4062 4062 4062 4062 4062
230 1777382653 3559 3704 3677 3656 3591 562 270 585 4063 4063 4062 4062 4062 4062 4062 4062
231 1777382653 3559 3703 3676 3654 3590 521 250 588 4063 4063 4062 4062 4062 4062 4062 4062
232 1777382653 3559 3704 3676 3656 3591 536 251 587 4061 4061 4061 4061 4061 4061 4061 4061
233 1777382653 3558 3703 3675 3654 3589 548 262 586 4061 4061 4061 4061 4061 4061 4061 4061
234 1777382654 3559 3704 3676 3655 3590 548 259 586 4063 4063 4062 4062 4062 4062 4062 4062
235 1777382654 3559 3703 3676 3655 3590 548 271 586 4063 4063 4062 4062 4062 4062 4062 4062
236 1777382654 3559 3704 3676 3655 3590 542 270 587 4063 4063 4062 4062 4062 4062 4062 4062
237 1777382654 3559 3703 3676 3655 3590 552 263 586 4063 4063 4062 4062 4062 4062 4062 4062
238 1777382654 3558 3703 3676 3655 3590 563 3630 586 4061 4061 4061 4061 4061 4061 4061 4061
239 1777382654 3559 3704 3676 3656 3591 542 265 586 4063 4063 4062 4062 4062 4062 4062 4062
240 1777382654 3559 3703 3675 3655 3590 532 258 586 4061 4061 4061 4061 4061 4061 4061 4061
241 1777382654 3559 3704 3676 3655 3590 534 256 587 4063 4063 4062 4062 4062 4062 4062 4062
242 1777382654 3559 3704 3676 3655 3591 528 252 587 4063 4063 4062 4062 4062 4062 4062 4062
243 1777382654 3559 3704 3676 3655 3590 540 262 586 4063 4063 4062 4062 4062 4062 4062 4062
244 1777382654 3559 3703 3675 3655 3590 523 233 587 4063 4061 4061 4061 4061 4061 4061 4061
245 1777382654 3559 3704 3676 3655 3591 553 253 586 4061 4061 4061 4061 4061 4061 4061 4061
246 1777382654 3560 3705 3677 3656 3591 558 257 585 4061 4061 4061 4061 4061 4061 4061 4061
247 1777382655 3560 3705 3677 3656 3592 549 247 586 4063 4063 4062 4062 4062 4062 4062 4062
248 1777382655 3559 3704 3676 3655 3591 563 263 584 4061 4061 4061 4061 4061 4061 4061 4061
249 1777382655 3559 3704 3676 3655 3591 534 222 587 4061 4061 4061 4061 4061 4061 4061 4061
250 1777382655 3559 3704 3676 3655 3590 533 256 587 4063 4063 4062 4062 4062 4062 4062 4062
251 1777382655 3559 3703 3676 3655 3590 549 267 586 4063 4063 4062 4062 4062 4062 4062 4062
252 1777382655 3559 3705 3677 3656 3591 551 265 586 4061 4061 4061 4061 4061 4061 4061 4061
253 1777382656 3558 3703 3676 3655 3591 527 248 587 4061 4061 4061 4061 4061 4061 4061 4061
254 1777382656 3560 3704 3677 3656 3592 566 275 584 4063 4062 4062 4062 4062 4062 4062 4062
255 1777382656 3559 3704 3677 3656 3591 570 288 583 4063 4063 4062 4062 4062 4062 4062 4062
256 1777382656 3559 3704 3676 3655 3590 544 246 587 4063 4063 4062 4062 4062 4062 4062 4062
257 1777382656 3559 3704 3676 3655 3591 535 250 587 4063 4063 4062 4062 4062 4062 4062 4062
258 1777382656 3559 3703 3676 3655 3590 546 268 586 4063 4063 4062 4062 4062 4062 4062 4062
259 1777382656 3559 3704 3677 3656 3591 549 278 586 4063 4063 4062 4062 4062 4062 4062 4062
260 1777382656 3559 3704 3676 3655 3591 558 257 585 4061 4061 4061 4061 4061 4061 4061 4061
261 1777382656 3559 3703 3676 3655 3590 537 271 587 4061 4061 4061 4061 4061 4061 4061 4061
262 1777382656 3559 3704 3677 3655 3591 554 3631 587 4061 4061 4061 4061 4061 4061 4061 4061
263 1777382656 3560 3705 3677 3656 3592 551 261 586 4063 4063 4062 4062 4062 4062 4062 4062
264 1777382656 3559 3703 3675 3655 3590 546 259 587 4063 4063 4062 4062 4062 4062 4062 4062
265 1777382657 3558 3703 3675 3654 3590 551 264 586 4061 4061 4061 4061 4061 4061 4061 4061
266 1777382657 3558 3703 3676 3655 3590 544 253 587 4061 4061 4061 4061 4061 4061 4061 4061
267 1777382657 3560 3704 3676 3656 3591 547 280 586 4063 4063 4063 4063 4063 4063 4063 4063
268 1777382657 3560 3704 3677 3656 3591 536 273 587 4063 4063 4062 4062 4062 4062 4062 4062
269 1777382657 3559 3704 3676 3655 3591 533 256 587 4061 4061 4061 4061 4061 4061 4061 4061
270 1777382657 3560 3705 3677 3656 3592 556 270 585 4061 4061 4061 4061 4061 4061 4061 4061
271 1777382657 3559 3704 3677 3656 3591 559 268 585 4061 4061 4061 4061 4061 4061 4061 4061
272 1777382657 3559 3704 3676 3655 3591 536 3631 588 4061 4061 4061 4061 4061 4061 4061 4061
273 1777382657 3560 3705 3677 3656 3591 563 263 585 4063 4063 4062 4062 4062 4062 4062 4062
274 1777382658 3560 3705 3678 3656 3592 528 243 588 4063 4063 4062 4062 4062 4062 4062 4062
275 1777382658 3560 3704 3677 3655 3591 534 269 587 4061 4061 4061 4061 4061 4061 4061 4061
276 1777382658 3560 3704 3677 3656 3591 532 242 587 4063 4063 4062 4062 4062 4062 4062 4062
277 1777382658 3560 3705 3677 3656 3591 543 271 587 4063 4063 4063 4063 4063 4063 4063 4063
278 1777382658 3559 3704 3677 3656 3591 565 264 585 4063 4063 4062 4062 4062 4062 4062 4062
279 1777382658 3561 3705 3677 3657 3592 570 279 584 4061 4061 4061 4061 4061 4061 4061 4061
280 1777382658 3560 3704 3677 3656 3592 535 244 587 4063 4063 4062 4062 4062 4062 4062 4062
281 1777382659 3559 3704 3676 3655 3591 571 276 583 4063 4063 4063 4063 4063 4063 4063 4063
282 1777382659 3559 3704 3677 3655 3591 538 3631 589 4063 4063 4062 4062 4062 4062 4062 4062
283 1777382659 3560 3705 3677 3657 3592 568 256 584 4061 4061 4061 4061 4061 4061 4061 4061
284 1777382659 3561 3706 3678 3657 3592 569 260 584 4063 4063 4062 4062 4062 4062 4062 4062
285 1777382659 3560 3705 3677 3656 3592 562 254 585 4061 4061 4061 4061 4061 4061 4061 4061
286 1777382659 3560 3705 3677 3655 3591 538 252 587 4061 4061 4061 4061 4061 4061 4061 4061
287 1777382659 3560 3705 3677 3657 3592 523 243 588 4063 4063 4062 4062 4062 4062 4062 4062
288 1777382659 3559 3704 3676 3655 3591 558 269 586 4063 4063 4062 4062 4062 4062 4062 4062
289 1777382659 3560 3704 3676 3655 3591 547 246 586 4061 4061 4061 4061 4061 4061 4061 4061
290 1777382659 3560 3704 3676 3656 3592 532 237 587 4063 4063 4062 4062 4062 4062 4062 4062
291 1777382659 3560 3705 3676 3655 3591 541 253 587 4063 4063 4062 4062 4062 4062 4062 4062
292 1777382659 3559 3704 3676 3656 3591 559 272 585 4063 4063 4062 4062 4062 4062 4062 4062
293 1777382660 3560 3704 3677 3656 3592 555 265 586 4061 4061 4061 4061 4061 4061 4061 4061
294 1777382660 3560 3705 3677 3656 3591 557 277 586 4061 4061 4061 4061 4061 4061 4061 4061
295 1777382660 3560 3705 3677 3656 3591 573 273 583 4063 4063 4062 4062 4062 4062 4062 4062
296 1777382660 3560 3705 3677 3656 3592 564 280 585 4063 4063 4062 4062 4062 4062 4062 4062
297 1777382660 3559 3704 3676 3656 3591 535 255 587 4063 4063 4062 4062 4062 4062 4062 4062
298 1777382660 3560 3705 3677 3656 3592 568 259 584 4063 4063 4062 4062 4062 4062 4062 4062
299 1777382660 3559 3705 3676 3655 3591 548 257 587 4061 4061 4061 4061 4061 4061 4061 4061
300 1777382660 3560 3705 3677 3656 3592 576 254 582 4062 4063 4062 4062 4062 4062 4062 4062
301 1777382660 3561 3705 3678 3657 3592 567 264 584 4063 4063 4062 4062 4062 4062 4062 4062
302 1777382660 3560 3705 3677 3656 3591 551 263 586 4063 4063 4062 4062 4062 4062 4062 4062
303 1777382660 3559 3704 3677 3656 3591 542 260 587 4063 4063 4062 4062 4062 4062 4062 4062
304 1777382661 3560 3705 3678 3657 3592 556 275 586 4063 4063 4062 4062 4062 4062 4062 4062
305 1777382661 3561 3706 3679 3657 3593 545 268 587 4063 4063 4062 4062 4062 4062 4062 4062
306 1777382661 3560 3705 3677 3656 3591 526 242 587 4063 4061 4061 4061 4061 4061 4061 4061
307 1777382661 3559 3704 3677 3655 3591 545 256 587 4063 4062 4062 4062 4062 4062 4062 4062
308 1777382661 3559 3704 3676 3655 3590 543 259 587 4063 4063 4062 4062 4062 4062 4062 4062
309 1777382661 3559 3704 3677 3655 3591 563 270 585 4061 4061 4061 4061 4061 4061 4061 4061
310 1777382661 3560 3705 3677 3655 3591 552 253 586 4063 4062 4062 4062 4062 4062 4062 4062
311 1777382661 3559 3703 3676 3655 3591 550 3631 588 4061 4061 4061 4061 4061 4061 4061 4061
312 1777382662 3559 3704 3677 3656 3591 560 261 585 4063 4063 4062 4062 4062 4062 4062 4062
313 1777382662 3560 3705 3678 3657 3592 559 269 585 4063 4062 4062 4062 4062 4062 4062 4062
314 1777382662 3559 3704 3677 3656 3591 554 262 586 4063 4061 4061 4061 4061 4061 4061 4061
315 1777382662 3557 3701 3674 3653 3589 561 254 585 4063 4062 4062 4062 4062 4062 4062 4062
316 1777382662 3560 3704 3676 3655 3591 562 272 586 4063 4063 4063 4063 4063 4063 4063 4063
317 1777382662 3559 3704 3676 3656 3591 543 270 587 4061 4061 4061 4061 4061 4061 4061 4061
318 1777382662 3559 3703 3676 3655 3591 540 249 587 4063 4062 4062 4062 4062 4062 4062 4062
319 1777382662 3559 3705 3677 3656 3591 555 273 586 4063 4063 4062 4062 4062 4062 4062 4062
320 1777382662 3560 3705 3677 3657 3592 535 256 588 4061 4061 4061 4061 4061 4061 4061 4061
321 1777382662 3560 3705 3677 3656 3592 537 261 587 4061 4060 4060 4060 4060 4060 4060 4060
322 1777382662 3560 3705 3677 3656 3591 543 256 587 4063 4063 4062 4062 4062 4062 4062 4062
323 1777382663 3560 3705 3677 3656 3591 541 255 587 4063 4063 4062 4062 4062 4062 4062 4062
324 1777382663 3558 3702 3675 3654 3589 532 242 586 4063 4063 4062 4062 4062 4062 4062 4062
325 1777382663 3558 3702 3675 3654 3589 555 268 584 4063 4063 4062 4062 4062 4062 4062 4062
326 1777382663 3558 3702 3675 3654 3589 530 214 586 4063 4063 4062 4062 4062 4062 4062 4062
327 1777382663 3558 3703 3676 3654 3590 551 256 584 4061 4061 4061 4061 4061 4061 4061 4061
328 1777382663 3558 3702 3674 3654 3589 572 264 581 4063 4063 4062 4062 4062 4062 4062 4062
329 1777382663 3559 3704 3676 3655 3591 563 272 583 4063 4063 4062 4062 4062 4062 4062 4062
330 1777382663 3557 3702 3674 3653 3589 534 248 585 4061 4061 4061 4061 4061 4061 4061 4061
331 1777382664 3558 3703 3675 3654 3590 534 248 586 4063 4061 4061 4061 4061 4061 4061 4061
332 1777382664 3559 3704 3676 3655 3590 564 238 583 4063 4063 4062 4062 4062 4062 4062 4062
333 1777382664 3558 3702 3675 3654 3589 567 275 582 4063 4063 4062 4062 4062 4062 4062 4062
334 1777382664 3557 3702 3674 3654 3589 556 262 584 4061 4061 4061 4061 4061 4061 4061 4061
335 1777382664 3557 3702 3674 3654 3590 551 258 584 4065 4063 4063 4063 4063 4063 4063 4063
336 1777382664 3558 3702 3675 3654 3589 534 251 586 4063 4063 4062 4062 4062 4062 4062 4062
337 1777382664 3558 3703 3675 3654 3590 541 256 585 4063 4061 4061 4061 4061 4061 4061 4061
338 1777382664 3558 3704 3676 3654 3590 546 266 585 4063 4061 4061 4061 4061 4061 4061 4061
339 1777382665 3558 3703 3675 3653 3589 533 257 585 4061 4061 4061 4061 4061 4061 4061 4061
340 1777382665 3558 3703 3675 3654 3590 536 245 585 4063 4063 4062 4062 4062 4062 4062 4062
341 1777382665 3558 3703 3675 3655 3590 563 277 583 4063 4063 4063 4063 4063 4063 4063 4063
342 1777382665 3558 3702 3674 3654 3589 555 266 584 4061 4061 4061 4061 4061 4061 4061 4061
343 1777382665 3558 3703 3675 3655 3589 553 261 585 4061 4061 4061 4061 4061 4061 4061 4061
344 1777382665 3558 3703 3676 3655 3590 542 262 585 4061 4061 4061 4061 4061 4061 4061 4061
345 1777382665 3559 3703 3676 3654 3590 582 263 577 4063 4063 4062 4062 4062 4062 4062 4062
346 1777382665 3558 3703 3676 3654 3590 542 257 585 4063 4062 4062 4062 4062 4062 4062 4062
347 1777382665 3558 3703 3675 3654 3589 557 260 584 4061 4061 4061 4061 4061 4061 4061 4061
348 1777382665 3558 3702 3675 3654 3589 559 277 583 4063 4063 4062 4062 4062 4062 4062 4062
349 1777382666 3558 3703 3675 3654 3590 539 248 586 4063 4063 4062 4062 4062 4062 4062 4062
350 1777382666 3558 3703 3675 3654 3589 550 270 585 4061 4061 4061 4061 4061 4061 4061 4061
351 1777382666 3558 3703 3675 3654 3590 550 257 585 4063 4063 4062 4062 4062 4062 4062 4062
352 1777382666 3557 3702 3675 3654 3589 539 261 586 4063 4063 4062 4062 4062 4062 4062 4062
353 1777382666 3558 3703 3675 3654 3590 553 274 584 4061 4061 4061 4061 4061 4061 4061 4061
354 1777382666 3559 3703 3676 3655 3590 558 248 584 4063 4063 4063 4063 4063 4063 4063 4063
355 1777382666 3557 3703 3675 3654 3590 545 264 585 4061 4061 4061 4061 4061 4061 4061 4061
356 1777382666 3558 3703 3675 3654 3590 552 272 585 4061 4061 4061 4061 4061 4061 4061 4061
357 1777382666 3558 3703 3675 3653 3589 561 264 584 4061 4061 4061 4061 4061 4061 4061 4061
358 1777382666 3558 3703 3675 3654 3590 557 271 584 4063 4063 4062 4062 4062 4062 4062 4062
359 1777382667 3558 3703 3675 3655 3590 559 279 584 4063 4062 4062 4062 4062 4062 4062 4062
360 1777382667 3559 3703 3676 3654 3590 529 246 586 4063 4063 4062 4062 4062 4062 4062 4062
361 1777382667 3558 3703 3675 3654 3590 555 248 584 4063 4063 4062 4062 4062 4062 4062 4062
362 1777382667 3559 3703 3676 3655 3590 544 264 585 4061 4061 4061 4061 4061 4061 4061 4061
363 1777382667 3557 3702 3674 3653 3589 543 245 585 4065 4063 4063 4063 4063 4063 4063 4063
364 1777382667 3557 3702 3674 3653 3589 544 239 585 4063 4063 4062 4062 4062 4062 4062 4062
365 1777382667 3558 3703 3675 3655 3590 522 243 586 4063 4063 4062 4062 4062 4062 4062 4062
366 1777382667 3557 3702 3674 3653 3589 534 255 586 4063 4063 4063 4063 4063 4063 4063 4063
367 1777382667 3559 3703 3675 3654 3590 522 257 587 4061 4061 4061 4061 4061 4061 4061 4061
368 1777382667 3559 3703 3676 3655 3591 542 249 586 4063 4063 4062 4062 4062 4062 4062 4062
369 1777382667 3558 3703 3675 3655 3590 544 257 586 4063 4063 4062 4062 4062 4062 4062 4062
370 1777382668 3559 3704 3676 3655 3590 560 255 584 4063 4063 4062 4062 4062 4062 4062 4062
371 1777382668 3558 3703 3675 3654 3590 530 240 586 4063 4063 4062 4062 4062 4062 4062 4062
372 1777382668 3559 3703 3675 3655 3590 552 259 585 4061 4061 4061 4061 4061 4061 4061 4061
373 1777382668 3559 3703 3675 3655 3590 551 269 585 4063 4063 4062 4062 4062 4062 4062 4062
374 1777382668 3558 3703 3676 3655 3590 562 279 584 4063 4063 4062 4062 4062 4062 4062 4062
375 1777382668 3558 3702 3675 3654 3589 562 265 583 4062 4063 4062 4062 4062 4062 4062 4062
376 1777382668 3558 3702 3675 3654 3589 562 272 584 4063 4063 4062 4062 4062 4062 4062 4062
377 1777382668 3558 3703 3675 3654 3589 573 3629 583 4063 4063 4062 4062 4062 4062 4062 4062
378 1777382668 3558 3704 3676 3655 3591 537 248 586 4063 4063 4062 4062 4062 4062 4062 4062
379 1777382668 3558 3703 3676 3654 3589 562 268 583 4063 4063 4062 4062 4062 4062 4062 4062
380 1777382668 3559 3704 3676 3655 3590 543 263 585 4063 4063 4062 4062 4062 4062 4062 4062
381 1777382668 3559 3704 3676 3655 3591 542 263 586 4063 4063 4062 4062 4062 4062 4062 4062
382 1777382669 3559 3703 3676 3654 3590 561 251 584 4063 4061 4061 4061 4061 4061 4061 4061
383 1777382669 3559 3703 3676 3655 3590 517 231 587 4061 4061 4061 4061 4061 4061 4061 4061
384 1777382669 3558 3703 3676 3654 3590 544 251 586 4063 4063 4062 4062 4062 4062 4062 4062
385 1777382669 3558 3703 3675 3654 3590 537 266 586 4063 4063 4062 4062 4062 4062 4062 4062
386 1777382669 3559 3704 3676 3655 3591 581 263 578 4061 4061 4061 4061 4061 4061 4061 4061
387 1777382669 3558 3704 3676 3655 3591 555 272 585 4063 4063 4062 4062 4062 4062 4062 4062
388 1777382669 3558 3703 3676 3655 3590 556 270 585 4063 4063 4062 4062 4062 4062 4062 4062
389 1777382669 3558 3703 3676 3655 3590 550 257 586 4061 4061 4061 4061 4061 4061 4061 4061
390 1777382669 3559 3704 3675 3654 3590 552 253 585 4061 4061 4061 4061 4061 4061 4061 4061
391 1777382669 3558 3703 3675 3654 3590 557 259 584 4061 4061 4061 4061 4061 4061 4061 4061
392 1777382669 3558 3703 3675 3655 3590 541 259 586 4061 4061 4061 4061 4061 4061 4061 4061
393 1777382669 3559 3703 3676 3655 3590 557 276 584 4063 4063 4063 4063 4063 4063 4063 4063
394 1777382669 3560 3704 3677 3656 3591 560 259 584 4063 4063 4062 4062 4062 4062 4062 4062
395 1777382669 3558 3703 3675 3655 3590 539 239 586 4061 4061 4061 4061 4061 4061 4061 4061
396 1777382669 3558 3703 3675 3654 3590 554 249 585 4063 4063 4062 4062 4062 4062 4062 4062
397 1777382670 3559 3703 3675 3654 3589 535 250 586 4063 4063 4062 4062 4062 4062 4062 4062
398 1777382670 3559 3704 3676 3655 3591 566 267 583 4063 4063 4062 4062 4062 4062 4062 4062
399 1777382670 3559 3704 3676 3655 3590 552 276 585 4063 4062 4062 4062 4062 4062 4062 4062
400 1777382670 3558 3703 3675 3655 3590 544 247 585 4061 4061 4061 4061 4061 4061 4061 4061
401 1777382670 3560 3704 3677 3656 3591 542 258 586 4063 4063 4062 4062 4062 4062 4062 4062
402 1777382670 3558 3702 3675 3654 3589 571 255 582 4061 4061 4061 4061 4061 4061 4061 4061
403 1777382671 3558 3703 3675 3655 3590 545 243 585 4063 4063 4063 4063 4063 4063 4063 4063
404 1777382671 3558 3702 3675 3654 3590 545 256 585 4061 4061 4061 4061 4061 4061 4061 4061
405 1777382671 3559 3704 3676 3655 3591 551 266 585 4063 4063 4062 4062 4062 4062 4062 4062
406 1777382671 3558 3703 3675 3654 3590 551 254 585 4063 4062 4062 4062 4062 4062 4062 4062
407 1777382671 3558 3703 3675 3655 3590 539 250 586 4063 4063 4062 4062 4062 4062 4062 4062
408 1777382671 3558 3703 3675 3654 3590 537 257 586 4061 4061 4061 4061 4061 4061 4061 4061
409 1777382671 3559 3704 3677 3656 3591 561 266 585 4063 4063 4063 4063 4063 4063 4063 4063
410 1777382671 3560 3705 3677 3657 3592 564 264 584 4063 4063 4062 4062 4062 4062 4062 4062
411 1777382671 3559 3704 3676 3655 3590 551 256 585 4061 4061 4061 4061 4061 4061 4061 4061
412 1777382671 3558 3703 3675 3654 3590 560 247 584 4063 4063 4063 4063 4063 4063 4063 4063
413 1777382671 3559 3704 3676 3655 3591 564 260 583 4063 4063 4063 4063 4063 4063 4063 4063
414 1777382672 3558 3703 3675 3654 3590 572 277 582 4063 4063 4062 4062 4062 4062 4062 4062
415 1777382672 3559 3704 3676 3655 3591 542 263 586 4063 4063 4062 4062 4062 4062 4062 4062
416 1777382672 3559 3705 3677 3656 3592 557 258 584 4061 4061 4061 4061 4061 4061 4061 4061
417 1777382672 3557 3701 3674 3653 3589 551 3629 587 4063 4063 4062 4062 4062 4062 4062 4062
418 1777382672 3558 3703 3676 3655 3590 542 255 586 4061 4061 4061 4061 4061 4061 4061 4061
419 1777382672 3559 3703 3675 3655 3590 542 263 586 4063 4063 4062 4062 4062 4062 4062 4062
420 1777382672 3559 3703 3676 3654 3590 552 268 585 4061 4061 4061 4061 4061 4061 4061 4061
421 1777382672 3558 3703 3676 3655 3590 558 254 584 4063 4063 4063 4063 4063 4063 4063 4063
422 1777382673 3558 3703 3676 3655 3591 567 270 582 4063 4063 4062 4062 4062 4062 4062 4062
423 1777382673 3559 3704 3677 3655 3590 548 268 586 4061 4061 4061 4061 4061 4061 4061 4061
424 1777382673 3559 3704 3676 3655 3591 548 252 585 4061 4061 4061 4061 4061 4061 4061 4061
425 1777382673 3558 3703 3675 3655 3590 545 263 586 4063 4063 4062 4062 4062 4062 4062 4062
426 1777382673 3559 3704 3676 3655 3591 538 262 586 4061 4061 4061 4061 4061 4061 4061 4061
427 1777382673 3559 3703 3676 3655 3591 539 248 586 4063 4063 4063 4063 4063 4063 4063 4063
428 1777382673 3559 3703 3676 3655 3590 556 265 585 4063 4063 4062 4062 4062 4062 4062 4062
429 1777382673 3559 3704 3676 3655 3591 543 3631 587 4063 4063 4062 4062 4062 4062 4062 4062
430 1777382673 3559 3704 3677 3655 3591 558 270 585 4063 4063 4063 4063 4063 4063 4063 4063
431 1777382674 3559 3704 3677 3655 3591 564 279 584 4063 4063 4062 4062 4062 4062 4062 4062
432 1777382674 3559 3704 3676 3655 3590 543 276 586 4063 4063 4062 4062 4062 4062 4062 4062
433 1777382675 3560 3704 3677 3655 3591 551 255 585 4063 4063 4062 4062 4062 4062 4062 4062
434 1777382675 3559 3704 3676 3655 3591 554 272 585 4063 4063 4063 4063 4063 4063 4063 4063
435 1777382675 3558 3703 3676 3655 3589 514 3630 589 4063 4063 4062 4062 4062 4062 4062 4062
436 1777382675 3560 3704 3676 3656 3591 533 247 587 4061 4061 4061 4061 4061 4061 4061 4061
437 1777382675 3559 3703 3675 3655 3590 529 250 587 4061 4061 4061 4061 4061 4061 4061 4061
438 1777382675 3559 3704 3676 3655 3591 556 268 585 4063 4063 4062 4062 4062 4062 4062 4062
439 1777382675 3559 3704 3676 3655 3590 557 261 585 4063 4063 4062 4062 4062 4062 4062 4062
440 1777382676 3559 3703 3675 3655 3590 538 265 586 4063 4063 4062 4062 4062 4062 4062 4062
441 1777382676 3559 3703 3676 3655 3591 569 264 583 4061 4061 4061 4061 4061 4061 4061 4061
442 1777382676 3560 3705 3677 3656 3591 546 258 586 4063 4063 4062 4062 4062 4062 4062 4062
443 1777382676 3559 3703 3676 3655 3590 537 246 587 4063 4063 4062 4062 4062 4062 4062 4062
444 1777382676 3559 3704 3676 3655 3590 532 242 587 4061 4061 4061 4061 4061 4061 4061 4061
445 1777382676 3558 3703 3676 3655 3591 553 258 585 4063 4063 4062 4062 4062 4062 4062 4062
446 1777382676 3559 3704 3676 3655 3590 532 248 587 4063 4063 4062 4062 4062 4062 4062 4062
447 1777382676 3560 3704 3676 3655 3591 543 260 586 4063 4062 4062 4062 4062 4062 4062 4062
448 1777382676 3559 3704 3676 3655 3590 560 271 584 4063 4062 4062 4062 4062 4062 4062 4062
449 1777382676 3561 3705 3677 3656 3591 533 260 587 4063 4063 4062 4062 4062 4062 4062 4062
450 1777382677 3559 3704 3677 3656 3591 544 266 586 4061 4061 4061 4061 4061 4061 4061 4061
451 1777382677 3559 3705 3677 3655 3591 565 272 584 4061 4061 4061 4061 4061 4061 4061 4061
452 1777382677 3559 3704 3676 3656 3591 544 273 586 4061 4061 4061 4061 4061 4061 4061 4061
453 1777382677 3560 3704 3676 3656 3591 568 274 583 4063 4063 4062 4062 4062 4062 4062 4062
454 1777382677 3560 3705 3677 3656 3592 550 252 585 4061 4061 4061 4061 4061 4061 4061 4061
455 1777382677 3559 3704 3677 3655 3590 557 253 585 4063 4063 4062 4062 4062 4062 4062 4062
456 1777382677 3559 3704 3676 3655 3590 572 246 582 4061 4061 4061 4061 4061 4061 4061 4061
457 1777382677 3559 3704 3676 3656 3591 549 274 586 4063 4063 4062 4062 4062 4062 4062 4062
458 1777382677 3560 3704 3677 3656 3592 508 239 588 4063 4063 4062 4062 4062 4062 4062 4062
459 1777382677 3559 3705 3677 3656 3592 541 256 586 4061 4061 4061 4061 4061 4061 4061 4061
460 1777382677 3560 3704 3677 3656 3591 560 264 585 4061 4061 4061 4061 4061 4061 4061 4061
461 1777382677 3559 3703 3676 3655 3591 554 258 585 4063 4063 4062 4062 4062 4062 4062 4062
462 1777382677 3561 3705 3677 3656 3592 553 261 586 4063 4063 4062 4062 4062 4062 4062 4062
463 1777382677 3559 3703 3676 3655 3590 576 3630 582 4063 4063 4062 4062 4062 4062 4062 4062
464 1777382678 3560 3704 3676 3656 3591 548 266 585 4063 4063 4062 4062 4062 4062 4062 4062
465 1777382678 3559 3704 3676 3654 3590 579 3631 582 4061 4061 4061 4061 4061 4061 4061 4061
466 1777382678 3559 3704 3676 3655 3591 555 264 586 4063 4063 4062 4062 4062 4062 4062 4062
467 1777382678 3559 3704 3676 3655 3591 537 243 586 4063 4063 4062 4062 4062 4062 4062 4062
468 1777382678 3559 3704 3677 3656 3591 516 226 588 4061 4061 4061 4061 4061 4061 4061 4061
469 1777382678 3558 3704 3676 3656 3591 536 267 586 4063 4063 4062 4062 4062 4062 4062 4062
470 1777382678 3559 3703 3676 3655 3590 533 241 587 4063 4063 4062 4062 4062 4062 4062 4062
471 1777382679 3561 3705 3678 3656 3592 557 269 586 4063 4062 4062 4062 4062 4062 4062 4062
472 1777382679 3559 3704 3676 3655 3591 552 259 586 4063 4063 4062 4062 4062 4062 4062 4062
473 1777382679 3560 3705 3677 3657 3592 553 267 586 4061 4061 4061 4061 4061 4061 4061 4061
474 1777382679 3560 3704 3677 3656 3591 549 278 586 4061 4061 4061 4061 4061 4061 4061 4061
475 1777382679 3559 3705 3677 3657 3591 541 254 586 4061 4061 4061 4061 4061 4061 4061 4061
476 1777382687 3559 3703 3675 3655 3589 544 254 586 4063 4063 4062 4062 4062 4062 4062 4062
477 1777382687 3559 3704 3676 3655 3591 534 244 587 4063 4063 4063 4063 4063 4063 4063 4063
478 1777382687 3559 3703 3675 3655 3591 539 248 587 4063 4063 4062 4062 4062 4062 4062 4062
479 1777382688 3558 3702 3675 3654 3590 553 265 586 4063 4063 4062 4062 4062 4062 4062 4062
480 1777382688 3559 3704 3676 3656 3591 513 232 588 4061 4061 4061 4061 4061 4061 4061 4061
481 1777382688 3558 3703 3675 3654 3590 515 236 588 4063 4063 4062 4062 4062 4062 4062 4062
482 1777382688 3559 3703 3676 3655 3590 559 256 585 4061 4061 4061 4061 4061 4061 4061 4061
483 1777382688 3558 3703 3676 3655 3590 544 262 586 4061 4061 4061 4061 4061 4061 4061 4061
484 1777382688 3560 3705 3677 3656 3591 532 242 587 4061 4061 4061 4061 4061 4061 4061 4061
485 1777382688 3560 3705 3677 3656 3591 531 232 587 4061 4061 4061 4061 4061 4061 4061 4061
486 1777382688 3559 3704 3676 3655 3590 555 266 586 4063 4063 4062 4062 4062 4062 4062 4062
487 1777382688 3560 3704 3677 3656 3591 548 262 586 4063 4063 4062 4062 4062 4062 4062 4062
488 1777382688 3560 3704 3676 3655 3591 527 248 587 4063 4063 4062 4062 4062 4062 4062 4062
489 1777382689 3559 3704 3676 3655 3591 543 265 586 4063 4063 4062 4062 4062 4062 4062 4062
490 1777382689 3559 3704 3676 3655 3591 534 244 587 4061 4061 4061 4061 4061 4061 4061 4061
491 1777382689 3560 3705 3677 3656 3592 562 258 584 4063 4061 4061 4061 4061 4061 4061 4061
492 1777382689 3559 3704 3676 3655 3591 544 259 586 4063 4063 4062 4062 4062 4062 4062 4062
493 1777382689 3559 3704 3676 3656 3591 551 259 586 4063 4063 4062 4062 4062 4062 4062 4062
494 1777382689 3559 3704 3676 3655 3591 553 262 586 4061 4061 4061 4061 4061 4061 4061 4061
495 1777382689 3559 3703 3676 3655 3591 555 259 586 4061 4061 4061 4061 4061 4061 4061 4061
496 1777382689 3560 3704 3677 3655 3591 555 267 585 4063 4063 4062 4062 4062 4062 4062 4062
497 1777382690 3559 3704 3676 3655 3590 560 261 585 4061 4061 4061 4061 4061 4061 4061 4061
498 1777382690 3559 3704 3676 3655 3591 545 263 586 4063 4063 4063 4063 4063 4063 4063 4063
499 1777382690 3560 3705 3677 3656 3592 553 270 586 4063 4063 4062 4062 4062 4062 4062 4062
500 1777382690 3560 3704 3677 3656 3591 542 272 586 4063 4063 4062 4062 4062 4062 4062 4062
501 1777382690 3559 3704 3676 3656 3591 543 264 586 4063 4063 4062 4062 4062 4062 4062 4062
502 1777382690 3560 3705 3677 3656 3591 550 260 586 4061 4061 4061 4061 4061 4061 4061 4061
503 1777382690 3559 3704 3676 3655 3590 562 261 585 4063 4063 4062 4062 4062 4062 4062 4062
504 1777382690 3560 3705 3677 3656 3591 552 262 586 4065 4063 4063 4063 4063 4063 4063 4063
505 1777382690 3559 3704 3676 3655 3591 558 270 585 4061 4061 4061 4061 4061 4061 4061 4061
506 1777382690 3559 3704 3676 3655 3591 546 272 586 4061 4061 4061 4061 4061 4061 4061 4061
507 1777382691 3560 3705 3678 3657 3592 557 272 585 4063 4062 4062 4062 4062 4062 4062 4062
508 1777382691 3559 3704 3677 3655 3591 530 249 587 4061 4061 4061 4061 4061 4061 4061 4061
509 1777382691 3559 3704 3677 3655 3591 564 260 585 4061 4061 4061 4061 4061 4061 4061 4061
510 1777382691 3560 3704 3676 3655 3591 520 233 588 4063 4063 4062 4062 4062 4062 4062 4062
511 1777382691 3559 3704 3676 3656 3590 478 200 589 4061 4061 4061 4061 4061 4061 4061 4061
512 1777382691 3559 3704 3676 3655 3590 563 269 585 4061 4061 4061 4061 4061 4061 4061 4061
513 1777382691 3560 3704 3677 3656 3592 538 258 586 4063 4063 4062 4062 4062 4062 4062 4062
514 1777382691 3559 3703 3676 3655 3591 545 269 586 4063 4062 4062 4062 4062 4062 4062 4062
515 1777382692 3559 3703 3676 3655 3590 552 262 586 4061 4061 4061 4061 4061 4061 4061 4061
516 1777382692 3559 3704 3677 3655 3591 555 280 586 4063 4063 4062 4062 4062 4062 4062 4062
517 1777382693 3560 3705 3677 3656 3591 543 265 586 4063 4063 4062 4062 4062 4062 4062 4062
518 1777382693 3559 3704 3677 3656 3591 537 246 587 4061 4061 4061 4061 4061 4061 4061 4061
519 1777382693 3559 3704 3676 3655 3590 562 269 585 4063 4063 4062 4062 4062 4062 4062 4062
520 1777382693 3560 3705 3677 3657 3592 542 256 586 4063 4063 4062 4062 4062 4062 4062 4062
521 1777382693 3560 3705 3677 3656 3592 525 255 587 4063 4063 4062 4062 4062 4062 4062 4062
522 1777382693 3560 3704 3677 3655 3591 549 265 586 4063 4062 4062 4062 4062 4062 4062 4062
523 1777382693 3559 3704 3677 3655 3591 533 257 587 4061 4061 4061 4061 4061 4061 4061 4061
524 1777382693 3561 3706 3678 3657 3592 540 237 587 4063 4063 4062 4062 4062 4062 4062 4062
525 1777382693 3560 3705 3677 3656 3591 558 272 586 4061 4061 4061 4061 4061 4061 4061 4061
526 1777382693 3560 3705 3677 3655 3591 559 261 585 4063 4063 4062 4062 4062 4062 4062 4062
527 1777382693 3559 3703 3675 3655 3591 510 3631 589 4061 4061 4061 4061 4061 4061 4061 4061
528 1777382694 3560 3705 3677 3656 3591 543 264 587 4063 4063 4062 4062 4062 4062 4062 4062
529 1777382694 3559 3704 3676 3655 3591 577 269 581 4061 4061 4061 4061 4061 4061 4061 4061
530 1777382694 3560 3705 3677 3656 3591 530 247 588 4061 4061 4061 4061 4061 4061 4061 4061
531 1777382694 3560 3704 3677 3656 3591 528 237 588 4061 4061 4061 4061 4061 4061 4061 4061
532 1777382694 3560 3704 3677 3656 3591 544 251 587 4063 4063 4062 4062 4062 4062 4062 4062
533 1777382694 3560 3705 3677 3656 3591 538 255 587 4063 4063 4062 4062 4062 4062 4062 4062
534 1777382694 3560 3705 3677 3656 3591 551 264 586 4063 4063 4062 4062 4062 4062 4062 4062
535 1777382694 3560 3705 3677 3656 3592 544 270 587 4063 4063 4062 4062 4062 4062 4062 4062
536 1777382694 3561 3705 3678 3656 3592 555 250 586 4061 4061 4061 4061 4061 4061 4061 4061
537 1777382695 3562 3707 3679 3658 3593 564 272 585 4063 4063 4062 4062 4062 4062 4062 4062
538 1777382695 3559 3704 3676 3656 3591 543 252 586 4063 4063 4062 4062 4062 4062 4062 4062
539 1777382695 3560 3705 3677 3656 3591 552 271 586 4063 4063 4062 4062 4062 4062 4062 4062
540 1777382695 3560 3704 3677 3656 3591 543 254 587 4063 4063 4062 4062 4062 4062 4062 4062
541 1777382695 3559 3704 3676 3655 3591 564 267 585 4063 4063 4062 4062 4062 4062 4062 4062
542 1777382695 3559 3704 3677 3655 3591 560 273 585 4063 4063 4063 4063 4063 4063 4063 4063
543 1777382695 3560 3705 3677 3656 3592 538 241 587 4063 4063 4063 4063 4063 4063 4063 4063
544 1777382695 3560 3705 3677 3656 3591 559 270 586 4061 4061 4061 4061 4061 4061 4061 4061
545 1777382695 3559 3704 3676 3655 3590 539 257 587 4057 4057 4057 4057 4057 4057 4057 4057
546 1777382695 3560 3705 3677 3656 3592 571 268 584 4063 4063 4062 4062 4062 4062 4062 4062
547 1777382695 3560 3705 3677 3656 3591 547 240 587 4063 4063 4063 4063 4063 4063 4063 4063
548 1777382696 3560 3706 3677 3656 3591 560 267 585 4063 4063 4062 4062 4062 4062 4062 4062
549 1777382696 3559 3704 3677 3656 3592 539 256 587 4063 4063 4062 4062 4062 4062 4062 4062
550 1777382696 3560 3705 3677 3656 3592 558 271 585 4061 4061 4061 4061 4061 4061 4061 4061
551 1777382696 3560 3704 3677 3656 3592 527 234 588 4063 4063 4063 4063 4063 4063 4063 4063
552 1777382696 3559 3704 3676 3655 3591 557 266 586 4061 4061 4061 4061 4061 4061 4061 4061
553 1777382696 3560 3705 3677 3656 3591 551 242 587 4061 4061 4061 4061 4061 4061 4061 4061
554 1777382697 3560 3705 3677 3657 3592 541 249 587 4063 4063 4062 4062 4062 4062 4062 4062
555 1777382697 3560 3705 3677 3656 3592 536 251 587 4061 4061 4061 4061 4061 4061 4061 4061
556 1777382697 3560 3705 3677 3656 3591 554 278 586 4061 4061 4061 4061 4061 4061 4061 4061
557 1777382697 3561 3705 3677 3656 3591 555 265 586 4061 4061 4061 4061 4061 4061 4061 4061
558 1777382697 3561 3706 3678 3657 3593 547 263 587 4061 4061 4061 4061 4061 4061 4061 4061
559 1777382697 3559 3704 3676 3656 3591 566 264 585 4063 4063 4062 4062 4062 4062 4062 4062
560 1777382697 3560 3705 3677 3656 3591 538 253 587 4061 4061 4061 4061 4061 4061 4061 4061
561 1777382697 3561 3706 3678 3657 3593 554 261 586 4063 4061 4061 4061 4061 4061 4061 4061
562 1777382697 3560 3705 3677 3657 3592 546 266 586 4063 4063 4062 4062 4062 4062 4062 4062
563 1777382697 3561 3705 3678 3657 3593 528 249 588 4061 4061 4060 4060 4060 4060 4060 4060
564 1777382698 3560 3705 3677 3656 3592 559 275 586 4063 4063 4062 4062 4062 4062 4062 4062
565 1777382698 3560 3705 3677 3656 3591 514 265 588 4063 4063 4062 4062 4062 4062 4062 4062
566 1777382698 3560 3705 3677 3656 3592 542 256 587 4061 4061 4061 4061 4061 4061 4061 4061
567 1777382698 3560 3704 3677 3656 3592 574 273 583 4063 4063 4062 4062 4062 4062 4062 4062
568 1777382698 3561 3706 3679 3658 3593 540 259 587 4063 4063 4062 4062 4062 4062 4062 4062
569 1777382698 3559 3705 3677 3656 3591 542 270 587 4061 4061 4061 4061 4061 4061 4061 4061
570 1777382698 3561 3705 3678 3657 3593 543 265 587 4063 4063 4063 4063 4063 4063 4063 4063
571 1777382698 3561 3706 3678 3657 3592 572 287 583 4063 4063 4062 4062 4062 4062 4062 4062
572 1777382698 3561 3706 3678 3657 3592 555 277 586 4063 4063 4062 4062 4062 4062 4062 4062
573 1777382698 3560 3705 3678 3657 3592 558 267 586 4063 4063 4062 4062 4062 4062 4062 4062
574 1777382698 3560 3705 3677 3655 3591 567 280 584 4063 4063 4063 4063 4063 4063 4063 4063
575 1777382699 3560 3705 3677 3656 3592 571 271 584 4063 4061 4061 4061 4061 4061 4061 4061
576 1777382699 3561 3705 3679 3657 3592 565 262 585 4063 4063 4062 4062 4062 4062 4062 4062
577 1777382699 3560 3705 3677 3656 3592 539 259 587 4061 4061 4061 4061 4061 4061 4061 4061
578 1777382699 3561 3706 3679 3658 3593 545 260 587 4061 4061 4061 4061 4061 4061 4061 4061
579 1777382699 3559 3704 3676 3655 3591 490 205 587 4063 4063 4062 4062 4062 4062 4062 4062
580 1777382700 3559 3703 3676 3655 3590 559 271 584 4063 4061 4061 4061 4061 4061 4061 4061
581 1777382700 3558 3703 3675 3655 3590 548 248 585 4061 4061 4061 4061 4061 4061 4061 4061
582 1777382700 3559 3703 3676 3655 3590 557 265 584 4063 4063 4062 4062 4062 4062 4062 4062
583 1777382700 3559 3704 3676 3656 3591 552 252 585 4063 4063 4062 4062 4062 4062 4062 4062
584 1777382700 3559 3704 3677 3655 3591 535 255 586 4061 4061 4061 4061 4061 4061 4061 4061
585 1777382700 3558 3703 3675 3654 3590 549 272 585 4061 4061 4061 4061 4061 4061 4061 4061
586 1777382700 3559 3704 3676 3655 3591 557 259 584 4063 4063 4062 4062 4062 4062 4062 4062
587 1777382700 3558 3703 3676 3655 3590 552 260 584 4063 4063 4062 4062 4062 4062 4062 4062
588 1777382700 3559 3703 3675 3655 3589 540 262 586 4063 4063 4063 4063 4063 4063 4063 4063
589 1777382701 3558 3703 3675 3654 3590 533 241 586 4063 4062 4062 4062 4062 4062 4062 4062
590 1777382701 3559 3704 3677 3655 3591 531 237 586 4061 4061 4061 4061 4061 4061 4061 4061
591 1777382701 3558 3703 3675 3654 3590 560 260 583 4063 4063 4062 4062 4062 4062 4062 4062
592 1777382701 3559 3703 3676 3654 3590 556 274 584 4061 4061 4061 4061 4061 4061 4061 4061
593 1777382701 3557 3702 3674 3654 3589 552 258 584 4063 4063 4062 4062 4062 4062 4062 4062
594 1777382701 3559 3703 3676 3655 3591 549 271 585 4063 4061 4061 4061 4061 4061 4061 4061
595 1777382701 3559 3704 3676 3655 3590 553 274 584 4063 4063 4062 4062 4062 4062 4062 4062
596 1777382701 3558 3703 3676 3655 3590 540 245 586 4061 4061 4061 4061 4061 4061 4061 4061
597 1777382701 3559 3704 3676 3656 3591 546 254 585 4061 4061 4061 4061 4061 4061 4061 4061
598 1777382701 3559 3704 3676 3655 3590 547 243 585 4063 4063 4062 4062 4062 4062 4062 4062
599 1777382702 3559 3704 3676 3655 3590 550 257 585 4061 4061 4061 4061 4061 4061 4061 4061
600 1777382702 3559 3704 3676 3655 3590 547 259 585 4061 4061 4061 4061 4061 4061 4061 4061
601 1777382702 3558 3703 3675 3654 3590 556 277 584 4063 4063 4062 4062 4062 4062 4062 4062
602 1777382702 3558 3703 3675 3655 3590 469 209 588 4063 4063 4062 4062 4062 4062 4062 4062
603 1777382702 3558 3704 3676 3655 3590 532 246 586 4063 4063 4062 4062 4062 4062 4062 4062
604 1777382702 3559 3703 3675 3654 3590 547 251 585 4061 4061 4061 4061 4061 4061 4061 4061
605 1777382702 3558 3703 3676 3655 3590 528 237 586 4063 4063 4062 4062 4062 4062 4062 4062
606 1777382702 3558 3703 3675 3654 3590 532 250 586 4061 4061 4061 4061 4061 4061 4061 4061
607 1777382702 3559 3704 3677 3656 3591 559 272 584 4063 4063 4062 4062 4062 4062 4062 4062
608 1777382702 3558 3703 3675 3654 3590 556 259 584 4061 4061 4061 4061 4061 4061 4061 4061
609 1777382703 3560 3705 3677 3656 3591 558 267 584 4063 4063 4062 4062 4062 4062 4062 4062
610 1777382703 3559 3703 3675 3655 3590 558 253 584 4063 4063 4062 4062 4062 4062 4062 4062
611 1777382703 3559 3703 3675 3655 3590 546 253 584 4062 4063 4062 4062 4062 4062 4062 4062
612 1777382703 3559 3703 3675 3655 3590 555 277 585 4061 4061 4061 4061 4061 4061 4061 4061
613 1777382703 3559 3703 3676 3655 3590 554 263 585 4061 4061 4061 4061 4061 4061 4061 4061
614 1777382703 3559 3703 3676 3654 3590 561 254 584 4063 4063 4062 4062 4062 4062 4062 4062
615 1777382703 3559 3704 3676 3655 3591 543 257 586 4063 4063 4062 4062 4062 4062 4062 4062
616 1777382704 3559 3704 3676 3656 3591 572 278 581 4063 4063 4062 4062 4062 4062 4062 4062
617 1777382704 3559 3704 3675 3655 3590 543 252 585 4061 4061 4061 4061 4061 4061 4061 4061
618 1777382704 3558 3702 3675 3654 3589 555 262 585 4058 4059 4058 4058 4058 4058 4058 4058
619 1777382704 3559 3704 3676 3655 3590 537 255 585 4063 4063 4062 4062 4062 4062 4062 4062
620 1777382704 3558 3703 3675 3655 3590 553 259 585 4061 4061 4061 4061 4061 4061 4061 4061
621 1777382704 3560 3704 3677 3655 3591 524 244 587 4061 4061 4061 4061 4061 4061 4061 4061
622 1777382704 3559 3704 3676 3655 3591 548 264 585 4063 4063 4062 4062 4062 4062 4062 4062
623 1777382704 3559 3704 3676 3655 3591 544 254 585 4061 4061 4061 4061 4061 4061 4061 4061
624 1777382704 3559 3703 3676 3655 3591 554 259 585 4061 4061 4061 4061 4061 4061 4061 4061
625 1777382704 3559 3704 3677 3655 3590 550 256 585 4063 4063 4062 4062 4062 4062 4062 4062
626 1777382704 3558 3703 3676 3654 3590 557 247 584 4063 4062 4062 4062 4062 4062 4062 4062
627 1777382704 3559 3703 3676 3655 3590 561 266 584 4061 4061 4061 4061 4061 4061 4061 4061
628 1777382705 3559 3704 3676 3655 3590 565 272 583 4061 4061 4061 4061 4061 4061 4061 4061
629 1777382705 3560 3705 3678 3656 3592 530 250 586 4061 4061 4061 4061 4061 4061 4061 4061
630 1777382705 3559 3704 3677 3656 3591 547 248 585 4063 4063 4062 4062 4062 4062 4062 4062
631 1777382705 3559 3704 3676 3656 3591 536 248 586 4063 4063 4062 4062 4062 4062 4062 4062
632 1777382705 3559 3704 3676 3655 3590 558 262 584 4063 4063 4062 4062 4062 4062 4062 4062
633 1777382705 3559 3704 3677 3656 3591 549 3631 586 4061 4061 4061 4061 4061 4061 4061 4061
634 1777382705 3560 3705 3677 3656 3591 566 273 583 4063 4063 4062 4062 4062 4062 4062 4062
635 1777382705 3559 3703 3676 3655 3591 575 269 580 4061 4061 4061 4061 4061 4061 4061 4061
636 1777382706 3559 3703 3676 3655 3591 561 254 584 4063 4063 4062 4062 4062 4062 4062 4062
637 1777382706 3559 3704 3676 3656 3591 494 213 588 4061 4061 4061 4061 4061 4061 4061 4061
638 1777382706 3560 3705 3677 3656 3591 531 248 586 4063 4063 4062 4062 4062 4062 4062 4062
639 1777382706 3560 3705 3678 3656 3591 542 258 585 4063 4063 4062 4062 4062 4062 4062 4062
640 1777382706 3559 3703 3676 3655 3590 555 263 585 4063 4061 4061 4061 4061 4061 4061 4061
641 1777382706 3560 3704 3676 3655 3591 548 256 585 4061 4061 4061 4061 4061 4061 4061 4061
642 1777382706 3559 3704 3676 3655 3590 533 247 586 4063 4063 4062 4062 4062 4062 4062 4062
643 1777382706 3560 3705 3677 3656 3591 498 217 588 4063 4063 4062 4062 4062 4062 4062 4062
644 1777382706 3560 3705 3677 3656 3591 549 3631 587 4063 4063 4062 4062 4062 4062 4062 4062
645 1777382706 3559 3705 3677 3656 3591 527 254 587 4063 4063 4062 4062 4062 4062 4062 4062
646 1777382707 3559 3704 3675 3655 3590 559 260 584 4061 4061 4061 4061 4061 4061 4061 4061
647 1777382707 3560 3705 3677 3656 3592 563 269 584 4061 4061 4061 4061 4061 4061 4061 4061
648 1777382707 3559 3705 3677 3656 3591 545 267 585 4063 4062 4062 4062 4062 4062 4062 4062
649 1777382707 3559 3703 3676 3655 3591 541 258 585 4063 4063 4063 4063 4063 4063 4063 4063
650 1777382707 3560 3705 3677 3656 3592 540 254 586 4063 4063 4063 4063 4063 4063 4063 4063
651 1777382707 3560 3705 3678 3657 3592 555 256 585 4063 4063 4062 4062 4062 4062 4062 4062
652 1777382707 3559 3704 3676 3655 3591 565 274 584 4061 4061 4061 4061 4061 4061 4061 4061
653 1777382708 3560 3705 3677 3656 3592 528 265 586 4063 4063 4063 4063 4063 4063 4063 4063
654 1777382708 3560 3705 3677 3656 3591 545 267 585 4063 4063 4062 4062 4062 4062 4062 4062
655 1777382708 3558 3703 3675 3654 3590 552 254 585 4061 4061 4061 4061 4061 4061 4061 4061
656 1777382708 3559 3704 3676 3655 3591 549 262 585 4063 4063 4063 4063 4063 4063 4063 4063
657 1777382708 3560 3705 3677 3656 3591 540 250 585 4063 4063 4062 4062 4062 4062 4062 4062
658 1777382708 3559 3704 3676 3655 3591 552 258 585 4063 4063 4062 4062 4062 4062 4062 4062
659 1777382708 3560 3704 3677 3656 3592 569 276 583 4063 4063 4063 4063 4063 4063 4063 4063
660 1777382708 3559 3704 3676 3655 3591 527 246 587 4063 4063 4062 4062 4062 4062 4062 4062
661 1777382709 3559 3704 3676 3655 3591 566 263 584 4063 4063 4062 4062 4062 4062 4062 4062
662 1777382709 3560 3705 3677 3656 3592 533 245 587 4063 4063 4062 4062 4062 4062 4062 4062
663 1777382709 3559 3704 3676 3655 3591 556 275 585 4063 4063 4062 4062 4062 4062 4062 4062
664 1777382717 3557 3702 3674 3653 3589 544 243 585 4061 4061 4061 4061 4061 4061 4061 4061
665 1777382717 3559 3703 3675 3655 3590 561 269 584 4063 4063 4062 4062 4062 4062 4062 4062
666 1777382717 3559 3704 3675 3655 3590 539 259 586 4063 4063 4062 4062 4062 4062 4062 4062
667 1777382717 3559 3704 3677 3655 3591 571 283 582 4061 4061 4061 4061 4061 4061 4061 4061
668 1777382717 3559 3704 3676 3655 3590 562 285 584 4063 4063 4062 4062 4062 4062 4062 4062
669 1777382717 3558 3703 3675 3654 3589 547 256 585 4061 4061 4061 4061 4061 4061 4061 4061
670 1777382717 3559 3704 3676 3655 3591 565 265 584 4063 4063 4062 4062 4062 4062 4062 4062
671 1777382717 3559 3703 3675 3655 3590 558 271 585 4063 4063 4063 4063 4063 4063 4063 4063
672 1777382717 3559 3704 3676 3655 3591 558 254 585 4063 4063 4062 4062 4062 4062 4062 4062
673 1777382718 3559 3705 3676 3656 3591 549 277 585 4061 4061 4061 4061 4061 4061 4061 4061
674 1777382718 3559 3704 3676 3655 3591 552 271 585 4063 4063 4063 4063 4063 4063 4063 4063
675 1777382718 3558 3703 3676 3655 3590 543 249 586 4063 4063 4062 4062 4062 4062 4062 4062
676 1777382718 3558 3703 3675 3655 3590 551 258 585 4063 4063 4062 4062 4062 4062 4062 4062
677 1777382718 3560 3704 3677 3656 3591 578 263 580 4063 4063 4062 4062 4062 4062 4062 4062
678 1777382718 3559 3704 3676 3656 3591 560 276 584 4063 4063 4062 4062 4062 4062 4062 4062
679 1777382718 3559 3704 3676 3655 3591 552 258 585 4061 4061 4061 4061 4061 4061 4061 4061
680 1777382718 3559 3704 3676 3655 3591 557 279 585 4061 4061 4061 4061 4061 4061 4061 4061
681 1777382718 3559 3704 3676 3656 3591 556 255 585 4063 4063 4063 4063 4063 4063 4063 4063
682 1777382718 3559 3704 3676 3655 3591 536 261 586 4061 4061 4061 4061 4061 4061 4061 4061
683 1777382719 3559 3703 3676 3655 3590 536 240 586 4063 4063 4062 4062 4062 4062 4062 4062
684 1777382719 3559 3703 3676 3655 3590 530 249 587 4061 4061 4061 4061 4061 4061 4061 4061
685 1777382719 3559 3704 3676 3655 3590 558 259 584 4061 4061 4061 4061 4061 4061 4061 4061
686 1777382719 3560 3706 3678 3658 3593 544 272 586 4061 4061 4061 4061 4061 4061 4061 4061
687 1777382719 3559 3704 3676 3655 3591 565 269 584 4063 4063 4062 4062 4062 4062 4062 4062
688 1777382719 3560 3705 3677 3657 3592 571 271 582 4063 4063 4062 4062 4062 4062 4062 4062
689 1777382719 3559 3704 3676 3655 3591 551 271 586 4063 4063 4062 4062 4062 4062 4062 4062
690 1777382720 3558 3703 3675 3654 3590 553 268 585 4063 4063 4063 4063 4063 4063 4063 4063
691 1777382720 3559 3703 3676 3655 3591 549 248 585 4061 4061 4061 4061 4061 4061 4061 4061
692 1777382720 3559 3704 3676 3655 3591 575 288 581 4063 4063 4062 4062 4062 4062 4062 4062
693 1777382720 3559 3704 3677 3656 3591 538 259 587 4061 4061 4061 4061 4061 4061 4061 4061
694 1777382720 3560 3704 3677 3656 3592 512 218 588 4063 4062 4062 4062 4062 4062 4062 4062
695 1777382720 3559 3704 3677 3656 3591 558 267 584 4063 4063 4062 4062 4062 4062 4062 4062
696 1777382720 3559 3704 3676 3656 3592 551 263 585 4063 4063 4062 4062 4062 4062 4062 4062
697 1777382720 3560 3705 3676 3656 3591 579 252 579 4063 4063 4062 4062 4062 4062 4062 4062
698 1777382720 3560 3704 3677 3656 3591 537 239 586 4063 4063 4063 4063 4063 4063 4063 4063
699 1777382720 3559 3703 3675 3655 3591 552 264 585 4061 4061 4061 4061 4061 4061 4061 4061
700 1777382721 3560 3704 3676 3655 3590 564 269 585 4061 4061 4061 4061 4061 4061 4061 4061
701 1777382721 3560 3704 3676 3656 3591 545 260 586 4063 4063 4062 4062 4062 4062 4062 4062
702 1777382721 3559 3704 3677 3656 3591 538 247 587 4063 4063 4062 4062 4062 4062 4062 4062
703 1777382721 3558 3703 3676 3654 3590 564 267 584 4063 4063 4062 4062 4062 4062 4062 4062
704 1777382721 3558 3704 3676 3655 3591 566 260 584 4063 4063 4062 4062 4062 4062 4062 4062
705 1777382721 3559 3705 3677 3656 3591 534 258 587 4063 4063 4062 4062 4062 4062 4062 4062
706 1777382721 3560 3705 3678 3656 3592 536 247 587 4063 4063 4062 4062 4062 4062 4062 4062
707 1777382721 3560 3704 3677 3656 3591 529 240 587 4063 4063 4062 4062 4062 4062 4062 4062
708 1777382721 3561 3706 3678 3657 3593 537 254 587 4061 4061 4061 4061 4061 4061 4061 4061
709 1777382721 3560 3705 3677 3656 3591 549 269 586 4063 4063 4062 4062 4062 4062 4062 4062
710 1777382722 3560 3704 3677 3656 3591 551 270 586 4063 4063 4062 4062 4062 4062 4062 4062
711 1777382722 3559 3704 3677 3656 3592 528 238 587 4061 4061 4061 4061 4061 4061 4061 4061
712 1777382722 3558 3703 3675 3655 3590 542 244 586 4063 4062 4062 4062 4062 4062 4062 4062
713 1777382722 3560 3705 3677 3656 3591 563 268 584 4061 4061 4061 4061 4061 4061 4061 4061
714 1777382722 3560 3705 3677 3656 3591 555 256 585 4063 4063 4062 4062 4062 4062 4062 4062
715 1777382722 3560 3704 3677 3655 3590 548 268 586 4063 4063 4063 4063 4063 4063 4063 4063
716 1777382722 3560 3705 3678 3656 3592 562 277 585 4063 4063 4062 4062 4062 4062 4062 4062
717 1777382722 3560 3704 3677 3655 3592 560 262 585 4063 4063 4062 4062 4062 4062 4062 4062
718 1777382722 3560 3705 3678 3657 3592 512 250 588 4061 4061 4061 4061 4061 4061 4061 4061
719 1777382722 3560 3705 3677 3656 3591 558 274 585 4061 4061 4061 4061 4061 4061 4061 4061
720 1777382723 3560 3705 3678 3656 3592 536 255 587 4063 4063 4062 4062 4062 4062 4062 4062
721 1777382723 3560 3705 3677 3657 3592 520 243 587 4063 4062 4062 4062 4062 4062 4062 4062
722 1777382723 3559 3704 3676 3656 3591 546 259 586 4063 4063 4062 4062 4062 4062 4062 4062
723 1777382723 3559 3704 3677 3656 3591 567 254 583 4063 4063 4062 4062 4062 4062 4062 4062
724 1777382723 3560 3704 3677 3655 3591 552 264 585 4063 4062 4062 4062 4062 4062 4062 4062
725 1777382723 3560 3705 3677 3656 3592 557 268 585 4063 4063 4062 4062 4062 4062 4062 4062
726 1777382723 3560 3704 3677 3656 3591 551 270 586 4061 4061 4061 4061 4061 4061 4061 4061
727 1777382723 3559 3704 3677 3656 3591 555 266 586 4063 4063 4062 4062 4062 4062 4062 4062
728 1777382724 3559 3704 3676 3656 3591 551 3632 587 4063 4062 4062 4062 4062 4062 4062 4062
729 1777382724 3560 3705 3677 3657 3592 557 270 585 4063 4063 4062 4062 4062 4062 4062 4062
730 1777382724 3561 3705 3678 3656 3592 500 218 588 4061 4061 4061 4061 4061 4061 4061 4061
731 1777382724 3559 3704 3676 3655 3591 515 245 587 4061 4061 4061 4061 4061 4061 4061 4061
732 1777382724 3560 3704 3676 3655 3591 547 248 586 4063 4063 4062 4062 4062 4062 4062 4062
733 1777382724 3559 3704 3677 3656 3591 544 264 586 4063 4063 4063 4063 4063 4063 4063 4063
734 1777382724 3559 3704 3676 3655 3590 560 267 585 4063 4063 4063 4063 4063 4063 4063 4063
735 1777382724 3559 3704 3676 3655 3591 536 3631 588 4063 4063 4062 4062 4062 4062 4062 4062
736 1777382725 3560 3704 3677 3656 3592 551 259 586 4061 4061 4061 4061 4061 4061 4061 4061
737 1777382725 3560 3705 3677 3656 3591 537 247 587 4063 4063 4062 4062 4062 4062 4062 4062
738 1777382725 3559 3704 3676 3655 3591 557 268 585 4063 4063 4062 4062 4062 4062 4062 4062
739 1777382725 3560 3705 3677 3656 3591 543 262 586 4063 4063 4062 4062 4062 4062 4062 4062
740 1777382725 3561 3706 3678 3657 3593 549 252 586 4063 4061 4061 4061 4061 4061 4061 4061
741 1777382725 3560 3704 3677 3656 3591 563 266 585 4061 4061 4061 4061 4061 4061 4061 4061
742 1777382725 3560 3705 3677 3656 3592 540 250 587 4061 4061 4061 4061 4061 4061 4061 4061
743 1777382725 3560 3705 3677 3656 3591 569 266 583 4063 4063 4062 4062 4062 4062 4062 4062
744 1777382725 3559 3704 3676 3655 3591 533 251 587 4061 4061 4061 4061 4061 4061 4061 4061
745 1777382725 3560 3705 3677 3657 3592 554 271 586 4061 4061 4061 4061 4061 4061 4061 4061
746 1777382726 3560 3705 3677 3656 3592 541 246 586 4061 4061 4061 4061 4061 4061 4061 4061
747 1777382726 3560 3704 3677 3656 3591 545 264 586 4063 4063 4062 4062 4062 4062 4062 4062
748 1777382726 3559 3704 3676 3655 3591 554 3632 586 4063 4063 4062 4062 4062 4062 4062 4062
749 1777382726 3560 3704 3677 3656 3592 557 270 585 4061 4061 4061 4061 4061 4061 4061 4061
750 1777382726 3559 3704 3676 3656 3591 538 248 587 4063 4063 4062 4062 4062 4062 4062 4062
751 1777382726 3560 3705 3677 3656 3592 568 264 583 4061 4061 4061 4061 4061 4061 4061 4061
752 1777382726 3560 3704 3677 3656 3591 551 281 586 4063 4063 4062 4062 4062 4062 4062 4062
753 1777382726 3560 3705 3677 3656 3592 556 279 586 4061 4061 4061 4061 4061 4061 4061 4061
754 1777382727 3561 3705 3678 3657 3593 536 247 587 4063 4063 4062 4062 4062 4062 4062 4062
755 1777382727 3560 3704 3677 3656 3592 537 247 587 4063 4061 4061 4061 4061 4061 4061 4061
756 1777382727 3559 3704 3676 3655 3591 538 262 587 4063 4063 4062 4062 4062 4062 4062 4062
757 1777382727 3560 3705 3677 3656 3591 529 232 587 4061 4061 4061 4061 4061 4061 4061 4061
758 1777382727 3560 3705 3677 3656 3592 559 267 585 4063 4063 4062 4062 4062 4062 4062 4062
759 1777382727 3559 3704 3676 3656 3592 539 271 587 4063 4063 4062 4062 4062 4062 4062 4062
760 1777382728 3560 3705 3677 3657 3592 517 247 588 4063 4063 4062 4062 4062 4062 4062 4062
761 1777382728 3560 3705 3677 3657 3592 558 270 585 4061 4061 4061 4061 4061 4061 4061 4061
762 1777382728 3560 3704 3677 3656 3591 506 220 588 4061 4061 4061 4061 4061 4061 4061 4061
763 1777382728 3560 3705 3678 3656 3592 554 275 586 4061 4061 4061 4061 4061 4061 4061 4061
764 1777382728 3560 3705 3677 3657 3592 527 242 587 4063 4063 4062 4062 4062 4062 4062 4062
765 1777382728 3561 3706 3679 3658 3593 561 265 585 4061 4061 4061 4061 4061 4061 4061 4061
766 1777382728 3560 3705 3678 3656 3592 548 263 586 4063 4063 4062 4062 4062 4062 4062 4062
767 1777382728 3561 3705 3678 3657 3593 547 252 586 4063 4063 4062 4062 4062 4062 4062 4062
768 1777382728 3560 3706 3678 3657 3592 569 277 584 4063 4063 4062 4062 4062 4062 4062 4062
769 1777382728 3560 3705 3677 3656 3592 543 252 586 4063 4062 4062 4062 4062 4062 4062 4062
770 1777382728 3559 3704 3676 3655 3591 537 260 587 4063 4063 4062 4062 4062 4062 4062 4062
771 1777382729 3560 3705 3677 3656 3592 547 271 586 4063 4063 4062 4062 4062 4062 4062 4062
772 1777382729 3559 3704 3677 3656 3591 534 256 587 4061 4061 4061 4061 4061 4061 4061 4061
773 1777382729 3559 3704 3677 3656 3591 543 255 586 4061 4061 4061 4061 4061 4061 4061 4061
774 1777382729 3560 3705 3678 3657 3592 549 253 586 4063 4063 4062 4062 4062 4062 4062 4062
775 1777382729 3561 3706 3678 3657 3593 553 243 586 4061 4061 4061 4061 4061 4061 4061 4061
776 1777382729 3560 3705 3677 3657 3592 571 269 583 4061 4061 4061 4061 4061 4061 4061 4061
777 1777382729 3561 3706 3678 3658 3593 582 258 580 4063 4063 4062 4062 4062 4062 4062 4062
778 1777382729 3561 3705 3677 3656 3592 565 264 584 4063 4063 4062 4062 4062 4062 4062 4062
779 1777382729 3560 3705 3677 3656 3592 577 269 581 4063 4061 4061 4061 4061 4061 4061 4061
780 1777382729 3560 3705 3678 3657 3592 542 277 587 4063 4063 4062 4062 4062 4062 4062 4062
781 1777382730 3560 3705 3677 3656 3592 560 272 585 4061 4061 4061 4061 4061 4061 4061 4061
782 1777382730 3559 3705 3677 3656 3591 554 248 586 4063 4063 4063 4063 4063 4063 4063 4063
783 1777382730 3561 3705 3678 3657 3592 557 279 586 4061 4061 4061 4061 4061 4061 4061 4061
784 1777382730 3560 3705 3677 3656 3591 547 265 587 4063 4063 4062 4062 4062 4062 4062 4062
785 1777382730 3561 3705 3678 3657 3593 558 260 585 4061 4061 4061 4061 4061 4061 4061 4061
786 1777382730 3561 3706 3678 3658 3593 561 258 585 4061 4061 4061 4061 4061 4061 4061 4061
787 1777382730 3561 3705 3678 3656 3592 567 273 584 4063 4061 4061 4061 4061 4061 4061 4061
788 1777382730 3560 3705 3677 3656 3592 552 266 586 4063 4063 4062 4062 4062 4062 4062 4062
789 1777382730 3562 3707 3678 3657 3593 557 263 586 4063 4063 4062 4062 4062 4062 4062 4062
790 1777382730 3561 3706 3678 3657 3593 537 260 587 4063 4063 4062 4062 4062 4062 4062 4062
791 1777382731 3561 3706 3679 3658 3593 555 274 586 4063 4063 4062 4062 4062 4062 4062 4062
792 1777382731 3560 3705 3677 3656 3591 543 244 586 4063 4063 4062 4062 4062 4062 4062 4062
793 1777382731 3560 3704 3677 3656 3592 542 261 586 4063 4063 4062 4062 4062 4062 4062 4062
794 1777382731 3560 3705 3678 3657 3592 532 251 587 4063 4063 4062 4062 4062 4062 4062 4062
795 1777382731 3560 3705 3677 3656 3591 573 271 582 4061 4061 4061 4061 4061 4061 4061 4061
796 1777382731 3560 3705 3678 3657 3592 567 260 585 4063 4063 4062 4062 4062 4062 4062 4062
797 1777382731 3560 3704 3677 3656 3592 533 241 587 4061 4061 4061 4061 4061 4061 4061 4061
798 1777382731 3560 3704 3676 3655 3591 551 272 586 4063 4062 4062 4062 4062 4062 4062 4062
799 1777382731 3560 3705 3678 3657 3592 540 248 587 4063 4063 4062 4062 4062 4062 4062 4062
800 1777382731 3561 3705 3678 3657 3592 554 276 586 4063 4061 4061 4061 4061 4061 4061 4061
801 1777382731 3561 3706 3678 3657 3592 556 256 586 4063 4063 4062 4062 4062 4062 4062 4062
802 1777382731 3561 3707 3679 3658 3593 561 260 585 4063 4063 4062 4062 4062 4062 4062 4062
803 1777382732 3561 3706 3677 3657 3592 552 270 586 4061 4061 4061 4061 4061 4061 4061 4061
804 1777382732 3559 3704 3676 3655 3591 564 264 585 4061 4061 4061 4061 4061 4061 4061 4061
805 1777382732 3560 3704 3677 3656 3591 547 258 587 4061 4061 4061 4061 4061 4061 4061 4061
806 1777382732 3559 3704 3677 3656 3592 560 254 586 4063 4063 4062 4062 4062 4062 4062 4062
807 1777382732 3562 3707 3678 3657 3593 563 276 585 4063 4063 4062 4062 4062 4062 4062 4062
808 1777382732 3560 3705 3677 3656 3592 557 263 586 4063 4063 4062 4062 4062 4062 4062 4062
809 1777382732 3561 3705 3677 3657 3593 564 265 585 4061 4061 4061 4061 4061 4061 4061 4061
810 1777382733 3561 3706 3678 3657 3592 556 263 586 4063 4063 4062 4062 4062 4062 4062 4062
811 1777382733 3561 3706 3678 3657 3593 551 249 586 4061 4061 4061 4061 4061 4061 4061 4061
812 1777382733 3560 3705 3677 3656 3592 525 242 588 4063 4063 4062 4062 4062 4062 4062 4062
813 1777382733 3561 3706 3678 3657 3592 569 268 584 4061 4061 4061 4061 4061 4061 4061 4061
814 1777382733 3561 3707 3678 3658 3593 541 255 588 4063 4063 4062 4062 4062 4062 4062 4062
815 1777382733 3560 3705 3678 3657 3593 553 273 586 4061 4061 4061 4061 4061 4061 4061 4061
816 1777382733 3560 3705 3678 3656 3592 560 262 585 4061 4061 4061 4061 4061 4061 4061 4061
817 1777382733 3561 3705 3677 3656 3592 557 270 586 4063 4063 4062 4062 4062 4062 4062 4062
818 1777382733 3560 3705 3677 3656 3591 550 256 586 4061 4061 4061 4061 4061 4061 4061 4061
819 1777382733 3561 3706 3678 3658 3593 557 266 586 4063 4063 4063 4063 4063 4063 4063 4063
820 1777382733 3561 3705 3678 3657 3592 528 245 588 4063 4063 4062 4062 4062 4062 4062 4062
821 1777382733 3561 3706 3678 3657 3592 533 243 588 4063 4063 4063 4063 4063 4063 4063 4063
822 1777382733 3560 3705 3677 3656 3592 536 254 588 4063 4063 4062 4062 4062 4062 4062 4062
823 1777382733 3560 3705 3677 3656 3592 570 256 583 4063 4063 4062 4062 4062 4062 4062 4062
824 1777382733 3561 3706 3678 3657 3592 538 229 587 4061 4061 4061 4061 4061 4061 4061 4061
825 1777382733 3560 3705 3678 3657 3592 560 268 586 4061 4061 4061 4061 4061 4061 4061 4061
826 1777382734 3561 3706 3678 3657 3592 556 264 586 4063 4062 4062 4062 4062 4062 4062 4062
827 1777382734 3561 3706 3678 3657 3592 543 265 587 4063 4063 4062 4062 4062 4062 4062 4062
828 1777382734 3561 3706 3678 3657 3592 541 256 587 4063 4063 4062 4062 4062 4062 4062 4062
829 1777382734 3561 3705 3678 3657 3592 536 245 588 4063 4063 4062 4062 4062 4062 4062 4062
830 1777382734 3560 3705 3678 3657 3592 513 214 589 4061 4061 4061 4061 4061 4061 4061 4061
831 1777382734 3560 3705 3677 3656 3591 557 262 586 4063 4063 4062 4062 4062 4062 4062 4062
832 1777382734 3560 3705 3677 3656 3592 523 250 588 4063 4063 4062 4062 4062 4062 4062 4062
833 1777382734 3561 3706 3678 3656 3592 507 219 589 4061 4061 4061 4061 4061 4061 4061 4061
834 1777382734 3559 3704 3676 3655 3591 537 241 585 4063 4063 4062 4062 4062 4062 4062 4062
835 1777382734 3559 3703 3677 3655 3591 564 281 583 4063 4063 4062 4062 4062 4062 4062 4062
836 1777382734 3558 3703 3675 3654 3590 558 270 584 4063 4063 4062 4062 4062 4062 4062 4062
837 1777382735 3559 3704 3677 3656 3591 562 271 584 4063 4063 4063 4063 4063 4063 4063 4063
838 1777382735 3559 3704 3676 3655 3590 535 254 586 4061 4061 4061 4061 4061 4061 4061 4061
839 1777382735 3559 3703 3676 3655 3590 557 268 583 4063 4063 4062 4062 4062 4062 4062 4062
840 1777382735 3558 3703 3675 3654 3590 558 273 583 4061 4061 4061 4061 4061 4061 4061 4061
841 1777382735 3558 3703 3676 3654 3590 537 249 585 4063 4063 4062 4062 4062 4062 4062 4062
842 1777382735 3560 3705 3677 3657 3592 550 270 585 4063 4063 4062 4062 4062 4062 4062 4062
843 1777382735 3559 3704 3676 3655 3590 567 285 582 4063 4063 4062 4062 4062 4062 4062 4062
844 1777382736 3559 3703 3676 3654 3590 556 277 584 4063 4063 4062 4062 4062 4062 4062 4062
845 1777382736 3559 3704 3677 3655 3590 529 236 586 4063 4063 4062 4062 4062 4062 4062 4062
846 1777382736 3558 3703 3675 3655 3590 557 273 584 4061 4061 4061 4061 4061 4061 4061 4061
847 1777382736 3561 3705 3677 3656 3592 565 270 583 4063 4063 4062 4062 4062 4062 4062 4062
848 1777382736 3560 3704 3676 3656 3590 520 249 587 4063 4063 4062 4062 4062 4062 4062 4062
849 1777382736 3559 3704 3677 3656 3591 551 260 585 4061 4061 4061 4061 4061 4061 4061 4061
850 1777382736 3559 3704 3676 3656 3591 511 232 587 4061 4061 4061 4061 4061 4061 4061 4061
851 1777382736 3559 3704 3677 3655 3591 547 245 585 4063 4063 4062 4062 4062 4062 4062 4062
852 1777382736 3559 3704 3676 3655 3591 546 273 585 4063 4063 4062 4062 4062 4062 4062 4062
853 1777382736 3559 3703 3676 3655 3590 544 252 585 4063 4063 4062 4062 4062 4062 4062 4062
854 1777382736 3560 3704 3676 3656 3591 540 249 586 4063 4063 4063 4063 4063 4063 4063 4063
855 1777382736 3559 3703 3676 3654 3590 566 250 583 4063 4063 4062 4062 4062 4062 4062 4062
856 1777382736 3559 3704 3676 3655 3590 535 262 586 4063 4062 4062 4062 4062 4062 4062 4062
857 1777382737 3559 3704 3676 3655 3590 548 256 585 4063 4063 4062 4062 4062 4062 4062 4062
858 1777382737 3560 3704 3676 3656 3591 548 268 585 4063 4062 4062 4062 4062 4062 4062 4062
859 1777382737 3559 3704 3676 3656 3591 521 239 586 4063 4063 4062 4062 4062 4062 4062 4062
860 1777382737 3558 3703 3676 3654 3590 536 262 586 4063 4063 4062 4062 4062 4062 4062 4062
861 1777382737 3559 3704 3677 3656 3591 529 237 586 4061 4061 4061 4061 4061 4061 4061 4061
862 1777382737 3559 3703 3676 3655 3590 568 264 583 4063 4063 4063 4063 4063 4063 4063 4063
863 1777382737 3559 3703 3676 3655 3591 550 255 585 4063 4063 4062 4062 4062 4062 4062 4062
864 1777382737 3559 3704 3676 3655 3590 560 264 584 4063 4063 4062 4062 4062 4062 4062 4062
865 1777382738 3559 3704 3676 3655 3591 521 229 586 4061 4061 4061 4061 4061 4061 4061 4061
866 1777382738 3558 3704 3676 3655 3590 552 272 585 4063 4063 4063 4063 4063 4063 4063 4063
867 1777382738 3559 3704 3676 3655 3591 537 257 586 4061 4061 4061 4061 4061 4061 4061 4061
868 1777382738 3560 3705 3678 3656 3592 506 222 587 4061 4061 4061 4061 4061 4061 4061 4061
869 1777382738 3560 3704 3677 3656 3591 557 275 584 4063 4063 4062 4062 4062 4062 4062 4062
870 1777382738 3559 3704 3677 3656 3591 542 268 585 4063 4063 4062 4062 4062 4062 4062 4062
871 1777382738 3559 3703 3676 3655 3591 527 247 586 4063 4063 4062 4062 4062 4062 4062 4062
872 1777382738 3559 3705 3677 3656 3591 547 246 585 4063 4063 4062 4062 4062 4062 4062 4062
873 1777382738 3559 3704 3676 3656 3591 561 270 583 4063 4063 4062 4062 4062 4062 4062 4062
874 1777382739 3561 3706 3678 3656 3592 560 266 584 4061 4061 4061 4061 4061 4061 4061 4061
875 1777382739 3559 3703 3676 3655 3590 505 217 587 4061 4061 4061 4061 4061 4061 4061 4061
876 1777382739 3559 3704 3676 3655 3590 556 276 585 4061 4061 4061 4061 4061 4061 4061 4061
877 1777382739 3559 3705 3677 3656 3591 517 221 587 4061 4061 4061 4061 4061 4061 4061 4061
878 1777382739 3560 3705 3677 3656 3591 535 245 586 4063 4061 4061 4061 4061 4061 4061 4061
879 1777382739 3559 3705 3677 3655 3591 547 269 585 4061 4061 4061 4061 4061 4061 4061 4061
880 1777382740 3560 3704 3677 3655 3591 539 267 586 4063 4063 4062 4062 4062 4062 4062 4062
881 1777382740 3560 3705 3677 3657 3591 550 250 585 4063 4063 4062 4062 4062 4062 4062 4062
882 1777382740 3559 3704 3676 3656 3591 560 275 584 4062 4063 4062 4062 4062 4062 4062 4062
883 1777382740 3559 3703 3676 3655 3590 563 270 583 4063 4061 4061 4061 4061 4061 4061 4061
884 1777382740 3560 3705 3677 3657 3592 534 245 586 4061 4061 4061 4061 4061 4061 4061 4061
885 1777382740 3560 3705 3677 3656 3592 559 269 584 4061 4061 4061 4061 4061 4061 4061 4061
886 1777382740 3560 3705 3677 3656 3592 542 262 585 4063 4063 4062 4062 4062 4062 4062 4062
887 1777382740 3559 3703 3676 3655 3590 544 250 585 4061 4061 4061 4061 4061 4061 4061 4061
888 1777382741 3559 3704 3677 3656 3590 554 281 585 4061 4061 4061 4061 4061 4061 4061 4061
889 1777382741 3559 3705 3677 3656 3592 555 257 584 4061 4061 4061 4061 4061 4061 4061 4061
890 1777382741 3559 3704 3676 3656 3591 556 260 584 4061 4061 4061 4061 4061 4061 4061 4061
891 1777382741 3559 3704 3677 3655 3591 539 261 586 4063 4063 4062 4062 4062 4062 4062 4062
892 1777382741 3560 3705 3677 3657 3592 542 245 585 4061 4061 4061 4061 4061 4061 4061 4061
893 1777382741 3560 3705 3677 3656 3591 530 237 586 4061 4061 4061 4061 4061 4061 4061 4061
894 1777382741 3560 3704 3677 3655 3591 552 259 585 4063 4063 4062 4062 4062 4062 4062 4062
895 1777382741 3559 3704 3677 3655 3591 563 270 583 4061 4061 4061 4061 4061 4061 4061 4061
896 1777382741 3559 3705 3677 3656 3591 547 258 585 4063 4063 4063 4063 4063 4063 4063 4063
897 1777382741 3560 3705 3677 3656 3591 565 260 583 4061 4061 4061 4061 4061 4061 4061 4061
898 1777382741 3560 3704 3677 3656 3591 556 262 585 4061 4061 4061 4061 4061 4061 4061 4061
899 1777382742 3560 3705 3678 3657 3592 550 264 586 4061 4061 4061 4061 4061 4061 4061 4061
900 1777382742 3560 3705 3677 3657 3591 559 266 584 4063 4063 4062 4062 4062 4062 4062 4062
901 1777382742 3559 3703 3676 3655 3591 571 3632 583 4061 4061 4061 4061 4061 4061 4061 4061
902 1777382742 3559 3704 3677 3656 3591 535 243 586 4061 4061 4061 4061 4061 4061 4061 4061
903 1777382742 3560 3705 3677 3656 3591 523 243 587 4063 4063 4062 4062 4062 4062 4062 4062
904 1777382742 3560 3704 3677 3656 3591 565 274 583 4061 4061 4061 4061 4061 4061 4061 4061
905 1777382742 3559 3704 3676 3655 3591 539 258 586 4061 4061 4061 4061 4061 4061 4061 4061
906 1777382743 3559 3704 3676 3655 3590 540 268 586 4061 4061 4061 4061 4061 4061 4061 4061
907 1777382743 3559 3704 3677 3655 3591 553 259 585 4063 4062 4062 4062 4062 4062 4062 4062
908 1777382743 3559 3704 3676 3655 3591 547 267 585 4063 4063 4063 4063 4063 4063 4063 4063
909 1777382743 3559 3705 3677 3656 3591 552 253 585 4061 4061 4061 4061 4061 4061 4061 4061
910 1777382743 3560 3704 3677 3655 3591 518 239 587 4063 4063 4062 4062 4062 4062 4062 4062
911 1777382743 3560 3705 3677 3656 3591 527 250 587 4063 4061 4061 4061 4061 4061 4061 4061
912 1777382743 3560 3704 3677 3656 3591 518 254 587 4063 4063 4062 4062 4062 4062 4062 4062
913 1777382743 3559 3704 3676 3655 3591 533 247 586 4063 4063 4062 4062 4062 4062 4062 4062
914 1777382743 3559 3704 3676 3655 3591 522 256 587 4061 4061 4061 4061 4061 4061 4061 4061
915 1777382744 3559 3704 3676 3655 3590 588 262 574 4063 4062 4062 4062 4062 4062 4062 4062
916 1777382744 3559 3704 3677 3656 3591 549 261 585 4061 4061 4061 4061 4061 4061 4061 4061
917 1777382744 3559 3704 3676 3655 3591 537 258 586 4063 4061 4061 4061 4061 4061 4061 4061
918 1777382744 3561 3706 3678 3657 3592 550 271 585 4063 4063 4062 4062 4062 4062 4062 4062
919 1777382744 3560 3704 3677 3656 3591 536 238 586 4061 4061 4061 4061 4061 4061 4061 4061
920 1777382744 3560 3705 3677 3656 3591 544 256 586 4063 4063 4063 4063 4063 4063 4063 4063
921 1777382744 3560 3705 3677 3656 3592 563 263 583 4063 4063 4062 4062 4062 4062 4062 4062
922 1777382744 3559 3704 3676 3656 3591 560 264 584 4061 4061 4061 4061 4061 4061 4061 4061
923 1777382745 3560 3704 3677 3656 3591 498 219 588 4063 4063 4062 4062 4062 4062 4062 4062
924 1777382745 3560 3705 3678 3656 3592 547 268 586 4061 4061 4061 4061 4061 4061 4061 4061
925 1777382745 3560 3705 3677 3656 3592 523 233 587 4063 4062 4062 4062 4062 4062 4062 4062
926 1777382745 3560 3705 3677 3656 3591 538 257 586 4063 4063 4062 4062 4062 4062 4062 4062
927 1777382745 3560 3705 3678 3657 3592 526 245 586 4063 4063 4062 4062 4062 4062 4062 4062
928 1777382745 3560 3704 3677 3656 3591 518 242 587 4063 4063 4062 4062 4062 4062 4062 4062
929 1777382745 3560 3705 3677 3656 3592 555 266 585 4061 4061 4061 4061 4061 4061 4061 4061
930 1777382746 3560 3705 3677 3657 3592 542 277 585 4063 4063 4062 4062 4062 4062 4062 4062
931 1777382746 3560 3704 3677 3655 3591 546 273 586 4061 4061 4061 4061 4061 4061 4061 4061
932 1777382746 3560 3705 3678 3656 3591 522 231 587 4063 4061 4061 4061 4061 4061 4061 4061
933 1777382746 3560 3705 3677 3656 3592 532 258 586 4061 4061 4061 4061 4061 4061 4061 4061
934 1777382746 3560 3705 3677 3656 3592 528 262 587 4063 4063 4062 4062 4062 4062 4062 4062
935 1777382746 3560 3704 3677 3656 3591 553 248 585 4063 4063 4062 4062 4062 4062 4062 4062
936 1777382747 3560 3705 3677 3656 3591 542 261 586 4063 4063 4063 4063 4063 4063 4063 4063
937 1777382747 3561 3706 3678 3657 3593 565 283 584 4063 4063 4062 4062 4062 4062 4062 4062
938 1777382747 3560 3705 3678 3657 3592 554 270 585 4063 4063 4062 4062 4062 4062 4062 4062
939 1777382747 3560 3705 3678 3656 3592 548 249 586 4061 4061 4061 4061 4061 4061 4061 4061
940 1777382747 3560 3705 3677 3656 3592 557 271 585 4063 4063 4062 4062 4062 4062 4062 4062
941 1777382747 3561 3705 3677 3656 3592 554 289 585 4063 4063 4062 4062 4062 4062 4062 4062
942 1777382747 3559 3704 3677 3656 3591 538 259 586 4063 4063 4062 4062 4062 4062 4062 4062
943 1777382747 3559 3703 3676 3655 3590 552 262 586 4063 4063 4062 4062 4062 4062 4062 4062
944 1777382747 3560 3704 3677 3656 3592 566 265 584 4063 4063 4063 4063 4063 4063 4063 4063
945 1777382747 3561 3706 3678 3657 3592 540 255 586 4063 4063 4062 4062 4062 4062 4062 4062
946 1777382747 3560 3704 3676 3656 3591 568 267 583 4061 4061 4061 4061 4061 4061 4061 4061
947 1777382747 3560 3706 3677 3657 3592 529 249 587 4063 4063 4062 4062 4062 4062 4062 4062
948 1777382747 3560 3705 3677 3656 3591 536 255 586 4061 4061 4061 4061 4061 4061 4061 4061
949 1777382747 3561 3707 3679 3658 3593 564 273 584 4061 4061 4061 4061 4061 4061 4061 4061
950 1777382747 3560 3705 3677 3656 3591 509 219 588 4063 4063 4062 4062 4062 4062 4062 4062
951 1777382747 3560 3705 3677 3656 3592 555 269 585 4063 4063 4062 4062 4062 4062 4062 4062
952 1777382747 3559 3704 3677 3656 3591 565 259 584 4061 4061 4061 4061 4061 4061 4061 4061
953 1777382747 3561 3705 3678 3657 3592 559 281 585 4063 4063 4062 4062 4062 4062 4062 4062
954 1777382747 3560 3705 3678 3656 3592 538 245 586 4061 4061 4061 4061 4061 4061 4061 4061
955 1777382748 3560 3705 3678 3656 3592 560 264 584 4063 4063 4062 4062 4062 4062 4062 4062
956 1777382748 3560 3705 3677 3656 3591 550 269 586 4061 4061 4061 4061 4061 4061 4061 4061
957 1777382748 3560 3705 3678 3657 3592 550 247 586 4061 4061 4061 4061 4061 4061 4061 4061
958 1777382748 3560 3705 3677 3657 3592 559 271 585 4063 4063 4063 4063 4063 4063 4063 4063
959 1777382748 3560 3705 3677 3656 3592 527 257 588 4061 4061 4061 4061 4061 4061 4061 4061
960 1777382748 3560 3704 3677 3656 3592 533 254 587 4063 4061 4061 4061 4061 4061 4061 4061
961 1777382748 3559 3703 3676 3655 3590 534 255 586 4063 4063 4062 4062 4062 4062 4062 4062
962 1777382748 3560 3705 3677 3657 3591 560 268 585 4063 4063 4062 4062 4062 4062 4062 4062
963 1777382748 3560 3705 3678 3656 3592 550 271 586 4061 4061 4061 4061 4061 4061 4061 4061
964 1777382749 3561 3705 3678 3657 3592 557 268 586 4061 4061 4061 4061 4061 4061 4061 4061
965 1777382749 3561 3706 3678 3658 3593 546 266 585 4063 4063 4062 4062 4062 4062 4062 4062
966 1777382749 3560 3705 3678 3657 3592 534 248 587 4061 4061 4061 4061 4061 4061 4061 4061
967 1777382749 3559 3705 3677 3656 3591 560 255 585 4063 4063 4063 4063 4063 4063 4063 4063
968 1777382749 3560 3704 3677 3656 3591 546 265 586 4061 4061 4061 4061 4061 4061 4061 4061
969 1777382749 3561 3706 3678 3657 3592 541 248 586 4063 4061 4061 4061 4061 4061 4061 4061
970 1777382749 3560 3705 3678 3657 3592 532 242 587 4063 4063 4063 4063 4063 4063 4063 4063
971 1777382749 3560 3705 3677 3656 3592 513 219 587 4061 4061 4061 4061 4061 4061 4061 4061
972 1777382749 3561 3706 3678 3657 3592 557 275 585 4063 4063 4062 4062 4062 4062 4062 4062
973 1777382749 3561 3706 3678 3657 3592 549 259 586 4063 4063 4062 4062 4062 4062 4062 4062
974 1777382749 3559 3704 3676 3656 3591 530 3631 588 4063 4063 4063 4063 4063 4063 4063 4063
975 1777382750 3560 3705 3677 3656 3591 492 211 588 4063 4063 4062 4062 4062 4062 4062 4062
976 1777382750 3561 3705 3678 3657 3592 543 262 586 4063 4063 4062 4062 4062 4062 4062 4062
977 1777382750 3561 3706 3678 3657 3592 557 270 585 4061 4061 4061 4061 4061 4061 4061 4061
978 1777382750 3560 3705 3678 3657 3592 554 276 585 4061 4061 4061 4061 4061 4061 4061 4061
979 1777382750 3561 3706 3678 3657 3593 541 249 587 4061 4061 4061 4061 4061 4061 4061 4061
980 1777382750 3560 3705 3677 3657 3592 533 255 587 4063 4063 4063 4063 4063 4063 4063 4063
981 1777382750 3560 3705 3678 3657 3592 557 262 585 4063 4062 4062 4062 4062 4062 4062 4062
982 1777382751 3561 3706 3678 3657 3592 564 266 584 4063 4063 4062 4062 4062 4062 4062 4062
983 1777382751 3561 3706 3678 3657 3593 557 273 585 4063 4063 4062 4062 4062 4062 4062 4062
984 1777382751 3560 3705 3678 3657 3592 545 268 586 4063 4063 4062 4062 4062 4062 4062 4062
985 1777382751 3561 3705 3678 3657 3593 539 259 586 4063 4061 4061 4061 4061 4061 4061 4061
986 1777382751 3561 3706 3678 3657 3592 543 255 587 4063 4063 4063 4063 4063 4063 4063 4063
987 1777382751 3560 3704 3677 3655 3591 517 257 587 4063 4061 4061 4061 4061 4061 4061 4061
988 1777382751 3561 3706 3678 3658 3593 561 272 584 4061 4061 4061 4061 4061 4061 4061 4061
989 1777382751 3561 3706 3678 3657 3592 544 255 586 4063 4063 4062 4062 4062 4062 4062 4062
990 1777382751 3561 3707 3678 3658 3593 561 267 585 4061 4061 4061 4061 4061 4061 4061 4061
991 1777382751 3560 3705 3677 3656 3591 553 253 586 4061 4061 4061 4061 4061 4061 4061 4061
992 1777382752 3559 3704 3676 3655 3591 546 252 586 4063 4063 4062 4062 4062 4062 4062 4062
993 1777382752 3561 3705 3678 3657 3593 535 253 587 4061 4061 4061 4061 4061 4061 4061 4061
994 1777382752 3560 3705 3678 3656 3591 560 258 585 4063 4063 4062 4062 4062 4062 4062 4062
995 1777382752 3560 3705 3678 3657 3592 561 276 584 4061 4061 4061 4061 4061 4061 4061 4061
996 1777382752 3560 3705 3678 3656 3592 535 257 587 4061 4061 4061 4061 4061 4061 4061 4061
997 1777382752 3560 3705 3678 3657 3592 563 268 584 4063 4063 4062 4062 4062 4062 4062 4062
998 1777382752 3559 3704 3677 3656 3591 514 3631 589 4063 4063 4062 4062 4062 4062 4062 4062
999 1777382752 3561 3706 3678 3657 3593 550 268 586 4063 4063 4062 4062 4062 4062 4062 4062
1000 1777382752 3561 3706 3678 3657 3593 549 250 586 4061 4061 4061 4061 4061 4061 4061 4061
