1 22 1730 178 413 265 849 596 638 1661 37 34 28
2 22 606 1091 298 154 320 105 45 38 21 34 28
3 22 275 547 449 707 293 39 191 51 93 34 28
4 23 322 1315 728 596 1035 155 60 38 47 35 28
5 22 461 1289 882 285 104 966 48 85 74 34 28
6 22 94 1175 263 303 219 247 88 929 1 34 28
7 22 350 454 267 504 300 241 276 105 11 34 28
8 22 473 1005 519 466 380 317 135 583 123 35 28
9 22 323 166 467 102 391 770 107 991 111 34 28
10 23 179 1055 454 338 156 318 38 36 114 35 28
11 23 382 291 456 108 146 246 27 1302 85 35 29
12 23 1158 761 312 211 1764 130 193 297 307 35 28
13 23 465 1266 2005 413 1388 2005 943 1659 78 35 29
14 23 885 2005 1499 122 122 526 355 2005 45 36 29
15 24 230 139 171 746 829 33 36 34 19 36 30
16 24 408 595 267 89 1 27 40 26 133 37 30
17 24 112 287 332 218 319 251 159 95 1 36 30
18 24 805 724 231 586 211 992 371 575 44 37 30
19 25 228 456 445 169 153 26 45 35 38 38 31
20 25 333 262 693 470 792 295 38 27 36 37 31
21 25 294 2005 424 281 1611 397 44 68 103 38 31
22 24 172 1113 1280 237 569 206 182 47 130 37 30
23 24 344 285 167 246 131 108 71 254 30 36 30
24 24 284 2003 283 235 69 27 395 270 61 37 30
25 24 308 2005 276 104 117 27 202 726 44 37 30
26 23 1062 845 1060 646 766 449 1 499 132 36 29
27 23 153 460 274 245 590 154 41 29 35 36 29
28 23 128 1006 176 379 134 29 24 626 16 35 29
29 23 984 1143 1152 354 564 2005 2005 2005 106 35 29
30 22 1691 986 253 585 972 50 64 148 107 34 28
31 22 154 302 253 85 1217 37 203 34 3 34 28
32 22 2005 2005 2005 1335 1863 2005 2005 2005 131 35 28
33 22 109 730 268 176 290 21 30 26 1 34 28
34 21 475 1810 1527 469 440 419 170 214 30 33 27
35 21 1115 389 135 88 325 26 34 411 239 33 27
36 21 331 271 861 194 504 180 342 1950 18 33 27
37 21 1488 2005 2005 735 1579 328 314 671 28 33 27
38 22 541 1658 121 154 699 247 232 559 2 33 27
39 21 469 1449 236 437 2004 20 149 25 348 33 27
40 21 383 547 501 237 401 249 75 36 85 33 27
41 22 1592 1598 1771 662 954 359 590 114 247 34 27
42 22 313 2004 511 240 466 85 107 196 31 34 28
43 22 287 1701 299 644 2004 57 70 140 99 34 27
44 22 206 437 147 259 295 158 54 34 36 34 27
45 22 635 1350 539 111 2004 80 499 1121 129 34 27
46 22 406 896 189 263 1636 423 29 114 139 34 27
47 22 1085 2005 256 288 1367 636 422 610 58 34 27
48 21 105 312 143 102 658 25 25 16 12 33 27
49 21 357 1828 367 95 550 34 32 507 127 33 26
50 21 260 1396 431 81 2004 36 50 648 26 33 27
51 22 1786 2005 1257 459 568 264 249 225 10 33 27
52 21 1142 1371 1111 541 1359 240 234 373 103 33 27
53 21 725 1283 1805 1452 769 581 203 152 112 33 27
54 21 236 217 678 946 392 25 33 72 6 33 27
55 22 109 437 161 133 62 25 30 71 24 33 27
56 21 441 651 104 333 430 23 35 31 23 33 27
57 21 162 1048 255 93 226 32 18 20 50 34 27
58 21 433 293 96 352 326 27 30 154 105 33 27
59 22 530 2005 1369 97 648 315 205 313 166 34 28
60 22 260 512 533 339 573 428 153 28 31 34 27
61 22 669 277 376 340 1197 29 43 21 202 34 27
62 22 132 580 451 366 867 64 29 29 35 34 28
63 22 158 154 188 67 1796 35 212 29 14 33 27
64 22 235 348 195 277 1263 536 190 24 23 33 27
65 22 437 887 893 383 2005 1189 311 1684 81 34 28
66 22 675 859 585 233 415 275 302 62 81 34 27
67 22 438 623 300 118 251 31 82 138 1 34 28
68 22 151 299 159 171 420 1191 1897 1260 20 34 28
69 22 1006 232 1000 717 794 833 97 1815 153 34 28
70 22 738 2004 1109 300 2004 203 359 802 69 34 28
71 22 127 581 296 89 184 53 29 29 27 34 28
72 23 601 323 153 209 137 34 32 64 189 35 29
73 22 2005 2005 2005 2005 2005 1028 1674 2005 1638 35 29
74 23 676 413 818 284 188 245 166 196 123 35 28
75 22 580 885 127 622 521 177 38 105 98 34 27
76 22 455 1741 487 367 662 22 37 31 120 35 28
77 22 2005 1689 1993 727 914 2005 2005 2005 78 35 28
78 22 206 224 326 195 132 279 400 21 20 34 28
79 22 131 414 226 287 251 1512 944 442 1 33 27
80 22 508 2005 2005 379 1036 707 689 1847 375 34 28
81 23 351 721 608 357 535 460 50 506 27 35 29
82 23 275 1007 168 320 128 26 27 41 2 35 29
83 23 664 915 1194 247 1259 80 39 65 152 35 28
84 23 115 613 1392 1003 310 452 182 799 92 35 28
85 22 367 333 138 216 298 34 29 30 42 34 28
86 22 1538 2004 460 500 2004 212 73 96 327 34 27
87 22 688 2005 1887 474 1178 283 329 1342 56 35 28
88 22 1903 2005 2005 1438 1562 1304 1242 1350 309 34 28
89 29 2005 2005 2005 2005 2005 2005 2005 2005 381 44 37
90 21 1999 1999 1999 1999 1999 1999 1999 1999 1999 32 26
91 23 152 169 762 253 755 23 77 31 33 35 28
92 23 100 307 547 99 1 24 24 63 15 34 28
93 22 115 251 172 104 40 25 191 35 31 34 28
94 22 445 1612 388 131 707 24 75 127 91 35 28
95 22 144 388 136 213 904 24 32 32 1 34 28
96 22 200 267 288 199 219 194 20 25 22 34 28
97 22 266 311 397 89 228 30 189 407 13 34 28
98 22 248 706 169 77 874 41 176 52 11 34 28
99 22 636 175 263 211 723 307 398 61 2 34 28
100 22 907 2004 478 677 2004 166 397 343 182 35 28
101 23 157 746 156 190 126 68 49 25 8 34 28
102 22 183 728 342 105 170 19 17 24 104 35 28
103 22 844 1533 974 83 256 2005 2005 2005 71 34 28
104 22 283 620 271 423 464 82 26 33 49 34 28
105 23 131 445 268 87 80 22 62 28 217 35 28
106 23 222 1554 578 187 1391 147 161 40 130 35 28
107 22 278 834 188 114 184 203 234 53 38 34 28
108 22 2004 2004 2004 1176 2004 1126 583 574 248 34 28
109 22 490 2004 283 176 448 80 187 96 129 34 28
110 22 744 600 178 154 427 111 25 45 39 35 28
111 22 118 519 655 472 303 57 38 1271 25 34 28
112 23 232 165 93 79 35 270 133 28 36 35 28
113 22 1411 1142 880 1286 1188 804 26 130 249 35 28
114 23 1386 2005 2005 782 621 844 765 831 616 35 29
115 23 236 322 284 274 79 252 28 25 125 35 29
116 22 1289 1996 355 123 775 743 786 1940 200 35 28
117 23 131 555 151 205 152 34 72 76 1 34 28
118 23 516 410 283 431 653 149 66 114 60 35 28
119 22 793 1222 1222 985 335 219 55 694 28 34 28
120 22 1272 2003 923 1032 2003 395 63 284 173 35 28
121 22 1615 2005 1257 1007 1097 680 386 1167 257 34 28
122 22 517 634 1417 918 292 2004 2004 2004 107 34 28
123 22 1094 2004 1569 924 1753 435 251 729 321 35 28
124 22 1688 958 222 247 1601 2005 2005 2005 522 34 28
125 22 639 636 1568 66 206 754 577 2005 39 34 28
126 22 184 207 713 106 458 107 177 293 43 34 28
127 22 540 2004 183 156 491 28 228 120 261 34 28
128 22 421 962 306 227 238 361 146 302 135 34 28
129 22 625 2003 2003 808 2003 368 430 194 208 34 28
130 24 321 207 747 237 22 2004 2004 2004 107 36 29
131 23 386 460 646 109 366 34 1 73 27 35 29
132 22 357 395 256 127 521 29 1 38 119 34 28
133 22 1613 2004 631 507 1851 2005 2005 2005 38 34 28
134 22 1128 397 367 446 245 37 39 644 143 34 28
135 22 421 975 151 140 1306 21 53 16 97 35 28
136 23 2005 437 1595 1215 1032 2005 2005 2005 761 35 29
137 23 220 941 819 1764 1481 103 111 2005 35 35 28
138 22 340 948 1097 466 748 21 286 614 95 35 28
139 22 240 140 259 317 1248 18 15 28 7 34 28
140 23 748 379 541 77 2004 288 187 43 308 35 29
141 23 272 779 202 154 163 165 24 1354 38 35 28
142 23 153 293 234 225 392 1132 400 576 42 35 28
143 23 234 616 808 97 265 2005 794 1361 89 35 28
144 23 820 987 875 1321 298 416 345 2005 131 35 29
145 23 957 820 459 126 144 238 320 98 71 35 29
146 23 2004 743 1089 286 403 2004 2004 2004 80 35 29
147 23 279 530 224 222 754 24 40 27 64 35 29
148 22 2004 1066 2004 2005 2005 1120 599 2005 210 35 28
149 22 499 2004 1263 588 436 279 658 433 122 35 28
150 22 191 526 535 106 94 138 243 428 76 35 28
151 22 252 316 209 121 428 192 45 303 61 35 28
152 23 356 429 1022 287 527 1664 1184 2005 135 35 28
153 23 921 1299 333 238 1054 132 51 80 68 35 28
154 23 166 263 254 103 870 87 30 227 32 35 29
155 23 453 930 1750 422 626 75 183 1027 66 35 28
156 23 247 752 575 192 183 172 86 185 63 35 29
157 23 530 411 312 128 496 27 98 42 43 35 29
158 23 1090 2004 1849 871 342 155 79 341 57 35 28
159 22 217 713 83 275 571 32 33 41 79 35 28
160 22 1049 1573 2005 170 319 1757 1775 2005 38 35 28
161 23 191 261 455 954 1024 1996 344 777 247 35 28
162 23 158 491 582 408 999 279 37 41 125 35 28
163 23 138 313 306 169 276 42 29 33 14 35 29
164 23 86 142 520 224 1 2004 1587 507 247 35 28
165 23 818 345 663 363 278 638 457 660 190 35 28
166 23 445 2004 112 133 144 215 187 436 110 35 28
167 23 172 267 244 143 292 25 29 28 6 35 28
168 23 1446 1464 1717 205 2004 899 917 2004 384 35 29
169 23 868 1503 144 642 807 345 48 34 101 35 29
170 23 2004 2004 1720 2004 2004 357 452 1796 855 35 29
171 23 103 593 202 155 210 20 31 33 68 35 29
172 23 404 527 405 412 1241 623 338 86 120 35 29
173 22 2001 2001 2001 2001 2001 1118 655 2002 1236 35 29
174 23 215 2003 266 267 1905 233 153 207 75 35 28
175 22 366 2003 1140 627 1344 373 61 646 159 35 28
176 23 266 181 472 160 549 291 305 1154 24 34 28
177 23 161 471 238 77 1 197 31 28 32 35 28
178 23 283 207 723 103 232 45 313 30 1 34 28
179 23 907 758 145 95 44 271 273 841 185 35 29
180 23 298 575 141 203 183 28 36 231 125 35 29
181 23 609 1199 335 183 1471 253 52 2005 170 35 29
182 23 463 348 225 197 768 39 36 24 52 35 29
183 23 218 615 973 605 182 26 58 201 15 35 29
184 23 535 1249 1289 515 1292 979 678 1606 86 35 29
185 23 154 1112 182 401 11 707 1349 204 103 35 29
186 23 2001 2001 2001 1989 2001 2001 1289 1109 1179 35 29
187 23 147 145 1582 170 482 26 80 141 23 35 29
188 23 840 914 598 443 1796 48 62 1340 363 35 29
189 23 360 1148 338 213 476 30 46 32 10 35 29
190 23 174 692 722 345 208 131 41 29 121 35 29
191 23 270 482 470 310 393 810 202 33 1 35 29
192 32 2004 2004 2004 2004 2004 1277 686 959 257 48 41
193 23 1655 732 2004 105 145 1087 507 1430 58 36 29
194 23 2004 2004 1911 228 636 1120 755 1585 413 36 29
195 23 1602 954 1813 1957 1059 691 583 176 370 36 29
196 23 656 1444 480 142 1157 81 62 31 53 36 29
197 23 362 789 170 294 2004 689 673 667 19 35 29
198 23 566 2003 130 154 107 253 43 47 28 35 29
199 23 173 119 238 734 524 238 320 32 1 35 29
200 23 482 1177 1120 99 241 2004 2004 2004 45 35 29
201 23 175 450 311 361 94 635 56 37 16 35 29
202 23 229 553 1267 252 268 28 1 316 23 35 29
203 23 296 130 116 184 293 913 948 55 1 35 29
204 23 296 410 683 219 648 33 36 35 6 35 29
205 23 167 462 812 85 134 1711 1 36 19 35 29
206 23 286 163 302 187 1262 21 554 32 22 35 29
207 23 185 183 155 240 142 24 57 443 16 35 29
208 23 993 2003 2003 579 1771 320 125 567 281 35 29
209 23 172 727 401 81 390 29 35 134 106 35 29
210 23 199 1549 630 400 1094 33 37 31 46 36 29
211 23 113 860 166 100 642 23 16 37 20 35 29
212 23 156 673 654 134 289 32 38 36 47 36 29
213 23 1588 1749 925 1406 2004 274 274 69 552 36 29
214 23 319 588 196 90 236 27 29 38 38 36 29
215 23 308 876 852 100 223 86 30 25 252 35 28
216 24 389 338 376 212 242 362 266 155 190 37 30
217 24 1316 763 434 762 537 2005 2005 2005 170 37 30
218 23 591 217 228 124 890 24 34 29 103 36 29
219 23 165 380 224 135 140 21 39 57 4 35 29
220 23 236 573 220 324 365 27 37 20 26 35 29
221 23 145 872 90 146 93 38 72 29 34 36 29
222 23 552 260 419 948 424 25 33 35 88 36 29
223 23 523 578 1181 172 546 89 311 908 124 36 29
224 23 2004 699 325 410 2004 31 60 26 583 36 29
225 23 84 882 194 273 822 159 230 726 3 36 29
226 23 181 162 243 301 62 19 37 26 28 36 29
227 23 1964 2004 2004 1049 1838 492 598 1665 29 36 29
228 23 272 703 569 290 694 43 42 42 101 35 29
229 23 150 395 613 462 261 28 36 582 12 35 29
230 23 998 714 1201 448 1887 603 375 734 161 35 29
231 23 323 324 99 78 385 28 26 58 207 35 29
232 23 346 199 287 189 413 151 22 30 56 35 29
233 23 1089 2004 587 160 407 87 123 43 63 35 29
234 23 611 337 158 404 1217 124 211 49 185 36 29
235 23 91 657 176 215 239 179 303 64 70 36 29
236 23 727 1161 140 129 366 119 105 1681 32 35 29
237 23 735 1118 1810 171 570 998 876 1806 126 35 29
238 23 856 517 237 213 120 36 28 70 38 35 29
239 23 1154 2003 451 587 1521 23 231 581 242 36 29
240 23 361 1440 602 132 188 33 1018 334 17 35 29
241 23 1863 853 1903 1220 1702 2004 2004 2004 501 35 29
242 23 567 457 991 274 728 871 1154 1556 4 35 29
243 23 193 989 386 187 403 32 32 34 29 35 29
244 23 1616 494 1073 151 413 27 197 323 259 35 29
245 23 809 251 432 402 175 30 24 66 21 35 29
246 23 142 2003 801 285 502 34 41 499 95 36 29
247 23 957 2004 1648 1016 928 2004 847 1361 133 36 29
248 23 121 813 156 95 623 28 94 37 21 35 29
249 23 99 712 147 271 1649 29 49 28 68 36 30
250 23 249 98 109 320 220 37 38 64 1 35 29
251 23 567 2003 1587 168 989 1662 630 2005 86 35 29
252 23 292 721 1252 184 212 1026 80 812 21 35 29
253 23 955 1617 1667 1328 512 2004 1901 2004 294 35 29
254 23 2001 2001 2001 1319 590 2001 2001 2001 640 36 30
255 23 342 775 319 685 1026 323 233 598 7 36 30
256 24 191 476 192 477 446 832 1174 2005 23 35 29
257 24 268 783 282 133 281 22 32 30 10 36 30
258 23 2002 2002 2003 1490 2002 927 558 2002 452 35 29
259 23 253 188 260 298 320 48 68 458 59 35 28
260 23 206 896 420 283 122 26 39 45 7 35 29
261 23 151 443 110 166 159 46 60 24 125 36 29
262 23 528 206 304 213 795 91 31 28 37 35 29
263 23 2004 2004 2004 2004 2004 972 700 796 197 36 29
264 23 298 991 105 120 196 34 23 24 11 35 29
265 23 474 1335 575 214 396 39 1 44 1 34 29
266 23 709 1325 414 501 2004 459 219 640 245 35 29
267 23 1894 2003 1457 885 1418 2003 2003 2003 326 35 29
268 23 280 140 631 208 223 1000 341 720 19 35 28
269 23 789 2004 750 277 904 168 47 64 1 35 29
270 23 2001 1999 1906 2000 2000 2000 2000 2000 105 35 29
271 22 200 1096 915 95 128 483 187 367 37 35 28
272 23 370 458 203 107 129 26 26 644 23 35 29
273 23 216 374 433 765 720 311 191 816 5 34 28
274 23 297 1218 487 857 1457 24 66 2004 18 34 28
275 23 131 155 111 298 186 26 28 23 20 34 28
276 23 182 221 220 435 172 27 34 34 171 35 28
277 23 308 1468 854 396 1042 287 184 68 1 34 28
278 22 346 152 290 316 232 23 31 48 30 35 28
279 23 1181 414 304 877 260 144 265 193 178 35 28
280 23 1008 249 194 391 94 23 40 32 57 35 29
281 23 344 293 638 317 557 407 294 255 113 35 29
282 23 1094 523 308 393 103 30 30 222 155 36 29
283 23 155 249 184 162 119 22 34 31 30 35 29
284 23 98 482 630 398 473 56 646 233 111 35 29
285 23 484 282 494 91 162 834 265 158 23 35 29
286 23 118 935 204 96 220 25 27 34 113 36 29
287 23 498 1509 871 325 752 327 393 263 219 36 29
288 23 161 234 103 109 48 24 32 29 46 35 29
289 23 262 856 287 134 419 28 1 235 38 35 29
290 23 92 1391 215 129 275 377 614 689 51 36 29
291 23 251 254 854 140 630 290 204 130 9 35 29
292 23 960 283 203 600 450 341 166 334 95 36 29
293 23 117 855 399 188 213 23 33 30 44 36 29
294 24 375 297 256 100 316 31 116 544 162 36 30
295 23 665 2004 972 175 598 37 186 544 237 36 30
296 24 236 153 111 166 360 29 28 31 98 36 30
297 23 1094 2004 630 983 1788 447 175 49 366 36 29
298 24 125 304 252 81 1 2004 1377 33 12 36 30
299 24 731 417 1080 283 405 2004 2004 2004 29 36 30
300 23 121 331 439 317 313 78 440 41 5 36 30
301 23 2004 353 100 336 2004 223 957 1358 294 36 29
302 23 457 633 473 144 820 29 51 21 136 36 30
303 23 645 581 545 202 418 2004 2004 2004 51 36 29
304 24 232 452 146 84 369 22 17 39 49 36 30
305 24 291 1105 114 210 481 25 33 190 5 36 30
306 23 647 266 499 133 374 21 153 26 252 36 30
307 23 368 865 2003 692 1591 68 143 692 238 36 30
308 24 282 878 226 169 678 46 39 106 11 36 30
309 24 153 594 171 222 989 25 35 35 58 36 30
310 24 1051 448 248 637 818 447 169 2005 149 36 30
311 24 137 635 124 124 174 27 271 22 3 36 30
312 24 252 188 623 100 460 371 314 242 76 36 30
313 24 314 478 159 152 129 29 61 194 175 36 30
314 24 741 242 434 85 311 34 1 37 28 36 30
315 23 204 1519 626 448 919 26 41 192 95 36 30
316 24 508 735 1155 855 458 176 61 337 1 36 30
317 24 258 443 202 181 219 36 49 688 55 36 30
318 24 119 218 92 89 136 25 36 366 41 36 30
319 24 491 309 800 600 262 23 46 110 178 36 30
320 24 135 649 203 141 408 22 28 59 24 36 30
321 23 207 400 679 280 681 35 43 25 5 36 30
322 24 103 1204 647 596 275 55 46 68 60 36 30
323 24 408 398 80 333 314 32 30 657 42 36 30
324 23 2004 1588 548 540 1258 96 71 40 52 36 30
325 24 123 2004 664 379 287 563 215 31 27 36 30
326 24 2004 2004 1881 1820 2004 2005 1575 2005 913 37 30
327 24 344 549 172 428 767 25 66 31 230 36 30
328 24 285 2003 280 225 211 70 77 373 56 37 30
329 24 110 180 119 132 413 43 512 94 107 37 30
330 24 2004 2004 1872 2004 2004 638 804 86 178 37 30
331 24 355 508 460 172 390 428 171 617 32 37 30
332 24 187 277 172 231 1 380 154 26 30 36 30
333 24 215 169 231 169 97 33 30 40 42 36 30
334 24 492 688 874 775 135 568 363 315 20 36 30
335 24 260 678 169 703 254 32 31 27 99 37 30
336 24 192 2003 164 171 52 27 33 29 18 36 30
337 24 493 596 544 216 571 26 39 585 29 36 30
338 24 316 1296 1433 751 698 542 45 28 223 36 30
339 24 316 432 815 101 835 60 32 678 86 36 30
340 24 1033 666 2004 302 223 570 346 408 65 36 30
341 24 161 393 603 407 513 37 1 38 30 36 30
342 24 173 875 150 187 185 26 35 64 78 37 30
343 23 180 284 2004 437 802 2004 1917 2004 37 36 29
344 24 321 192 297 432 939 38 187 93 65 36 30
345 24 559 626 208 85 200 37 35 330 35 36 30
346 24 148 338 224 244 350 24 1 43 23 36 30
347 24 580 590 112 807 35 2004 2004 2004 192 36 30
348 24 143 559 117 235 462 596 282 30 29 36 30
349 24 704 816 148 452 848 240 32 41 45 36 30
350 24 123 243 230 783 521 434 33 212 223 36 30
351 24 228 217 221 80 241 238 46 26 43 36 30
352 24 307 1163 395 161 193 71 45 32 46 36 30
353 24 154 412 189 127 308 2005 897 1223 13 36 30
354 24 215 420 129 737 1376 25 55 33 4 36 29
355 24 240 263 238 154 161 45 37 31 50 36 29
356 23 1727 2004 522 807 871 54 54 728 95 36 29
357 23 547 1773 470 210 702 30 296 87 38 36 30
358 24 334 429 151 972 2004 26 45 24 104 36 29
359 24 100 343 303 137 477 20 34 24 121 36 30
360 24 153 163 144 129 255 21 29 32 36 36 29
361 24 1943 2003 2003 1388 2003 1872 401 1702 231 36 30
362 24 254 220 703 230 446 763 288 109 12 36 30
363 23 2004 2004 2004 685 2005 1742 919 1231 625 36 30
364 24 473 397 360 184 203 828 33 186 19 36 30
365 23 117 324 87 283 5 27 31 50 39 36 30
366 24 117 1448 330 77 185 449 501 1312 12 36 30
367 23 172 2004 958 112 223 25 58 366 28 36 29
368 23 425 1069 573 458 842 561 65 1317 107 36 29
369 24 166 1188 804 158 1364 580 214 299 30 36 29
370 23 333 738 138 413 316 57 36 42 65 36 29
371 23 2004 1195 154 473 1148 1406 674 2005 655 36 29
372 23 397 1007 737 431 459 523 528 857 54 36 30
373 24 566 1390 637 374 462 31 40 26 50 36 30
374 24 301 193 446 118 305 62 38 29 39 36 30
375 24 903 1046 582 1376 540 1186 309 827 2 36 30
376 24 297 526 88 192 254 39 35 28 45 36 30
377 24 246 177 141 91 105 35 28 834 24 36 30
378 24 209 946 212 119 293 23 35 35 16 36 30
379 24 331 2004 698 174 751 349 501 673 37 36 30
380 24 369 319 124 104 135 22 23 31 13 36 30
381 24 864 2004 502 329 237 160 250 505 41 36 30
382 24 354 491 390 121 324 93 226 2004 82 36 30
383 24 678 318 791 85 236 499 452 2004 7 36 30
384 24 715 716 245 695 258 259 609 753 64 36 30
385 24 146 879 319 110 137 23 1 68 164 36 30
386 24 735 253 119 138 297 53 102 31 22 36 30
387 24 213 342 856 361 391 410 727 171 116 37 30
388 24 258 309 1201 472 343 2004 401 2004 100 36 30
389 24 167 332 259 74 2003 495 305 358 41 37 30
390 24 168 861 334 393 358 182 157 2005 9 36 30
391 24 766 330 708 187 284 278 690 891 153 37 30
392 24 300 274 247 570 314 484 230 172 33 36 30
393 24 121 378 232 336 340 45 41 125 27 36 30
394 24 664 939 285 445 684 629 370 955 146 36 30
395 24 1434 177 702 600 708 396 114 875 163 36 30
396 24 134 625 1274 234 680 55 156 107 176 36 30
397 24 1137 1016 2003 484 2003 250 440 675 118 36 30
398 24 615 230 344 123 618 2004 227 225 321 36 30
399 24 618 272 720 203 516 49 270 51 46 36 30
400 24 159 370 279 191 563 285 60 616 125 37 30
401 24 1476 740 2003 674 705 2003 2003 2003 124 36 30
402 24 258 364 226 186 174 149 163 211 47 36 30
403 24 723 1044 871 846 604 1049 1035 2005 16 36 30
404 24 472 165 219 285 492 184 51 148 64 36 30
405 23 426 2000 192 207 615 27 42 33 5 36 29
406 24 189 1285 264 100 616 1563 1278 154 61 36 30
407 24 621 1112 1644 821 608 2004 2004 2004 108 36 30
408 24 139 214 695 448 547 233 208 316 21 36 30
409 23 219 757 938 83 150 749 1624 2005 53 36 29
410 24 1090 1559 2004 632 405 1545 919 1871 142 36 30
411 24 106 694 496 93 819 33 37 31 43 36 30
412 24 480 301 791 754 2004 333 405 313 189 36 30
413 24 294 249 119 599 1773 620 79 76 160 37 30
414 24 1022 2004 401 252 242 28 46 42 186 36 30
415 24 398 263 129 672 261 23 115 29 73 36 30
416 24 315 248 430 204 186 297 61 367 92 36 30
417 23 438 379 227 236 369 23 120 27 52 36 29
418 24 537 199 217 181 591 21 138 187 11 36 30
419 24 180 605 235 126 31 55 160 183 24 36 30
420 24 541 2004 815 709 1810 977 714 1740 68 36 30
421 23 300 259 85 81 252 174 25 34 114 36 30
422 24 249 726 388 127 151 433 129 32 46 36 30
423 23 1994 1994 1994 1994 1994 1994 1994 1994 1994 36 30
424 24 2003 670 2000 681 851 2003 2003 2003 241 36 30
425 24 337 1748 663 209 219 34 197 549 41 36 30
426 24 1453 2004 592 211 314 324 107 94 47 36 30
427 24 2005 1519 98 525 704 390 98 49 312 36 30
428 24 296 531 694 269 738 32 37 406 36 36 30
429 24 180 111 1030 842 267 24 146 34 14 36 30
430 24 196 887 429 286 34 280 35 66 80 36 30
431 24 634 1207 243 162 1417 283 53 278 36 36 30
432 24 1343 731 316 650 614 2005 2005 2005 183 36 30
433 24 238 338 392 278 247 196 173 252 9 36 30
434 24 271 153 222 95 227 253 112 459 47 36 30
435 24 1232 1479 2004 1240 749 797 395 143 118 36 30
436 24 93 143 268 231 321 43 247 35 22 36 30
437 24 232 704 214 275 432 163 129 523 235 36 30
438 24 1376 2003 1168 217 1216 1751 933 2003 267 36 30
439 24 199 456 384 156 322 110 481 540 58 36 30
440 24 564 230 176 400 263 284 721 292 4 36 30
441 23 1995 1994 1994 1995 1995 1995 1995 1995 1875 36 30
442 24 308 818 316 374 1 206 70 45 81 36 30
443 24 607 349 570 391 281 244 97 1925 160 36 30
444 23 2003 2003 1152 422 2003 1045 1832 145 512 36 30
445 24 1156 843 300 1251 352 545 76 263 26 36 30
446 24 2004 2004 2004 689 2004 1286 296 590 658 36 30
447 24 656 918 853 147 1277 674 263 35 95 36 30
448 24 862 333 492 569 913 59 119 32 125 36 30
449 24 223 629 278 117 96 30 28 50 1 36 30
450 23 249 243 266 199 168 26 198 30 40 36 30
451 24 447 991 1671 1632 1447 1624 307 93 250 36 30
452 24 377 367 430 388 185 347 274 235 13 36 30
453 23 239 497 610 173 786 27 42 68 143 36 29
454 24 236 995 382 602 258 476 686 1503 205 36 30
455 23 238 711 182 135 521 29 1 60 22 36 30
456 24 1572 2004 1967 773 2004 1000 289 1623 259 36 30
457 24 217 848 154 211 1026 23 95 190 162 36 30
458 23 2005 2005 2005 2005 2005 1080 484 1614 1372 36 30
459 24 993 1864 631 148 1141 462 288 492 1 36 30
460 24 214 189 103 105 437 244 30 33 27 36 30
461 24 247 372 518 114 272 619 251 514 98 36 30
462 24 456 334 507 230 389 80 310 1898 161 36 30
463 24 136 953 204 165 552 213 577 46 12 36 30
464 24 375 548 442 490 314 180 239 81 21 36 30
465 24 265 830 341 250 169 629 363 989 48 37 30
466 24 1777 1283 1195 318 2004 1218 1192 919 303 36 30
467 24 141 601 200 162 212 43 48 24 16 36 30
468 24 532 540 650 119 276 717 889 2005 50 37 30
469 24 402 169 549 355 959 1940 1358 2007 189 37 30
470 24 204 1352 180 175 235 30 29 26 34 37 30
471 24 1285 603 1478 1234 684 1345 717 674 168 37 30
472 24 404 254 690 475 519 43 35 159 29 36 30
473 24 336 211 240 130 325 24 23 385 8 36 30
474 24 1331 1856 622 947 1471 1428 514 466 517 37 30
475 24 392 736 695 552 2004 85 91 25 345 37 30
476 24 494 1715 692 246 570 1088 689 346 58 37 30
477 24 257 359 115 143 255 18 23 19 142 37 31
478 24 941 1216 200 241 264 70 45 473 296 37 30
479 24 728 202 582 274 248 1130 350 95 131 37 30
480 24 136 1119 570 235 350 323 216 751 109 37 30
481 24 371 219 105 246 676 29 37 30 65 37 30
482 24 321 768 92 107 912 671 724 164 112 37 30
483 24 694 2004 253 423 1127 71 381 84 201 37 30
484 24 2001 2001 2001 1859 2002 1287 597 546 457 37 30
485 24 537 705 1607 225 171 2004 2004 2004 30 36 30
486 24 365 2004 316 155 142 26 291 62 90 37 30
487 24 232 617 549 99 479 210 39 46 76 37 30
488 24 124 159 635 92 1701 60 144 25 24 36 30
489 24 1078 1178 548 257 1719 39 43 1150 36 36 30
490 24 550 2003 845 127 852 111 1 36 88 36 30
491 24 443 163 261 393 166 27 25 130 147 36 30
492 24 1380 1282 1249 535 557 127 82 30 71 36 30
493 24 97 796 257 147 237 35 37 29 98 37 30
494 24 85 442 87 148 167 29 12 30 19 36 29
495 24 2004 588 2004 584 403 2005 2005 2005 386 37 30
496 24 996 1027 557 461 1017 610 651 429 151 37 30
497 24 503 1087 2004 112 1052 390 771 54 38 37 30
498 24 2004 1163 1030 587 852 2005 2005 2005 328 37 30
499 24 601 2005 1289 500 1224 575 220 416 154 37 30
500 24 1531 1680 1479 1142 1128 727 1492 2004 115 37 30
501 24 238 271 788 93 125 1244 874 1967 1 36 30
502 24 264 1558 391 299 1645 1828 513 2004 7 36 30
503 24 159 776 278 214 174 567 37 105 68 36 30
504 24 213 192 129 136 82 27 28 123 32 36 30
505 24 332 442 660 196 98 59 251 90 17 36 30
506 24 312 776 157 621 778 66 344 1616 229 36 30
507 24 594 195 831 286 562 187 269 918 26 36 30
508 24 884 2003 1720 333 704 268 65 128 185 37 30
509 24 176 400 369 190 238 31 30 24 17 36 30
510 24 2003 1220 2003 474 2003 36 133 2003 386 36 30
511 24 208 195 218 108 315 26 30 37 45 36 30
512 24 235 171 127 114 308 53 274 316 13 36 30
513 24 962 1078 893 366 642 852 296 767 105 37 30
514 24 152 506 317 85 292 28 44 41 31 36 30
515 24 769 396 107 263 382 836 41 39 50 37 30
516 24 137 251 141 64 467 20 487 66 1 36 30
517 24 707 2004 523 189 905 194 45 77 151 37 30
518 24 102 471 206 121 149 30 45 40 14 36 30
519 24 117 396 445 246 297 50 30 140 21 36 30
520 24 299 1067 811 270 728 277 219 314 130 37 30
521 24 325 1249 315 250 2003 71 251 69 33 37 30
522 24 734 656 466 174 2003 23 47 36 126 37 30
523 24 264 401 724 208 326 416 167 737 39 37 30
524 24 364 586 165 94 156 29 25 35 165 37 30
525 24 996 316 291 260 418 382 1 85 16 36 30
526 24 335 471 249 211 1041 585 788 1129 108 37 30
527 24 532 602 234 416 494 92 64 219 103 37 30
528 24 792 388 429 2004 1508 806 51 441 217 37 30
529 24 352 667 243 75 509 26 180 72 108 37 30
530 24 166 251 146 299 399 28 35 28 23 36 30
531 24 283 358 616 105 210 24 20 30 21 36 29
532 24 487 553 651 197 1040 148 298 33 31 36 30
533 24 310 254 1095 110 19 823 783 887 34 36 30
534 24 147 708 160 125 18 25 31 26 27 36 30
535 24 556 2004 1480 964 1482 75 75 502 9 36 30
536 24 673 408 182 702 1232 160 358 36 194 36 30
537 24 467 340 443 618 688 1351 1006 1898 95 36 30
538 24 119 815 317 68 396 54 36 43 46 36 30
539 24 1631 2005 1595 985 1437 379 972 1959 234 36 30
540 24 692 444 218 149 913 685 31 141 90 36 30
541 24 237 1140 202 108 456 29 33 29 126 36 30
542 24 796 152 202 142 240 43 30 33 28 36 30
543 24 1147 1240 861 405 542 962 389 571 60 36 30
544 24 398 579 164 314 106 170 1 164 18 36 30
545 24 460 698 524 300 938 508 839 57 124 36 30
546 24 145 206 229 119 145 2004 2004 240 40 36 30
547 24 754 429 606 1109 335 551 166 806 177 36 30
548 24 867 413 152 170 1102 706 98 177 197 36 30
549 23 280 566 164 261 433 751 583 1453 86 36 30
550 23 96 395 128 128 234 21 28 23 78 36 30
551 24 1994 2004 2004 612 1212 2005 1498 1830 198 37 30
552 24 178 233 1071 165 244 442 497 2005 85 36 30
553 24 624 229 941 1550 1475 395 469 395 265 36 30
554 24 332 626 708 568 923 32 48 581 43 36 30
555 24 1679 849 1991 1058 486 2005 2005 2005 389 36 30
556 24 355 1956 2004 1162 956 1812 1303 2005 170 36 30
557 24 783 1198 457 272 693 22 252 48 42 36 30
558 24 304 297 473 279 276 2004 578 484 37 37 30
559 24 195 375 251 200 325 33 28 76 30 36 30
560 24 126 212 425 193 352 21 45 26 108 37 30
561 24 218 262 445 439 572 36 38 1760 53 37 30
562 24 1234 631 350 447 341 37 44 489 1 36 30
563 24 209 170 1465 488 385 904 777 775 47 37 30
564 24 330 285 129 370 536 29 52 26 29 36 30
565 24 711 598 715 323 631 374 29 53 59 37 30
566 24 459 1151 439 342 407 39 44 34 309 36 30
567 24 471 202 155 243 38 25 74 31 119 36 30
568 24 1875 807 526 1143 1647 594 495 357 99 37 30
569 24 301 480 287 81 1 31 84 25 48 36 30
570 24 433 647 245 767 2004 36 56 71 152 37 30
571 24 194 1744 1445 182 783 973 1357 467 64 36 30
572 24 494 1472 756 567 708 75 36 50 114 36 30
573 24 1359 916 2004 133 588 1584 71 469 48 36 30
574 24 264 713 269 118 1532 364 164 29 153 37 30
575 24 550 361 355 398 212 149 63 31 50 37 30
576 24 245 242 168 695 197 26 50 94 1 36 30
577 24 2004 843 968 1300 2004 141 365 867 395 36 30
578 24 666 2004 2004 881 1283 204 87 376 157 36 30
579 24 223 445 125 629 50 21 44 33 36 36 30
580 24 224 538 203 91 371 60 32 27 19 36 30
581 24 347 628 323 776 329 365 26 168 40 37 30
582 24 444 531 254 300 122 91 82 628 45 37 30
583 24 121 141 101 95 286 31 25 168 89 36 30
584 24 214 240 152 145 149 20 163 655 37 36 30
585 24 483 834 257 223 48 427 51 105 42 36 30
586 24 107 272 337 114 55 1112 40 182 16 36 30
587 24 411 227 569 213 268 31 498 33 49 36 30
588 24 2001 2001 2001 773 298 2001 2001 2001 358 36 30
589 24 1506 935 901 1395 2004 1643 623 2005 159 36 30
590 24 1641 578 914 900 999 44 120 183 9 36 30
591 24 572 959 707 139 764 206 29 24 17 36 29
592 24 313 1751 316 232 958 52 43 27 172 37 30
593 24 294 495 384 126 870 32 32 66 37 36 30
594 24 474 869 729 221 2004 25 44 33 154 37 30
595 24 200 430 284 143 1275 29 105 225 56 36 30
596 24 726 1348 861 209 298 72 98 1929 52 37 30
597 24 276 262 935 408 234 378 183 34 15 36 30
598 24 898 515 1409 765 1970 105 85 52 314 37 30
599 24 1350 820 737 1245 2004 1488 732 1209 223 37 30
600 24 432 1041 313 383 1830 36 44 50 76 37 30
601 24 1261 2004 1105 939 2004 370 501 94 420 37 30
602 24 191 268 117 131 177 36 32 82 9 36 30
603 24 413 502 324 189 274 111 186 36 163 36 30
604 24 2004 1337 1102 1539 1134 2005 2005 2005 409 37 30
605 24 427 143 252 119 135 26 193 399 1 37 30
606 24 2004 2004 2004 1514 2004 269 200 248 1005 37 31
607 24 502 294 361 336 363 25 27 29 26 36 30
608 24 141 356 195 106 177 26 29 29 1 36 30
609 24 186 683 112 104 132 27 39 31 110 36 30
610 24 412 359 1288 309 1410 210 206 1250 11 36 30
611 24 171 595 178 185 463 36 26 200 24 36 30
612 24 417 183 261 113 170 32 53 147 96 36 30
613 24 2004 2004 897 372 2004 1005 1131 1813 1929 37 30
614 24 536 1300 392 309 1605 73 178 71 132 36 30
615 24 245 294 486 106 472 52 197 30 63 36 30
616 24 331 412 1010 765 910 34 88 33 120 36 30
617 24 244 728 364 271 732 32 32 36 6 37 31
618 24 2004 2004 1697 993 2004 228 484 1439 152 37 30
619 24 216 263 147 232 179 29 23 29 60 36 30
620 24 1022 1583 1431 331 556 1596 591 1021 99 37 30
621 24 472 432 602 154 266 39 41 383 31 36 30
622 24 361 547 852 155 256 34 60 30 70 37 30
623 24 868 325 313 231 566 203 41 42 9 36 30
624 24 1197 2004 645 354 290 961 1184 428 288 37 30
625 24 1204 1409 1612 294 230 1025 658 417 19 36 30
626 24 2004 2004 671 649 2004 1637 1387 2004 279 37 30
627 24 1160 506 729 307 433 1728 2005 2005 435 37 30
628 24 350 530 838 237 258 125 37 1312 93 37 30
629 24 1062 2003 2003 1289 2003 261 169 2003 804 37 31
630 24 727 2004 1071 385 964 542 84 2005 564 37 30
631 24 782 322 983 228 164 194 94 429 82 37 30
632 24 804 877 329 932 660 51 303 45 193 37 30
633 24 1327 2004 2004 1405 2004 1174 1290 688 567 37 31
634 24 112 680 243 482 515 2004 1814 222 47 37 30
635 24 804 543 424 1722 653 214 60 450 89 37 30
636 24 285 1501 150 100 956 236 986 732 1 37 30
637 24 205 131 186 182 99 566 269 39 30 37 30
638 24 120 195 125 149 155 24 22 42 38 37 31
639 24 773 950 1449 196 970 171 99 32 118 37 30
640 24 1030 2003 612 367 2003 148 466 1360 279 36 30
641 24 672 1348 179 248 810 94 107 287 1 36 30
642 24 439 772 768 113 200 1434 792 2005 104 37 30
643 24 465 891 310 763 625 61 355 43 54 36 30
644 24 987 938 125 148 1281 133 67 825 98 37 30
645 24 174 350 207 259 759 107 32 252 141 37 30
646 24 1452 1560 146 1412 1096 540 620 348 173 36 30
647 24 1507 1734 1461 921 604 112 893 500 242 37 31
648 24 1565 2004 1335 910 2004 353 77 48 404 37 31
649 24 726 1384 350 267 725 191 263 2005 34 37 31
650 24 365 2004 459 113 1135 2005 1251 1961 125 37 31
651 24 2004 1491 1350 598 2004 216 1039 2004 211 37 31
652 24 204 944 693 134 310 31 95 296 189 37 31
653 24 2005 219 327 371 319 52 55 1735 169 37 30
654 24 276 1406 279 314 1014 220 851 40 91 37 30
655 24 512 943 473 809 967 320 1174 1208 128 37 30
656 24 328 168 217 155 109 57 31 68 14 36 30
657 24 1542 942 2004 1822 923 535 809 767 227 37 30
658 24 581 1461 1662 1098 320 69 100 1204 218 37 30
659 24 321 779 1304 683 613 927 1272 2005 1 36 30
660 24 222 318 397 132 183 102 295 36 18 36 30
661 24 164 271 192 305 390 421 143 1054 178 37 30
662 24 1747 2004 2004 2005 1257 1679 1793 2005 105 37 30
663 24 865 920 1500 632 522 329 401 381 135 37 30
664 24 242 180 338 744 330 163 170 1067 83 37 30
665 24 655 692 851 590 626 464 376 952 154 37 31
666 25 698 1421 681 209 247 822 509 1687 61 37 31
667 25 313 563 130 192 277 779 177 356 46 37 30
668 24 2004 2004 1312 1165 2004 2004 2004 1753 342 37 31
669 24 140 1183 307 93 336 29 185 30 6 37 31
670 24 109 283 269 192 285 28 28 32 8 37 31
671 24 629 1019 876 154 135 59 96 61 19 37 31
672 24 308 620 354 363 608 29 30 134 109 37 31
673 24 1409 2003 773 302 1494 199 226 623 311 38 31
674 24 813 939 1298 281 1147 247 262 305 120 37 31
675 25 245 964 1010 385 316 361 46 31 31 37 31
676 25 220 772 960 184 905 382 502 246 83 38 31
677 25 669 1716 394 441 710 57 37 80 114 37 31
678 25 139 302 359 79 385 234 390 83 8 37 31
679 25 546 352 210 122 202 39 1 39 65 37 31
680 25 666 209 114 306 252 459 87 2005 12 37 31
681 24 130 142 347 748 471 2004 2004 1684 76 37 31
682 25 193 478 607 641 374 16 286 97 25 37 31
683 24 123 997 768 282 235 440 198 156 6 37 31
684 24 2001 2001 2001 1321 2001 2001 2001 2001 976 38 31
685 24 246 543 251 81 847 24 146 29 1 37 31
686 24 242 194 122 159 209 20 26 28 28 37 31
687 25 251 141 243 181 32 25 1 26 16 37 31
688 25 1520 1590 620 1218 2004 88 348 719 509 37 31
689 25 556 643 1001 177 179 362 283 34 35 38 31
690 24 655 1865 1540 577 345 183 50 249 160 37 31
691 24 754 2005 480 690 502 28 53 32 146 37 31
692 24 216 265 594 362 251 49 76 141 89 37 31
693 24 241 749 519 145 414 457 169 72 29 37 31
694 24 495 401 262 110 160 195 40 55 53 37 30
695 24 1556 2003 2003 1401 2003 544 984 1366 249 37 30
696 24 127 824 94 111 77 27 41 35 22 37 30
697 24 286 661 134 98 547 189 155 119 241 37 31
698 24 218 560 842 555 500 31 89 29 79 37 31
699 24 360 531 129 304 793 362 1 314 7 36 30
700 24 848 1092 390 202 371 767 633 1384 118 37 30
701 24 1161 1773 2004 654 2004 1271 173 174 167 37 30
702 24 406 433 179 113 413 24 31 35 136 37 30
703 24 551 609 361 1189 572 32 372 2005 215 37 31
704 24 1141 744 114 324 400 261 79 535 365 37 31
705 24 723 393 582 260 1084 903 407 353 110 37 31
706 24 745 2004 356 198 345 20 60 27 190 37 30
707 24 287 355 168 435 291 23 42 48 163 37 31
708 24 293 274 282 230 247 33 168 36 115 37 31
709 24 287 361 168 296 411 24 41 1389 15 37 31
710 24 152 473 368 180 672 25 29 57 16 37 31
711 24 104 511 201 303 1130 26 25 27 40 37 30
712 24 232 1739 445 249 227 99 57 42 22 37 30
713 24 122 332 129 123 278 23 171 36 143 37 31
714 24 470 336 198 161 296 26 42 1959 111 37 31
715 24 145 1035 783 112 883 133 40 533 126 37 31
716 24 392 975 422 1019 563 30 53 28 75 37 31
717 24 164 1244 384 942 473 1007 88 107 52 37 31
718 24 327 2003 485 183 624 80 72 34 157 37 31
719 24 369 919 276 106 142 103 21 71 1 36 30
720 24 137 166 145 318 327 29 577 168 23 37 31
721 24 557 1355 643 90 910 65 44 77 131 37 31
722 24 833 814 1931 1697 24 2005 2005 2005 239 37 31
723 24 536 450 1103 295 190 664 625 1560 53 37 31
724 24 363 1802 207 215 773 166 56 219 174 37 31
725 24 359 210 216 145 478 76 50 38 18 37 30
726 24 244 147 610 210 134 557 36 27 60 37 30
727 24 1919 561 1468 235 383 2005 1912 2005 91 37 30
728 24 437 869 128 315 63 40 35 87 75 37 30
729 25 145 142 97 158 388 22 42 20 42 37 31
730 24 149 845 1349 204 284 43 56 87 14 37 31
731 24 1348 365 2004 146 28 1504 1048 2005 360 37 31
732 24 270 156 146 108 156 205 59 27 51 38 31
733 24 343 580 795 413 145 332 43 318 27 37 31
734 24 781 1510 1222 729 449 1553 290 138 193 37 31
735 24 357 604 717 578 185 43 44 27 34 37 31
736 24 491 216 317 181 229 24 36 28 31 37 31
737 24 257 335 1594 516 801 41 90 1014 17 37 30
738 24 298 221 268 154 489 25 55 57 115 37 30
739 24 323 150 899 91 582 38 237 646 16 37 31
740 24 2005 2005 2004 1372 1325 2005 2005 2005 317 37 31
741 24 121 880 117 717 572 68 68 262 114 37 31
742 24 2004 1645 1866 2004 2004 2005 2005 1306 219 37 30
743 24 181 825 225 147 173 25 724 37 44 37 31
744 24 139 986 1023 438 219 290 67 29 56 37 31
745 24 213 288 152 103 198 234 310 62 6 37 31
746 24 1226 150 135 162 769 158 50 322 108 37 31
747 24 459 1387 2004 431 615 547 682 261 114 37 31
748 24 170 953 1287 908 286 1053 1376 2005 81 37 31
749 24 86 1641 418 342 336 39 33 39 169 37 31
750 24 322 623 682 194 161 27 58 115 128 37 31
751 24 531 988 967 501 813 32 40 46 13 37 31
752 24 349 1124 679 913 1674 56 35 352 109 37 31
753 24 220 810 863 175 292 27 36 165 184 37 31
754 24 2001 2001 2001 1604 2001 2001 1139 2001 1061 38 31
755 24 1284 405 1196 1282 144 2005 2005 2005 110 37 30
756 25 203 168 248 99 283 258 79 25 35 37 31
757 24 518 2004 551 301 430 816 40 41 132 37 31
758 24 841 809 1632 1207 318 2004 2004 2004 239 37 31
759 24 385 1000 351 288 676 56 97 44 94 37 31
760 24 77 179 493 100 65 27 29 31 1 37 30
761 24 872 2004 1963 306 827 160 48 430 191 37 31
762 24 1501 2004 2004 941 833 410 168 676 74 37 31
763 24 774 470 1919 159 185 208 71 238 121 37 31
764 24 322 200 418 203 115 254 509 34 1 37 31
765 24 681 389 151 201 254 37 40 39 37 37 31
766 24 249 2004 664 627 1008 194 211 271 76 37 31
767 24 84 247 102 93 165 24 36 112 32 37 31
768 24 123 186 250 219 64 29 19 32 21 37 31
769 24 228 182 147 106 763 28 23 88 147 37 31
770 24 1999 1999 1999 1999 1999 1999 1999 1999 1456 38 31
771 24 217 614 442 229 146 35 351 71 22 37 31
772 24 474 1672 369 183 2004 296 305 33 18 37 31
773 24 278 329 757 303 200 24 31 27 34 37 30
774 24 211 1058 283 474 1235 97 436 1001 29 37 30
775 24 478 258 320 396 655 35 32 616 1 37 31
776 24 334 520 118 229 340 36 36 31 38 37 31
777 24 382 2004 123 140 991 309 55 1592 31 37 30
778 24 209 381 247 231 619 30 14 547 40 37 30
779 24 93 727 120 246 81 21 22 339 14 36 30
780 24 122 440 142 230 1325 134 208 721 1 37 31
781 24 718 1640 185 679 756 41 40 31 41 37 31
782 24 528 2003 859 407 2004 187 65 243 229 37 31
783 25 214 665 317 238 216 2005 2005 2005 75 37 31
784 24 146 139 187 137 178 28 32 34 72 38 31
785 24 147 1529 470 87 23 28 28 226 10 37 31
786 25 275 828 151 144 869 190 31 31 58 37 31
787 24 2004 2004 2004 1624 1570 836 155 352 635 37 31
788 24 870 1549 773 1270 1351 638 281 88 166 37 31
789 24 849 614 1570 626 816 2004 1827 2004 566 37 31
790 25 1054 1308 2005 945 1197 2005 1382 2005 239 37 31
791 24 1571 2004 1092 1575 589 2004 2004 2004 399 37 31
792 24 181 280 172 166 318 28 1 34 13 37 31
793 24 207 651 410 123 309 29 23 60 31 37 31
794 24 267 253 404 260 95 1976 300 452 26 37 31
795 25 214 765 252 105 385 127 1 41 4 37 31
796 24 108 169 195 198 213 29 26 217 3 37 31
797 24 260 173 734 304 220 889 269 113 67 37 31
798 25 596 292 1992 291 196 259 44 111 54 37 31
799 24 414 603 650 215 246 23 31 71 32 37 31
800 24 94 191 197 206 883 36 45 69 43 37 31
801 24 145 741 1057 297 539 648 964 470 42 37 31
802 25 264 392 676 379 405 36 51 148 19 37 31
803 25 225 849 389 315 371 273 652 1678 1 37 31
804 24 929 1382 318 1261 232 44 117 707 104 37 31
805 25 150 608 140 110 117 51 139 36 7 37 31
806 24 324 198 1668 303 153 1163 763 952 33 37 31
807 25 216 1079 558 258 2004 151 68 255 73 37 31
808 25 596 438 925 730 740 2005 1186 2005 60 37 31
809 24 1142 2004 306 465 726 26 47 45 600 38 31
810 25 202 158 367 648 253 78 53 528 31 37 31
811 25 558 168 313 387 737 40 42 24 29 37 31
812 24 260 842 1002 181 95 724 525 484 56 37 31
813 24 306 332 117 147 77 350 149 36 248 37 31
814 25 901 679 525 715 695 31 82 192 25 37 31
815 24 1652 2004 1513 927 2004 739 488 145 136 38 31
816 25 682 418 1551 418 1932 129 365 592 113 37 31
817 24 989 1558 203 286 1855 32 168 36 16 37 31
818 24 2004 2004 1745 1789 2004 1066 442 2005 746 38 31
819 24 310 574 380 150 217 43 42 150 18 37 31
820 25 248 603 385 347 114 560 229 45 48 38 31
821 24 198 942 184 99 386 55 33 30 29 37 31
822 25 1205 510 478 427 1191 866 340 2005 198 37 31
823 25 234 608 1632 106 349 1491 2005 1661 181 38 31
824 25 417 2003 263 176 233 48 99 217 320 37 31
825 25 574 1887 385 420 2004 51 52 56 121 38 31
826 24 2001 2001 2001 1484 2001 2001 1254 2001 877 37 31
827 25 412 1237 930 149 190 453 579 1102 60 37 31
828 25 421 158 1331 290 206 396 467 560 9 37 31
829 25 288 2004 371 723 627 191 363 45 90 38 31
830 25 125 195 113 145 449 23 292 987 1 37 31
831 24 1738 2005 2005 446 242 833 171 885 134 38 31
832 24 494 1405 1356 121 142 38 114 73 67 38 31
833 25 200 555 282 249 1023 242 103 133 1 37 31
834 25 221 382 193 408 338 355 102 21 31 37 31
835 24 629 1894 212 580 1874 1421 407 31 220 38 31
836 24 1779 1162 2004 234 344 2005 2005 2005 194 37 31
837 24 601 1992 301 78 564 36 40 26 157 37 31
838 25 709 1847 1088 321 1260 1245 441 304 337 38 31
839 25 2003 1203 2004 1317 829 2005 1792 2005 734 38 31
840 25 137 725 276 379 1150 185 60 31 60 37 31
841 25 2004 1928 772 770 2004 653 1100 1546 695 38 31
842 25 646 1078 548 252 164 274 244 906 157 38 31
843 24 929 771 2003 82 513 2003 2003 2003 139 37 31
844 24 128 358 453 119 220 25 16 32 3 37 31
845 25 240 570 299 150 1228 24 1 32 196 37 31
846 25 129 357 728 121 223 18 36 30 24 37 31
847 25 284 325 524 505 704 237 428 40 31 37 31
848 25 277 2003 592 274 579 361 70 223 161 38 31
849 24 260 1103 500 717 461 857 462 622 266 37 31
850 25 331 1433 705 318 440 23 35 349 1 37 31
851 25 689 223 644 276 191 817 36 61 63 38 31
852 25 133 308 159 1248 454 373 258 335 1 37 31
853 24 103 523 143 138 584 28 35 30 21 37 31
854 25 491 953 552 144 224 71 53 45 28 37 31
855 25 258 865 179 379 237 75 23 277 49 37 31
856 25 761 2004 2004 743 757 754 103 1316 152 38 31
857 24 1035 2004 873 477 974 207 67 99 174 38 31
858 25 107 296 125 178 148 28 26 1795 18 37 31
859 25 1850 1566 2004 406 1236 1875 2005 2005 376 38 31
860 25 431 407 551 147 775 29 40 262 26 37 31
861 25 152 146 367 213 104 253 575 31 105 38 31
862 25 241 1047 303 90 711 271 919 2005 133 38 31
863 25 348 181 261 192 460 289 142 194 17 37 31
864 25 169 452 127 174 1377 609 195 256 47 37 31
865 25 249 2004 747 464 793 25 52 406 38 38 31
866 25 661 1155 930 147 318 1121 412 463 164 38 31
867 24 366 2004 191 258 160 30 40 27 7 37 31
868 24 193 558 151 111 466 249 22 22 28 37 31
869 24 400 990 761 336 609 343 49 577 238 37 31
870 25 605 2004 308 220 219 30 1 38 34 37 31
871 24 1240 894 1508 2004 1120 881 264 144 215 37 31
872 24 243 1542 468 503 2004 1065 1982 2005 56 37 31
873 24 2001 2001 2001 975 2001 2001 1859 2001 375 38 31
874 24 1722 2004 1564 354 2004 571 784 301 81 38 31
875 25 193 805 293 894 16 345 203 103 64 37 31
876 25 187 155 291 98 71 28 1 39 26 37 31
877 24 108 197 195 144 369 28 35 36 20 37 31
878 25 148 1123 1221 207 244 409 539 148 69 37 31
879 25 594 840 493 187 340 129 201 312 60 37 31
880 24 610 195 217 237 1 18 52 70 118 37 31
881 25 575 534 1171 392 218 377 41 29 77 38 31
882 24 265 1697 407 470 180 615 448 444 117 37 31
883 24 493 1175 500 155 1277 38 49 308 20 37 31
884 25 188 311 763 129 276 176 105 403 28 37 31
885 25 262 203 224 184 471 282 32 26 34 37 31
886 25 122 330 600 164 26 28 32 61 50 38 31
887 24 223 170 423 169 52 34 30 264 20 37 31
888 25 659 589 603 741 162 731 1295 2005 1 37 31
889 24 1707 542 942 1457 1987 162 172 711 604 37 31
890 24 1871 2004 816 939 2004 250 95 232 221 37 31
891 24 197 742 462 180 298 25 37 429 110 37 31
892 24 744 1566 151 171 419 135 55 46 84 37 31
893 24 2001 2001 2001 1418 2001 2001 1941 610 1492 37 31
894 24 418 841 557 295 230 25 39 30 186 37 31
895 25 365 627 149 168 278 703 262 555 1 37 31
896 24 2001 2001 2001 1763 2001 2001 2001 2001 411 37 31
897 24 386 383 293 281 1221 31 30 233 51 37 31
898 24 478 176 381 111 476 692 802 2005 53 37 31
899 24 422 966 1220 1540 190 459 415 91 70 37 31
900 24 369 592 215 270 138 29 69 34 144 37 31
901 24 317 143 122 678 297 1800 2005 2005 53 37 30
902 24 96 1024 199 88 94 25 40 26 22 37 31
903 24 246 515 396 177 236 27 27 35 13 37 31
904 24 101 187 447 211 352 172 75 917 107 37 31
905 25 629 295 594 214 557 353 79 27 57 37 31
906 23 1994 1994 1994 1994 1994 1994 1994 1994 1994 35 29
907 25 683 355 708 209 113 51 593 1505 266 37 31
908 25 747 196 296 380 308 303 32 568 1 37 31
909 25 230 484 268 316 514 399 37 33 76 37 31
910 25 282 1042 450 132 318 27 30 35 30 37 31
911 25 167 168 178 97 117 28 41 75 36 38 31
912 24 2001 2001 2001 1895 2001 2001 2001 2001 1603 38 31
913 25 1166 368 1353 1208 760 1003 293 646 101 38 31
914 25 673 363 417 527 478 924 131 109 222 38 31
915 24 1223 2004 2005 679 2004 625 687 2004 427 38 31
916 25 484 230 318 93 289 24 33 106 125 38 31
917 25 1321 1864 872 159 2004 309 447 295 280 38 31
918 25 182 464 369 181 303 261 93 46 18 37 31
919 25 186 323 109 330 261 20 32 462 24 37 31
920 25 145 220 1605 189 144 1674 994 953 148 38 31
921 25 476 2004 1051 645 708 93 53 977 6 37 31
922 25 1217 1960 704 301 472 470 204 510 303 37 31
923 25 391 730 552 481 658 33 30 59 67 38 31
924 25 104 544 423 160 284 22 35 141 44 38 31
925 25 1397 1226 1513 158 871 373 451 927 79 38 31
926 25 150 290 234 359 332 26 334 22 14 37 31
927 24 801 2004 699 439 1452 41 115 63 46 37 31
928 24 235 926 280 347 314 296 203 766 43 37 31
929 25 222 643 662 98 114 418 419 310 5 37 31
930 24 133 763 250 304 99 59 53 564 46 37 31
931 24 235 436 241 1192 562 49 66 36 27 37 31
932 24 839 967 742 329 2004 328 321 1431 174 37 31
933 25 929 227 225 2004 964 2004 2004 2004 31 37 31
934 25 879 578 344 248 582 48 409 343 241 38 31
935 24 1554 2004 504 149 581 41 140 143 301 37 31
936 24 302 315 170 165 241 38 584 155 67 37 30
937 24 2001 2001 2001 1455 2001 295 1340 57 1347 37 31
938 25 1088 995 1361 430 1099 252 212 455 341 37 31
939 25 223 325 483 106 86 292 152 390 93 37 31
940 25 118 1473 488 139 189 24 1 32 40 37 31
941 24 627 959 378 489 1126 47 57 220 94 37 31
942 24 211 839 529 81 217 507 197 54 1 37 31
943 24 2004 2004 1177 531 2004 1185 1532 2005 1201 38 31
944 24 491 174 329 117 333 2005 1165 2005 396 37 31
945 24 212 702 2004 286 464 217 82 36 130 38 31
946 25 653 461 317 272 410 24 45 33 55 37 31
947 24 214 1193 619 247 732 26 167 153 54 37 31
948 24 176 1429 370 175 819 138 492 37 82 37 31
949 24 1337 2004 2004 642 1244 1313 2005 1687 212 37 31
950 24 371 724 617 152 365 745 1 154 40 37 31
951 25 2004 2004 1416 1945 2004 2004 1680 543 734 38 31
952 25 405 523 118 198 291 491 587 31 1 37 31
953 25 266 719 951 649 343 52 48 33 46 38 31
954 24 352 701 521 387 275 30 87 158 100 38 31
955 25 280 410 133 137 528 333 1125 2005 3 37 31
956 24 443 534 1397 522 651 130 62 847 40 37 31
957 25 403 306 603 237 161 1375 2005 2005 95 38 31
958 25 180 244 419 464 225 22 36 33 23 37 31
959 24 531 978 330 455 628 34 44 92 57 38 31
960 25 131 724 672 412 358 377 101 34 29 37 31
961 24 119 874 242 258 459 31 33 37 19 37 31
962 25 332 1925 621 160 448 40 17 65 83 37 31
963 24 162 786 491 272 373 198 57 29 35 37 31
964 25 211 135 244 1030 259 400 677 447 24 37 31
965 24 148 169 295 190 2005 18 65 27 24 37 31
966 24 436 542 228 133 161 27 41 29 75 38 31
967 24 341 220 1809 811 273 2004 2004 2004 1 37 31
968 25 246 1081 191 256 399 541 423 522 1 37 30
969 24 538 1128 482 135 934 30 201 32 40 37 31
970 24 920 2004 1209 937 2004 447 158 612 69 37 31
971 24 351 960 1382 943 424 457 195 93 91 37 31
972 24 713 2004 820 260 932 610 375 744 135 37 31
973 24 232 647 310 175 172 67 70 31 51 37 31
974 24 516 2004 221 451 1341 30 38 87 42 37 31
975 25 342 1728 270 311 487 102 1 140 28 37 31
976 24 257 2004 673 645 1289 442 68 279 72 38 31
977 24 244 2003 803 192 247 29 64 37 2 37 31
978 25 1611 2004 898 340 1443 1882 1524 2005 182 37 31
979 25 2005 925 430 1243 407 1511 358 507 141 38 31
980 24 533 382 428 194 327 28 32 32 23 37 31
981 24 393 494 208 364 1573 91 37 35 167 37 31
982 24 201 300 531 109 355 361 119 1358 54 37 31
983 24 494 269 417 438 124 160 45 64 149 37 31
984 24 338 331 316 128 174 33 115 181 22 37 31
985 25 316 1760 350 87 414 2004 2004 2004 1 37 31
986 25 144 192 246 124 281 28 24 33 39 38 31
987 24 2004 2004 1439 852 2004 2005 912 639 785 38 31
988 25 393 1634 880 993 601 362 107 810 43 38 31
989 24 477 190 1610 880 639 2005 2005 925 43 37 31
990 24 320 321 486 80 210 24 59 27 32 37 31
991 24 230 779 436 328 719 35 206 28 362 37 31
992 24 353 1434 306 272 354 372 178 503 71 37 31
993 24 144 1314 193 177 121 443 330 25 68 37 31
994 24 1280 2004 1015 491 2004 989 415 903 541 37 31
995 24 2001 2001 1567 1416 2001 26 1 130 146 37 31
996 25 324 979 890 168 172 311 154 38 141 37 31
997 25 768 207 251 1101 221 393 276 786 297 38 31
998 24 972 1545 432 162 1383 81 200 140 146 38 31
999 25 259 710 203 250 330 485 830 769 29 37 31
1000 25 408 572 280 1551 65 1137 120 107 15 37 31
