1 22 28 16 109 21 22 17 32 34 17 34 28
2 22 29 33 123 31 16 21 34 27 17 34 28
3 22 37 47 116 33 82 23 28 31 20 34 28
4 22 22 1 364 24 11 15 35 17 11 34 28
5 22 27 10 134 26 1 23 35 28 27 34 28
6 22 32 25 104 25 39 26 22 26 23 34 28
7 22 35 43 264 32 69 18 17 26 24 34 28
8 22 33 30 257 30 20 28 28 36 21 34 28
9 22 32 32 64 32 50 22 31 31 2 34 28
10 22 32 19 159 24 1 24 27 27 18 34 28
11 22 29 16 134 20 70 16 33 25 28 34 28
12 22 37 43 94 29 1 29 35 34 45 35 28
13 22 34 47 76 34 1 17 34 26 32 35 28
14 22 24 1 146 25 1 27 26 24 5 34 28
15 22 34 38 144 32 13 27 35 29 26 34 28
16 22 34 23 139 29 61 23 25 32 12 34 28
17 22 33 29 115 26 65 24 33 29 30 34 28
18 22 31 37 99 29 60 29 26 29 35 35 28
19 22 31 30 133 19 36 25 33 22 32 35 28
20 22 37 36 152 23 80 23 36 24 40 35 28
21 22 28 14 144 34 1 18 22 29 11 34 28
22 22 28 13 80 32 38 25 24 31 18 34 28
23 22 31 23 122 26 68 27 28 28 18 34 28
24 22 39 40 124 32 27 26 26 30 34 35 28
25 22 29 1 123 22 1 20 31 24 23 34 28
26 22 37 33 122 28 98 200 116 28 20 34 28
27 22 32 30 136 31 1 25 34 30 26 34 28
28 22 33 27 84 23 78 26 36 32 14 34 28
29 22 29 15 164 25 1 19 23 27 14 34 28
30 22 31 14 103 38 1 27 32 27 17 34 28
31 22 33 26 138 29 22 27 27 30 20 34 28
32 22 32 33 131 18 12 19 34 25 36 35 28
33 22 30 22 264 36 54 19 20 33 23 34 28
34 22 32 27 114 13 46 25 25 20 38 35 28
35 22 38 39 202 26 16 27 24 28 32 35 28
36 23 33 39 343 26 54 27 36 27 28 35 28
37 22 29 1 69 35 1 23 32 25 11 34 28
38 22 30 20 321 29 28 32 34 31 31 35 28
39 23 35 43 147 27 22 21 40 34 24 34 28
40 22 34 33 153 20 7 20 37 27 34 35 28
41 22 28 15 158 33 1 15 19 24 6 34 28
42 22 29 22 83 25 1 16 35 19 9 34 28
43 23 31 31 64 31 109 17 21 28 15 34 28
44 23 29 34 60 34 29 24 24 30 6 34 28
45 23 31 36 631 33 1 21 34 19 21 34 29
46 22 30 15 314 23 5 23 26 23 22 34 28
47 23 36 40 286 32 6 24 38 33 37 35 28
48 22 28 7 107 27 1 26 28 31 19 34 28
49 22 29 29 451 29 72 24 28 25 6 34 28
50 22 33 36 67 27 9 16 36 24 21 34 28
51 22 27 26 113 33 1 27 33 27 14 34 28
52 22 34 42 66 26 26 21 22 27 23 34 28
53 23 34 35 89 34 22 12 31 18 23 34 28
54 22 35 35 226 22 1 21 29 22 30 35 28
55 22 36 35 183 38 16 21 24 29 16 34 28
56 22 33 15 56 22 63 31 31 31 20 34 28
57 22 30 35 569 27 1 22 28 21 27 34 28
58 22 33 33 42 23 1 30 23 18 20 34 28
59 22 32 21 81 28 71 25 26 31 9 34 28
60 22 35 41 167 33 34 21 27 25 19 34 28
61 22 37 43 107 27 19 23 31 26 40 35 28
62 22 30 25 110 31 20 26 26 25 14 34 28
63 22 35 39 562 38 1 21 33 32 14 34 28
64 22 35 31 308 44 57 22 20 25 6 34 28
65 22 34 36 510 31 89 27 27 31 18 34 28
66 22 32 36 250 34 44 26 19 30 7 34 28
67 22 30 25 229 26 1 21 39 25 21 34 28
68 23 33 35 54 39 1 27 24 26 19 34 28
69 22 32 23 121 23 1 26 29 29 29 34 28
70 23 33 41 51 31 1 25 1 38 17 34 28
71 22 33 28 253 22 71 30 25 36 28 34 28
72 22 32 17 139 22 15 19 6 25 17 34 28
73 22 35 44 88 31 51 25 29 33 25 34 28
74 22 36 39 231 33 29 28 29 28 27 34 28
75 22 30 11 69 21 37 22 39 23 17 34 28
76 22 31 15 103 21 8 27 32 24 15 34 28
77 22 28 6 197 17 1 25 34 33 24 34 28
78 23 30 38 240 36 31 23 19 22 19 34 28
79 22 31 29 184 31 15 18 33 27 26 34 28
80 22 31 48 155 36 71 23 27 28 14 34 28
81 23 29 24 235 29 40 19 32 26 26 34 28
82 22 32 28 385 23 1 21 36 28 31 35 28
83 22 30 26 179 33 1 20 34 26 16 34 28
84 22 40 18 103 27 1 27 27 30 30 34 28
85 22 32 22 307 23 79 19 23 25 17 34 28
86 22 29 32 79 31 30 26 13 32 13 34 28
87 22 36 47 125 32 1 17 16 29 28 35 28
88 22 32 21 67 30 10 21 24 28 15 34 28
89 22 36 41 137 34 72 19 40 29 32 35 28
90 22 23 1 56 26 1 24 25 30 9 34 28
91 22 33 25 200 28 32 29 29 34 23 34 28
92 22 31 19 95 33 18 24 32 24 8 34 28
93 22 39 63 127 42 30 28 29 34 32 35 28
94 23 32 26 147 39 1 20 1 28 8 34 28
95 22 30 30 523 15 1 25 32 28 33 35 28
96 22 35 33 76 26 1 19 21 33 30 35 28
97 22 38 43 39 38 1 24 28 31 9 34 28
98 22 34 39 173 35 74 23 38 30 20 34 28
99 23 34 50 82 36 5 21 24 29 17 34 28
100 22 35 44 86 30 1 21 35 31 36 35 28
101 22 29 19 145 31 9 19 28 26 13 34 28
102 22 31 34 154 28 1 30 25 32 7 34 28
103 22 29 30 177 17 1 27 29 27 18 34 28
104 22 34 28 72 26 42 21 26 29 31 34 28
105 41 51 37 176 33 147 47 48 52 41 59 52
106 23 35 37 80 25 32 23 33 27 31 35 28
107 22 36 27 135 22 1 26 28 23 23 34 28
108 22 35 34 158 36 148 26 14 30 10 34 28
109 22 30 20 72 21 44 29 44 32 25 34 28
110 22 38 44 134 33 40 18 25 26 20 34 28
111 22 36 41 231 35 91 26 32 28 14 34 28
112 23 27 13 226 26 1 26 24 31 16 35 29
113 22 34 30 84 33 16 26 28 31 17 34 28
114 22 45 64 145 41 56 26 22 34 34 35 28
115 23 41 75 164 36 78 17 41 29 34 35 28
116 22 35 42 347 24 8 24 1 33 34 35 28
117 22 41 64 89 45 51 31 21 32 13 34 28
118 22 30 34 189 25 2 18 1 30 27 34 28
119 22 31 43 159 40 1 25 27 37 19 34 28
120 22 32 27 61 26 1 17 1 26 24 34 28
121 23 35 27 142 27 1 26 29 25 38 35 28
122 22 37 22 301 29 18 25 25 30 13 34 28
123 22 43 64 74 28 119 19 23 33 31 35 28
124 22 36 47 190 34 67 23 16 32 27 34 28
125 22 36 30 131 25 53 32 35 29 32 35 28
126 22 33 26 63 34 13 29 25 27 12 34 28
127 22 27 12 257 13 29 23 42 23 24 34 28
128 22 27 24 104 27 1 22 21 31 11 34 28
129 22 34 34 126 24 1 28 32 25 39 35 28
130 22 36 39 91 29 31 23 30 34 28 34 28
131 23 33 31 70 28 1 23 32 27 30 35 28
132 22 38 41 193 33 61 23 28 29 26 34 28
133 22 32 15 166 24 17 17 26 23 25 34 28
134 22 30 30 184 29 11 25 34 21 28 34 28
135 23 31 39 74 24 56 20 1 28 35 35 28
136 22 28 20 80 27 1 27 31 39 27 34 28
137 22 41 47 252 38 1 26 22 34 26 34 28
138 22 31 28 86 23 47 26 20 32 31 35 28
139 22 30 9 227 29 50 22 32 22 8 34 28
140 23 31 26 178 40 19 25 32 23 1 34 28
141 22 34 37 56 27 27 24 22 30 11 34 28
142 22 30 21 64 24 71 19 28 26 17 34 28
143 22 31 23 242 24 1 13 1 28 20 34 28
144 22 26 19 127 24 1 25 25 28 18 34 28
145 22 35 36 215 23 19 24 28 28 36 35 28
146 23 47 67 134 37 68 24 30 24 33 35 28
147 22 41 52 197 43 140 28 22 30 13 34 28
148 23 34 38 398 16 37 22 43 34 28 35 28
149 22 27 2 135 28 1 23 23 27 13 34 28
150 23 27 14 166 24 1 22 23 25 27 34 28
151 22 30 26 273 32 3 22 29 30 1 34 28
152 22 33 42 107 28 1 30 37 29 36 35 28
153 22 37 45 62 35 1 20 21 22 27 34 28
154 23 36 46 66 31 30 32 13 31 16 34 28
155 22 28 4 154 17 39 24 1 30 14 34 28
156 22 31 27 361 39 1 25 17 21 1 34 28
157 23 33 42 108 37 7 26 18 22 7 34 28
158 23 27 11 132 18 1 26 47 30 29 34 28
159 22 32 23 178 25 80 15 25 22 9 34 28
160 22 39 50 261 28 69 28 32 32 38 35 28
161 22 33 36 146 28 19 21 30 33 23 34 28
162 22 35 36 62 35 4 21 31 25 29 35 28
163 22 33 22 76 24 1 22 30 20 31 35 28
164 22 22 1 99 19 26 25 24 29 3 34 28
165 23 33 30 72 34 1 23 29 28 16 34 28
166 22 28 1 192 20 1 15 32 18 11 34 28
167 22 41 53 211 28 52 24 23 28 33 35 28
168 22 35 19 79 25 1 19 31 23 32 35 28
169 22 28 18 50 34 40 23 28 46 4 34 28
170 22 33 35 274 23 55 28 30 33 32 35 28
171 22 35 45 60 30 51 22 27 31 21 34 28
172 22 37 46 98 33 1 16 1 24 25 34 28
173 22 31 34 208 30 34 22 36 21 12 34 28
174 22 42 47 38 40 35 19 39 24 33 35 28
175 22 41 38 117 28 31 24 38 26 38 35 28
176 22 32 22 70 20 11 20 32 32 39 35 28
177 23 39 43 232 43 31 24 24 26 20 34 28
178 22 38 38 101 33 1 27 36 28 29 35 28
179 22 29 1 94 31 1 22 24 26 11 34 28
180 22 36 50 75 33 1 23 25 23 25 34 28
181 23 36 39 172 33 8 23 28 27 11 34 28
182 22 36 37 411 27 1 29 33 26 25 34 28
183 22 31 27 57 25 44 24 18 32 26 34 28
184 22 36 37 97 39 1 20 22 27 10 34 28
185 23 34 32 101 36 91 18 19 30 2 34 28
186 23 35 35 59 38 2 28 22 30 13 35 29
187 23 33 35 102 38 21 21 40 29 23 34 28
188 22 37 44 310 27 1 26 30 29 38 35 28
189 22 26 1 184 24 1 26 26 31 14 34 28
190 23 35 38 101 35 48 30 32 27 26 34 28
191 23 34 40 115 31 1 23 44 31 36 35 28
192 22 36 39 245 32 1 25 29 21 17 34 28
193 22 31 17 161 32 1 23 31 28 20 34 28
194 23 29 29 105 40 47 21 23 24 8 34 28
195 23 29 26 512 35 1 19 20 31 1 34 28
196 22 30 20 145 23 25 20 1 33 9 34 28
197 23 37 39 61 32 33 31 30 30 30 35 29
198 22 31 25 113 43 1 20 24 28 4 34 28
199 22 35 26 637 33 42 22 29 25 22 34 28
200 22 36 39 109 14 38 29 42 37 51 35 28
201 23 33 30 77 30 18 24 23 27 17 34 28
202 22 15 1 203 19 1 23 33 26 1 34 27
203 23 38 39 109 28 69 26 45 23 23 34 28
204 23 40 51 82 39 1 21 27 24 29 35 28
205 22 35 30 244 29 1 20 29 27 23 34 28
206 22 28 20 354 32 16 20 25 27 3 34 28
207 22 36 39 61 26 11 27 1 26 24 34 28
208 23 38 56 141 29 9 23 44 25 30 35 28
209 23 28 24 98 23 1 24 30 32 13 34 28
210 22 28 1 55 23 1 24 27 23 1 34 28
211 22 25 18 116 26 26 26 23 32 21 34 28
212 22 38 48 332 29 35 28 14 29 27 34 28
213 22 30 31 183 33 16 27 28 26 23 34 28
214 22 32 15 118 32 20 24 19 27 10 34 28
215 23 34 39 103 23 1 23 27 29 35 35 28
216 22 30 37 163 39 1 23 27 26 1 34 28
217 22 24 1 167 21 39 17 22 25 1 34 28
218 22 26 12 163 22 38 25 31 32 17 34 28
219 22 31 13 147 26 18 25 28 25 21 34 28
220 22 36 38 1210 18 1 20 38 27 30 35 28
221 23 29 23 70 21 1 21 44 27 31 35 28
222 22 33 40 141 29 1 25 19 25 16 34 28
223 22 35 44 108 31 30 30 41 34 25 34 28
224 22 29 15 136 29 17 22 31 27 17 34 28
225 22 36 35 70 41 54 17 29 30 6 34 28
226 22 21 1 167 18 24 26 10 30 4 34 28
227 22 30 1 175 36 1 19 15 26 4 34 28
228 22 27 10 155 18 29 16 20 31 2 34 28
229 22 30 24 66 24 27 25 20 22 24 34 28
230 22 36 47 111 31 71 21 29 26 18 34 28
231 22 35 55 112 33 1 26 37 27 24 34 28
232 22 24 1 86 24 1 26 1 30 6 34 28
233 22 34 37 94 28 114 33 30 39 28 35 28
234 23 28 30 64 24 1 21 39 20 30 35 28
235 22 31 26 164 31 41 24 26 27 6 34 28
236 22 32 28 78 34 96 18 17 29 14 34 28
237 22 35 29 130 23 4 31 33 29 46 35 28
238 22 33 32 115 39 68 25 20 26 1 34 28
239 23 38 38 122 43 15 25 22 39 29 35 28
240 22 31 32 162 37 121 19 29 32 11 34 28
241 22 34 31 179 31 34 14 19 26 9 34 28
242 22 32 24 138 26 106 24 38 27 16 34 28
243 22 24 1 86 25 1 21 22 30 17 34 28
244 23 35 36 87 41 1 29 26 31 32 35 28
245 22 31 1 394 31 10 19 52 27 22 34 28
246 22 22 1 116 26 12 29 26 26 11 34 28
247 22 34 23 116 20 63 23 27 26 26 34 28
248 22 32 37 165 31 1 25 33 32 29 35 28
249 22 40 61 59 33 30 25 18 26 30 35 28
250 23 41 54 109 41 1 23 27 24 17 34 28
251 22 32 49 114 33 130 26 27 29 7 34 28
252 22 30 21 109 23 18 26 29 21 31 35 28
253 22 37 32 192 32 1 29 25 29 20 34 28
254 23 31 23 100 22 7 18 20 29 15 34 28
255 22 35 35 116 37 8 23 23 22 18 34 28
256 22 32 29 190 36 1 13 29 24 22 34 28
257 22 33 9 208 24 1 23 34 26 35 35 28
258 22 34 36 78 34 53 17 24 27 13 34 28
259 23 33 47 71 31 1 23 29 24 23 34 28
260 22 32 35 132 33 1 25 31 27 24 34 28
261 22 29 17 174 21 6 31 40 29 36 35 28
262 22 20 1 86 22 1 14 1 26 2 34 28
263 22 23 1 138 15 2 23 12 28 12 34 28
264 23 36 36 155 29 23 25 23 29 34 35 28
265 22 37 43 140 39 1 28 26 27 33 35 28
266 23 39 64 157 41 61 21 25 31 23 34 28
267 22 39 32 175 37 1 28 38 27 29 35 28
268 23 45 69 65 43 1 24 23 25 27 34 28
269 22 30 34 186 29 48 21 23 28 5 34 28
270 22 39 47 438 27 85 22 23 27 25 34 28
271 22 32 42 151 36 119 23 31 27 23 34 28
272 22 33 37 54 36 1 22 24 16 1 34 28
273 22 32 37 203 34 1 21 19 22 10 34 28
274 22 32 37 137 23 23 29 35 33 33 35 28
275 23 37 36 92 36 132 31 25 39 17 34 28
276 22 37 40 191 26 29 25 34 24 8 34 28
277 22 34 47 87 36 1 19 18 26 8 34 28
278 22 31 23 126 17 22 28 35 27 39 35 28
279 22 33 26 117 26 15 24 36 29 35 35 28
280 22 31 28 210 27 1 24 41 24 35 35 28
281 22 32 26 198 35 20 25 23 31 22 34 28
282 22 41 57 127 35 93 30 33 34 32 35 28
283 22 43 65 66 42 1 26 21 32 29 35 28
284 22 41 52 437 28 30 23 29 29 31 34 28
285 22 35 33 60 30 1 20 34 30 22 34 28
286 22 32 41 136 27 36 24 18 30 16 34 28
287 22 29 8 185 22 13 19 40 21 27 34 28
288 22 31 19 303 22 55 25 31 29 29 34 28
289 22 38 35 145 36 91 24 26 32 25 34 28
290 22 33 45 106 32 101 25 21 28 8 34 28
291 22 32 43 109 22 63 18 18 23 17 34 28
292 23 35 37 272 28 63 24 32 28 32 35 29
293 23 39 57 132 31 26 29 1 39 26 34 28
294 22 33 23 73 30 93 18 34 28 14 34 28
295 23 39 48 145 35 7 32 38 37 51 35 28
296 23 31 19 163 20 1 20 33 27 30 35 29
297 22 32 31 139 28 1 23 31 26 22 34 28
298 22 29 36 70 26 1 26 20 27 1 34 28
299 22 27 16 114 25 1 28 31 31 22 34 28
300 23 35 37 237 31 125 25 26 31 28 35 28
301 22 34 35 115 43 146 22 29 30 3 34 28
302 22 29 7 97 27 15 24 17 29 23 34 28
303 22 36 44 180 26 92 25 1 30 33 35 28
304 22 31 18 212 28 1 25 40 29 32 35 28
305 22 28 21 56 29 1 26 21 25 1 34 28
306 22 26 1 69 31 1 30 26 35 23 34 28
307 22 35 34 132 27 1 25 25 26 29 35 28
308 23 40 44 75 36 1 31 26 32 21 34 28
309 22 33 46 66 16 93 18 32 21 33 35 28
310 22 34 31 109 20 1 26 33 38 33 35 28
311 22 31 25 190 34 42 19 27 25 3 34 28
312 22 29 19 117 26 12 24 20 22 10 34 28
313 22 32 24 201 26 58 17 1 30 18 34 28
314 22 35 41 132 28 7 25 22 25 22 34 28
315 22 40 49 104 42 109 26 21 29 13 34 28
316 22 26 8 99 26 1 13 43 25 14 34 28
317 22 34 35 101 28 11 26 32 23 28 35 28
318 22 34 31 115 29 1 23 24 25 31 35 28
319 22 28 21 69 27 39 27 30 33 27 34 28
320 22 35 31 115 34 19 20 26 29 16 34 28
321 23 34 28 115 36 1 19 24 23 25 34 28
322 22 31 34 292 18 12 16 28 25 22 34 28
323 22 35 47 70 36 65 23 16 29 18 34 28
324 22 26 26 72 24 5 24 33 31 26 34 28
325 22 39 40 101 36 39 25 26 27 37 35 28
326 23 42 45 195 40 1 24 28 31 32 35 29
327 23 34 36 167 29 1 21 26 28 20 34 28
328 22 33 38 133 25 1 24 33 24 16 34 28
329 22 37 37 128 32 1 25 32 26 30 35 28
330 22 35 40 235 38 124 22 25 25 2 34 28
331 23 31 18 108 34 4 24 49 28 9 34 28
332 22 31 1 119 17 107 29 23 26 12 34 28
333 23 36 35 65 38 1 24 19 32 13 34 28
334 22 25 1 152 27 1 19 25 29 1 34 28
335 23 35 40 54 32 7 22 22 28 10 34 28
336 22 26 31 113 31 37 26 30 24 14 34 28
337 22 36 39 127 31 9 27 33 27 27 35 28
338 22 31 32 162 41 1 24 31 23 10 34 28
339 22 32 38 85 28 14 21 34 23 26 34 28
340 22 34 35 145 34 1 22 35 29 34 35 28
341 22 34 39 94 36 51 26 1 35 28 34 28
342 23 32 28 131 28 26 26 29 29 31 34 28
343 23 38 37 122 37 112 29 18 42 27 34 28
344 22 32 30 64 31 10 20 42 23 15 34 28
345 22 38 25 135 30 46 27 22 26 13 34 28
346 22 34 34 60 28 72 23 34 24 24 34 28
347 23 44 72 79 37 56 26 42 35 28 35 28
348 22 27 20 64 22 1 26 35 27 28 34 28
349 22 28 20 95 30 1 26 22 26 19 34 28
350 22 37 28 64 32 50 25 26 28 24 34 28
351 22 29 19 88 30 11 19 5 24 6 34 28
352 22 42 39 128 34 29 28 31 31 30 35 28
353 22 34 35 146 29 51 23 20 27 14 34 28
354 22 37 30 126 33 1 23 30 22 23 34 28
355 22 30 22 112 33 39 21 34 26 15 34 28
356 23 37 33 67 44 8 24 29 24 11 34 28
357 22 26 8 183 19 37 28 27 25 20 34 28
358 22 32 40 235 35 1 21 20 32 5 34 28
359 23 30 26 85 31 21 28 37 32 16 34 28
360 22 36 45 125 27 28 19 24 21 20 34 28
361 22 28 14 104 14 1 25 25 18 19 34 28
362 22 24 6 66 26 18 25 31 33 17 34 28
363 23 32 32 81 26 20 24 25 25 34 35 28
364 22 35 38 166 29 26 19 26 30 14 34 28
365 22 35 45 133 34 1 16 23 23 13 34 28
366 22 28 13 184 21 48 25 24 29 19 34 28
367 22 34 30 171 31 20 18 31 26 28 34 28
368 22 32 48 112 37 1 23 26 29 20 34 28
369 22 23 1 118 23 1 25 17 28 9 34 28
370 22 38 40 134 31 90 19 30 26 19 34 28
371 22 42 70 74 43 1 20 33 28 34 35 28
372 23 33 24 76 19 1 24 25 24 26 35 29
373 22 31 29 179 33 14 17 20 26 11 34 28
374 22 35 43 60 45 1 23 31 37 23 34 28
375 22 35 44 201 33 1 26 1 25 23 34 28
376 22 32 38 216 42 1 23 23 31 7 34 28
377 22 32 25 73 26 110 25 29 30 23 34 28
378 22 26 1 137 16 37 19 26 30 17 34 28
379 22 33 30 64 34 119 22 32 26 18 34 28
380 22 32 32 61 34 2 24 32 26 17 34 28
381 22 39 59 292 37 1 28 22 32 23 34 28
382 22 31 30 210 42 15 20 26 23 10 34 28
383 22 40 40 95 33 67 16 38 29 27 34 28
384 22 30 25 144 35 31 18 31 26 23 34 28
385 22 37 53 30 35 71 14 39 27 27 34 28
386 22 39 42 86 31 113 20 29 27 26 34 28
387 22 29 24 65 32 32 21 1 33 10 34 28
388 22 28 33 70 32 1 25 24 24 13 34 28
389 22 32 34 65 30 19 20 33 29 31 35 28
390 22 35 35 54 40 76 26 24 28 13 34 28
391 22 29 18 64 24 4 20 28 22 27 34 28
392 22 30 20 170 29 8 23 23 21 8 34 28
393 22 41 55 119 41 1 17 31 23 30 35 28
394 22 30 25 67 28 1 26 31 34 22 34 28
395 22 33 39 173 17 62 21 32 26 33 35 28
396 23 33 36 96 30 52 27 20 25 18 34 28
397 22 35 32 79 41 74 24 22 24 8 34 28
398 23 38 49 92 36 1 30 20 30 18 34 28
399 23 33 28 199 31 1 25 46 31 18 34 28
400 22 34 28 157 23 1 24 36 24 27 34 28
401 22 33 41 82 34 94 25 29 35 14 34 28
402 23 29 22 303 26 1 22 27 30 27 34 28
403 23 40 63 121 32 96 21 32 28 30 35 28
404 22 33 29 77 33 26 23 32 23 17 34 28
405 22 32 1 150 33 1 24 1 32 13 34 28
406 23 31 25 86 28 66 19 25 23 18 34 28
407 23 34 42 132 24 35 24 38 28 41 35 28
408 22 31 25 71 22 132 23 7 36 26 34 28
409 22 30 25 75 37 1 21 33 21 11 34 28
410 22 40 64 94 36 7 23 26 29 25 34 28
411 22 41 48 59 41 144 28 21 29 21 34 28
412 22 34 23 371 37 53 24 25 27 6 34 28
413 22 36 41 176 41 12 25 21 27 8 34 28
414 22 33 34 50 35 79 18 25 28 8 35 28
415 22 26 1 341 21 1 16 24 22 13 34 28
416 22 27 18 238 27 34 27 1 38 10 34 28
417 22 43 41 88 30 1 18 27 30 35 35 28
418 22 32 22 150 19 74 22 25 23 30 35 28
419 22 37 39 126 30 77 30 29 32 16 34 28
420 22 25 22 174 25 1 20 23 25 12 34 28
421 22 45 51 184 34 64 27 37 25 32 35 28
422 22 27 19 85 19 33 23 32 22 32 35 28
423 22 29 14 73 26 1 28 38 27 24 34 28
424 22 30 8 106 32 1 14 1 20 20 34 28
425 22 34 30 53 26 1 26 41 31 32 35 28
426 22 33 18 75 30 21 27 8 36 17 34 28
427 22 32 20 147 34 9 21 1 23 9 34 28
428 22 38 56 160 42 1 19 36 35 33 35 28
429 22 28 32 143 25 35 20 35 26 30 35 28
430 22 31 26 105 29 1 24 40 29 19 34 28
431 22 35 22 465 19 18 25 30 28 27 34 28
432 22 32 29 60 33 5 15 28 29 24 34 28
433 22 31 21 194 32 1 22 20 26 4 34 28
434 22 27 14 288 33 55 20 31 29 15 34 28
435 22 32 28 157 40 75 25 1 34 11 34 28
436 22 29 30 125 33 95 30 31 37 22 34 28
437 22 24 1 164 31 63 24 26 28 9 34 28
438 22 38 51 435 33 93 21 22 24 23 34 28
439 23 30 27 55 33 4 15 28 26 13 35 29
440 22 34 36 112 39 129 22 24 24 9 34 28
441 22 28 24 91 37 1 24 36 21 12 34 28
442 22 35 34 106 28 1 194 28 26 33 35 28
443 22 32 34 96 37 14 23 24 23 9 34 28
444 22 28 18 236 26 8 29 34 40 24 34 28
445 22 37 44 297 37 1 18 29 25 23 34 28
446 22 27 23 192 31 43 27 37 24 24 34 28
447 22 31 24 359 34 45 18 25 27 1 34 28
448 22 30 24 100 38 40 23 28 25 9 34 28
449 22 36 51 153 32 60 25 25 28 22 34 28
450 23 36 29 130 29 34 19 25 24 14 34 28
451 22 31 25 204 36 59 21 21 24 6 34 28
452 22 30 23 475 36 65 25 28 31 28 34 28
453 22 35 33 130 39 15 21 26 35 11 34 28
454 22 31 28 148 35 1 26 1 34 14 34 28
455 22 32 24 65 40 1 15 15 28 7 34 28
456 22 37 38 128 26 35 32 27 27 36 35 28
457 22 28 12 88 15 1 25 32 29 26 34 28
458 22 43 48 121 37 61 29 30 35 28 35 28
459 22 33 25 92 37 13 26 36 30 24 34 28
460 22 35 32 87 35 1 25 22 48 12 34 28
461 22 36 31 109 43 71 23 22 27 2 34 28
462 22 22 1 113 23 11 26 21 26 1 34 28
463 22 32 37 153 34 57 18 27 25 24 34 28
464 23 35 37 159 35 60 20 25 29 16 34 28
465 23 34 50 75 31 1 23 26 29 35 35 28
466 22 33 30 118 26 1 22 31 24 30 35 28
467 22 27 18 197 32 9 21 24 29 1 34 28
468 22 27 1 217 26 145 19 20 47 10 34 28
469 22 34 35 223 29 30 13 20 32 31 35 28
470 22 35 27 69 36 120 28 12 37 17 34 28
471 22 37 37 81 29 1 25 34 23 33 35 28
472 22 34 51 163 38 38 15 24 29 13 34 28
473 22 31 25 69 27 50 22 25 22 13 34 28
474 22 30 22 92 24 37 27 26 30 14 34 28
475 23 32 30 140 23 1 23 33 30 34 35 28
476 23 31 23 141 27 57 26 32 36 30 35 28
477 22 28 22 68 33 1 22 25 24 6 34 28
478 22 32 37 175 31 1 23 28 25 25 34 28
479 22 33 24 171 38 1 26 26 21 6 34 28
480 22 27 11 172 32 1 19 27 28 9 34 28
481 22 35 31 98 38 13 26 28 27 13 34 28
482 22 28 5 195 20 1 18 23 30 20 34 28
483 22 28 1 104 23 1 27 27 27 7 34 28
484 22 32 25 515 28 62 15 31 27 12 34 28
485 22 27 16 238 28 1 25 30 22 19 34 28
486 23 27 23 147 22 2 20 33 25 21 35 29
487 23 39 54 157 42 1 25 226 25 33 35 29
488 23 32 32 146 19 1 25 41 30 39 35 29
489 22 27 11 115 13 1 19 17 23 9 34 28
490 22 26 14 116 26 15 22 30 32 25 34 28
491 22 28 21 57 23 18 22 28 23 9 34 28
492 22 38 36 283 28 70 21 29 23 34 35 28
493 22 28 30 111 29 1 14 1 29 17 34 28
494 22 39 43 102 28 52 21 30 30 41 35 28
495 22 34 32 221 26 34 25 22 27 29 35 28
496 22 28 24 304 25 12 28 27 32 21 34 28
497 22 35 34 263 29 35 21 28 29 11 34 28
498 22 32 21 83 35 1 18 31 23 16 34 28
499 23 33 33 199 34 40 29 21 33 24 34 28
500 22 27 16 198 24 14 14 20 24 33 35 28
501 22 31 13 129 16 1 16 27 31 10 34 28
502 23 33 44 99 36 48 22 33 32 23 34 28
503 22 33 41 119 33 44 21 29 28 23 34 28
504 23 32 37 83 33 1 25 30 26 20 34 28
505 23 35 22 203 20 17 20 35 29 37 35 28
506 22 30 23 99 22 10 16 32 22 24 34 28
507 22 24 8 133 25 1 22 25 29 22 34 28
508 23 39 40 79 23 7 26 33 31 49 35 28
509 23 43 65 66 43 1 22 35 19 20 34 28
510 23 38 48 114 30 10 27 26 30 31 35 28
511 23 39 44 63 37 92 17 25 26 25 34 28
512 23 33 28 127 28 1 17 28 24 8 34 28
513 22 28 20 213 26 62 25 33 32 21 34 28
514 22 33 28 103 36 1 21 27 28 20 34 28
515 22 31 20 121 26 39 23 30 29 12 34 28
516 22 30 5 104 20 36 20 20 30 20 34 28
517 22 27 18 145 21 1 19 28 21 29 34 28
518 22 30 27 134 26 1 23 22 30 8 34 28
519 22 34 39 212 34 1 24 37 27 16 34 28
520 22 33 36 125 33 1 18 12 26 27 35 28
521 22 27 20 63 20 6 23 30 27 19 34 28
522 22 35 29 124 31 9 26 24 27 20 34 28
523 22 31 20 110 26 59 22 26 26 18 34 28
524 22 31 28 270 22 32 17 26 26 10 34 28
525 23 33 49 129 34 13 29 26 31 21 34 28
526 22 33 48 111 42 1 27 24 33 21 34 28
527 23 37 40 98 33 61 30 24 30 28 35 28
528 22 35 30 114 35 59 23 26 23 15 34 28
529 22 28 25 58 39 1 20 20 25 1 34 28
530 22 32 32 100 31 63 26 18 22 10 34 28
531 23 34 39 126 26 1 23 29 24 27 35 29
532 22 26 15 349 20 1 24 32 25 32 35 28
533 23 33 35 131 29 72 23 28 21 13 34 28
534 22 30 1 63 24 1 17 21 19 1 34 28
535 22 31 9 69 31 1 21 21 26 24 34 28
536 22 32 30 125 30 1 27 35 34 22 34 28
537 22 35 26 116 24 95 29 49 29 25 34 28
538 22 33 40 105 21 82 28 19 31 26 34 28
539 23 37 48 93 37 1 28 26 26 25 34 28
540 22 29 17 56 18 1 25 35 27 36 35 28
541 22 24 12 149 21 18 16 21 29 18 34 28
542 22 38 46 106 38 1 25 52 31 27 34 28
543 23 34 36 77 26 10 27 26 24 21 34 28
544 22 31 35 164 27 1 20 23 28 27 34 28
545 22 27 22 80 32 1 17 33 24 27 34 28
546 22 30 24 86 24 1 20 36 23 35 35 28
547 22 35 40 65 31 20 30 24 37 24 34 28
548 22 34 27 1003 26 4 29 30 41 31 35 28
549 22 30 32 78 33 1 24 25 24 7 34 28
550 22 42 67 75 38 96 25 26 25 34 35 28
551 23 34 50 329 25 44 21 44 26 19 34 28
552 23 34 32 146 38 71 24 22 29 1 34 28
553 22 33 26 238 19 23 31 30 30 40 35 28
554 22 37 35 105 30 20 23 24 27 21 34 28
555 22 39 30 102 33 1 25 29 28 14 34 28
556 23 34 35 65 34 42 23 37 25 10 34 28
557 23 31 29 84 38 75 23 16 31 1 35 29
558 23 33 23 169 24 57 33 33 29 21 34 28
559 23 35 40 128 26 9 18 26 22 22 34 28
560 22 32 36 183 40 80 22 21 35 5 34 28
561 23 32 27 63 34 7 20 15 33 13 34 28
562 22 31 16 263 12 19 28 36 31 45 35 28
563 23 32 40 177 38 1 29 34 32 29 35 28
564 22 27 2 79 27 72 19 7 29 20 34 28
565 22 34 36 175 34 28 26 30 27 41 35 28
566 22 37 53 150 41 1 21 42 24 39 35 28
567 22 32 14 66 37 15 20 23 28 18 34 28
568 22 25 1 172 25 88 18 27 20 1 34 28
569 22 41 51 90 28 99 24 35 25 40 35 28
570 23 33 32 58 37 116 23 29 30 15 34 28
571 22 25 17 811 33 14 18 26 28 1 34 28
572 22 30 28 176 44 77 18 22 28 3 34 28
573 22 28 8 172 29 1 29 25 33 9 34 28
574 22 30 28 507 31 1 26 32 19 32 35 28
575 22 33 20 163 34 1 23 33 29 30 35 28
576 22 28 7 131 19 36 21 25 23 17 34 28
577 22 27 1 116 9 46 20 31 20 8 34 28
578 23 37 49 946 32 1 29 42 29 30 35 29
579 23 28 18 170 24 1 20 29 22 18 34 28
580 22 24 3 79 33 1 25 22 33 6 34 28
581 22 32 30 133 18 1 27 31 27 43 35 28
582 22 31 25 106 32 1 25 15 30 17 34 28
583 22 42 42 126 30 1 24 16 25 33 35 28
584 23 31 31 91 25 1 23 37 22 31 34 28
585 39 44 33 476 28 31 52 63 49 66 56 49
586 22 28 15 94 26 1 24 40 29 23 34 28
587 22 27 13 63 37 1 18 26 30 16 34 28
588 22 21 1 146 20 1 30 33 34 13 34 28
589 22 34 45 180 29 1 26 28 30 36 35 28
590 22 28 27 120 26 1 20 23 28 29 34 28
591 23 36 46 64 49 1 22 21 35 8 35 28
592 22 38 32 138 31 83 17 27 29 13 34 28
593 22 35 34 136 29 21 21 28 28 19 34 28
594 23 28 11 180 36 76 14 27 21 1 35 29
595 22 34 45 90 26 61 26 17 25 31 35 28
596 23 41 54 202 42 4 307 45 21 21 34 28
597 22 35 33 458 21 35 23 39 26 36 35 28
598 22 26 1 147 18 1 25 22 32 20 34 28
599 23 36 41 149 31 39 28 29 27 14 35 29
600 22 37 69 51 42 1 17 23 24 20 34 28
601 23 39 52 58 33 1 24 27 29 23 34 28
602 22 34 41 337 40 1 22 27 30 22 34 28
603 22 33 45 85 27 1 30 27 33 39 35 28
604 22 29 12 319 23 45 28 34 45 30 35 28
605 22 32 37 185 39 1 25 32 31 25 34 28
606 22 32 25 129 32 40 21 26 28 7 34 28
607 22 36 27 63 31 1 21 30 23 31 35 28
608 22 36 29 93 28 63 22 1 29 5 34 28
609 23 34 53 310 28 1 21 32 23 25 35 29
610 22 28 33 88 22 41 23 23 28 22 34 28
611 22 33 36 154 25 1 28 43 31 37 35 28
612 22 32 26 147 34 1 17 25 25 32 35 28
613 23 47 70 233 46 108 28 27 29 27 34 28
614 22 38 54 109 42 1 19 26 30 17 34 28
615 22 34 31 185 36 18 21 25 29 10 34 28
616 22 38 23 111 20 91 24 22 23 27 34 28
617 22 33 34 85 25 1 25 32 25 20 34 28
618 22 29 27 171 30 18 20 26 29 13 34 28
619 22 32 22 73 27 48 22 37 24 36 35 28
620 22 36 32 137 20 53 24 29 34 38 35 28
621 22 30 30 113 27 87 16 23 18 11 34 28
622 22 28 20 55 27 8 24 25 28 18 34 28
623 23 41 60 117 43 1 26 25 33 24 34 28
624 22 30 29 124 29 24 26 34 31 30 34 28
625 22 30 15 143 30 21 26 31 33 6 34 28
626 22 36 46 98 28 101 21 30 25 36 35 28
627 22 32 24 65 36 1 22 33 28 24 34 28
628 22 34 44 48 32 17 27 23 32 35 35 28
629 22 33 33 124 43 1 22 28 28 15 34 28
630 22 34 35 49 32 38 23 20 24 3 34 28
631 22 31 29 92 28 100 22 33 36 24 34 28
632 23 28 24 108 21 48 29 51 33 30 35 28
633 22 36 43 114 35 1 24 40 25 22 34 28
634 22 28 5 94 25 13 23 25 31 16 34 28
635 22 28 24 137 27 47 23 21 32 17 34 28
636 22 31 35 211 21 23 22 37 24 35 35 28
637 22 35 33 70 39 61 18 38 25 6 34 28
638 23 35 50 231 34 12 24 25 30 19 34 28
639 22 32 26 137 27 1 26 38 28 39 35 28
640 22 36 44 222 41 9 19 24 30 1 34 28
641 22 30 22 111 27 23 24 31 25 1 34 28
642 22 29 23 210 33 3 16 23 17 8 34 28
643 23 34 35 85 26 80 25 32 26 31 35 28
644 22 27 22 92 23 14 26 35 31 30 35 28
645 23 33 44 56 28 39 17 32 17 23 34 28
646 22 37 42 49 32 7 21 25 28 32 35 28
647 23 35 35 205 35 1 23 30 23 20 34 28
648 22 29 15 261 27 7 24 33 28 29 34 28
649 23 38 50 141 34 48 21 6 26 28 35 29
650 22 31 25 82 31 100 21 29 30 20 34 28
651 23 25 24 250 33 1 22 20 21 5 34 28
652 23 33 35 138 28 1 22 1 33 26 34 28
653 22 34 35 64 36 5 29 20 29 19 34 28
654 22 28 29 146 30 5 23 24 29 10 34 28
655 22 41 39 747 33 25 25 36 26 30 35 28
656 22 33 24 145 26 1 26 35 34 27 34 28
657 22 33 25 104 19 8 18 40 24 36 35 28
658 22 28 6 198 34 1 16 30 29 6 34 28
659 22 36 37 68 41 8 23 20 30 1 34 28
660 22 33 23 125 20 60 24 30 25 34 35 28
661 23 33 54 69 42 1 21 33 32 21 34 28
662 22 29 1 689 24 1 24 31 24 9 34 28
663 22 26 13 172 30 4 18 23 27 1 34 28
664 22 33 26 116 37 4 27 20 30 5 34 28
665 23 29 32 80 36 19 18 1 28 7 34 28
666 22 36 32 176 36 1 22 30 27 24 34 28
667 22 32 29 87 35 1 15 28 26 15 34 28
668 23 35 44 130 27 71 22 21 26 32 35 28
669 22 22 1 169 14 4 18 1 32 7 33 28
670 22 33 30 184 35 35 20 29 29 1 34 28
671 22 35 32 56 33 52 19 30 26 23 34 28
672 22 28 13 94 24 45 24 27 31 11 34 28
673 22 29 27 196 27 27 21 16 29 19 34 28
674 22 32 26 190 29 3 20 46 32 31 35 28
675 22 35 32 157 31 1 31 32 21 25 34 28
676 22 38 48 54 40 86 24 27 26 4 34 28
677 22 34 40 272 32 1 18 23 23 17 34 28
678 22 33 22 244 29 1 25 24 30 27 34 28
679 22 33 30 84 35 93 17 21 29 9 34 28
680 22 33 30 175 42 1 24 1 40 23 34 28
681 22 30 30 90 27 34 17 26 32 25 34 28
682 22 27 17 58 12 1 18 36 29 34 35 28
683 22 26 11 95 22 5 24 33 23 6 34 28
684 22 37 32 151 31 105 24 39 29 33 35 28
685 22 34 25 73 25 1 21 33 26 19 34 28
686 22 31 23 201 28 31 27 32 28 20 34 28
687 22 21 1 161 11 1 15 31 21 19 34 28
688 22 31 18 151 20 24 26 37 24 17 34 28
689 22 33 35 71 43 1 27 32 34 19 34 28
690 22 33 27 330 31 1 20 21 27 9 34 28
691 22 35 40 362 36 1 28 28 33 15 34 28
692 22 26 1 128 25 14 29 28 29 14 34 28
693 22 32 29 88 20 2 19 36 24 26 34 28
694 22 29 15 91 29 93 27 20 24 11 34 28
695 22 31 7 144 23 34 27 29 30 29 35 28
696 23 34 29 370 29 60 22 38 21 29 34 28
697 23 36 53 43 37 73 30 43 27 23 34 28
698 22 33 37 208 41 7 19 17 21 15 34 28
699 22 42 73 80 33 1 24 20 24 22 34 28
700 23 37 37 74 34 131 29 15 32 20 34 28
701 22 33 48 82 28 27 19 13 23 20 34 28
702 23 33 40 133 40 1 16 25 29 17 35 29
703 22 42 55 141 36 1 21 25 28 38 35 28
704 22 37 49 152 37 1 21 25 34 33 35 28
705 22 28 15 73 9 43 17 26 25 16 34 28
706 22 33 29 79 26 27 29 30 31 15 34 28
707 22 28 1 72 17 1 25 23 27 18 34 28
708 22 36 49 37 39 22 27 29 33 26 34 28
709 22 37 37 118 37 1 15 21 15 18 34 28
710 22 27 12 308 24 1 26 29 35 15 34 28
711 22 37 54 102 27 65 29 48 36 33 35 28
712 23 29 35 73 34 46 22 26 35 20 34 29
713 22 30 25 68 30 1 22 30 29 18 34 28
714 22 28 21 75 29 1 20 15 27 17 34 28
715 22 29 34 108 22 18 22 23 25 26 34 28
716 22 29 21 136 29 1 18 30 31 18 34 28
717 22 35 39 86 40 56 25 19 36 16 34 28
718 22 31 30 94 31 1 11 38 21 13 34 28
719 22 34 18 173 23 52 28 35 31 21 34 28
720 22 33 37 631 37 52 21 22 22 16 34 28
721 22 35 46 215 35 34 34 29 36 18 34 28
722 23 39 59 135 37 79 27 26 35 20 34 28
723 22 29 17 503 32 1 22 30 36 24 34 28
724 22 31 20 109 24 43 19 24 24 32 35 28
725 22 31 27 126 33 47 17 1 30 9 34 28
726 22 35 39 220 24 24 17 32 28 21 34 28
727 22 41 56 131 36 88 26 14 21 22 34 28
728 22 31 18 157 33 18 26 29 26 8 34 28
729 22 39 39 152 36 32 19 26 20 10 34 28
730 22 31 25 127 19 27 24 25 22 19 34 28
731 22 39 33 120 32 1 25 25 32 21 34 28
732 22 27 16 141 24 2 21 25 26 29 34 28
733 23 37 53 234 43 1 24 32 34 14 34 28
734 22 36 20 101 30 1 21 30 22 28 34 28
735 23 32 37 131 39 1 22 27 28 4 34 28
736 22 33 32 631 37 1 23 26 28 18 34 28
737 22 38 46 159 37 66 26 35 18 17 34 28
738 23 34 30 101 26 65 19 30 33 28 35 29
739 22 32 16 154 24 1 20 23 28 32 35 28
740 22 41 50 66 35 1 29 28 36 28 34 28
741 22 27 17 139 20 9 16 21 25 19 34 28
742 23 34 40 164 26 38 25 33 34 32 35 28
743 22 35 40 52 33 74 19 15 23 25 34 28
744 22 35 40 95 35 24 23 13 26 10 34 28
745 22 31 23 170 22 1 19 29 25 26 34 28
746 23 31 36 191 28 1 19 37 33 25 34 29
747 22 28 26 78 31 18 21 34 29 10 34 28
748 22 42 55 228 41 34 25 33 32 33 35 28
749 23 35 33 75 26 60 20 31 23 27 34 28
750 22 34 29 139 34 25 15 26 23 11 34 28
751 22 35 31 136 25 1 27 34 31 26 34 28
752 22 40 45 70 24 35 29 39 28 37 35 28
753 22 36 50 92 30 57 26 26 26 20 34 28
754 22 39 39 67 32 38 23 42 23 35 35 28
755 23 28 23 86 20 1 16 36 27 33 35 28
756 22 36 37 159 26 1 20 26 32 37 35 28
757 22 32 17 154 31 1 26 27 37 28 34 28
758 23 30 26 74 25 30 19 31 28 19 34 28
759 22 30 33 78 20 1 15 23 21 18 34 28
760 22 25 11 82 34 1 25 31 39 8 34 28
761 22 33 29 107 32 51 28 25 30 28 35 28
762 22 30 15 176 32 30 28 30 28 5 34 28
763 22 31 36 182 40 61 25 18 31 1 34 28
764 23 26 24 55 23 16 23 28 31 14 34 29
765 22 28 12 118 28 1 16 15 23 12 34 28
766 22 27 11 277 26 1 29 26 33 5 34 28
767 23 40 60 81 34 1 22 31 35 30 35 28
768 22 32 25 182 33 51 18 27 24 14 34 28
769 22 27 12 117 8 15 18 28 21 23 34 28
770 22 35 35 133 39 48 18 26 27 3 34 28
771 23 33 26 79 23 1 31 25 33 34 35 28
772 22 41 51 78 39 27 24 22 30 9 34 28
773 22 33 29 80 21 42 25 22 29 33 35 28
774 23 32 36 55 31 48 28 22 31 33 35 28
775 22 30 24 187 37 55 25 45 35 13 34 28
776 22 35 47 208 47 1 26 19 30 1 34 28
777 22 29 30 62 27 20 11 28 20 11 34 28
778 22 31 31 85 24 1 19 39 27 26 34 28
779 22 46 60 304 39 23 26 29 25 26 34 28
780 22 33 20 197 24 64 28 13 28 18 34 28
781 22 28 9 139 18 61 24 38 29 19 34 28
782 22 39 42 96 30 1 25 25 32 35 35 28
783 22 23 1 149 19 2 17 18 22 5 34 28
784 22 35 23 221 18 64 26 28 34 32 35 28
785 22 25 4 91 19 1 267 101 28 26 34 28
786 22 36 34 162 28 55 20 29 17 20 34 28
787 22 41 55 92 40 1 22 25 28 21 34 28
788 22 36 45 205 24 83 23 25 26 34 35 28
789 23 46 70 87 45 1 27 28 31 29 35 28
790 22 35 40 54 39 106 24 36 31 25 34 28
791 22 32 30 122 19 32 15 26 27 30 35 28
792 23 33 22 149 27 16 24 36 32 35 34 28
793 22 36 52 207 26 37 28 39 30 41 35 28
794 23 34 23 79 29 68 24 1 30 8 34 28
795 22 33 35 118 23 6 19 32 18 30 35 28
796 23 29 22 189 23 78 24 38 27 30 35 28
797 22 35 33 68 35 1 23 28 28 21 34 28
798 22 34 39 120 39 1 23 39 25 11 34 28
799 23 44 63 60 49 52 30 23 28 29 35 28
800 23 31 28 74 35 1 27 33 29 27 34 28
801 22 30 37 251 35 43 16 34 22 22 34 28
802 22 27 16 153 23 25 27 21 27 13 34 28
803 22 32 31 121 23 8 24 34 33 37 35 28
804 22 35 34 119 38 1 9 18 24 4 34 28
805 22 31 23 272 16 1 24 29 33 30 35 28
806 22 25 11 348 28 1 22 32 26 13 34 28
807 22 31 32 70 21 35 22 28 30 38 35 28
808 23 37 39 168 34 7 18 13 25 39 35 29
809 23 35 39 102 25 26 21 25 24 28 35 28
810 23 36 37 91 31 78 19 27 28 21 34 28
811 22 38 58 132 37 63 23 20 23 28 35 28
812 22 34 43 183 30 1 25 20 20 13 34 28
813 22 30 22 68 20 1 19 27 27 29 35 28
814 22 33 12 174 28 75 23 24 32 17 34 28
815 23 28 24 164 23 5 23 19 32 26 34 28
816 22 37 48 99 28 54 22 38 24 43 35 28
817 22 30 30 109 28 1 27 35 28 30 35 28
818 23 35 39 89 26 36 21 1 26 26 34 28
819 22 27 18 90 26 17 20 24 28 18 34 28
820 23 31 30 104 25 84 15 25 21 15 34 28
821 22 34 20 586 34 62 26 30 31 32 35 28
822 22 35 37 124 42 1 22 27 31 9 34 28
823 22 29 10 360 32 33 25 26 29 19 34 28
824 22 33 46 152 36 10 26 20 25 25 34 28
825 23 32 28 246 25 32 29 29 30 39 35 29
826 22 36 34 75 37 27 17 27 29 10 34 28
827 23 34 44 160 32 1 24 31 22 16 34 28
828 22 32 36 85 23 12 24 36 29 36 35 28
829 23 35 43 115 43 94 24 36 38 6 34 28
830 22 39 56 168 30 1 22 29 29 38 35 28
831 22 39 58 87 34 1 18 19 23 29 35 28
832 22 33 28 99 26 14 24 20 31 8 34 28
833 22 33 37 104 38 64 30 24 24 15 34 28
834 22 41 52 200 31 115 29 31 33 31 35 28
835 22 36 38 244 24 92 21 28 29 21 34 28
836 23 40 45 107 25 107 23 25 28 35 34 28
837 22 41 56 168 34 33 30 28 32 41 35 28
838 22 28 18 67 23 57 16 21 25 6 34 28
839 23 27 23 134 28 1 27 21 32 3 34 28
840 22 28 25 246 25 1 17 38 32 32 34 28
841 23 35 41 158 31 25 22 34 22 18 34 28
842 22 33 21 216 29 9 24 40 25 13 34 28
843 22 33 39 132 25 29 24 34 27 32 35 28
844 23 39 40 48 25 34 20 25 19 18 34 28
845 23 38 41 357 31 31 26 30 27 42 35 28
846 23 45 54 183 36 53 27 38 25 38 35 28
847 23 37 49 226 29 56 21 1 37 29 34 28
848 22 29 13 109 29 1 25 21 27 13 34 28
849 22 31 34 110 36 28 22 25 24 14 34 28
850 22 31 21 90 30 77 21 38 23 15 34 28
851 23 36 35 137 31 1 204 33 21 24 34 28
852 22 40 28 223 26 6 22 35 28 25 34 28
853 22 29 15 96 21 14 24 24 35 28 34 28
854 23 36 48 438 27 27 27 24 33 26 34 28
855 22 29 27 90 26 41 23 25 28 19 34 28
856 23 36 34 104 30 42 28 30 22 21 34 28
857 22 34 36 364 35 39 28 29 26 24 34 28
858 22 36 41 250 37 94 22 22 29 1 34 28
859 22 23 1 133 37 1 20 25 31 1 34 28
860 23 37 44 189 39 70 23 22 30 1 34 28
861 22 26 17 196 35 17 19 27 23 1 34 28
862 23 37 36 57 25 12 27 23 20 17 34 28
863 22 34 36 86 30 75 26 25 27 21 34 28
864 22 29 24 88 43 1 21 24 31 1 34 28
865 22 34 40 198 25 30 24 35 23 37 35 28
866 22 28 1 111 27 55 17 28 33 12 34 28
867 22 34 38 134 29 135 23 18 26 1 34 28
868 22 28 9 106 27 1 235 292 35 14 34 28
869 22 35 26 80 24 92 16 19 23 3 34 28
870 22 32 31 99 36 1 21 28 29 13 34 28
871 22 24 11 460 23 1 17 18 19 8 34 28
872 22 38 39 45 34 19 24 23 33 7 34 28
873 22 34 33 117 37 1 16 29 26 12 34 29
874 22 33 30 514 38 83 18 29 29 2 34 28
875 22 37 36 153 21 11 30 43 34 38 35 28
876 22 27 27 194 28 54 21 18 32 2 34 28
877 22 36 38 91 31 32 27 33 28 33 35 28
878 23 25 14 174 20 1 23 23 25 18 34 28
879 22 31 19 427 14 1 22 29 29 40 35 28
880 22 36 43 178 26 1 28 34 35 37 35 28
881 22 33 33 145 28 20 25 30 27 36 35 28
882 22 28 30 91 26 15 18 22 23 6 34 28
883 22 28 16 118 18 1 24 1 18 19 34 28
884 22 34 44 94 29 1 19 24 20 24 34 28
885 22 24 28 225 32 1 19 27 40 20 34 28
886 22 30 20 59 25 21 31 28 32 28 34 28
887 23 32 28 164 28 58 30 24 24 20 34 28
888 22 36 35 160 30 1 20 24 26 25 34 28
889 22 31 24 94 22 92 19 32 25 27 34 28
890 22 32 31 82 34 96 24 33 30 25 34 28
891 23 28 28 243 26 35 26 27 27 27 34 28
892 22 32 21 193 30 47 25 17 26 16 34 28
893 22 36 40 203 30 79 30 25 19 22 34 28
894 22 28 14 176 34 25 19 17 25 1 34 28
895 22 36 29 125 31 22 28 21 28 4 34 28
896 22 35 35 148 36 17 25 18 25 11 34 28
897 22 35 27 73 16 6 24 31 24 43 34 28
898 22 32 38 185 39 1 19 13 36 23 34 28
899 22 31 36 185 18 69 26 20 30 20 34 28
900 22 29 23 130 30 16 21 29 27 11 34 28
901 22 37 49 141 39 1 29 33 27 14 34 28
902 22 28 17 160 22 1 23 21 25 14 34 28
903 22 27 21 68 30 12 22 24 26 7 34 28
904 22 37 47 172 27 1 24 28 30 39 35 28
905 22 44 69 85 39 59 27 20 29 29 35 28
906 22 37 36 64 29 1 23 43 31 47 35 28
907 22 32 22 94 25 10 26 34 28 30 35 28
908 22 28 6 185 21 17 19 27 25 23 34 28
909 22 41 59 174 31 1 21 24 101 21 34 28
910 22 36 49 122 39 107 21 28 27 31 35 28
911 23 35 34 65 46 1 16 18 24 1 34 28
912 22 24 1 79 12 1 22 36 23 9 34 28
913 23 35 40 79 41 1 25 30 26 28 35 28
914 23 39 39 81 30 63 19 20 28 29 35 28
915 22 29 20 58 37 72 20 32 28 12 34 28
916 22 20 1 63 15 31 22 52 25 15 34 28
917 22 28 1 66 34 1 28 32 29 14 34 28
918 23 32 28 70 40 1 20 25 18 14 34 28
919 22 32 24 131 35 40 22 22 22 13 34 28
920 22 37 35 176 24 31 28 29 27 28 35 28
921 22 30 1 74 16 49 24 26 32 20 34 28
922 22 42 50 76 22 47 31 37 32 44 35 28
923 22 30 16 140 13 20 20 31 19 14 34 28
924 23 37 50 174 43 37 22 26 30 11 34 28
925 22 34 36 229 39 91 19 19 32 5 34 28
926 22 28 20 55 37 19 14 24 31 1 34 28
927 23 36 44 73 38 140 30 21 31 1 34 28
928 22 32 26 204 21 31 28 40 25 44 35 28
929 22 34 35 88 22 1 23 38 27 37 35 28
930 22 31 18 467 19 53 28 27 31 34 35 28
931 22 33 14 122 27 77 28 28 32 32 35 28
932 22 29 18 92 31 46 25 1 39 9 34 28
933 23 32 39 140 32 44 21 27 27 37 35 28
934 23 33 37 135 26 80 23 20 26 9 34 28
935 23 30 21 107 24 15 22 29 27 9 34 28
936 22 26 15 478 17 1 21 38 28 35 35 28
937 23 34 30 99 29 8 22 27 24 18 34 28
938 22 32 31 100 24 1 21 28 24 36 35 28
939 22 37 47 152 34 54 25 26 30 29 35 28
940 22 38 58 73 47 13 21 13 28 4 34 28
941 22 24 1 77 24 60 30 22 34 5 34 28
942 22 35 43 65 28 82 29 31 23 23 34 28
943 22 27 8 132 22 1 25 34 25 33 35 28
944 22 35 33 207 20 5 23 39 25 42 35 28
945 23 35 49 73 35 1 27 18 25 15 34 28
946 22 35 40 122 28 33 24 12 33 24 34 28
947 23 32 24 290 24 7 26 24 28 27 34 28
948 22 28 11 156 18 1 25 32 26 29 34 28
949 22 31 19 156 44 6 20 22 29 1 34 28
950 23 31 33 54 36 47 18 39 36 21 34 28
951 22 35 40 73 26 4 25 19 24 24 34 28
952 22 26 21 243 38 1 22 24 35 1 34 28
953 22 32 36 145 26 1 24 32 27 26 34 28
954 22 32 21 166 34 7 25 29 31 25 34 28
955 22 35 16 250 25 48 31 30 35 37 35 28
956 22 26 1 196 20 37 19 22 27 14 34 28
957 23 42 49 63 27 133 31 20 33 32 35 28
958 22 30 37 123 15 22 26 37 22 43 35 28
959 23 36 47 110 41 17 25 24 31 35 35 29
960 22 33 42 52 35 52 21 17 28 26 34 28
961 22 28 20 108 29 1 22 26 29 20 34 28
962 23 32 48 182 36 44 19 19 23 2 34 28
963 22 33 33 257 40 70 23 22 60 1 34 28
964 22 28 23 126 24 41 26 38 29 7 34 28
965 23 31 28 114 29 18 28 9 25 6 34 28
966 22 41 52 98 35 42 28 24 28 24 34 28
967 23 34 35 60 31 1 21 36 25 20 34 28
968 22 35 31 166 40 136 17 21 30 7 34 28
969 22 38 29 138 30 31 24 33 30 38 35 28
970 23 29 1 149 24 1 24 23 25 5 34 28
971 23 36 51 72 39 109 15 22 25 6 34 28
972 22 30 33 70 35 50 19 3 28 7 34 28
973 23 36 41 194 31 63 18 25 21 21 34 28
974 22 33 18 156 28 1 20 28 26 32 35 28
975 22 32 26 78 16 35 27 34 26 44 35 28
976 22 27 24 329 22 56 22 31 26 17 34 28
977 22 29 10 146 22 80 24 18 28 19 34 28
978 22 40 50 159 35 1 25 32 33 35 35 28
979 23 37 52 66 32 108 21 17 29 9 34 28
980 22 39 42 153 27 75 30 29 30 32 35 28
981 23 29 26 191 22 1 19 28 28 20 34 28
982 22 33 30 146 31 1 20 28 27 13 34 28
983 22 42 56 605 40 1 28 13 36 30 35 28
984 22 40 56 180 41 19 35 28 36 28 34 28
985 22 28 1 75 32 1 15 50 19 11 34 28
986 22 32 41 132 31 42 22 22 33 14 34 28
987 22 30 32 141 25 63 23 40 31 20 34 28
988 22 34 43 206 30 45 18 18 29 13 34 28
989 22 24 18 101 27 1 22 18 31 8 34 28
990 22 29 13 302 29 8 21 15 31 10 34 28
991 23 35 29 129 30 57 27 27 32 28 35 28
992 22 28 1 235 26 71 25 35 27 9 34 28
993 22 35 52 311 36 43 19 16 24 35 35 28
994 22 27 22 146 42 31 19 23 29 4 34 28
995 22 29 31 273 23 1 23 32 34 26 34 28
996 23 34 38 73 35 72 18 27 26 3 34 28
997 23 39 69 261 31 42 17 19 21 21 34 29
998 23 37 41 81 33 1 27 32 23 36 35 29
999 23 35 37 113 40 1 18 32 29 1 34 28
1000 22 33 26 175 41 1 20 30 32 13 34 28
