1 22 42 122 129 27 37 24 26 25 27 34 28
2 22 29 1 79 19 11 28 21 26 22 34 28
3 22 33 40 126 37 1 25 43 32 24 34 28
4 22 38 78 63 32 21 23 23 20 22 34 28
5 22 24 1 99 24 8 25 32 36 32 35 28
6 22 35 34 190 34 1 21 22 25 1 34 28
7 22 26 9 60 24 15 26 27 32 24 34 28
8 22 35 76 239 46 1 22 27 25 18 34 28
9 22 31 1 67 37 9 25 26 30 11 34 28
10 23 36 24 67 35 30 26 19 26 20 34 28
11 22 28 1 133 24 34 18 29 25 17 34 28
12 22 37 32 129 34 44 26 41 18 24 34 28
13 22 43 83 71 39 1 22 5 30 30 35 28
14 22 31 1 279 16 57 26 29 33 21 34 28
15 22 34 62 202 27 41 26 37 23 22 34 28
16 22 36 98 133 23 49 24 44 31 36 35 28
17 22 38 45 211 26 45 28 35 21 40 35 28
18 22 30 19 75 32 14 22 25 27 13 34 28
19 22 30 8 152 37 1 26 28 27 23 34 28
20 22 32 52 110 36 19 24 24 28 8 34 28
21 23 30 38 63 36 1 22 32 29 2 34 28
22 22 30 13 127 22 1 21 30 28 31 35 28
23 22 31 1 294 32 56 24 11 33 19 34 28
24 22 26 1 109 24 76 26 17 24 17 34 28
25 22 32 10 68 27 1 22 36 28 38 35 28
26 22 21 1 215 34 75 21 23 25 1 34 28
27 22 26 1 65 32 1 19 28 23 9 34 28
28 23 37 46 151 23 1 29 38 23 36 35 28
29 23 37 73 139 33 33 31 41 27 42 35 29
30 23 34 58 125 39 62 21 29 25 4 34 28
31 22 30 15 166 30 21 21 32 32 8 34 28
32 22 30 54 256 19 1 31 26 24 38 35 28
33 22 33 21 169 23 9 23 33 23 34 35 28
34 22 31 1 805 22 54 23 27 25 25 34 28
35 22 34 53 132 24 34 19 21 28 13 34 28
36 22 32 13 514 23 1 27 36 30 32 34 28
37 22 37 48 160 29 1 26 26 28 31 35 28
38 22 28 1 87 40 55 20 33 30 14 34 28
39 22 40 46 114 37 37 25 47 27 30 35 28
40 22 26 1 110 22 1 271 315 28 22 34 28
41 22 24 3 108 24 33 25 29 25 12 34 28
42 22 34 16 173 34 114 30 24 35 15 34 28
43 22 29 1 76 30 77 15 21 30 13 34 28
44 22 28 1 73 22 1 14 27 24 23 34 28
45 22 29 3 255 26 23 18 22 28 4 34 28
46 23 37 57 66 19 25 29 25 27 21 35 29
47 22 34 10 140 26 104 20 31 20 25 34 28
48 22 28 1 74 22 28 24 28 21 28 34 28
49 22 33 8 111 25 1 25 29 25 43 35 28
50 22 33 1 73 26 33 26 32 29 31 35 28
51 22 23 1 95 23 1 19 19 29 15 34 28
52 22 36 45 107 26 1 21 25 23 20 34 28
53 22 41 56 93 29 14 33 20 23 27 34 28
54 23 27 1 129 36 47 27 28 34 25 35 29
55 22 34 1 72 35 31 20 23 29 21 34 28
56 22 36 54 183 30 73 24 23 29 17 34 28
57 22 31 16 105 21 70 23 26 28 37 35 28
58 22 31 1 117 28 16 25 29 24 11 34 28
59 23 37 60 72 36 1 22 24 26 23 34 28
60 22 32 39 78 35 71 27 28 21 24 34 28
61 22 27 1 90 21 1 20 26 24 20 34 28
62 22 25 1 188 15 4 23 29 25 30 34 28
63 22 32 45 109 36 1 21 25 23 1 34 28
64 22 28 47 56 40 1 23 16 27 1 34 28
65 23 36 23 253 34 86 25 24 22 19 34 28
66 22 32 56 74 25 7 30 30 37 39 35 28
67 22 27 1 262 33 30 23 21 26 3 34 28
68 22 33 30 185 35 73 25 32 28 12 34 28
69 22 27 1 80 32 1 20 23 31 14 34 28
70 22 35 45 76 38 148 21 25 30 8 34 28
71 22 30 17 185 18 41 23 34 25 42 35 28
72 22 38 71 93 32 1 29 21 26 29 35 28
73 22 34 23 106 28 32 22 33 28 40 35 28
74 22 35 53 256 30 1 22 19 26 20 34 28
75 23 33 33 118 35 1 27 33 32 23 34 28
76 23 38 44 162 28 41 24 21 21 22 34 28
77 22 26 14 118 16 1 24 31 24 31 35 28
78 22 35 27 75 11 42 28 32 26 34 35 28
79 22 32 29 200 35 56 19 28 27 1 34 28
80 22 26 1 139 32 1 19 26 22 25 33 28
81 22 28 1 171 19 38 26 34 29 33 34 28
82 22 36 30 209 38 117 20 21 23 9 34 28
83 22 39 69 105 35 1 27 34 33 35 35 28
84 22 28 19 96 23 8 20 22 23 14 34 28
85 22 28 1 102 15 2 26 37 19 39 34 28
86 22 32 46 97 16 41 30 23 35 28 34 28
87 22 27 1 74 30 51 23 29 26 13 34 28
88 22 31 1 111 22 7 29 28 30 30 34 28
89 22 26 25 62 23 1 15 31 24 14 34 28
90 22 27 23 277 27 33 19 15 30 1 34 28
91 23 28 8 121 25 1 24 28 24 23 34 29
92 22 26 1 84 29 70 24 30 27 1 34 28
93 22 35 49 164 36 50 29 1 40 19 34 28
94 22 34 25 112 31 104 26 32 35 25 34 28
95 22 32 49 88 32 13 26 19 23 26 34 28
96 22 29 33 158 33 43 24 16 26 1 34 28
97 22 28 1 228 10 27 25 24 31 15 34 28
98 22 37 76 184 36 79 27 28 34 14 34 28
99 22 30 1 501 41 1 24 25 35 5 34 28
100 22 34 46 240 36 1 22 29 30 6 34 28
101 22 35 10 140 33 1 23 17 31 25 34 28
102 23 38 43 167 26 46 27 25 33 40 35 29
103 22 38 51 128 27 66 25 29 25 23 34 28
104 22 33 58 61 29 70 22 36 28 42 35 28
105 23 32 39 47 36 7 19 26 21 17 34 28
106 22 33 25 111 42 17 26 35 26 13 34 28
107 22 36 12 86 35 1 22 27 29 19 34 28
108 22 30 22 94 30 55 20 28 20 28 34 28
109 22 30 40 99 28 90 18 21 29 5 34 28
110 22 28 1 69 31 1 12 19 19 7 34 28
111 23 42 105 139 37 35 33 74 380 25 34 28
112 22 22 1 79 20 16 24 32 23 18 34 28
113 23 35 22 63 38 1 21 28 25 1 34 28
114 22 27 1 157 28 1 26 25 32 26 34 28
115 22 31 16 65 13 30 20 31 17 18 34 28
116 22 30 1 211 25 18 27 21 37 24 34 28
117 22 44 76 139 43 63 22 14 33 25 34 28
118 22 30 1 205 27 24 26 27 37 42 34 28
119 22 35 65 190 30 7 26 38 26 13 34 28
120 23 32 37 115 35 1 23 25 30 1 34 28
121 22 36 54 110 37 121 23 24 26 6 34 28
122 22 32 33 72 28 32 23 30 26 19 34 28
123 22 32 40 190 32 9 24 27 30 29 35 28
124 22 43 55 92 24 47 31 21 31 24 34 28
125 22 35 91 92 43 97 25 26 32 14 34 28
126 22 31 53 180 34 31 21 29 29 13 34 28
127 22 26 21 377 42 41 21 21 30 7 34 28
128 22 34 6 75 31 60 26 30 31 16 34 28
129 22 38 75 67 35 1 25 28 28 30 35 28
130 22 37 33 81 20 14 27 33 26 27 34 28
131 22 36 24 144 20 38 24 33 23 36 35 28
132 22 32 5 68 23 65 28 27 40 29 35 28
133 22 39 100 132 30 12 19 26 31 17 34 28
134 22 41 74 124 32 27 31 23 31 32 35 28
135 23 38 101 93 28 25 27 32 27 28 35 29
136 22 35 61 192 33 26 22 23 19 30 35 28
137 22 33 9 100 39 64 30 31 36 18 34 28
138 22 33 55 84 36 101 18 32 32 13 34 28
139 22 28 1 265 39 126 22 17 25 11 34 28
140 22 36 15 84 28 12 20 20 21 29 34 28
141 23 36 52 103 36 1 26 30 26 20 35 29
142 22 33 21 83 26 48 26 36 27 40 35 28
143 22 31 26 98 30 29 17 21 23 2 34 28
144 22 31 11 124 28 1 22 33 24 28 34 28
145 22 27 18 484 30 9 21 1 36 15 34 28
146 22 34 63 194 28 44 30 33 40 27 34 28
147 22 41 55 202 35 1 26 33 25 27 34 28
148 22 34 32 75 26 1 21 26 11 23 34 28
149 22 28 5 66 23 28 24 30 30 19 34 29
150 22 34 70 165 32 71 29 31 32 25 34 28
151 22 31 1 335 28 18 16 38 26 20 34 28
152 22 37 92 84 33 66 25 31 35 17 34 28
153 22 32 23 133 18 60 29 25 30 39 35 28
154 22 26 17 62 24 39 20 34 26 21 34 28
155 23 38 41 139 34 57 28 29 30 29 35 29
156 22 27 1 78 27 1 19 20 29 13 34 28
157 22 41 64 155 33 110 29 30 29 28 35 28
158 22 33 1 90 26 1 17 30 26 33 34 28
159 22 25 1 274 27 1 20 25 23 13 34 28
160 22 33 29 138 29 7 25 24 31 25 34 28
161 22 30 25 267 21 1 22 37 25 23 34 28
162 22 30 30 71 47 68 32 35 33 29 34 28
163 22 35 4 205 27 92 22 21 27 22 34 28
164 22 28 1 136 26 69 24 28 29 9 34 28
165 22 33 33 256 20 45 27 34 24 38 35 28
166 22 31 14 134 34 1 23 18 34 22 34 28
167 22 28 1 129 28 13 33 37 37 9 34 28
168 22 29 20 60 33 14 25 30 26 5 34 28
169 22 29 56 99 26 1 26 31 33 15 34 28
170 22 27 1 162 23 1 13 36 28 16 34 28
171 22 36 72 174 34 72 26 24 29 13 34 28
172 22 30 22 119 26 27 21 41 25 13 34 28
173 22 37 43 138 26 62 20 29 30 28 35 28
174 22 33 41 136 26 80 29 17 29 14 34 28
175 22 30 15 65 33 1 27 21 36 15 34 28
176 22 31 1 159 30 34 24 34 33 19 34 28
177 22 29 35 66 34 76 24 32 28 23 34 28
178 22 28 7 342 25 75 32 33 28 18 34 28
179 22 33 20 115 37 86 29 23 29 20 34 28
180 22 40 64 103 29 82 18 21 24 29 35 28
181 23 38 43 161 32 1 27 1 34 20 34 28
182 23 31 26 80 23 27 30 28 36 36 35 29
183 23 34 61 180 33 1 21 22 16 12 34 28
184 22 28 1 91 24 10 22 23 27 9 34 28
185 22 33 46 239 42 59 19 27 34 21 34 28
186 22 38 43 131 40 1 24 41 26 23 34 28
187 22 29 31 277 31 81 14 19 25 12 34 28
188 22 38 19 99 35 54 25 1 35 24 34 28
189 22 34 24 57 29 6 27 34 26 24 34 28
190 22 34 28 272 32 110 209 170 27 14 34 28
191 22 33 1 139 38 13 52 34 28 10 34 28
192 22 32 48 98 22 70 24 23 29 9 34 28
193 22 26 1 134 26 93 49 228 31 21 34 28
194 22 28 1 215 28 12 18 20 24 9 34 28
195 22 36 44 51 38 31 23 23 27 5 34 28
196 22 32 17 217 26 1 24 27 28 28 34 28
197 22 36 18 158 30 27 19 19 28 35 35 28
198 22 36 21 144 40 1 29 32 21 18 34 28
199 22 31 18 204 18 38 21 15 29 22 34 28
200 22 30 26 110 29 6 23 33 25 13 34 28
201 22 29 11 244 20 5 15 1 27 22 34 28
202 22 37 59 153 40 1 31 29 29 22 34 28
203 22 30 16 79 18 57 20 25 24 15 34 28
204 23 39 73 102 31 106 30 38 40 43 35 28
205 22 29 1 101 24 1 31 35 34 27 34 28
206 22 34 37 76 25 1 20 31 25 33 35 28
207 23 43 92 228 29 94 48 27 26 33 35 28
208 22 26 16 304 38 14 29 24 32 7 34 28
209 22 34 69 94 27 1 23 24 26 22 34 28
210 22 34 49 105 26 61 23 29 31 32 34 28
211 22 33 64 153 32 1 27 33 32 28 35 28
212 22 37 16 374 35 107 20 25 26 26 34 28
213 22 27 42 264 23 9 21 23 29 24 34 28
214 23 35 58 97 35 1 26 28 29 18 34 28
215 22 28 1 65 29 1 23 24 26 2 34 28
216 22 25 1 141 18 1 24 31 24 23 34 28
217 22 32 46 70 23 46 21 31 27 24 34 28
218 22 33 24 144 18 29 22 30 24 14 34 28
219 23 35 40 94 27 79 21 18 25 16 34 28
220 22 28 1 201 17 63 25 32 26 25 34 28
221 22 28 25 395 14 18 30 26 31 33 35 28
222 23 35 35 143 26 1 25 33 29 29 35 29
223 22 27 1 181 21 36 28 35 28 17 34 28
224 22 34 1 98 30 87 23 25 26 12 34 28
225 22 24 12 144 21 1 26 29 31 14 34 28
226 22 20 1 135 17 6 18 24 28 9 34 28
227 22 26 1 99 28 1 22 34 26 8 34 28
228 22 34 41 55 42 64 26 23 27 8 34 28
229 22 33 20 53 34 1 19 21 26 3 34 28
230 22 28 1 112 30 1 21 44 23 15 34 28
231 23 31 41 161 30 1 26 29 36 19 34 28
232 22 32 42 172 27 14 25 20 33 15 34 28
233 22 30 1 119 21 93 23 36 22 15 34 28
234 22 33 19 93 30 12 28 29 38 19 34 28
235 23 28 12 162 40 33 27 35 29 3 34 29
236 22 32 1 140 39 1 21 31 28 10 34 28
237 22 24 1 172 37 1 18 17 26 1 34 28
238 22 31 38 71 33 1 17 36 32 12 34 28
239 22 32 19 81 25 1 22 26 22 32 35 28
240 22 38 49 99 29 32 17 32 31 24 34 28
241 22 31 29 249 36 1 18 25 28 10 34 29
242 22 34 38 131 21 25 24 27 24 33 35 28
243 22 25 1 81 32 36 23 37 27 18 34 28
244 23 36 51 159 22 70 27 32 27 41 35 29
245 22 41 77 73 28 49 108 47 34 35 34 28
246 22 30 18 253 28 97 21 37 27 13 34 28
247 22 35 17 92 33 36 33 22 33 26 34 28
248 22 28 1 106 20 55 25 23 25 9 34 28
249 22 31 1 160 31 8 28 28 30 15 34 28
250 23 40 59 219 35 51 21 29 30 34 35 28
251 22 27 1 95 19 28 23 26 31 18 34 28
252 22 32 8 99 35 1 21 32 31 22 34 28
253 22 36 23 72 20 1 24 35 24 39 35 28
254 22 36 64 77 34 1 19 30 23 20 34 28
255 22 34 37 180 38 23 21 28 30 13 34 28
256 22 41 132 102 42 1 15 47 20 23 34 28
257 22 35 55 142 33 11 23 22 18 11 34 28
258 23 35 22 123 26 49 26 35 22 31 35 28
259 22 30 21 200 19 48 27 27 36 41 35 28
260 23 34 27 132 28 1 21 24 27 27 34 28
261 22 26 1 111 21 47 16 20 26 14 34 28
262 22 35 58 81 35 24 21 26 27 11 34 28
263 22 34 39 85 31 19 20 21 28 22 34 28
264 23 36 48 56 29 32 24 1 32 19 34 28
265 22 29 5 65 32 56 17 24 27 16 34 28
266 23 32 64 62 42 23 30 21 32 8 34 28
267 22 23 1 103 30 35 23 32 25 11 34 28
268 22 33 30 149 28 1 27 23 30 15 34 28
269 22 34 52 96 29 49 23 21 23 15 34 28
270 22 23 1 156 23 1 24 24 18 1 34 28
271 22 36 49 448 26 14 25 20 24 14 34 28
272 22 29 1 78 27 1 22 26 32 16 34 28
273 23 38 47 137 38 74 27 40 28 26 34 28
274 22 37 36 105 32 1 19 25 20 22 34 28
275 22 38 49 382 25 20 21 35 23 40 35 28
276 23 31 46 76 37 11 18 28 31 6 35 29
277 22 30 1 112 27 1 28 36 36 35 34 28
278 22 33 61 266 42 51 19 20 26 7 34 28
279 22 28 1 119 27 23 19 30 26 16 34 28
280 22 23 1 184 24 1 19 31 25 13 34 28
281 23 33 18 68 30 1 21 26 30 23 34 28
282 22 28 31 74 24 29 23 15 23 7 34 28
283 34 43 2 230 36 36 33 48 40 58 50 43
284 23 36 21 66 36 59 23 38 31 30 35 28
285 22 28 1 123 40 1 18 28 24 2 34 28
286 23 32 50 115 26 34 30 23 33 34 35 29
287 22 28 1 175 28 23 25 24 29 22 34 28
288 22 31 4 115 24 22 22 24 18 11 34 28
289 22 35 71 49 36 10 21 21 29 21 34 28
290 22 33 23 101 21 49 19 29 21 24 34 28
291 22 29 48 183 30 1 24 35 24 8 34 28
292 22 34 1 71 31 1 28 35 32 36 34 28
293 22 29 1 57 28 1 28 27 29 15 34 28
294 22 32 27 134 30 1 20 30 22 29 34 28
295 22 39 58 300 28 28 27 33 34 28 35 28
296 22 33 45 104 35 1 21 22 24 38 35 28
297 22 39 50 161 42 94 31 28 27 16 34 28
298 22 40 67 116 42 84 22 16 50 12 34 28
299 22 31 6 166 25 12 32 30 36 30 35 28
300 22 29 27 101 19 4 21 21 24 24 34 28
301 22 36 25 173 42 1 26 30 34 8 34 28
302 22 31 42 100 40 1 21 27 26 7 35 28
303 23 41 98 343 33 65 30 27 32 28 35 28
304 22 31 56 165 39 1 28 25 22 7 34 28
305 22 27 15 83 31 1 24 20 34 2 34 28
306 22 34 18 98 22 22 24 27 33 28 34 28
307 22 33 29 75 19 1 24 37 23 35 35 28
308 22 29 1 234 20 46 20 25 30 20 34 28
309 22 24 1 74 16 1 16 30 25 16 34 28
310 22 30 1 120 30 38 20 31 32 39 35 28
311 22 36 25 67 40 1 15 29 26 8 34 28
312 22 32 39 128 43 1 26 23 31 1 34 28
313 22 31 1 75 18 62 20 32 27 31 34 28
314 22 26 1 174 26 1 23 22 34 26 34 28
315 22 31 22 75 24 4 28 28 26 28 34 28
316 22 35 29 61 37 81 26 23 30 12 34 28
317 22 34 36 69 31 1 23 28 36 29 35 28
318 22 33 23 163 25 69 22 27 27 23 34 28
319 22 28 15 131 25 28 22 26 36 27 34 28
320 22 26 1 154 24 1 23 38 26 26 34 28
321 23 33 35 58 41 1 23 33 28 1 34 28
322 22 40 47 230 33 48 27 32 36 40 35 28
323 22 33 14 250 29 73 21 30 25 11 34 28
324 22 30 1 119 22 1 15 1 22 14 34 28
325 22 37 57 93 43 68 19 19 28 5 34 28
326 22 35 69 313 29 1 27 29 28 32 35 28
327 22 31 42 58 34 1 25 31 32 17 34 28
328 22 31 1 191 32 1 19 38 17 21 34 28
329 22 31 12 324 28 52 17 24 26 25 34 28
330 22 34 91 49 35 1 30 30 25 25 34 28
331 22 37 23 223 26 9 21 27 31 23 34 28
332 22 34 54 167 34 1 17 14 19 8 34 28
333 23 36 60 55 26 35 25 21 34 24 34 28
334 22 34 65 142 28 39 23 28 22 19 34 28
335 22 32 1 132 21 1 22 22 23 30 35 28
336 22 32 31 102 34 45 22 35 31 16 34 28
337 22 30 24 127 47 1 19 22 30 13 34 28
338 22 40 66 129 35 1 20 24 47 44 35 28
339 22 31 23 104 21 20 19 22 30 22 34 28
340 22 30 52 168 27 75 21 32 28 13 34 28
341 22 34 2 154 15 1 27 32 29 36 35 28
342 22 31 46 120 28 26 25 25 30 13 34 28
343 22 40 68 117 35 31 28 18 25 27 34 28
344 22 31 45 66 20 47 21 29 45 30 35 28
345 22 34 68 96 33 1 25 34 29 23 34 28
346 22 24 1 86 22 21 29 29 33 10 34 28
347 23 39 74 83 45 12 23 20 26 1 34 28
348 22 24 1 103 28 1 20 28 28 21 34 28
349 22 35 73 78 43 16 21 37 25 23 34 28
350 22 33 1 187 24 33 24 28 30 28 34 28
351 22 42 68 263 25 5 26 34 23 40 35 28
352 22 20 1 164 26 3 17 22 34 11 34 28
353 22 23 1 243 23 24 28 25 27 10 34 28
354 23 36 56 110 24 52 24 27 19 15 34 28
355 22 28 1 115 17 53 19 38 22 6 34 28
356 22 30 36 168 27 28 21 29 23 29 35 28
357 23 31 11 82 36 1 24 20 29 2 35 29
358 22 34 91 82 29 27 16 21 20 19 34 28
359 22 29 1 123 24 48 17 28 27 30 34 27
360 22 25 1 138 21 27 26 30 34 19 34 28
361 22 30 48 101 46 1 18 23 25 1 34 28
362 22 29 27 127 39 8 24 28 21 1 34 28
363 22 27 1 79 32 7 20 13 24 17 34 28
364 22 28 33 168 18 6 21 23 23 28 34 28
365 22 26 38 147 28 58 14 28 23 11 34 28
366 22 27 1 76 19 17 19 17 31 25 34 28
367 22 29 1 150 27 107 27 37 25 10 34 28
368 22 43 108 408 191 1 24 32 34 18 34 28
369 22 29 1 237 24 48 16 32 32 17 34 28
370 22 30 26 157 28 1 24 22 27 26 34 28
371 22 33 20 210 32 36 19 31 23 26 34 28
372 22 35 69 119 26 1 24 30 28 22 34 28
373 22 40 55 93 30 73 26 1 33 26 34 28
374 22 30 1 103 25 77 20 39 28 15 34 28
375 22 35 15 82 25 1 28 34 26 45 35 28
376 22 29 17 173 27 1 26 33 30 34 35 28
377 22 39 67 128 26 61 30 19 33 29 34 28
378 22 28 1 103 21 27 23 25 33 21 34 28
379 22 31 1 287 36 1 26 44 28 16 34 28
380 22 36 60 58 31 56 23 26 23 18 34 28
381 22 28 17 109 38 27 18 25 27 1 34 28
382 22 29 1 181 19 1 20 22 25 21 34 28
383 23 35 69 77 37 72 22 24 31 24 35 29
384 22 33 34 168 37 130 16 20 21 4 34 28
385 22 36 13 119 24 24 31 22 30 31 35 28
386 22 35 57 382 33 67 20 24 36 5 34 28
387 22 29 29 52 24 14 28 26 29 26 34 28
388 22 36 39 75 29 54 31 29 26 38 35 28
389 22 37 28 184 19 12 22 24 28 45 35 28
390 22 34 21 448 38 119 20 25 27 8 34 28
391 22 36 31 66 24 25 22 21 20 26 34 28
392 22 32 21 296 33 62 22 23 28 7 34 28
393 22 30 1 61 34 42 22 16 22 7 34 28
394 22 41 22 240 33 1 25 41 33 48 35 28
395 22 35 28 59 35 1 14 27 30 24 34 28
396 22 39 44 292 39 1 23 20 29 27 35 28
397 22 32 20 75 23 8 23 42 32 23 34 28
398 22 35 47 137 35 1 25 36 24 36 35 28
399 22 31 28 106 19 5 16 19 29 15 34 28
400 23 32 43 74 41 26 21 23 32 1 34 28
401 23 33 62 341 28 41 28 20 28 14 35 29
402 22 34 28 117 35 1 18 25 27 11 34 28
403 22 22 1 128 24 1 22 24 28 4 34 28
404 22 32 42 226 31 1 23 1 29 23 34 28
405 22 30 1 166 32 1 18 22 28 1 34 28
406 23 32 25 85 31 34 19 32 31 27 34 28
407 22 34 17 81 18 110 25 24 24 31 35 28
408 22 28 1 76 26 25 31 31 32 25 34 28
409 22 33 49 169 32 41 23 27 28 4 34 28
410 22 32 40 170 26 19 22 39 22 26 34 28
411 22 37 32 243 32 1 22 47 20 21 34 28
412 22 30 4 109 28 1 23 42 27 36 35 28
413 22 36 83 96 46 3 20 35 27 3 34 28
414 22 25 1 439 37 1 21 45 32 7 34 28
415 22 31 25 72 30 1 20 26 24 13 34 28
416 22 27 1 443 23 1 26 39 25 15 34 28
417 22 31 1 80 18 34 27 34 36 39 35 28
418 22 31 79 123 24 24 19 19 23 12 34 28
419 22 27 1 141 22 42 30 30 28 5 34 28
420 22 37 28 129 31 47 29 36 29 36 35 28
421 22 36 54 141 23 24 25 26 30 38 35 28
422 22 30 19 124 31 1 21 19 30 9 34 28
423 22 35 31 113 42 44 23 43 37 24 34 28
424 22 29 13 371 22 91 21 39 20 15 34 28
425 22 31 37 118 21 13 22 33 28 38 35 29
426 22 31 1 185 22 1 22 24 30 17 34 28
427 22 31 11 66 26 32 25 43 32 26 34 28
428 22 28 3 276 7 8 21 35 29 36 35 28
429 22 32 5 136 19 51 20 25 29 28 35 28
430 23 36 34 95 31 47 21 24 21 21 34 28
431 22 31 1 170 26 1 24 28 25 21 34 28
432 22 33 48 155 22 1 21 20 18 25 34 28
433 23 43 93 268 36 1 25 25 26 19 34 28
434 22 40 40 108 30 73 32 20 32 34 35 29
435 22 35 74 52 37 6 19 49 22 23 34 28
436 22 32 13 107 30 3 26 27 30 25 34 28
437 22 33 21 82 18 1 24 26 27 34 35 28
438 22 36 42 169 29 1 22 30 31 34 35 28
439 23 30 23 263 22 11 25 25 24 14 35 29
440 22 28 1 89 26 42 26 1 31 19 34 28
441 22 34 1 136 22 66 20 21 18 27 34 28
442 22 28 1 123 25 54 27 21 27 3 34 28
443 22 27 7 72 36 1 29 30 32 22 34 28
444 22 39 48 234 23 82 24 21 26 36 35 28
445 22 40 77 119 43 1 21 24 32 19 34 28
446 22 40 51 113 25 67 18 21 19 29 35 28
447 22 30 37 197 25 1 26 33 31 35 35 28
448 22 34 37 66 28 1 20 33 24 16 34 28
449 22 40 41 77 27 94 27 28 30 44 35 28
450 23 29 39 170 26 10 25 24 24 1 34 28
451 22 36 45 144 18 1 24 28 25 36 35 28
452 23 34 51 265 35 1 24 29 30 18 34 28
453 23 30 60 156 34 1 21 1 32 20 34 29
454 22 31 42 313 26 1 22 32 16 30 35 28
455 22 34 17 70 31 62 21 43 32 19 34 28
456 22 32 16 313 37 29 20 32 28 10 34 28
457 22 37 30 111 36 1 24 33 26 32 35 28
458 22 31 1 110 26 1 29 28 26 23 34 28
459 22 32 24 97 31 23 26 28 28 5 34 28
460 22 36 26 154 23 1 31 37 29 39 35 28
461 22 33 26 131 30 75 19 27 30 14 34 28
462 22 30 1 114 44 1 18 32 33 1 34 28
463 22 31 30 513 40 1 21 24 23 7 34 28
464 22 41 78 245 39 64 19 30 26 31 35 28
465 23 30 13 75 30 14 17 1 30 22 34 28
466 22 38 97 264 38 1 26 23 26 22 34 28
467 22 35 63 301 24 11 28 42 32 26 34 28
468 22 27 1 172 21 71 31 28 33 19 34 28
469 22 29 1 175 30 34 24 28 31 7 34 28
470 22 31 34 110 34 15 26 28 31 16 34 28
471 22 38 23 110 26 42 22 27 24 33 35 28
472 22 37 52 78 27 31 23 29 26 28 35 28
473 22 34 24 78 28 18 24 32 23 41 35 28
474 22 27 1 306 23 32 10 30 18 20 34 28
475 22 29 1 141 35 1 27 27 25 28 34 28
476 23 32 29 92 28 30 28 1 39 23 34 28
477 22 38 65 87 33 1 28 1 38 14 34 28
478 22 25 1 73 31 69 29 14 25 8 34 28
479 23 34 37 133 28 1 25 25 25 25 34 29
480 22 32 30 61 28 24 27 28 31 26 34 28
481 22 34 35 87 31 104 20 38 26 30 35 28
482 22 26 3 484 18 1 24 28 23 27 34 28
483 22 28 21 242 41 1 22 28 26 10 34 28
484 22 31 37 177 19 1 22 34 32 32 35 28
485 22 36 9 81 37 94 25 31 33 33 35 28
486 22 34 24 141 31 26 27 37 39 15 34 28
487 22 34 1 77 28 1 25 45 33 24 34 28
488 22 34 1 204 26 126 28 23 29 20 34 28
489 22 31 17 217 23 20 30 27 34 13 34 28
490 22 37 51 438 34 85 23 18 25 12 34 28
491 22 29 36 85 34 1 22 19 27 18 34 28
492 22 30 43 314 31 58 24 27 30 10 34 28
493 22 35 48 70 34 1 32 25 34 26 34 28
494 22 29 35 108 40 1 20 26 35 1 34 28
495 23 43 99 173 39 45 16 44 28 28 35 28
496 22 34 31 97 38 68 27 25 31 11 34 28
497 22 42 123 87 39 11 23 22 19 22 34 28
498 22 32 1 137 32 14 29 26 35 15 34 28
499 23 39 38 129 32 1 20 27 34 25 34 28
500 22 33 42 44 24 36 17 30 24 12 34 28
501 22 32 14 162 32 71 27 34 31 26 34 28
502 22 34 44 68 42 99 14 27 31 10 34 28
503 22 30 21 135 33 1 20 29 25 4 34 28
504 22 32 37 322 38 25 24 19 28 1 34 28
505 22 36 13 105 31 28 26 26 33 23 34 28
506 22 30 26 62 38 11 24 30 29 14 34 28
507 22 36 33 230 34 1 20 24 33 23 34 28
508 23 33 53 234 48 76 28 24 32 11 34 28
509 22 23 1 96 24 1 21 1 34 6 33 28
510 22 30 8 105 29 1 16 31 28 10 34 28
511 22 31 34 55 32 4 24 1 34 12 34 28
512 22 41 70 300 41 1 17 25 29 26 34 28
513 23 32 77 140 32 45 24 26 32 18 34 28
514 22 35 23 64 25 16 20 27 31 25 34 28
515 22 33 1 142 32 1 22 16 32 23 34 28
516 22 34 30 95 19 44 20 1 36 23 34 28
517 22 35 66 63 31 26 21 26 17 22 34 28
518 22 30 1 240 30 34 22 1 29 14 34 28
519 22 30 17 95 29 1 18 30 21 27 34 28
520 22 40 73 82 35 96 22 28 28 38 35 28
521 22 28 1 178 30 1 19 23 23 2 34 28
522 22 32 24 127 22 8 22 23 31 30 35 28
523 22 24 1 255 30 1 12 30 23 4 34 28
524 22 29 18 79 27 1 25 33 25 21 34 28
525 22 38 51 149 30 1 24 36 28 37 35 28
526 23 34 34 188 48 96 24 32 28 5 34 28
527 22 33 7 302 29 26 19 42 19 26 34 28
528 23 34 56 72 29 1 23 31 30 20 34 28
529 22 27 25 104 37 1 16 27 26 1 34 28
530 22 38 56 168 37 1 31 17 33 37 35 28
531 23 34 21 410 21 37 14 26 20 25 34 29
532 23 37 20 83 29 46 29 39 40 37 35 29
533 22 33 39 114 26 1 22 31 29 31 35 28
534 23 35 40 126 43 69 25 29 32 10 34 28
535 22 34 31 104 30 47 25 19 27 15 34 28
536 23 36 69 232 34 33 28 37 30 20 34 28
537 22 28 1 75 38 1 15 23 23 2 34 28
538 22 35 34 77 32 1 24 27 21 34 35 28
539 22 30 20 145 22 52 24 34 31 32 35 28
540 22 34 9 118 15 33 21 28 23 29 35 28
541 22 26 1 249 35 21 25 20 24 5 34 28
542 22 37 77 214 39 71 25 36 27 17 34 28
543 22 31 11 81 12 1 27 34 20 28 34 28
544 22 31 1 109 30 14 21 24 26 4 34 28
545 22 30 37 130 29 1 19 32 19 16 34 28
546 22 25 1 68 21 18 26 26 22 7 34 28
547 22 34 36 656 23 58 29 31 28 25 34 28
548 22 36 54 196 34 19 28 27 32 27 34 28
549 22 43 58 69 37 1 29 27 28 28 35 28
550 22 29 12 128 25 8 21 26 24 27 34 28
551 22 38 92 93 27 30 17 26 19 30 35 28
552 22 41 39 125 32 16 18 27 21 24 34 28
553 22 29 11 230 21 51 25 24 27 10 34 28
554 22 36 20 103 30 79 24 20 32 20 34 28
555 22 33 42 85 35 89 16 29 32 19 34 28
556 22 35 48 155 28 6 20 30 25 32 35 28
557 22 33 33 183 37 1 24 33 23 15 34 28
558 22 34 1 138 32 70 27 18 26 12 34 28
559 22 37 39 325 30 28 25 33 29 31 35 28
560 22 30 26 137 36 81 23 16 25 2 34 28
561 22 24 1 119 29 51 28 41 33 14 34 28
562 22 39 50 80 22 23 25 26 22 40 35 28
563 22 40 60 54 35 24 24 27 29 24 34 28
564 22 33 33 150 23 30 22 27 32 28 35 28
565 22 28 14 549 20 1 18 30 20 24 34 28
566 22 30 48 155 29 13 23 25 101 16 34 28
567 22 32 35 164 32 1 22 26 30 16 34 28
568 22 21 1 127 24 1 26 27 23 9 34 28
569 22 32 17 83 30 18 24 22 30 11 34 28
570 22 31 24 249 21 1 22 26 28 33 35 28
571 23 29 22 315 12 1 25 31 30 30 34 28
572 22 32 37 45 25 7 20 26 28 25 34 28
573 22 26 1 168 23 68 224 22 31 18 34 28
574 23 35 29 143 26 8 23 29 25 21 34 28
575 22 35 43 211 35 97 18 20 32 5 34 28
576 22 25 1 674 25 1 59 22 24 3 34 28
577 22 27 1 158 32 1 17 20 28 3 34 28
578 22 37 46 75 41 34 27 30 26 21 34 28
579 22 31 25 139 28 91 29 35 36 28 34 28
580 22 36 53 109 34 49 20 18 25 12 34 28
581 23 35 47 148 30 1 17 18 25 15 34 28
582 22 34 45 159 35 46 18 31 23 13 34 28
583 22 28 1 115 26 2 23 24 26 10 34 28
584 22 39 72 85 33 93 19 25 22 15 34 28
585 22 22 1 178 24 1 24 27 26 12 34 28
586 22 28 1 148 31 22 22 37 26 23 34 28
587 22 29 1 80 24 1 28 39 34 19 34 28
588 22 29 1 293 24 1 21 38 23 23 34 28
589 22 33 41 1078 29 17 18 18 20 3 34 28
590 22 38 39 197 36 53 29 24 24 20 34 28
591 22 40 37 101 33 1 24 27 24 19 34 28
592 22 23 1 103 20 4 24 28 19 11 34 28
593 22 35 43 155 31 1 27 31 22 18 34 28
594 22 30 7 254 28 1 22 32 30 19 34 28
595 22 34 1 193 32 33 27 1 34 13 34 28
596 22 33 14 113 24 54 27 34 24 22 34 28
597 22 29 28 195 35 1 24 18 23 3 34 28
598 22 34 37 95 37 34 29 32 30 8 34 28
599 22 37 37 163 33 35 26 9 29 29 35 28
600 23 37 44 60 40 64 23 27 30 14 34 28
601 22 31 25 300 27 100 21 35 26 27 34 28
602 22 38 50 482 40 14 29 35 28 23 34 28
603 22 40 90 97 42 1 25 41 34 21 34 28
604 22 32 47 227 30 16 18 27 24 18 34 28
605 22 28 18 172 29 3 28 29 28 21 34 28
606 22 35 52 66 34 26 19 1 29 16 34 28
607 22 28 1 248 28 15 18 17 20 16 34 28
608 22 33 28 122 24 15 24 30 30 27 34 28
609 22 28 1 161 22 59 16 37 23 17 34 28
610 22 27 1 146 30 83 24 24 30 12 34 28
611 22 30 44 98 24 14 25 33 32 28 34 28
612 22 38 34 150 29 1 25 25 34 35 35 28
613 22 26 1 197 26 1 19 27 19 5 34 28
614 23 33 35 246 28 1 23 33 31 26 34 28
615 23 44 53 153 35 57 27 30 38 23 35 29
616 22 28 30 70 32 21 25 29 26 10 34 28
617 22 32 34 93 23 28 27 39 27 31 34 28
618 22 33 52 81 27 1 25 28 26 10 34 28
619 22 20 1 235 21 1 17 18 26 11 34 28
620 22 30 11 113 28 24 27 24 25 19 34 28
621 22 24 1 84 18 22 22 18 25 9 34 28
622 22 29 6 159 28 5 19 28 26 24 34 29
623 22 35 41 103 36 1 16 21 19 13 34 28
624 22 28 1 256 20 54 20 23 23 4 34 28
625 22 27 1 239 26 1 28 40 28 18 34 28
626 22 24 1 72 27 1 24 15 29 17 34 28
627 22 40 63 176 33 1 22 28 28 22 34 28
628 22 36 38 103 26 90 17 22 26 23 34 28
629 22 35 27 87 25 58 26 35 24 20 34 28
630 22 32 20 91 26 1 22 32 22 29 34 28
631 22 35 34 433 31 69 21 21 22 31 35 28
632 22 40 81 117 39 136 33 33 32 25 34 28
633 22 25 1 79 26 39 22 30 33 21 34 28
634 22 38 33 181 29 17 27 32 33 42 35 28
635 23 39 68 89 32 1 20 25 26 25 34 28
636 22 35 38 87 47 72 19 24 28 9 34 28
637 22 37 52 141 28 1 25 30 25 25 34 28
638 22 33 34 190 37 20 21 22 24 8 34 28
639 22 34 49 291 32 99 26 41 32 28 35 28
640 22 32 49 108 25 1 29 28 30 15 34 28
641 22 29 1 203 26 58 28 30 30 16 34 28
642 22 28 1 354 25 27 23 1 32 23 33 28
643 22 34 65 133 32 55 27 35 37 18 34 28
644 22 34 28 138 36 1 17 23 22 25 34 28
645 22 35 13 96 26 1 22 33 32 26 34 28
646 23 35 42 119 37 62 26 1 40 31 35 28
647 22 37 34 154 28 1 22 20 24 30 35 28
648 22 33 27 169 26 18 20 32 24 31 35 28
649 22 35 42 125 28 5 26 25 26 28 34 28
650 22 29 1 279 35 34 24 31 30 10 34 28
651 22 33 9 170 22 31 23 34 27 32 35 28
652 22 34 41 209 35 23 28 36 33 27 35 29
653 22 36 36 63 28 37 25 27 28 36 35 28
654 22 32 1 71 47 17 26 29 29 9 34 28
655 22 37 49 136 36 29 24 28 31 17 34 28
656 22 29 1 214 28 1 20 18 28 17 34 28
657 22 25 1 171 27 90 20 28 27 2 34 28
658 22 33 50 302 34 137 23 27 32 14 34 28
659 22 17 1 82 27 1 20 1 28 9 34 28
660 22 28 10 193 14 37 15 23 27 18 34 28
661 22 30 1 73 33 69 23 15 27 14 34 28
662 22 37 61 97 28 11 26 27 26 41 35 28
663 22 29 30 260 32 13 19 28 23 7 34 28
664 22 35 59 143 25 117 28 15 28 15 34 28
665 22 36 37 124 26 1 22 33 23 37 35 28
666 22 38 49 73 33 87 26 34 33 20 34 28
667 22 30 19 67 32 1 33 1 31 15 34 28
668 22 39 49 140 34 1 18 23 23 15 34 28
669 22 36 41 126 32 1 21 28 29 31 35 28
670 22 35 31 162 29 7 23 28 21 32 35 28
671 22 34 50 163 32 1 21 33 25 34 35 28
672 22 29 14 56 24 1 25 28 25 18 34 28
673 22 28 1 274 11 1 22 24 29 5 34 28
674 22 33 40 78 32 39 19 19 23 17 34 28
675 22 25 16 119 18 9 26 21 33 18 34 28
676 22 37 63 69 30 31 28 27 32 30 34 28
677 22 37 50 351 36 78 30 1 40 32 35 28
678 22 31 1 168 36 1 27 26 34 18 34 28
679 22 38 21 224 28 64 29 31 31 36 35 28
680 22 31 10 197 20 8 24 30 33 36 35 28
681 23 30 48 66 31 12 23 28 25 15 34 28
682 22 33 43 320 31 63 19 25 30 7 34 28
683 22 34 44 232 26 1 22 34 31 30 35 28
684 22 31 26 172 23 18 19 28 25 20 34 28
685 23 38 60 164 14 44 23 31 172 29 35 28
686 22 29 6 147 25 16 22 22 34 21 34 28
687 22 37 40 146 27 116 20 13 28 17 34 28
688 22 43 111 95 36 6 35 1 33 20 34 28
689 22 35 45 69 37 1 21 26 28 19 34 28
690 22 29 15 161 41 43 25 22 31 1 34 28
691 22 31 29 84 37 82 23 23 31 6 34 28
692 22 28 5 288 25 38 25 31 36 30 35 28
693 22 26 1 177 23 18 19 32 26 33 34 28
694 22 29 21 247 25 44 26 29 34 20 34 28
695 23 30 36 125 29 9 23 26 29 13 34 28
696 23 34 49 185 38 1 24 22 28 9 35 29
697 22 42 45 92 34 1 24 24 28 14 34 28
698 22 33 28 108 22 87 26 29 30 14 34 28
699 22 34 25 78 28 110 17 22 24 12 34 28
700 22 32 31 173 38 42 23 16 30 9 34 28
701 22 30 1 202 15 28 20 33 29 34 35 28
702 22 38 40 103 34 1 28 22 31 23 34 28
703 22 25 1 74 24 11 21 26 19 10 34 28
704 22 27 1 74 24 94 21 23 24 4 34 28
705 22 40 42 259 32 70 25 29 22 29 35 28
706 23 33 12 65 30 21 25 25 29 10 35 29
707 22 32 36 333 33 1 18 37 32 22 34 28
708 22 30 1 104 22 32 25 25 30 29 34 28
709 22 35 23 123 39 1 25 40 28 25 34 28
710 22 32 35 130 27 64 20 31 24 18 34 28
711 22 26 1 512 24 1 20 31 29 34 34 28
712 22 38 51 144 18 7 19 30 26 24 34 28
713 23 35 44 128 32 22 23 21 27 25 34 28
714 22 36 38 78 21 34 23 25 33 39 35 28
715 22 30 43 167 26 1 16 27 22 7 34 28
716 22 27 1 152 33 75 17 26 31 19 34 28
717 22 25 1 289 18 1 16 23 24 12 34 28
718 22 28 32 102 31 40 18 25 28 10 34 28
719 22 24 1 447 32 1 20 20 29 24 34 28
720 22 42 42 207 41 17 26 21 33 21 34 28
721 22 28 1 300 37 1 13 21 22 21 34 28
722 22 34 22 48 33 1 26 25 33 23 34 28
723 23 33 70 47 29 1 27 23 34 14 34 28
724 22 32 48 132 33 1 20 24 31 8 34 28
725 23 34 27 98 28 13 28 36 31 32 35 29
726 22 27 1 134 22 85 23 24 29 4 34 28
727 22 33 1 131 26 35 25 20 34 28 34 28
728 22 28 6 264 28 1 22 28 27 5 34 28
729 23 39 90 203 41 1 31 1 39 41 35 28
730 23 32 38 209 34 75 24 1 29 19 34 28
731 22 36 39 317 28 1 24 30 26 35 35 28
732 22 30 12 315 29 1 27 33 31 18 34 28
733 22 36 63 156 27 90 22 28 25 24 34 28
734 22 40 74 104 28 74 31 28 36 35 35 28
735 22 33 26 156 27 1 23 40 28 40 35 28
736 22 37 32 162 25 93 24 36 29 39 35 28
737 23 35 57 48 40 1 24 23 30 1 34 28
738 22 29 1 72 34 117 27 1 38 8 34 28
739 22 27 1 277 22 74 28 23 39 17 34 28
740 22 34 30 519 27 18 29 29 40 25 34 28
741 22 33 24 86 33 36 25 18 29 18 34 28
742 22 37 40 116 34 1 28 21 36 42 35 28
743 22 36 28 92 26 88 26 21 27 42 35 28
744 22 25 15 163 29 44 25 29 27 2 34 28
745 22 27 1 76 25 45 21 1 38 14 34 28
746 23 32 52 85 36 1 26 27 29 25 34 28
747 23 30 30 90 26 1 21 29 20 26 34 28
748 22 23 1 166 26 1 25 35 25 10 34 28
749 22 32 50 82 26 31 18 40 26 19 34 28
750 22 37 56 142 28 55 25 35 30 33 35 28
751 22 36 54 220 38 14 28 26 30 30 35 28
752 22 38 57 119 28 1 18 24 24 29 35 28
753 22 27 1 108 37 42 28 28 29 8 34 29
754 23 28 28 74 27 5 23 40 35 40 35 29
755 22 26 7 175 25 1 22 28 26 16 34 28
756 22 41 99 55 34 85 27 30 29 26 34 28
757 22 31 13 133 20 32 22 27 28 32 35 28
758 22 36 31 131 23 1 22 26 27 32 35 28
759 22 22 1 132 23 45 23 31 21 20 34 28
760 22 26 1 53 26 33 18 32 33 11 34 28
761 22 39 40 147 32 49 30 16 28 21 34 28
762 23 37 44 244 31 116 22 21 27 19 35 29
763 22 33 40 343 34 9 20 1 35 10 34 28
764 22 30 27 100 39 101 26 28 34 5 34 28
765 22 39 82 132 39 82 19 22 25 21 34 28
766 22 34 41 100 42 91 17 27 29 1 34 28
767 22 24 1 109 27 3 19 25 23 8 34 28
768 22 32 14 170 32 76 22 21 28 27 34 28
769 22 40 77 353 34 1 30 20 31 33 35 28
770 22 29 1 263 30 8 21 24 27 8 34 28
771 22 28 1 204 23 98 22 28 31 20 34 28
772 22 26 1 158 27 15 26 25 27 7 34 28
773 22 32 54 134 40 68 26 26 31 7 34 28
774 22 37 75 65 32 1 35 28 28 26 34 28
775 22 28 4 69 34 1 20 21 23 11 34 28
776 22 32 31 68 34 49 21 28 30 14 34 28
777 22 36 15 151 20 103 21 39 26 27 34 28
778 22 30 3 335 32 60 22 27 22 6 34 28
779 22 30 35 229 29 6 19 27 19 28 35 28
780 22 33 51 161 35 32 26 21 26 23 34 28
781 22 35 16 178 28 1 26 28 31 43 35 28
782 22 28 1 83 33 1 27 28 29 34 34 28
783 22 28 1 219 25 1 17 28 25 5 34 28
784 22 28 35 189 42 4 25 32 25 24 34 28
785 22 34 12 2005 27 66 30 29 25 25 34 28
786 22 42 58 401 40 1 20 16 22 11 34 28
787 22 30 9 144 12 9 24 32 23 39 35 28
788 22 236 3 485 78 26 2005 1102 400 31 35 28
789 22 39 67 157 44 6 20 17 25 24 34 28
790 22 31 21 125 18 28 26 30 31 41 35 28
791 22 31 50 62 28 1 20 22 28 16 34 28
792 22 34 17 64 30 81 25 30 36 23 34 28
793 22 32 23 72 18 16 29 24 30 38 35 28
794 22 35 35 212 30 24 23 28 32 5 34 28
795 22 33 34 59 30 1 16 25 32 31 35 28
796 23 38 28 147 25 44 18 24 26 30 35 28
797 22 31 5 152 27 38 21 25 28 19 34 28
798 22 27 1 556 28 1 15 29 27 12 34 28
799 22 28 8 41 28 11 20 26 29 9 34 28
800 22 34 48 93 30 46 24 22 31 10 34 28
801 22 25 1 62 22 33 19 23 25 2 34 28
802 22 37 49 152 25 55 24 39 22 19 34 28
803 22 31 38 238 19 32 20 28 17 20 34 28
804 22 35 46 362 28 43 26 37 28 37 35 28
805 22 27 1 45 33 1 19 21 31 1 34 28
806 22 45 53 257 43 1 28 38 28 28 35 28
807 22 31 20 54 18 1 26 30 20 11 34 28
808 23 32 25 167 19 1 14 26 21 29 35 28
809 22 33 27 157 22 91 18 34 24 33 35 28
810 22 33 1 114 22 69 24 29 25 25 34 28
811 22 37 22 555 20 47 24 32 31 50 35 28
812 22 29 40 155 37 1 24 26 31 19 34 28
813 22 34 44 77 23 18 19 23 29 33 35 28
814 22 30 20 270 36 59 13 20 21 1 34 28
815 22 34 18 79 26 58 28 32 30 39 35 28
816 23 42 68 81 43 102 23 22 25 1 34 28
817 23 40 38 133 29 11 27 1 24 25 34 28
818 22 31 35 190 35 1 23 25 37 4 34 28
819 22 41 73 58 32 37 23 23 26 27 34 28
820 22 31 1 116 25 1 22 34 27 18 34 28
821 22 31 37 65 31 27 30 26 25 21 34 28
822 22 37 42 139 18 4 23 27 29 35 35 28
823 22 34 15 269 28 1 30 33 37 41 35 28
824 22 30 15 80 22 1 28 30 36 39 35 28
825 22 35 45 201 18 17 26 29 25 42 35 28
826 23 32 25 126 29 1 24 32 29 33 35 28
827 23 30 22 122 14 11 21 35 35 41 34 28
828 22 28 1 211 24 1 21 34 31 22 34 28
829 22 36 13 132 39 96 28 28 35 11 34 28
830 22 33 43 73 36 68 27 25 26 9 35 28
831 22 38 70 115 36 25 28 33 35 25 34 28
832 23 29 6 95 31 5 21 28 27 6 35 29
833 22 33 24 211 37 103 16 24 18 2 34 28
834 22 33 48 133 28 16 18 48 22 13 34 28
835 22 32 7 103 28 1 23 40 26 27 34 28
836 22 34 45 304 29 30 17 28 22 12 34 28
837 22 35 58 209 27 16 21 26 25 23 34 28
838 22 37 53 118 28 16 23 34 25 21 34 28
839 22 33 31 89 29 108 21 29 29 13 34 28
840 22 28 30 68 30 1 24 34 35 21 34 28
841 23 40 66 77 33 30 24 17 23 20 34 28
842 23 32 49 178 41 8 20 19 33 1 35 29
843 22 32 29 114 20 1 23 31 26 36 35 28
844 23 32 37 131 31 60 201 38 29 20 34 28
845 22 28 1 105 26 118 18 24 29 3 34 28
846 22 30 12 97 17 1 24 33 33 34 35 28
847 22 31 1 339 24 64 24 38 30 43 35 28
848 22 28 1 111 19 20 25 24 33 21 34 28
849 22 36 18 167 21 28 22 33 26 44 35 28
850 22 32 1 194 25 1 28 23 26 32 34 28
851 23 35 33 67 34 1 21 1 37 25 34 28
852 22 37 22 191 30 1 25 35 28 33 35 28
853 22 36 69 180 32 9 30 24 26 31 35 28
854 22 30 1 105 27 83 23 29 32 22 34 28
855 22 27 1 67 23 1 18 25 27 14 34 28
856 22 30 8 64 23 64 28 31 16 8 34 28
857 22 34 31 75 18 19 31 36 27 46 35 28
858 22 31 1 106 27 93 24 20 27 17 34 28
859 22 27 1 121 26 26 19 28 27 29 34 28
860 22 38 56 290 36 1 25 24 25 22 34 28
861 22 28 1 114 29 1 25 32 23 17 34 28
862 22 28 1 80 33 50 21 20 21 1 34 28
863 22 21 1 228 24 56 24 26 29 15 34 28
864 23 31 1 143 28 2 25 34 22 20 34 28
865 22 36 41 240 33 1 19 27 23 24 34 28
866 22 29 23 102 31 1 22 21 27 29 34 28
867 22 29 23 128 17 41 24 26 27 20 34 28
868 23 33 43 407 25 23 27 26 28 16 35 29
869 22 35 37 112 35 68 22 30 27 6 34 28
870 23 26 40 163 32 1 24 32 27 20 34 28
871 22 31 1 162 28 23 27 27 35 28 34 28
872 22 21 1 297 30 34 28 34 29 6 34 28
873 22 23 1 117 27 32 23 31 34 6 34 28
874 22 30 10 83 29 1 25 21 22 11 34 28
875 22 33 34 125 31 1 29 38 38 40 35 28
876 22 29 37 115 32 7 19 18 30 1 34 28
877 22 35 51 112 28 1 24 26 23 14 34 28
878 22 28 1 104 26 31 26 23 35 13 34 28
879 22 33 32 67 32 98 20 22 26 14 34 28
880 22 34 39 97 28 1 15 20 23 28 35 28
881 22 37 61 130 26 1 23 22 22 27 34 28
882 23 28 24 291 23 50 24 25 27 19 35 29
883 22 34 25 195 19 44 30 32 29 43 35 28
884 22 28 1 110 34 2 21 25 31 7 34 28
885 22 34 18 87 14 1 25 27 27 37 35 28
886 22 32 9 218 21 22 27 38 25 34 35 28
887 22 32 1 83 32 16 31 30 26 22 34 28
888 22 32 11 109 28 1 31 42 30 35 35 28
889 23 31 1 126 31 20 22 21 25 19 35 29
890 22 27 17 153 26 9 26 23 28 15 34 28
891 22 30 1 195 23 23 19 23 28 22 34 28
892 22 31 19 63 25 1 24 28 24 25 34 28
893 22 38 69 66 34 67 17 25 27 17 34 28
894 22 26 1 65 18 11 24 29 29 31 34 28
895 22 31 12 131 29 45 18 32 23 15 34 28
896 22 33 38 105 26 7 22 15 20 18 34 28
897 22 25 1 138 23 31 27 2 29 13 34 28
898 23 35 34 76 30 1 21 28 30 36 35 28
899 22 33 39 75 35 1 22 25 22 32 35 28
900 22 28 1 67 28 44 23 29 27 12 34 28
901 22 41 71 70 19 32 28 27 26 35 35 28
902 22 28 19 190 31 1 23 29 25 9 34 28
903 22 40 60 242 36 1 22 29 24 38 35 28
904 22 39 56 96 34 130 23 25 29 11 34 28
905 22 31 20 261 34 38 23 33 26 14 34 28
906 22 32 24 109 32 1 26 21 37 20 34 28
907 22 34 24 155 41 1 24 25 29 5 34 28
908 23 30 33 38 42 1 18 1 24 4 34 28
909 22 36 77 129 29 38 23 29 32 30 35 28
910 23 32 36 62 34 1 16 26 23 24 35 29
911 22 38 44 99 33 63 31 24 27 25 34 28
912 22 34 55 148 25 1 27 29 23 13 34 28
913 22 28 1 1189 11 1 21 33 27 32 34 28
914 22 39 71 104 41 1 16 15 20 10 34 28
915 22 39 38 101 31 1 27 28 28 28 35 28
916 22 34 46 74 37 64 27 23 34 5 34 28
917 22 31 36 95 30 1 19 28 25 6 34 28
918 23 36 47 58 31 3 22 11 31 20 34 29
919 23 35 66 90 29 23 26 24 35 16 34 28
920 22 30 1 189 30 1 20 26 29 4 34 28
921 22 27 1 132 27 2 23 31 27 8 34 28
922 22 33 27 155 38 1 22 26 27 23 34 28
923 22 33 33 69 22 1 24 37 28 33 35 28
924 22 31 26 357 34 53 22 19 30 3 34 28
925 22 28 8 465 38 65 26 38 28 15 34 28
926 22 34 14 168 27 9 19 27 17 33 35 28
927 22 30 24 117 20 54 24 19 22 24 34 28
928 22 36 36 63 31 41 20 41 28 23 34 28
929 22 40 72 59 35 65 29 21 31 20 34 28
930 22 39 71 157 39 51 24 27 25 25 34 28
931 22 26 1 91 30 45 16 27 19 15 34 28
932 22 31 21 638 32 1 29 23 31 14 34 28
933 22 38 63 56 28 68 21 30 31 26 34 28
934 22 30 50 108 33 36 28 25 32 8 34 28
935 22 30 1 177 33 28 24 32 34 16 34 28
936 22 36 47 92 35 71 25 23 27 12 34 28
937 22 30 41 169 32 74 21 24 37 18 34 28
938 22 31 44 89 38 1 22 30 25 15 34 28
939 22 30 1 104 38 1 23 20 29 6 34 28
940 22 38 56 213 36 122 15 24 20 21 34 28
941 22 348 38 120 28 109 18 31 21 15 34 28
942 22 29 1 160 29 11 20 26 25 25 34 28
943 22 35 39 136 30 30 17 37 25 24 34 28
944 22 37 43 169 31 81 24 29 28 17 34 28
945 22 29 1 195 37 1 23 35 26 18 34 28
946 22 37 64 121 33 1 25 24 25 17 34 28
947 22 36 78 98 35 1 20 23 26 18 34 28
948 22 25 1 178 34 1 18 35 15 1 34 28
949 22 31 44 435 15 7 46 51 99 33 35 28
950 22 32 42 87 28 1 20 23 29 17 34 28
951 23 41 72 80 43 79 25 29 30 15 34 28
952 22 26 2 153 16 1 26 33 35 33 35 28
953 22 31 35 267 24 7 21 35 30 31 35 28
954 22 33 23 180 36 77 28 33 30 14 34 28
955 22 37 57 141 37 1 42 26 26 25 34 28
956 22 35 31 91 25 74 24 28 27 18 34 28
957 22 25 1 248 35 21 13 39 27 7 34 28
958 22 39 37 251 29 57 17 25 26 32 35 28
959 22 35 13 214 23 47 22 30 29 37 35 28
960 22 30 38 84 17 21 23 28 22 24 34 28
961 22 35 64 44 22 25 27 25 29 26 34 28
962 22 35 31 114 30 3 25 30 30 24 34 28
963 22 31 1 541 28 1 29 35 34 26 34 28
964 22 37 47 166 40 16 25 26 22 18 34 28
965 22 34 21 140 22 70 25 31 29 32 35 28
966 22 28 14 199 39 63 23 21 33 16 34 28
967 22 33 61 52 35 1 24 21 26 27 34 28
968 22 30 1 135 24 37 15 23 16 13 34 28
969 22 41 82 94 28 42 19 20 33 24 34 28
970 22 33 31 107 28 1 22 1 28 16 34 28
971 22 35 27 536 36 1 23 28 32 27 34 28
972 22 40 50 229 30 1 23 23 27 30 35 28
973 22 35 41 50 32 64 25 28 25 14 34 28
974 22 27 1 222 27 95 20 20 23 1 34 28
975 22 29 4 129 28 96 26 19 32 26 34 28
976 22 33 17 110 29 25 27 1 34 24 34 28
977 22 26 1 132 27 1 23 27 32 14 34 28
978 23 33 31 289 20 34 28 22 30 18 35 29
979 22 23 1 87 32 1 19 31 22 12 34 28
980 22 38 59 65 32 25 26 1 24 9 34 28
981 22 36 27 154 32 1 24 36 30 34 35 28
982 22 33 39 92 50 10 29 32 29 11 34 28
983 22 33 35 76 25 1 22 30 21 24 34 28
984 23 34 27 146 16 47 22 25 26 22 34 28
985 22 34 26 120 31 1 28 1 36 27 34 28
986 22 31 21 81 31 32 28 24 30 11 34 28
987 22 38 44 189 31 1 24 37 23 35 35 28
988 22 33 25 121 42 46 27 23 25 11 34 28
989 22 38 55 201 38 36 17 36 27 26 34 28
990 22 26 1 110 32 22 20 23 33 4 34 28
991 22 35 39 241 34 25 23 32 20 17 34 28
992 22 32 26 88 27 4 18 20 22 14 34 28
993 22 32 29 136 19 12 25 38 30 33 35 29
994 22 32 20 47 34 1 19 28 32 13 34 28
995 22 31 1 80 24 75 24 19 18 7 34 28
996 22 29 1 73 29 1 21 30 29 18 34 28
997 23 33 35 180 32 50 23 21 28 13 34 28
998 23 34 20 92 23 35 24 36 28 26 35 29
999 22 28 1 66 27 73 19 18 26 6 34 28
1000 22 35 54 164 28 11 20 28 31 10 35 28
