1 1777384371 3552 3696 585 3646 3584 3626 3626 3594 4063 4063 4062 4062 4062 4062 4062 4062
2 1777384371 3553 3698 585 3647 3585 3627 3627 3595 4061 4061 4060 4060 4060 4060 4060 4060
3 1777384371 3553 3697 585 3647 3585 3627 3627 3595 4061 4061 4061 4061 4061 4061 4061 4061
4 1777384371 3554 3698 584 3647 3586 3627 3627 3595 4061 4061 4061 4061 4061 4061 4061 4061
5 1777384371 3553 3697 585 3648 3585 3627 3627 3595 4061 4061 4060 4060 4060 4060 4060 4060
6 1777384371 3552 3696 586 3646 3584 3626 3626 3594 4061 4061 4061 4061 4061 4061 4061 4061
7 1777384371 3553 3698 585 3647 3585 3627 3627 3595 4061 4061 4061 4061 4061 4061 4061 4061
8 1777384371 3554 3698 585 3647 3586 3628 3628 3596 4061 4061 4061 4061 4061 4061 4061 4061
9 1777384371 3553 3697 585 3646 3584 3626 3626 3594 4061 4061 4060 4060 4060 4060 4060 4060
10 1777384371 3553 3698 585 3648 3585 3627 3627 3595 4063 4063 4062 4062 4062 4062 4062 4062
11 1777384371 3553 3698 585 3647 3585 3627 3627 3595 4061 4060 4060 4060 4060 4060 4060 4060
12 1777384371 3554 3699 586 3649 3586 3628 3628 3596 4063 4063 4062 4062 4062 4062 4062 4062
13 1777384371 3554 3699 585 3649 3586 3628 1413 1721 4063 4063 4062 4062 4062 4062 4062 4062
14 1777384371 3553 3698 585 3647 3585 3627 3627 3595 4061 4061 4061 4061 4061 4061 4061 4061
15 1777384371 3551 3697 585 3646 3584 3626 3627 3595 4061 4061 4061 4061 4061 4061 4061 4061
16 1777384371 3553 3698 585 3647 3584 3627 3626 3595 4061 4061 4061 4061 4061 4061 4061 4061
17 1777384371 3553 3698 585 3647 3585 3627 3627 3595 4061 4061 4060 4060 4060 4060 4060 4060
18 1777384371 3554 3698 585 3648 3586 3628 3628 3596 4063 4063 4062 4062 4062 4062 4062 4062
19 1777384371 3554 3698 585 3648 3586 3628 3628 3596 4063 4063 4062 4062 4062 4062 4062 4062
20 1777384371 3553 3698 586 3647 3585 3628 3628 3596 4063 4063 4062 4062 4062 4062 4062 4062
21 1777384371 3553 3698 585 3648 3585 3627 3628 3596 4061 4061 4061 4061 4061 4061 4061 4061
22 1777384371 3554 3698 586 3648 3586 3628 3628 3595 4063 4063 4062 4062 4062 4062 4062 4062
23 1777384371 3553 3698 585 3647 3585 3627 3627 3595 4061 4061 4060 4060 4060 4060 4060 4060
24 1777384371 3554 3699 585 3648 3586 3628 3628 3595 4061 4061 4061 4061 4061 4061 4061 4061
25 1777384371 3554 3698 586 3648 3586 3628 3627 3596 4059 4059 4059 4059 4059 4059 4059 4059
26 1777384371 3553 3697 586 3647 3584 3626 3626 3595 4061 4061 4061 4061 4061 4061 4061 4061
27 1777384371 3553 3698 585 3647 3585 3627 3627 3596 4061 4061 4061 4061 4061 4061 4061 4061
28 1777384371 3553 3698 585 3648 3586 3627 3628 3595 4061 4061 4061 4061 4061 4061 4061 4061
29 1777384371 3554 3698 586 3648 3586 3628 3628 3596 4061 4061 4061 4061 4061 4061 4061 4061
30 1777384371 3553 3698 586 3648 3585 3628 3628 3595 4061 4061 4061 4061 4061 4061 4061 4061
31 1777384371 3554 3699 585 3648 3586 3629 3628 3596 4061 4061 4061 4061 4061 4061 4061 4061
32 1777384371 3553 3698 585 3647 3585 3628 3628 3596 4061 4061 4061 4061 4061 4061 4061 4061
33 1777384371 3554 3698 585 3648 3586 3628 3628 3596 4063 4063 4062 4062 4062 4062 4062 4062
34 1777384371 3554 3698 586 3648 3586 3628 3628 3596 4061 4061 4061 4061 4061 4061 4061 4061
35 1777384371 3553 3698 585 3648 3586 3628 3628 3596 4063 4063 4062 4062 4062 4062 4062 4062
36 1777384371 3554 3698 586 3647 3586 3628 3628 3596 4061 4061 4061 4061 4061 4061 4061 4061
37 1777384371 3552 3697 585 3647 3585 3627 3627 3595 4061 4061 4061 4061 4061 4061 4061 4061
38 1777384371 3553 3698 586 3647 3585 3627 3628 3595 4061 4061 4061 4061 4061 4061 4061 4061
39 1777384371 3553 3698 585 3648 3586 3628 3629 3596 4061 4061 4060 4060 4060 4060 4060 4060
40 1777384371 3554 3699 585 3649 3586 3628 3628 3596 4063 4062 4062 4062 4062 4062 4062 4062
41 1777384371 3553 3698 585 3648 3586 3628 3628 3596 4061 4061 4061 4061 4061 4061 4061 4061
42 1777384371 395 3697 585 3649 3586 3628 3628 3596 4061 4061 4060 4060 4060 4060 4060 4060
43 1777384371 3554 3698 585 3648 3586 3628 3628 3596 4063 4061 4061 4061 4061 4061 4061 4061
44 1777384371 3554 3698 586 3649 3586 3628 3628 3596 4063 4063 4062 4062 4062 4062 4062 4062
45 1777384371 3553 3698 585 3648 3585 3627 3628 3596 4061 4061 4061 4061 4061 4061 4061 4061
46 1777384371 3554 3698 585 3648 3586 3628 3628 3596 4061 4061 4061 4061 4061 4061 4061 4061
47 1777384372 3555 3699 585 3650 3587 3629 3629 3597 4061 4061 4061 4061 4061 4061 4061 4061
48 1777384372 3554 3699 585 3648 3586 3628 3628 3596 4057 4057 4057 4057 4057 4057 4057 4057
49 1777384372 3554 3699 585 3649 3586 3629 3628 3596 4063 4063 4062 4062 4062 4062 4062 4062
50 1777384372 3553 3698 585 3647 3585 3628 3628 3595 4061 4061 4061 4061 4061 4061 4061 4061
51 1777384372 3553 3698 585 3648 3586 3628 3628 3596 4061 4061 4061 4061 4061 4061 4061 4061
52 1777384372 3553 3699 585 3648 3586 3628 3628 3596 4061 4061 4060 4060 4060 4060 4060 4060
53 1777384372 3554 3698 587 3649 3587 3629 3629 3597 4061 4061 4061 4061 4061 4061 4061 4061
54 1777384372 3554 3698 586 3648 3586 3628 3628 3596 4061 4061 4061 4061 4061 4061 4061 4061
55 1777384372 3554 3699 585 3648 3586 3629 3628 3596 4061 4061 4060 4060 4060 4060 4060 4060
56 1777384372 3553 3698 585 3648 3586 3628 3628 3596 4061 4060 4060 4060 4060 4060 4060 4060
57 1777384372 3553 3698 585 3647 3585 3627 3627 3595 4063 4063 4062 4062 4062 4062 4062 4062
58 1777384372 3554 3699 586 3649 3586 3628 3629 3597 4061 4061 4061 4061 4061 4061 4061 4061
59 1777384372 3553 3697 585 3648 3585 3627 3628 3596 4061 4061 4061 4061 4061 4061 4061 4061
60 1777384372 3554 3698 586 3648 3585 3628 3628 3596 4061 4060 4060 4060 4060 4060 4060 4060
61 1777384372 3553 3697 585 3648 3585 3627 3627 3595 4063 4062 4062 4062 4062 4062 4062 4062
62 1777384372 3554 3698 586 3648 3586 3628 3627 3595 4061 4061 4060 4060 4060 4060 4060 4060
63 1777384372 3553 3698 585 3648 3586 3628 3628 3596 4061 4061 4061 4061 4061 4061 4061 4061
64 1777384372 3554 3698 585 3648 3586 3627 3628 3596 4063 4062 4062 4062 4062 4062 4062 4062
65 1777384372 3554 3698 585 3648 3585 3628 3628 3596 4063 4063 4062 4062 4062 4062 4062 4062
66 1777384372 3554 3699 585 3649 3586 3628 3628 3596 4061 4061 4061 4061 4061 4061 4061 4061
67 1777384372 3554 3699 585 3649 3586 3628 3629 3596 4061 4061 4061 4061 4061 4061 4061 4061
68 1777384372 3553 3698 585 3647 3586 3627 3628 3596 4061 4061 4060 4060 4060 4060 4060 4060
69 1777384372 3555 3699 585 3649 3587 3629 3629 3597 4061 4061 4061 4061 4061 4061 4061 4061
70 1777384372 3553 3698 586 3648 3585 3628 3628 3596 4061 4061 4061 4061 4061 4061 4061 4061
71 1777384372 3553 3697 586 3648 3585 3628 3628 3595 4063 4063 4062 4062 4062 4062 4062 4062
72 1777384372 3555 3700 585 3649 3586 3629 3629 3596 4061 4061 4061 4061 4061 4061 4061 4061
73 1777384372 3553 3698 585 3648 3585 3627 3627 3596 4061 4061 4061 4061 4061 4061 4061 4061
74 1777384372 3554 3699 586 3649 3586 3628 3628 3596 4063 4063 4062 4062 4062 4062 4062 4062
75 1777384372 3554 3698 586 3648 3586 3628 3628 3596 4063 4063 4062 4062 4062 4062 4062 4062
76 1777384372 3553 3698 586 3648 3585 3628 3628 3596 4063 4063 4062 4062 4062 4062 4062 4062
77 1777384372 3553 3698 586 3649 3586 3628 3628 3596 4061 4061 4060 4060 4060 4060 4060 4060
78 1777384372 3554 3699 586 3649 3586 3628 3628 3596 4063 4063 4062 4062 4062 4062 4062 4062
79 1777384372 3554 3698 586 3648 3585 3628 3628 3596 4061 4061 4061 4061 4061 4061 4061 4061
80 1777384372 3554 3699 585 3648 3586 3629 3628 3596 4061 4061 4060 4060 4060 4060 4060 4060
81 1777384372 3554 3699 585 3649 3586 3628 3628 3596 4063 4063 4062 4062 4062 4062 4062 4062
82 1777384372 3554 3699 586 3649 3586 3628 3629 3597 4063 4063 4062 4062 4062 4062 4062 4062
83 1777384372 3554 3698 585 3648 3586 3628 3628 3597 4061 4061 4061 4061 4061 4061 4061 4061
84 1777384372 3553 3698 588 3648 3586 3628 3628 3596 4063 4063 4062 4062 4062 4062 4062 4062
85 1777384372 3554 3698 587 3648 3586 3628 3629 3596 4063 4063 4062 4062 4062 4062 4062 4062
86 1777384372 3554 3698 586 3648 3585 3627 3627 3595 4061 4061 4060 4060 4060 4060 4060 4060
87 1777384372 3554 3698 585 3648 3586 3628 3628 3596 4063 4063 4062 4062 4062 4062 4062 4062
88 1777384372 3556 3700 586 3651 3588 3630 3630 3598 4061 4061 4061 4061 4061 4061 4061 4061
89 1777384372 3555 3699 586 3649 3586 3628 3629 3597 4061 4061 4060 4060 4060 4060 4060 4060
90 1777384372 3554 3699 586 3649 3587 3629 3629 3597 4063 4063 4062 4062 4062 4062 4062 4062
91 1777384372 3553 3698 585 3648 3586 3628 3627 3596 4061 4061 4061 4061 4061 4061 4061 4061
92 1777384372 3555 3700 586 3650 3587 3629 3629 3597 4063 4063 4062 4062 4062 4062 4062 4062
93 1777384372 3554 3699 586 3648 3586 3628 3628 3596 4061 4061 4060 4060 4060 4060 4060 4060
94 1777384372 3554 3699 586 3649 3586 3629 3628 3596 4063 4063 4062 4062 4062 4062 4062 4062
95 1777384372 3554 3699 586 3648 3587 3629 3629 3597 4061 4061 4060 4060 4060 4060 4060 4060
96 1777384372 3554 3699 586 3647 3586 3629 3629 3597 4061 4061 4061 4061 4061 4061 4061 4061
97 1777384372 3554 3699 586 3649 3586 3629 3628 3596 4063 4063 4062 4062 4062 4062 4062 4062
98 1777384372 3554 3699 586 3649 3586 3629 3629 3597 4061 4061 4061 4061 4061 4061 4061 4061
99 1777384372 3553 3699 586 3649 3587 3629 3629 3597 4061 4061 4061 4061 4061 4061 4061 4061
100 1777384372 3554 3699 586 3649 3587 3628 3629 3597 4061 4061 4061 4061 4061 4061 4061 4061
101 1777384372 3554 3699 586 3649 3586 3628 3628 3596 4061 4061 4060 4060 4060 4060 4060 4060
102 1777384372 3554 3698 586 3648 3586 3628 3628 3596 4063 4063 4062 4062 4062 4062 4062 4062
103 1777384372 3554 3698 586 3648 3586 3628 3628 3596 4061 4061 4061 4061 4061 4061 4061 4061
104 1777384372 3554 3699 586 3649 3587 3629 3629 3598 4061 4060 4060 4060 4060 4060 4060 4060
105 1777384372 3553 3698 586 3648 3585 3627 3628 3596 4059 4059 4059 4059 4059 4059 4059 4059
106 1777384372 3554 3699 586 3649 3586 3628 3629 3597 4059 4059 4058 4058 4058 4058 4058 4058
107 1777384372 3554 3698 585 3648 3586 3629 3629 3597 4061 4061 4061 4061 4061 4061 4061 4061
108 1777384372 3556 3701 586 3650 3588 3630 3629 3598 4061 4061 4060 4060 4060 4060 4060 4060
109 1777384372 3555 3699 586 3649 3587 3629 3629 3597 4061 4061 4060 4060 4060 4060 4060 4060
110 1777384372 3554 3699 586 3649 3587 3629 3629 3597 4061 4061 4061 4061 4061 4061 4061 4061
111 1777384372 3553 3698 586 3648 3586 3628 3628 3596 4063 4061 4061 4061 4061 4061 4061 4061
112 1777384372 3554 3699 586 3647 3586 3628 3628 3596 4061 4061 4060 4060 4060 4060 4060 4060
113 1777384372 3554 3699 586 3649 3587 3628 3629 3597 4063 4063 4062 4062 4062 4062 4062 4062
114 1777384372 3554 3699 586 3649 3586 3628 3628 3596 4061 4061 4061 4061 4061 4061 4061 4061
115 1777384372 3553 3699 586 3648 3586 3628 3628 3596 4061 4061 4061 4061 4061 4061 4061 4061
116 1777384372 3554 3699 586 3649 3586 3628 3628 3596 4061 4061 4061 4061 4061 4061 4061 4061
117 1777384372 3555 3699 587 3650 3587 3629 3629 3597 4063 4063 4062 4062 4062 4062 4062 4062
118 1777384372 3554 3699 586 3649 3586 3628 3628 3596 4061 4061 4061 4061 4061 4061 4061 4061
119 1777384372 3554 3698 586 3648 3586 3628 3628 3596 4061 4061 4061 4061 4061 4061 4061 4061
120 1777384372 3554 3699 586 3649 3586 3629 3629 3597 4061 4061 4061 4061 4061 4061 4061 4061
121 1777384372 3553 3698 586 3648 3585 3628 3628 3595 4063 4061 4061 4061 4061 4061 4061 4061
122 1777384372 3554 3699 586 3648 3586 3628 3628 3596 4061 4061 4061 4061 4061 4061 4061 4061
123 1777384372 3555 3700 586 3649 3587 3629 3629 3597 4061 4061 4061 4061 4061 4061 4061 4061
124 1777384372 3554 3698 586 3648 3586 3628 3628 3597 4061 4061 4060 4060 4060 4060 4060 4060
125 1777384372 3555 3699 586 3650 3587 3629 3629 3597 4061 4061 4061 4061 4061 4061 4061 4061
126 1777384372 3555 3699 586 3649 3587 3629 3629 3597 4061 4061 4061 4061 4061 4061 4061 4061
127 1777384372 3554 3699 586 3648 3586 3628 3628 3596 4061 4061 4061 4061 4061 4061 4061 4061
128 1777384372 3555 3700 586 3649 3587 3630 3629 3597 4061 4061 4061 4061 4061 4061 4061 4061
129 1777384372 3554 3699 586 3649 3587 3629 3628 3596 4063 4063 4062 4062 4062 4062 4062 4062
130 1777384372 3555 3700 586 3649 3586 3629 3629 3597 4061 4061 4061 4061 4061 4061 4061 4061
131 1777384372 3554 3699 586 3649 3587 3629 3629 3597 4061 4061 4061 4061 4061 4061 4061 4061
132 1777384380 3553 3698 586 3647 3585 3627 3627 3595 4061 4061 4061 4061 4061 4061 4061 4061
133 1777384380 3554 3698 586 3648 3586 3628 3628 3596 4061 4061 4061 4061 4061 4061 4061 4061
134 1777384380 3553 3698 586 3648 3585 3627 3628 3596 4063 4061 4061 4061 4061 4061 4061 4061
135 1777384380 3553 3698 586 3647 3585 3628 3628 3595 4061 4061 4061 4061 4061 4061 4061 4061
136 1777384380 3555 3699 586 3649 3587 3628 3629 3597 4063 4063 4062 4062 4062 4062 4062 4062
137 1777384380 3554 3698 586 3648 3586 3627 3627 3595 4061 4061 4060 4060 4060 4060 4060 4060
138 1777384380 3553 3697 586 3647 3585 3627 3627 3596 4061 4060 4060 4060 4060 4060 4060 4060
139 1777384380 3553 3698 586 3647 3585 3627 3627 3595 4061 4061 4061 4061 4061 4061 4061 4061
140 1777384380 3555 3699 586 3649 3587 3629 3629 3597 4063 4063 4062 4062 4062 4062 4062 4062
141 1777384380 3553 3698 586 3648 3585 3627 3627 3595 4063 4063 4062 4062 4062 4062 4062 4062
142 1777384380 3554 3699 585 3648 3586 3628 3628 3596 4063 4063 4062 4062 4062 4062 4062 4062
143 1777384381 3553 3698 586 3649 3587 3628 3629 3596 4061 4061 4060 4060 4060 4060 4060 4060
144 1777384381 3554 3699 586 3648 3586 3628 3628 3596 4061 4061 4060 4060 4060 4060 4060 4060
145 1777384381 3554 3698 586 3648 3586 3628 3629 3596 4063 4063 4062 4062 4062 4062 4062 4062
146 1777384381 3553 3697 586 3648 3585 3628 3628 3596 4061 4061 4060 4060 4060 4060 4060 4060
147 1777384381 3553 3698 586 3647 3585 3627 3627 3596 4063 4063 4062 4062 4062 4062 4062 4062
148 1777384381 3554 3698 587 3648 3586 3628 3629 3597 4063 4063 4062 4062 4062 4062 4062 4062
149 1777384381 3553 3698 586 3648 3586 3628 3628 3596 4061 4061 4061 4061 4061 4061 4061 4061
150 1777384381 3554 3699 586 3649 3586 3629 3629 3596 4061 4061 4061 4061 4061 4061 4061 4061
151 1777384381 3554 3699 586 3649 3586 3628 3628 3596 4061 4061 4061 4061 4061 4061 4061 4061
152 1777384381 3554 3699 587 3648 3586 3629 3629 3597 4061 4060 4060 4060 4060 4060 4060 4060
153 1777384381 3554 3699 586 3648 3586 3628 3628 3596 4061 4061 4061 4061 4061 4061 4061 4061
154 1777384381 3554 3699 586 3648 3586 3628 3628 3596 4063 4063 4062 4062 4062 4062 4062 4062
155 1777384381 3554 3699 586 3649 3586 3629 3628 3596 4061 4061 4061 4061 4061 4061 4061 4061
156 1777384381 3555 3699 587 3649 3587 3629 3629 3597 4063 4063 4062 4062 4062 4062 4062 4062
157 1777384381 3555 3700 586 3649 3586 3628 3629 3597 4061 4061 4061 4061 4061 4061 4061 4061
158 1777384381 3554 3699 586 3648 3587 3628 3629 3596 4063 4063 4062 4062 4062 4062 4062 4062
159 1777384381 3553 3697 584 3647 3585 3627 3627 3595 4061 4061 4061 4061 4061 4061 4061 4061
160 1777384381 3552 3697 585 3646 3584 3626 3626 3595 4061 4061 4061 4061 4061 4061 4061 4061
161 1777384381 3552 3697 585 3647 3585 3626 3626 3595 4061 4061 4061 4061 4061 4061 4061 4061
162 1777384381 3553 3697 585 3647 3585 3627 3627 3595 4061 4061 4061 4061 4061 4061 4061 4061
163 1777384381 3552 3696 584 3646 3584 3626 3626 3594 4063 4063 4062 4062 4062 4062 4062 4062
164 1777384381 3553 3698 585 3648 3585 3627 3627 3595 4061 4061 4061 4061 4061 4061 4061 4061
165 1777384381 3552 3696 585 3646 3584 3626 3626 3594 4061 4061 4061 4061 4061 4061 4061 4061
166 1777384381 3552 3697 585 3646 3584 3626 3626 3594 4063 4063 4062 4062 4062 4062 4062 4062
167 1777384381 3553 3697 584 3647 3585 3627 3627 3595 4061 4061 4061 4061 4061 4061 4061 4061
168 1777384381 3553 3697 585 3646 3585 3627 3627 3594 4061 4061 4061 4061 4061 4061 4061 4061
169 1777384381 3553 3698 584 3648 3585 3627 3627 3596 4063 4063 4062 4062 4062 4062 4062 4062
170 1777384381 3553 3697 584 3648 3585 3627 3627 3595 4063 4063 4062 4062 4062 4062 4062 4062
171 1777384381 3552 3697 585 3647 3585 3627 3627 3594 4061 4061 4060 4060 4060 4060 4060 4060
172 1777384381 3554 3698 584 3648 3585 3627 3627 3595 4059 4059 4059 4059 4059 4059 4059 4059
173 1777384381 3553 3697 584 3646 3584 3626 3626 3595 4063 4063 4062 4062 4062 4062 4062 4062
174 1777384381 3553 3698 585 3647 3585 3627 3627 3595 4061 4061 4060 4060 4060 4060 4060 4060
175 1777384381 3553 3697 585 3647 3585 3627 3627 3595 4061 4061 4061 4061 4061 4061 4061 4061
176 1777384381 3553 3698 585 3647 3585 3627 3627 3595 4061 4061 4061 4061 4061 4061 4061 4061
177 1777384381 3552 3697 585 3647 3585 3626 3626 3595 4061 4061 4060 4060 4060 4060 4060 4060
178 1777384381 3553 3698 585 3648 3585 3627 3627 3595 4061 4061 4061 4061 4061 4061 4061 4061
179 1777384381 3552 3696 584 3647 3584 3626 3626 3594 4061 4061 4061 4061 4061 4061 4061 4061
180 1777384381 3553 3698 585 3648 3586 3628 3628 3596 4063 4063 4062 4062 4062 4062 4062 4062
181 1777384381 3554 3698 586 3647 3585 3627 3627 3595 4063 4063 4062 4062 4062 4062 4062 4062
182 1777384381 3553 3698 585 3648 3585 3628 3628 3596 4063 4063 4062 4062 4062 4062 4062 4062
183 1777384381 3553 3698 584 3647 3586 3627 3628 3596 4061 4061 4060 4060 4060 4060 4060 4060
184 1777384381 3553 3697 585 3647 3585 3627 3627 3595 4061 4061 4061 4061 4061 4061 4061 4061
185 1777384381 3553 3698 585 3648 3585 3627 3627 3595 4061 4061 4061 4061 4061 4061 4061 4061
186 1777384381 3552 3697 585 3647 3584 3627 3626 3594 4061 4060 4060 4060 4060 4060 4060 4060
187 1777384381 3554 3697 584 3648 3584 3627 3627 3595 4061 4061 4061 4061 4061 4061 4061 4061
188 1777384381 3552 3697 585 3647 3585 3627 3627 3594 4061 4061 4061 4061 4061 4061 4061 4061
189 1777384381 3552 3697 585 3647 3585 3626 3627 3595 4063 4063 4062 4062 4062 4062 4062 4062
190 1777384381 3554 3698 585 3648 3585 3627 3627 3595 4061 4061 4061 4061 4061 4061 4061 4061
191 1777384381 3553 3697 584 3647 3585 3627 3627 3595 4061 4061 4060 4060 4060 4060 4060 4060
192 1777384381 3553 3698 585 3647 3585 3627 3627 3595 4063 4063 4062 4062 4062 4062 4062 4062
193 1777384381 3553 3697 585 3647 3585 3627 3627 3595 4063 4063 4062 4062 4062 4062 4062 4062
194 1777384381 3553 3698 585 3648 3585 3627 3628 3596 4061 4061 4061 4061 4061 4061 4061 4061
195 1777384381 3552 3696 585 3647 3584 3626 3626 3594 4061 4061 4061 4061 4061 4061 4061 4061
196 1777384381 3554 3697 585 3648 3586 3627 3628 3596 4063 4063 4062 4062 4062 4062 4062 4062
197 1777384381 3552 3697 584 3647 3584 3626 3626 3594 4063 4063 4062 4062 4062 4062 4062 4062
198 1777384381 3553 3697 585 3648 3586 3627 3628 3595 4061 4061 4060 4060 4060 4060 4060 4060
199 1777384381 3553 3698 585 3647 3585 3627 3627 3595 4061 4061 4061 4061 4061 4061 4061 4061
200 1777384381 3554 3699 585 3648 3585 3628 3628 3596 4061 4061 4060 4060 4060 4060 4060 4060
201 1777384381 3553 3698 585 3647 3585 3627 3627 3594 4061 4061 4060 4060 4060 4060 4060 4060
202 1777384381 3554 3699 585 3648 3586 3628 3628 3596 4061 4061 4061 4061 4061 4061 4061 4061
203 1777384381 3553 3697 585 3647 3585 3627 3627 3595 4061 4061 4060 4060 4060 4060 4060 4060
204 1777384381 3553 3697 585 3647 3585 3628 3627 3596 4063 4062 4062 4062 4062 4062 4062 4062
205 1777384381 3553 3697 585 3647 3584 3627 3626 3595 4061 4061 4061 4061 4061 4061 4061 4061
206 1777384381 3553 3697 585 3648 3585 3628 3628 3595 4061 4061 4061 4061 4061 4061 4061 4061
207 1777384381 3552 3697 585 3647 3585 3627 3628 3596 4061 4061 4061 4061 4061 4061 4061 4061
208 1777384381 3553 3697 584 3646 3585 3626 3627 3594 4061 4061 4060 4060 4060 4060 4060 4060
209 1777384381 3553 3697 585 3647 3585 3627 3628 3595 4061 4061 4061 4061 4061 4061 4061 4061
210 1777384381 3553 3697 585 3646 3584 3626 3627 3595 4063 4063 4062 4062 4062 4062 4062 4062
211 1777384381 3554 3699 585 3649 3586 3628 3628 3596 4061 4061 4060 4060 4060 4060 4060 4060
212 1777384381 3553 3697 584 3648 3585 3627 3627 3595 4061 4061 4061 4061 4061 4061 4061 4061
213 1777384381 3554 3698 586 3648 3586 3627 3628 3595 4063 4063 4062 4062 4062 4062 4062 4062
214 1777384381 3553 3698 585 3648 3585 3627 3627 3596 4063 4063 4062 4062 4062 4062 4062 4062
215 1777384381 3554 3698 585 3647 3585 3627 3627 3595 4061 4061 4061 4061 4061 4061 4061 4061
216 1777384381 3554 3699 585 3649 3586 3628 3628 3596 4063 4063 4062 4062 4062 4062 4062 4062
217 1777384381 3553 3698 585 3648 3585 3628 3628 3596 4063 4063 4062 4062 4062 4062 4062 4062
218 1777384381 3553 3698 585 3648 3585 3628 3628 3596 4063 4063 4062 4062 4062 4062 4062 4062
219 1777384381 3553 3698 585 3647 3585 3627 3627 3595 4061 4061 4061 4061 4061 4061 4061 4061
220 1777384381 3553 3697 585 3647 3585 3627 3627 3595 4061 4061 4061 4061 4061 4061 4061 4061
221 1777384381 3553 3698 585 3648 3585 3627 3627 3596 4061 4061 4061 4061 4061 4061 4061 4061
222 1777384381 3553 3697 585 3648 3585 3628 3627 3596 4061 4061 4061 4061 4061 4061 4061 4061
223 1777384381 3552 3696 585 3647 3584 3626 3627 3594 4059 4059 4059 4059 4059 4059 4059 4059
224 1777384381 3553 3697 585 3646 3585 3627 3628 3595 4061 4061 4060 4060 4060 4060 4060 4060
225 1777384381 3553 3698 585 3647 3585 3627 3628 3595 4061 4061 4061 4061 4061 4061 4061 4061
226 1777384381 3554 3699 585 3648 3586 3628 3627 3596 4061 4061 4060 4060 4060 4060 4060 4060
227 1777384382 3554 3698 584 3647 3585 3628 3628 3596 4061 4061 4061 4061 4061 4061 4061 4061
228 1777384382 3554 3699 585 3648 3585 3627 3628 3596 4061 4061 4061 4061 4061 4061 4061 4061
229 1777384382 3553 3698 584 3648 3585 3628 3627 3596 4061 4061 4061 4061 4061 4061 4061 4061
230 1777384382 3554 3698 585 3648 3586 3628 3628 3596 4061 4061 4061 4061 4061 4061 4061 4061
231 1777384382 3553 3698 584 3647 3585 3627 3627 3595 4061 4061 4061 4061 4061 4061 4061 4061
232 1777384382 3553 3698 584 3648 3585 3627 3627 3595 4063 4063 4062 4062 4062 4062 4062 4062
233 1777384382 3554 3699 585 3648 3585 3627 3628 3596 4061 4061 4061 4061 4061 4061 4061 4061
234 1777384382 3554 3698 585 3648 3585 3627 3628 3596 4061 4061 4061 4061 4061 4061 4061 4061
235 1777384382 3554 3698 585 3648 3586 3628 3628 3596 4061 4061 4060 4060 4060 4060 4060 4060
236 1777384382 3553 3698 585 3647 3585 3627 3627 3595 4061 4061 4061 4061 4061 4061 4061 4061
237 1777384382 3553 3698 585 3648 3585 3627 3627 3595 4063 4063 4062 4062 4062 4062 4062 4062
238 1777384382 3553 3697 585 3647 3584 3626 3626 3595 4061 4061 4061 4061 4061 4061 4061 4061
239 1777384382 3553 3697 585 3647 3585 3627 3627 3595 4063 4063 4062 4062 4062 4062 4062 4062
240 1777384382 3554 3699 585 3648 3586 3628 3628 3596 4063 4063 4062 4062 4062 4062 4062 4062
241 1777384382 3553 3698 585 3647 3585 3627 3628 3596 4063 4063 4062 4062 4062 4062 4062 4062
242 1777384382 3554 3699 585 3648 3585 3627 3627 3596 4061 4061 4061 4061 4061 4061 4061 4061
243 1777384382 3553 3697 585 3647 3585 3628 3628 3596 4063 4063 4062 4062 4062 4062 4062 4062
244 1777384382 3552 3697 585 3647 3585 3627 3627 3595 4061 4061 4061 4061 4061 4061 4061 4061
245 1777384382 3554 3698 585 3648 3585 3627 3628 3596 4061 4061 4061 4061 4061 4061 4061 4061
246 1777384382 3553 3697 585 3648 3585 3628 3628 3596 4061 4061 4061 4061 4061 4061 4061 4061
247 1777384382 3553 3698 585 3648 3586 3627 3628 3596 4061 4061 4061 4061 4061 4061 4061 4061
248 1777384382 3553 3697 585 3647 3585 3627 3627 3595 4063 4063 4062 4062 4062 4062 4062 4062
249 1777384382 3554 3699 585 3648 3586 3627 3628 3596 4063 4063 4062 4062 4062 4062 4062 4062
250 1777384382 3553 3697 585 3648 3585 3627 3627 3595 4061 4061 4061 4061 4061 4061 4061 4061
251 1777384390 3552 3697 585 3647 3584 3626 3626 3595 4061 4061 4060 4060 4060 4060 4060 4060
252 1777384390 3552 3696 586 3646 3584 3626 3626 3594 4063 4063 4062 4062 4062 4062 4062 4062
253 1777384390 3552 3697 585 3646 3584 3626 3626 3595 4063 4063 4062 4062 4062 4062 4062 4062
254 1777384390 3553 3697 585 3647 3585 3627 3627 3595 4061 4061 4061 4061 4061 4061 4061 4061
255 1777384390 3552 3696 585 3646 3584 3626 3626 3594 4061 4061 4061 4061 4061 4061 4061 4061
256 1777384390 3552 3697 585 3647 3585 3627 3627 3595 4061 4061 4061 4061 4061 4061 4061 4061
257 1777384390 3553 3697 585 3647 3584 3626 3626 3594 4061 4061 4061 4061 4061 4061 4061 4061
258 1777384390 3553 3698 585 3647 3585 3628 3627 3596 4063 4063 4062 4062 4062 4062 4062 4062
259 1777384390 3553 3697 586 3647 3585 3627 3627 3595 4061 4061 4061 4061 4061 4061 4061 4061
260 1777384390 3553 3698 586 3648 3585 3627 3627 3595 4061 4061 4060 4060 4060 4060 4060 4060
261 1777384390 3553 3697 585 3647 3585 3626 3627 3595 4063 4061 4061 4061 4061 4061 4061 4061
262 1777384390 3554 3699 585 3649 3586 3628 3628 3597 4061 4061 4061 4061 4061 4061 4061 4061
263 1777384390 3553 3697 585 3647 3586 3627 3627 3595 4061 4061 4060 4060 4060 4060 4060 4060
264 1777384390 3553 3697 585 3647 3585 3627 3627 3595 4061 4060 4060 4060 4060 4060 4060 4060
265 1777384390 3554 3699 585 3649 3586 3628 3628 3596 4061 4061 4060 4060 4060 4060 4060 4060
266 1777384390 3553 3698 585 3647 3584 3627 3627 3595 4061 4061 4060 4060 4060 4060 4060 4060
267 1777384390 3553 3698 585 3648 3585 3628 3628 3596 4061 4061 4061 4061 4061 4061 4061 4061
268 1777384390 3553 3698 586 3647 3585 3627 3628 3595 4061 4061 4061 4061 4061 4061 4061 4061
269 1777384390 3553 3697 585 3647 3584 3626 3627 3595 4063 4063 4062 4062 4062 4062 4062 4062
270 1777384390 3552 3697 585 3647 3585 3627 3627 3595 4061 4061 4061 4061 4061 4061 4061 4061
271 1777384390 3554 3698 585 3648 3585 3627 3628 3595 4061 4061 4061 4061 4061 4061 4061 4061
272 1777384390 3553 3697 585 3647 3585 3627 3628 3595 4061 4061 4061 4061 4061 4061 4061 4061
273 1777384390 3553 3698 585 3648 3585 3628 3627 3596 4061 4061 4061 4061 4061 4061 4061 4061
274 1777384390 3554 3699 585 3648 3586 3628 3629 3597 4059 4059 4058 4058 4058 4058 4058 4058
275 1777384390 3553 3698 585 3648 3585 3627 3628 3596 4061 4061 4061 4061 4061 4061 4061 4061
276 1777384390 3558 3702 586 3652 3589 3632 3632 3600 4063 4063 4062 4062 4062 4062 4062 4062
277 1777384390 3553 3698 585 3648 3586 3628 3628 3596 4059 4059 4059 4059 4059 4059 4059 4059
278 1777384390 3552 3696 586 3647 3585 3626 3627 3594 4063 4063 4062 4062 4062 4062 4062 4062
279 1777384390 3553 3697 585 3647 3585 3627 3627 3595 4061 4061 4060 4060 4060 4060 4060 4060
280 1777384390 3554 3698 586 3649 3586 3628 3629 3596 4063 4061 4061 4061 4061 4061 4061 4061
281 1777384390 3553 3698 586 3648 3585 3627 3627 3595 4061 4061 4061 4061 4061 4061 4061 4061
282 1777384390 3553 3698 585 3648 3585 3627 3628 3596 4061 4061 4061 4061 4061 4061 4061 4061
283 1777384390 3553 3698 585 3648 3585 3627 3628 3596 4061 4061 4060 4060 4060 4060 4060 4060
284 1777384390 3553 3698 585 3647 3585 3626 3626 3595 4061 4061 4061 4061 4061 4061 4061 4061
285 1777384398 3552 3697 585 3647 3584 3626 3626 3594 4061 4061 4061 4061 4061 4061 4061 4061
286 1777384398 3552 3697 585 3646 3584 3627 3627 3595 4061 4061 4060 4060 4060 4060 4060 4060
287 1777384398 3553 3697 586 3647 3585 3628 3627 3595 4063 4063 4062 4062 4062 4062 4062 4062
288 1777384398 3553 3697 585 3647 3584 3627 3627 3595 4061 4061 4061 4061 4061 4061 4061 4061
289 1777384398 3553 3697 586 3647 3585 3628 3628 3595 4061 4061 4061 4061 4061 4061 4061 4061
290 1777384398 3553 3697 586 3647 3585 3627 3627 3595 4061 4061 4061 4061 4061 4061 4061 4061
291 1777384398 3554 3698 586 3648 3585 3628 3628 3596 4061 4061 4060 4060 4060 4060 4060 4060
292 1777384398 3554 3699 585 3648 3586 3628 3628 3596 4061 4061 4061 4061 4061 4061 4061 4061
293 1777384398 3553 3697 586 3647 3585 3628 3627 3595 4061 4061 4060 4060 4060 4060 4060 4060
294 1777384398 3553 3697 585 3647 3585 3627 3627 3595 4061 4061 4060 4060 4060 4060 4060 4060
295 1777384398 3553 3697 586 3647 3585 3627 3627 3595 4061 4061 4061 4061 4061 4061 4061 4061
296 1777384398 3554 3698 585 3648 3586 3628 3628 3596 4061 4061 4061 4061 4061 4061 4061 4061
297 1777384398 3553 3698 586 3647 3585 3627 3627 3596 4061 4061 4060 4060 4060 4060 4060 4060
298 1777384398 3553 3697 586 3647 3585 3627 3627 3595 4061 4061 4060 4060 4060 4060 4060 4060
299 1777384398 3553 3698 586 3648 3585 3627 3627 3595 4063 4061 4061 4061 4061 4061 4061 4061
300 1777384398 3553 3698 585 3648 3585 3627 3628 3595 4061 4061 4060 4060 4060 4060 4060 4060
301 1777384398 3554 3698 585 3648 3586 3627 3628 3596 4061 4061 4061 4061 4061 4061 4061 4061
302 1777384398 3554 3698 586 3648 3586 3627 3628 3596 4061 4061 4061 4061 4061 4061 4061 4061
303 1777384398 3553 3698 586 3647 3585 3628 3628 3596 4063 4062 4062 4062 4062 4062 4062 4062
304 1777384398 3553 3698 585 3648 3585 3627 3627 3595 4063 4063 4062 4062 4062 4062 4062 4062
305 1777384398 3553 3698 585 3648 3585 3628 3627 3596 4063 4063 4062 4062 4062 4062 4062 4062
306 1777384398 3553 3697 585 3648 3585 3627 3627 3595 4061 4061 4061 4061 4061 4061 4061 4061
307 1777384398 3553 3698 586 3648 3585 3627 3628 3595 4059 4059 4059 4059 4059 4059 4059 4059
308 1777384398 3554 3698 585 3648 3586 3628 3628 3595 4061 4061 4060 4060 4060 4060 4060 4060
309 1777384398 3554 3698 586 3649 3586 3628 3629 3597 4061 4061 4060 4060 4060 4060 4060 4060
310 1777384398 3554 3699 586 3649 3586 3628 3628 3596 4061 4061 4061 4061 4061 4061 4061 4061
311 1777384398 3554 3699 585 3649 3586 3628 3628 3596 4061 4061 4061 4061 4061 4061 4061 4061
312 1777384398 3554 3698 586 3648 3586 3628 3628 3596 4061 4061 4060 4060 4060 4060 4060 4060
313 1777384398 3554 3698 585 3648 3586 3627 3627 3595 4061 4061 4061 4061 4061 4061 4061 4061
314 1777384398 3554 3699 585 3648 3586 3628 3628 3597 4061 4061 4061 4061 4061 4061 4061 4061
315 1777384398 3553 3698 586 3648 3586 3628 3628 3596 4059 4059 4058 4058 4058 4058 4058 4058
316 1777384398 3554 3698 586 3648 3585 3628 3628 3596 4061 4061 4060 4060 4060 4060 4060 4060
317 1777384398 3553 3698 586 3647 3585 3627 3627 3595 4061 4061 4061 4061 4061 4061 4061 4061
318 1777384398 3553 3698 585 3647 3585 3627 3627 3595 4061 4061 4061 4061 4061 4061 4061 4061
319 1777384398 3554 3698 586 3648 3586 3628 3628 3596 4061 4061 4061 4061 4061 4061 4061 4061
320 1777384398 3553 3697 585 3647 3585 3627 3627 3595 4061 4061 4060 4060 4060 4060 4060 4060
321 1777384398 3553 3698 585 3648 3585 3628 3628 3596 4061 4061 4061 4061 4061 4061 4061 4061
322 1777384398 3553 3698 586 3648 3586 3628 3628 3596 4063 4061 4061 4061 4061 4061 4061 4061
323 1777384398 3554 3699 586 3649 3586 3628 3628 3596 4061 4061 4061 4061 4061 4061 4061 4061
324 1777384398 3553 3698 586 3648 3585 3628 3628 3595 4061 4061 4061 4061 4061 4061 4061 4061
325 1777384398 3554 3698 586 3647 3585 3628 3628 3595 4061 4061 4061 4061 4061 4061 4061 4061
326 1777384398 3553 3698 585 3648 3586 3628 3628 3596 4063 4063 4062 4062 4062 4062 4062 4062
327 1777384398 3554 3700 586 3649 3586 3628 3628 3596 4063 4063 4062 4062 4062 4062 4062 4062
328 1777384398 3553 3698 585 3648 3586 3628 3628 3596 4061 4061 4061 4061 4061 4061 4061 4061
329 1777384399 3554 3698 585 3649 3586 3628 3628 3596 4061 4061 4061 4061 4061 4061 4061 4061
330 1777384399 3554 3698 586 3648 3585 3627 3628 3596 4063 4063 4062 4062 4062 4062 4062 4062
331 1777384399 3553 3698 586 3648 3586 3627 3627 3596 4061 4061 4061 4061 4061 4061 4061 4061
332 1777384399 3555 3699 585 3648 3586 3629 3629 3597 4061 4061 4061 4061 4061 4061 4061 4061
333 1777384399 3554 3699 586 3648 3585 3629 3628 3596 4061 4061 4060 4060 4060 4060 4060 4060
334 1777384399 3554 3698 586 3649 3586 3628 3628 3597 4061 4061 4061 4061 4061 4061 4061 4061
335 1777384399 3553 3698 586 3648 3586 3628 3628 3597 4061 4061 4061 4061 4061 4061 4061 4061
336 1777384399 3554 3699 585 3648 3586 3628 3628 3597 4061 4061 4061 4061 4061 4061 4061 4061
337 1777384399 3555 3699 585 3649 3586 3628 3629 3597 4061 4061 4061 4061 4061 4061 4061 4061
338 1777384399 3554 3698 587 3648 3585 3628 3628 3596 4061 4061 4061 4061 4061 4061 4061 4061
339 1777384399 3554 3698 586 3649 3586 3628 3628 3596 4063 4063 4062 4062 4062 4062 4062 4062
340 1777384399 3553 3698 585 3648 3586 3627 3628 3596 4061 4061 4060 4060 4060 4060 4060 4060
341 1777384399 3553 3698 586 3648 3585 3628 3628 3596 4061 4061 4060 4060 4060 4060 4060 4060
342 1777384399 3554 3698 586 3648 3586 3628 3629 3597 4063 4063 4062 4062 4062 4062 4062 4062
343 1777384399 3554 3699 586 3649 3587 3629 3629 3597 4061 4060 4060 4060 4060 4060 4060 4060
344 1777384399 3553 3698 585 3648 3585 3627 3628 3596 4061 4061 4061 4061 4061 4061 4061 4061
345 1777384399 3555 3699 586 3649 3587 3629 3628 3597 4061 4061 4061 4061 4061 4061 4061 4061
346 1777384399 3554 3699 585 3649 3586 3628 3628 3596 4061 4060 4060 4060 4060 4060 4060 4060
347 1777384399 3554 3698 586 3648 3586 3628 3629 3597 4061 4061 4061 4061 4061 4061 4061 4061
348 1777384399 3555 3699 586 3648 3587 3629 3629 3597 4063 4063 4062 4062 4062 4062 4062 4062
349 1777384399 3554 3698 586 3647 3585 3628 3628 3595 4061 4061 4061 4061 4061 4061 4061 4061
350 1777384399 3554 3699 586 3648 3586 3628 3628 3596 4063 4063 4062 4062 4062 4062 4062 4062
351 1777384399 3553 3698 586 3647 3585 3627 3627 3596 4063 4063 4062 4062 4062 4062 4062 4062
352 1777384399 3553 3697 586 3648 3585 3627 3627 3595 4061 4061 4061 4061 4061 4061 4061 4061
353 1777384399 3554 3699 586 3649 3586 3628 3628 3596 4061 4061 4060 4060 4060 4060 4060 4060
354 1777384399 3554 3699 586 3648 3586 3628 3628 3597 4061 4061 4060 4060 4060 4060 4060 4060
355 1777384399 3553 3698 586 3648 3585 3627 3628 3596 4061 4061 4061 4061 4061 4061 4061 4061
356 1777384399 3554 3698 586 3648 3585 3628 3628 3596 4063 4063 4062 4062 4062 4062 4062 4062
357 1777384399 3554 3700 586 3650 3587 3629 3629 3597 4061 4061 4060 4060 4060 4060 4060 4060
358 1777384399 3554 3699 586 3649 3587 3629 3629 3597 4061 4061 4061 4061 4061 4061 4061 4061
359 1777384399 3553 3698 586 3649 3586 3628 3628 3596 4057 4057 4057 4057 4057 4057 4057 4057
360 1777384399 3554 3698 586 3648 3585 3628 3628 3596 4061 4061 4060 4060 4060 4060 4060 4060
361 1777384399 3554 3699 586 3648 3586 3628 3628 3596 4061 4061 4060 4060 4060 4060 4060 4060
362 1777384399 3555 3699 585 3649 3586 3628 3629 3596 4061 4061 4061 4061 4061 4061 4061 4061
363 1777384399 3554 3699 586 3649 3586 3628 3629 3597 4061 4061 4061 4061 4061 4061 4061 4061
364 1777384399 3555 3699 586 3649 3587 3629 3629 3598 4061 4061 4060 4060 4060 4060 4060 4060
365 1777384399 3555 3699 586 3649 3587 3629 3629 3597 4061 4061 4061 4061 4061 4061 4061 4061
366 1777384399 3554 3698 586 3648 3585 3628 3628 3596 4061 4061 4061 4061 4061 4061 4061 4061
367 1777384399 3554 3698 586 3649 3586 3629 3629 3597 4061 4061 4060 4060 4060 4060 4060 4060
368 1777384399 3555 3699 586 3649 3587 3629 3629 3597 4059 4059 4058 4058 4058 4058 4058 4058
369 1777384399 3554 3698 586 3648 3586 3628 3628 3596 4061 4061 4061 4061 4061 4061 4061 4061
370 1777384399 3554 3699 586 3649 3586 3628 3628 3597 4061 4061 4061 4061 4061 4061 4061 4061
371 1777384399 3555 3699 586 3649 3587 3629 3629 3597 4063 4063 4062 4062 4062 4062 4062 4062
372 1777384399 3554 3698 586 3648 3586 3628 3628 3596 4061 4061 4060 4060 4060 4060 4060 4060
373 1777384399 3553 3698 586 3648 3587 3629 3628 3596 4061 4061 4061 4061 4061 4061 4061 4061
374 1777384399 3554 3698 586 3648 3586 3629 3628 3596 4061 4061 4061 4061 4061 4061 4061 4061
375 1777384399 3555 3699 586 3649 3587 3629 3629 3597 4061 4061 4061 4061 4061 4061 4061 4061
376 1777384399 3555 3699 585 269 3585 3629 3629 3596 4061 4061 4061 4061 4061 4061 4061 4061
377 1777384399 3554 3699 586 3648 3586 3628 3628 3596 4061 4060 4060 4060 4060 4060 4060 4060
378 1777384399 3554 3699 586 3648 3586 3628 3628 3596 4061 4061 4061 4061 4061 4061 4061 4061
379 1777384399 3554 3699 586 3649 3587 3628 3629 3597 4063 4063 4062 4062 4062 4062 4062 4062
380 1777384399 3554 3698 586 3647 3585 3627 3627 3595 4063 4063 4062 4062 4062 4062 4062 4062
381 1777384399 3554 3699 586 3648 3587 3628 3628 3597 4061 4061 4060 4060 4060 4060 4060 4060
382 1777384399 3553 3698 586 3648 3585 3628 3628 3596 4063 4063 4062 4062 4062 4062 4062 4062
383 1777384399 3554 3698 586 3649 3586 3628 3628 3596 4061 4061 4060 4060 4060 4060 4060 4060
384 1777384399 3555 3699 587 3649 3586 3629 3629 3597 4061 4061 4061 4061 4061 4061 4061 4061
385 1777384399 3554 3699 586 3649 3587 3628 3629 3597 4063 4063 4062 4062 4062 4062 4062 4062
386 1777384399 3554 3699 586 3649 3587 3628 3629 3596 4061 4061 4061 4061 4061 4061 4061 4061
387 1777384399 3555 3700 586 3649 3587 3629 3629 3597 4061 4061 4061 4061 4061 4061 4061 4061
388 1777384399 3554 3699 586 3648 3586 3628 3628 3596 4061 4061 4060 4060 4060 4060 4060 4060
389 1777384399 3554 3699 586 3649 3586 3628 3628 3596 4063 4063 4062 4062 4062 4062 4062 4062
390 1777384399 3555 3700 586 3649 3587 3629 3630 3598 4061 4061 4060 4060 4060 4060 4060 4060
391 1777384399 3554 3698 586 3649 3586 3628 3628 3596 4063 4063 4062 4062 4062 4062 4062 4062
392 1777384399 3554 3698 586 3648 3586 3628 3629 3596 4061 4061 4060 4060 4060 4060 4060 4060
393 1777384399 3554 3699 586 3649 3586 3628 3628 3596 4063 4061 4061 4061 4061 4061 4061 4061
394 1777384399 3554 3699 586 3648 3586 3629 3628 3596 4063 4063 4062 4062 4062 4062 4062 4062
395 1777384399 3554 3698 586 3649 3586 3628 3628 3596 4061 4061 4060 4060 4060 4060 4060 4060
396 1777384399 3554 3698 586 3648 3586 3629 3628 3596 4061 4061 4061 4061 4061 4061 4061 4061
397 1777384399 3554 3699 586 3649 3587 3629 3629 3597 4061 4061 4061 4061 4061 4061 4061 4061
398 1777384399 3554 3699 587 3649 3586 3628 3629 3597 4061 4061 4061 4061 4061 4061 4061 4061
399 1777384399 3555 3699 586 3649 3587 3629 3629 3597 4061 4061 4060 4060 4060 4060 4060 4060
400 1777384399 3554 3699 586 3648 3586 3628 3628 3597 4061 4061 4061 4061 4061 4061 4061 4061
401 1777384399 3554 3698 586 3648 3586 3628 3628 3596 4061 4061 4061 4061 4061 4061 4061 4061
402 1777384399 3553 3698 587 3648 3585 3628 3628 3595 4061 4061 4061 4061 4061 4061 4061 4061
403 1777384399 3556 3701 586 3651 3589 3631 3631 3599 4061 4061 4061 4061 4061 4061 4061 4061
404 1777384399 3554 3699 586 3648 3586 3628 3628 3596 4063 4063 4062 4062 4062 4062 4062 4062
405 1777384399 3554 3698 587 3648 3586 3628 3628 3596 4061 4061 4061 4061 4061 4061 4061 4061
406 1777384399 3555 3699 586 3648 3587 3629 3628 3597 4061 4061 4060 4060 4060 4060 4060 4060
407 1777384399 3556 3700 586 3650 3587 3629 3629 3597 4063 4062 4062 4062 4062 4062 4062 4062
408 1777384399 3554 3699 586 3649 3587 3629 3629 3597 4061 4061 4061 4061 4061 4061 4061 4061
409 1777384399 3555 3699 586 3649 3586 3628 3629 3597 4061 4061 4061 4061 4061 4061 4061 4061
410 1777384400 3555 3699 586 3649 3587 3629 3629 3598 4061 4061 4061 4061 4061 4061 4061 4061
411 1777384400 3555 3699 586 3649 3586 3628 3628 3597 4063 4063 4062 4062 4062 4062 4062 4062
412 1777384400 3554 3699 586 3648 3586 3629 3629 3596 4063 4062 4062 4062 4062 4062 4062 4062
413 1777384400 3552 3697 585 3647 3585 3627 3627 3596 4061 4061 4060 4060 4060 4060 4060 4060
414 1777384407 3551 3696 584 3645 3583 3625 3625 3593 4063 4062 4062 4062 4062 4062 4062 4062
415 1777384407 3552 3696 585 3646 3584 3626 3626 3594 4061 4060 4060 4060 4060 4060 4060 4060
416 1777384407 3552 3697 584 3647 3584 3626 3627 3594 4063 4063 4062 4062 4062 4062 4062 4062
417 1777384407 3552 3696 584 3646 3584 3626 3626 3594 4063 4063 4062 4062 4062 4062 4062 4062
418 1777384408 3552 3696 584 3646 3584 3626 3626 3595 4061 4061 4061 4061 4061 4061 4061 4061
419 1777384408 3552 3697 585 3647 3584 3627 3626 3594 4061 4061 4061 4061 4061 4061 4061 4061
420 1777384408 3552 3697 584 3647 3584 3627 3627 3595 4061 4061 4061 4061 4061 4061 4061 4061
421 1777384408 3552 3697 585 3647 3584 3627 3627 3594 4061 4061 4060 4060 4060 4060 4060 4060
422 1777384408 3553 3697 584 3647 3585 3627 3627 3595 4063 4063 4062 4062 4062 4062 4062 4062
423 1777384408 3552 3697 585 3646 3585 3627 3627 3594 4061 4061 4061 4061 4061 4061 4061 4061
424 1777384408 3552 3696 585 3647 3584 3626 3626 3594 4063 4063 4062 4062 4062 4062 4062 4062
425 1777384408 3553 3697 585 3648 3585 3627 3627 3595 4061 4061 4061 4061 4061 4061 4061 4061
426 1777384408 3552 3697 584 3647 3585 3627 3627 3595 4061 4061 4061 4061 4061 4061 4061 4061
427 1777384408 3552 3697 584 3647 3584 3626 3626 3594 4061 4061 4060 4060 4060 4060 4060 4060
428 1777384408 3553 3697 584 3647 3584 3626 3627 3595 4061 4061 4061 4061 4061 4061 4061 4061
429 1777384408 3552 3697 584 3646 3584 3626 3626 3595 4061 4061 4061 4061 4061 4061 4061 4061
430 1777384408 3553 3697 584 3647 3585 3627 3627 3595 4063 4063 4062 4062 4062 4062 4062 4062
431 1777384408 3552 3696 585 3646 3584 3626 3626 3594 4061 4061 4061 4061 4061 4061 4061 4061
432 1777384408 3553 3698 584 3647 3585 3627 3627 3595 4063 4063 4062 4062 4062 4062 4062 4062
433 1777384408 3554 3698 585 3648 3585 3627 3627 3595 4063 4063 4062 4062 4062 4062 4062 4062
434 1777384408 3552 3697 585 3647 3584 3627 3626 3594 4061 4061 4060 4060 4060 4060 4060 4060
435 1777384408 3554 3699 585 3648 3586 3628 3629 3596 4061 4061 4060 4060 4060 4060 4060 4060
436 1777384408 3553 3698 584 3647 3585 3627 3627 3595 4061 4061 4061 4061 4061 4061 4061 4061
437 1777384408 3553 3697 585 3647 3585 3627 3627 3595 4063 4062 4062 4062 4062 4062 4062 4062
438 1777384408 3553 3698 585 3647 3585 3627 3627 3595 4063 4062 4062 4062 4062 4062 4062 4062
439 1777384408 3553 3697 585 3648 3585 3627 3627 3595 4061 4061 4061 4061 4061 4061 4061 4061
440 1777384408 3552 3697 585 3647 3584 3626 3627 3594 4061 4061 4060 4060 4060 4060 4060 4060
441 1777384408 3553 3697 585 3647 3585 3627 3627 3594 4063 4063 4062 4062 4062 4062 4062 4062
442 1777384408 3553 3697 585 3648 3585 3628 3627 3595 4063 4063 4062 4062 4062 4062 4062 4062
443 1777384408 3553 3698 585 3647 3585 3627 3627 3596 4061 4061 4061 4061 4061 4061 4061 4061
444 1777384408 3553 3698 584 3647 3585 3627 3627 3595 4063 4063 4062 4062 4062 4062 4062 4062
445 1777384408 3553 3698 585 3648 3585 3627 3627 3595 4061 4061 4061 4061 4061 4061 4061 4061
446 1777384408 3554 3698 584 3649 3586 3628 3628 3596 4061 4061 4061 4061 4061 4061 4061 4061
447 1777384408 3552 3697 585 3647 3585 3627 3627 3594 4061 4061 4061 4061 4061 4061 4061 4061
448 1777384408 3554 3698 584 3647 3585 3627 3628 3596 4061 4061 4061 4061 4061 4061 4061 4061
449 1777384408 3553 3697 584 3647 3585 3627 3627 3595 4061 4061 4061 4061 4061 4061 4061 4061
450 1777384408 3554 3698 586 3648 3586 3627 3628 3596 4063 4063 4062 4062 4062 4062 4062 4062
451 1777384408 3552 3697 585 3647 3584 3626 3626 3594 4063 4063 4062 4062 4062 4062 4062 4062
452 1777384408 3553 3697 585 3647 3585 3627 3627 3595 4061 4061 4061 4061 4061 4061 4061 4061
453 1777384408 3552 3697 584 3647 3584 3627 3626 3594 4061 4061 4061 4061 4061 4061 4061 4061
454 1777384408 3554 3698 585 3648 3586 3628 3628 3596 4061 4061 4061 4061 4061 4061 4061 4061
455 1777384408 3553 3697 585 3648 3585 3627 3627 3595 4061 4061 4060 4060 4060 4060 4060 4060
456 1777384408 3553 3698 585 3648 3586 3628 3628 3596 4063 4061 4061 4061 4061 4061 4061 4061
457 1777384408 3552 3697 584 3647 3584 3626 3627 3595 4061 4061 4061 4061 4061 4061 4061 4061
458 1777384408 3551 3696 585 3646 3584 3626 3626 3595 4063 4063 4062 4062 4062 4062 4062 4062
459 1777384408 3552 3697 585 3648 3585 3627 3627 3595 4061 4061 4061 4061 4061 4061 4061 4061
460 1777384408 3553 3697 584 3647 3585 3627 3627 3596 4063 4063 4062 4062 4062 4062 4062 4062
461 1777384408 3553 3698 585 3647 3585 3627 3627 3595 4061 4061 4061 4061 4061 4061 4061 4061
462 1777384408 3553 3697 585 3647 3585 3627 3627 3595 4063 4063 4062 4062 4062 4062 4062 4062
463 1777384408 3553 3697 585 3648 3585 3627 3627 3595 4061 4061 4061 4061 4061 4061 4061 4061
464 1777384408 3553 3697 584 3647 3585 3627 3628 3595 4063 4062 4062 4062 4062 4062 4062 4062
465 1777384408 3552 3697 585 3646 3584 3627 3627 3595 4061 4061 4061 4061 4061 4061 4061 4061
466 1777384408 3553 3698 586 3648 3586 3628 3628 3596 4059 4059 4059 4059 4059 4059 4059 4059
467 1777384408 3553 3698 585 3648 3585 3628 3627 3596 4061 4061 4061 4061 4061 4061 4061 4061
468 1777384408 3554 3698 585 3647 3585 3628 3628 3596 4061 4061 4061 4061 4061 4061 4061 4061
469 1777384408 3554 3699 584 3648 3585 3627 3627 3596 4061 4061 4060 4060 4060 4060 4060 4060
470 1777384408 3553 3698 585 3647 3585 3627 3627 3595 4063 4062 4062 4062 4062 4062 4062 4062
471 1777384408 3552 3697 585 3647 3585 3626 3626 3595 4061 4061 4061 4061 4061 4061 4061 4061
472 1777384408 3554 3699 585 3648 3585 3627 3628 3596 4063 4063 4062 4062 4062 4062 4062 4062
473 1777384408 3553 3698 585 3647 3585 3627 3628 3596 4061 4061 4061 4061 4061 4061 4061 4061
474 1777384408 3554 3699 585 3649 3586 3628 3628 3596 4061 4061 4061 4061 4061 4061 4061 4061
475 1777384408 3554 3699 585 3648 3585 3628 3628 3595 4061 4061 4061 4061 4061 4061 4061 4061
476 1777384408 3553 3697 585 3647 3585 3627 3628 3596 4061 4061 4060 4060 4060 4060 4060 4060
477 1777384408 3553 3698 585 3646 3585 3627 3627 3595 4061 4061 4060 4060 4060 4060 4060 4060
478 1777384408 3554 3698 585 3648 3586 3628 3628 3595 4061 4061 4060 4060 4060 4060 4060 4060
479 1777384408 3553 3697 585 3647 3585 3627 3628 3595 4061 4060 4060 4060 4060 4060 4060 4060
480 1777384408 3554 3698 585 3649 3586 3628 3628 3596 4061 4061 4060 4060 4060 4060 4060 4060
481 1777384408 3553 3698 585 3648 3585 3627 3627 3596 4061 4061 4061 4061 4061 4061 4061 4061
482 1777384408 3553 3698 585 3648 3586 3627 3627 3596 4061 4061 4061 4061 4061 4061 4061 4061
483 1777384408 3553 3698 585 3648 3585 3628 3628 3596 4061 4061 4061 4061 4061 4061 4061 4061
484 1777384408 3554 3699 585 3649 3586 3628 3628 3596 4061 4061 4060 4060 4060 4060 4060 4060
485 1777384408 3554 3698 585 3648 3585 3627 3627 3595 4061 4061 4061 4061 4061 4061 4061 4061
486 1777384408 3554 3698 585 3648 3586 3627 3628 3596 4061 4061 4061 4061 4061 4061 4061 4061
487 1777384408 3553 3698 585 3648 3586 3627 3627 3595 4059 4059 4059 4059 4059 4059 4059 4059
488 1777384408 3553 3698 585 3648 3586 3628 3628 3595 4063 4063 4062 4062 4062 4062 4062 4062
489 1777384408 3553 3698 585 3648 3585 3627 3628 3595 4061 4061 4061 4061 4061 4061 4061 4061
490 1777384408 3554 3698 585 3648 3585 3627 3627 3596 4063 4063 4062 4062 4062 4062 4062 4062
491 1777384408 3553 3698 585 3648 3586 3628 3628 3596 4061 4061 4061 4061 4061 4061 4061 4061
492 1777384408 3553 3698 585 3647 3585 3627 3627 3596 4063 4063 4062 4062 4062 4062 4062 4062
493 1777384408 3553 3698 585 3648 3586 3628 3628 3596 4059 4059 4059 4059 4059 4059 4059 4059
494 1777384408 3554 3698 585 3648 3586 3628 3628 3596 4061 4060 4060 4060 4060 4060 4060 4060
495 1777384408 3554 3698 585 3648 3585 3628 3628 3596 4061 4061 4061 4061 4061 4061 4061 4061
496 1777384409 3554 3698 585 3648 3585 3628 3628 3596 4061 4061 4061 4061 4061 4061 4061 4061
497 1777384409 3554 3698 585 3648 3585 3628 3628 3597 4063 4063 4062 4062 4062 4062 4062 4062
498 1777384409 3553 3698 586 3648 3586 3628 3628 3596 4063 4063 4062 4062 4062 4062 4062 4062
499 1777384409 3554 3698 585 3648 3586 3628 3628 3596 4061 4061 4061 4061 4061 4061 4061 4061
500 1777384409 3555 3700 585 3649 3587 3628 3628 3596 4061 4061 4061 4061 4061 4061 4061 4061
501 1777384409 3554 3698 585 3648 3586 3628 3628 3596 4061 4061 4061 4061 4061 4061 4061 4061
502 1777384409 3553 3698 585 3648 3586 3628 3628 3596 4063 4063 4062 4062 4062 4062 4062 4062
503 1777384409 3554 3699 585 3649 3586 3628 3628 3596 4061 4061 4061 4061 4061 4061 4061 4061
504 1777384409 3554 3699 585 3648 3586 3627 3627 3596 4063 4062 4062 4062 4062 4062 4062 4062
505 1777384409 3554 3699 585 3648 3586 3628 3628 3596 4063 4063 4062 4062 4062 4062 4062 4062
506 1777384409 3553 3698 585 3648 3585 3628 3627 3595 4061 4061 4060 4060 4060 4060 4060 4060
507 1777384409 3553 3698 585 3648 3585 3628 3628 3596 4061 4061 4060 4060 4060 4060 4060 4060
508 1777384409 3553 3698 586 3647 3585 3627 3627 3596 4061 4061 4061 4061 4061 4061 4061 4061
509 1777384409 3554 3699 585 3648 3586 3627 3628 3596 4061 4061 4061 4061 4061 4061 4061 4061
510 1777384409 3554 3699 585 3648 3586 3628 3629 3596 4063 4061 4061 4061 4061 4061 4061 4061
511 1777384409 3553 3698 585 3648 3585 3627 3628 3595 4061 4061 4061 4061 4061 4061 4061 4061
512 1777384409 3554 3699 585 3648 3586 3628 3628 3596 4063 4063 4062 4062 4062 4062 4062 4062
513 1777384409 3554 3699 585 3648 3586 3628 3629 3597 4061 4061 4061 4061 4061 4061 4061 4061
514 1777384409 3552 3697 586 3648 3585 3627 3627 3595 4061 4061 4061 4061 4061 4061 4061 4061
515 1777384409 3553 3698 585 3648 3585 3627 3627 3595 4063 4063 4062 4062 4062 4062 4062 4062
516 1777384409 3554 3699 585 3648 3586 3628 3627 3596 4063 4063 4062 4062 4062 4062 4062 4062
517 1777384409 3553 3698 585 3648 3585 3628 3628 3595 4061 4061 4061 4061 4061 4061 4061 4061
518 1777384409 3554 3699 585 3648 3586 3628 3628 3596 4061 4061 4060 4060 4060 4060 4060 4060
519 1777384409 3554 3699 585 3648 3586 3628 3628 3596 4061 4061 4061 4061 4061 4061 4061 4061
520 1777384409 3554 3699 585 3648 3586 3628 3628 3596 4060 4061 4060 4060 4060 4060 4060 4060
521 1777384409 3554 3698 585 3647 3585 3627 3627 3596 4063 4061 4061 4061 4061 4061 4061 4061
522 1777384409 3555 3699 586 3649 3586 3628 3628 3596 4061 4061 4061 4061 4061 4061 4061 4061
523 1777384409 3554 3699 585 3648 3586 3628 3628 3596 4063 4063 4062 4062 4062 4062 4062 4062
524 1777384409 3554 3698 586 3649 3586 3628 3628 3597 4061 4061 4060 4060 4060 4060 4060 4060
525 1777384409 3553 3697 585 3648 3585 3627 3627 3595 4063 4063 4062 4062 4062 4062 4062 4062
526 1777384409 3554 3699 586 3648 3585 3628 3628 3596 4061 4061 4061 4061 4061 4061 4061 4061
527 1777384409 3554 3698 585 3648 3585 3628 3628 3596 4061 4061 4060 4060 4060 4060 4060 4060
528 1777384409 3554 3698 586 3648 3585 3627 3628 3596 4063 4063 4062 4062 4062 4062 4062 4062
529 1777384409 3554 3698 585 3648 3585 3627 3627 3596 4061 4061 4061 4061 4061 4061 4061 4061
530 1777384409 3555 3700 586 3649 3587 3629 3629 1700 4061 4061 4061 4061 4061 4061 4061 4061
531 1777384409 3554 3699 585 3648 3586 3628 3628 3596 4061 4061 4061 4061 4061 4061 4061 4061
532 1777384409 3553 3698 586 3647 3585 3628 3628 3596 4063 4063 4062 4062 4062 4062 4062 4062
533 1777384409 3554 3698 586 3648 3586 3627 3628 3595 4061 4061 4061 4061 4061 4061 4061 4061
534 1777384409 3553 3698 585 3648 3586 3628 3628 3596 4061 4061 4061 4061 4061 4061 4061 4061
535 1777384409 3554 3699 585 3648 3586 3628 3628 3596 4061 4061 4061 4061 4061 4061 4061 4061
536 1777384409 3554 3698 586 3649 3586 3628 3628 3596 4063 4063 4062 4062 4062 4062 4062 4062
537 1777384409 3554 3699 585 3648 3586 3628 3628 3596 4063 4063 4062 4062 4062 4062 4062 4062
538 1777384409 3554 3698 585 3648 3586 3628 3628 3596 4061 4061 4060 4060 4060 4060 4060 4060
539 1777384409 3554 3698 585 3648 3586 3628 3628 3596 4063 4063 4062 4062 4062 4062 4062 4062
540 1777384409 3554 3698 585 3647 3585 3628 3628 3596 4061 4061 4061 4061 4061 4061 4061 4061
541 1777384409 3554 3698 585 3648 3586 3628 3628 3596 4063 4063 4062 4062 4062 4062 4062 4062
542 1777384409 3554 3698 586 3648 3586 3628 3628 3596 4061 4061 4061 4061 4061 4061 4061 4061
543 1777384409 3553 3698 585 3648 3585 3627 3627 3595 4061 4061 4061 4061 4061 4061 4061 4061
544 1777384409 3554 3699 585 3649 3586 3628 3628 3596 4061 4061 4061 4061 4061 4061 4061 4061
545 1777384409 3554 3698 585 3649 3586 3628 3628 3596 4061 4061 4061 4061 4061 4061 4061 4061
546 1777384409 3554 3699 586 3649 3586 3628 3629 3596 4061 4061 4061 4061 4061 4061 4061 4061
547 1777384409 3553 3698 585 3648 3586 3628 3628 3595 4063 4063 4062 4062 4062 4062 4062 4062
548 1777384409 3555 3699 585 3649 3586 3628 3628 3597 4061 4061 4060 4060 4060 4060 4060 4060
549 1777384409 3554 3699 585 3648 3586 3628 3628 3596 4063 4062 4062 4062 4062 4062 4062 4062
550 1777384409 3554 3698 586 3649 3586 3628 3628 3596 4063 4062 4062 4062 4062 4062 4062 4062
551 1777384409 3554 3699 585 3648 3586 3628 3628 3596 4061 4061 4061 4061 4061 4061 4061 4061
552 1777384409 3554 3699 585 3649 3587 3629 3628 3596 4061 4061 4060 4060 4060 4060 4060 4060
553 1777384409 3555 3699 585 3649 3587 3629 3629 3597 4061 4061 4061 4061 4061 4061 4061 4061
554 1777384409 3554 3699 585 3649 3586 3628 3628 3596 4063 4063 4062 4062 4062 4062 4062 4062
555 1777384409 3554 3698 586 3648 3586 3628 3628 3596 4063 4063 4062 4062 4062 4062 4062 4062
556 1777384409 3555 3699 585 3649 3587 3629 3629 3597 4061 4061 4060 4060 4060 4060 4060 4060
557 1777384409 3555 3699 585 3648 3587 3628 3629 3596 4061 4061 4061 4061 4061 4061 4061 4061
558 1777384409 3553 3698 586 3648 3585 3627 3628 3595 4063 4061 4061 4061 4061 4061 4061 4061
559 1777384417 3553 3697 585 3647 3584 3627 3627 3595 4063 4062 4062 4062 4062 4062 4062 4062
560 1777384417 3553 3698 585 3648 3585 3627 3627 3595 4061 4061 4061 4061 4061 4061 4061 4061
561 1777384417 3553 3698 586 3648 3585 3627 3627 3595 4063 4063 4062 4062 4062 4062 4062 4062
562 1777384417 3553 3698 585 3647 3585 3627 3627 3595 4061 4061 4061 4061 4061 4061 4061 4061
563 1777384417 3553 3698 586 3647 3585 3627 3628 3596 4061 4061 4061 4061 4061 4061 4061 4061
564 1777384417 3554 3699 585 3648 3585 3627 3628 3596 4063 4063 4062 4062 4062 4062 4062 4062
565 1777384417 3554 3698 586 3649 3586 3628 3628 3597 4063 4062 4062 4062 4062 4062 4062 4062
566 1777384417 3553 3698 585 3648 3586 3627 3628 3595 4061 4061 4061 4061 4061 4061 4061 4061
567 1777384417 3554 3698 586 3648 3586 3628 3628 3596 4061 4061 4061 4061 4061 4061 4061 4061
568 1777384417 3555 3699 585 3649 3586 3629 3629 3597 4063 4063 4062 4062 4062 4062 4062 4062
569 1777384417 3553 3699 586 3649 3586 3628 3628 3596 4063 4063 4062 4062 4062 4062 4062 4062
570 1777384417 3554 3698 585 3648 3585 3627 3628 3595 4061 4061 4061 4061 4061 4061 4061 4061
571 1777384417 3554 3698 586 3648 3586 3628 3629 3596 4063 4063 4062 4062 4062 4062 4062 4062
572 1777384417 3554 3698 585 3649 3586 3628 3628 3596 4063 4061 4061 4061 4061 4061 4061 4061
573 1777384417 3554 3698 586 3648 3586 3627 3627 3596 4061 4061 4061 4061 4061 4061 4061 4061
574 1777384417 3554 3699 585 3648 3586 3628 3628 3596 4061 4061 4061 4061 4061 4061 4061 4061
575 1777384417 3554 3698 586 3647 3586 3628 3627 3596 4061 4061 4061 4061 4061 4061 4061 4061
576 1777384417 3554 3699 585 3648 3586 3628 3629 3596 4061 4061 4060 4060 4060 4060 4060 4060
577 1777384417 3554 3699 586 3649 3586 3628 3629 3597 4061 4061 4061 4061 4061 4061 4061 4061
578 1777384417 3554 3699 585 3649 3587 3628 3628 3596 4061 4061 4061 4061 4061 4061 4061 4061
579 1777384417 3554 3698 585 3648 3585 3628 3627 3596 4063 4063 4062 4062 4062 4062 4062 4062
580 1777384417 3553 3698 585 3648 3586 3627 3627 3595 4063 4061 4061 4061 4061 4061 4061 4061
581 1777384418 3554 3699 585 3649 3586 3628 3628 3596 4061 4061 4060 4060 4060 4060 4060 4060
582 1777384418 3554 3698 586 3648 3586 3628 3628 3596 4061 4061 4061 4061 4061 4061 4061 4061
583 1777384418 3554 3698 586 3649 3586 3627 3628 3596 4061 4061 4061 4061 4061 4061 4061 4061
584 1777384418 3554 3699 585 3649 3586 3629 3629 3597 4061 4061 4061 4061 4061 4061 4061 4061
585 1777384418 3554 3699 586 3649 3586 3628 3628 3596 4061 4061 4061 4061 4061 4061 4061 4061
586 1777384418 3554 3699 585 3648 3587 3628 3628 3597 4063 4063 4062 4062 4062 4062 4062 4062
587 1777384418 3554 3699 586 3649 3586 3628 3628 3597 4061 4061 4061 4061 4061 4061 4061 4061
588 1777384418 3554 3698 585 3648 3586 3627 3628 3596 4061 4061 4060 4060 4060 4060 4060 4060
589 1777384418 3554 3699 586 3649 3586 3628 3629 3597 4063 4063 4062 4062 4062 4062 4062 4062
590 1777384418 3554 3698 585 3648 3586 3627 3628 3596 4063 4063 4062 4062 4062 4062 4062 4062
591 1777384418 3554 3698 585 3648 3586 3628 3628 3596 4063 4062 4062 4062 4062 4062 4062 4062
592 1777384418 3554 3699 587 3648 3586 3628 3629 3596 4063 4063 4062 4062 4062 4062 4062 4062
593 1777384418 3554 3699 586 3649 3586 3628 3628 3597 4061 4061 4061 4061 4061 4061 4061 4061
594 1777384418 3554 3699 585 3649 3587 3628 3629 3596 4063 4063 4062 4062 4062 4062 4062 4062
595 1777384418 3554 3699 586 3649 3587 3629 3629 3597 4061 4061 4061 4061 4061 4061 4061 4061
596 1777384418 3555 3699 586 3649 3586 3628 3628 3597 4061 4061 4061 4061 4061 4061 4061 4061
597 1777384418 3554 3698 586 3648 3586 3628 3628 3596 4063 4063 4062 4062 4062 4062 4062 4062
598 1777384418 3554 3699 586 3648 3586 3628 3628 3596 4061 4061 4061 4061 4061 4061 4061 4061
599 1777384418 3554 3699 586 3649 3586 3628 3629 3597 4063 4063 4062 4062 4062 4062 4062 4062
600 1777384418 3555 3699 586 3649 3587 3629 3629 3596 4063 4063 4062 4062 4062 4062 4062 4062
601 1777384418 3554 3698 586 3648 3586 3628 3628 3596 4061 4061 4060 4060 4060 4060 4060 4060
602 1777384418 3553 3697 586 3647 3585 3627 3627 3595 4061 4061 4060 4060 4060 4060 4060 4060
603 1777384418 3556 3700 586 3650 3588 3630 3630 3598 4063 4063 4062 4062 4062 4062 4062 4062
604 1777384418 3554 3699 586 3649 3586 3628 3628 3596 4061 4061 4061 4061 4061 4061 4061 4061
605 1777384418 3555 3699 586 3649 3587 3629 3630 3597 4061 4061 4061 4061 4061 4061 4061 4061
606 1777384418 3554 3699 586 3648 3586 3628 3628 3596 4061 4061 4061 4061 4061 4061 4061 4061
607 1777384418 3555 3700 586 3650 3587 3629 3629 3597 4063 4062 4062 4062 4062 4062 4062 4062
608 1777384418 3554 3699 586 3649 3586 3628 3628 3596 4061 4061 4061 4061 4061 4061 4061 4061
609 1777384418 3554 3699 586 3648 3586 3628 3628 3597 4061 4061 4060 4060 4060 4060 4060 4060
610 1777384418 3554 3699 586 3649 3586 3628 3629 3596 4063 4063 4062 4062 4062 4062 4062 4062
611 1777384418 3555 3700 586 3649 3587 3629 3629 3597 4061 4061 4061 4061 4061 4061 4061 4061
612 1777384418 3554 3699 586 3649 3586 3629 3629 3596 4061 4061 4061 4061 4061 4061 4061 4061
613 1777384418 3555 3700 586 3649 3587 3630 3630 3598 4063 4063 4062 4062 4062 4062 4062 4062
614 1777384418 3553 3698 585 3648 3586 3628 3627 3595 4063 4062 4062 4062 4062 4062 4062 4062
615 1777384418 3554 3699 586 3649 3586 3629 3629 3597 4061 4061 4061 4061 4061 4061 4061 4061
616 1777384418 3554 3699 585 3648 3586 3628 3628 3596 4063 4061 4061 4061 4061 4061 4061 4061
617 1777384418 3555 3700 586 3649 3587 3629 3629 3598 4063 4063 4062 4062 4062 4062 4062 4062
618 1777384418 3554 3698 586 3648 3587 3628 3628 3596 4061 4061 4061 4061 4061 4061 4061 4061
619 1777384418 3555 3699 586 3649 3586 3629 3628 3597 4059 4059 4059 4059 4059 4059 4059 4059
620 1777384418 3554 3699 586 3648 3586 3628 3628 3597 4063 4063 4062 4062 4062 4062 4062 4062
621 1777384418 3554 3699 586 3649 3586 3628 3629 3597 4061 4061 4061 4061 4061 4061 4061 4061
622 1777384418 3555 3699 585 3648 3587 3629 3629 3597 4061 4061 4061 4061 4061 4061 4061 4061
623 1777384418 3554 3698 586 3648 3587 3629 3629 3597 4063 4061 4061 4061 4061 4061 4061 4061
624 1777384418 3554 3699 587 3649 3586 3628 3629 3597 4061 4061 4061 4061 4061 4061 4061 4061
625 1777384418 3555 3699 586 3649 3586 3629 3629 3596 4061 4061 4061 4061 4061 4061 4061 4061
626 1777384418 3554 3699 586 3649 3587 3629 3629 3597 4061 4061 4060 4060 4060 4060 4060 4060
627 1777384418 3555 3699 586 3649 3587 3629 3629 3597 4063 4061 4061 4061 4061 4061 4061 4061
628 1777384418 3554 3699 586 3648 3586 3628 3629 3596 4063 4063 4062 4062 4062 4062 4062 4062
629 1777384418 3555 3700 586 3650 3587 3629 3629 3597 4061 4061 4060 4060 4060 4060 4060 4060
630 1777384418 3554 3698 586 3648 3586 3628 3628 3596 4061 4061 4060 4060 4060 4060 4060 4060
631 1777384418 3554 3699 586 3649 3586 3628 3628 3596 4061 4061 4061 4061 4061 4061 4061 4061
632 1777384418 3554 3699 586 3649 3587 3629 3629 3597 4063 4061 4061 4061 4061 4061 4061 4061
633 1777384418 3555 3700 586 3649 3587 3629 3630 3597 4063 4063 4062 4062 4062 4062 4062 4062
634 1777384418 3554 3699 586 3648 3586 3627 3628 3596 4063 4063 4062 4062 4062 4062 4062 4062
635 1777384418 3555 3700 586 3649 3587 3629 3629 3597 4061 4061 4061 4061 4061 4061 4061 4061
636 1777384418 3555 3699 586 3649 3587 3629 3629 3597 4061 4061 4061 4061 4061 4061 4061 4061
637 1777384418 3555 3699 586 3649 3588 3629 3629 3597 4063 4063 4062 4062 4062 4062 4062 4062
638 1777384418 3556 3701 586 3650 3588 3630 3630 3598 4061 4061 4061 4061 4061 4061 4061 4061
639 1777384418 3554 3699 586 3649 3586 3628 3629 3597 4061 4061 4060 4060 4060 4060 4060 4060
640 1777384418 3554 3699 587 3650 3587 3629 3629 3597 4061 4061 4061 4061 4061 4061 4061 4061
641 1777384418 3555 3699 586 3649 3586 3629 3629 3597 4063 4063 4062 4062 4062 4062 4062 4062
642 1777384418 3555 3699 586 3648 3586 3629 3628 3597 4063 4063 4062 4062 4062 4062 4062 4062
643 1777384418 3555 3699 586 3649 3587 3629 3629 3597 4063 4063 4062 4062 4062 4062 4062 4062
644 1777384418 3555 3700 586 3650 3587 3629 3629 3597 4061 4061 4060 4060 4060 4060 4060 4060
645 1777384418 3555 3699 586 3649 3586 3629 3629 3596 4061 4061 4061 4061 4061 4061 4061 4061
646 1777384418 3554 3698 586 3648 3586 3628 3628 3596 4061 4061 4061 4061 4061 4061 4061 4061
647 1777384418 3554 3699 586 3649 3586 3628 3628 3596 4061 4061 4061 4061 4061 4061 4061 4061
648 1777384418 3555 3700 586 3650 3588 3630 3630 3598 4061 4061 4061 4061 4061 4061 4061 4061
649 1777384418 3555 3699 586 3649 3587 3629 3629 3598 4063 4063 4062 4062 4062 4062 4062 4062
650 1777384418 3555 3700 586 3650 3587 3629 3629 3598 4063 4063 4062 4062 4062 4062 4062 4062
651 1777384418 3556 3700 585 3651 3588 3630 3630 3598 4063 4063 4062 4062 4062 4062 4062 4062
652 1777384418 3555 3699 586 3650 3587 3629 3630 3598 4061 4061 4061 4061 4061 4061 4061 4061
653 1777384418 3554 3699 586 3649 3586 3629 3628 3597 4061 4061 4061 4061 4061 4061 4061 4061
654 1777384418 3555 3700 586 3649 3588 3629 3629 3597 4061 4061 4061 4061 4061 4061 4061 4061
655 1777384418 3554 3699 586 3649 3587 3628 3629 3596 4063 4063 4062 4062 4062 4062 4062 4062
656 1777384418 3555 3700 587 3649 3587 3629 3629 3597 4061 4060 4060 4060 4060 4060 4060 4060
657 1777384418 3555 3699 586 3649 3587 3629 3629 3597 4063 4063 4062 4062 4062 4062 4062 4062
658 1777384418 3555 3699 586 3649 3586 3629 3629 3597 4061 4061 4061 4061 4061 4061 4061 4061
659 1777384418 3554 3699 586 3649 3587 3628 3628 3596 4061 4061 4060 4060 4060 4060 4060 4060
660 1777384418 3555 3700 586 3650 3587 3630 3629 3598 4061 4061 4061 4061 4061 4061 4061 4061
661 1777384419 3555 3700 586 3650 3588 3630 3630 3598 4061 4061 4060 4060 4060 4060 4060 4060
662 1777384419 3554 3698 586 3648 3586 3628 3628 3596 4061 4061 4061 4061 4061 4061 4061 4061
663 1777384419 3555 3700 586 3650 3587 3629 3629 3598 4061 4061 4060 4060 4060 4060 4060 4060
664 1777384419 3555 3700 587 3650 3588 3629 3630 3598 4061 4061 4061 4061 4061 4061 4061 4061
665 1777384419 3555 3699 586 3649 3586 3629 3629 3598 4061 4061 4061 4061 4061 4061 4061 4061
666 1777384419 3555 3700 586 3648 3587 3629 3629 3597 4061 4061 4060 4060 4060 4060 4060 4060
667 1777384419 3554 3699 584 3649 3586 3628 3628 3596 4061 4061 4061 4061 4061 4061 4061 4061
668 1777384419 3553 3698 585 3648 3585 3627 3627 3595 4063 4063 4062 4062 4062 4062 4062 4062
669 1777384419 3553 3697 584 3647 3585 3627 3627 3595 4061 4061 4061 4061 4061 4061 4061 4061
670 1777384419 3554 3699 585 3648 3585 3628 3628 3596 4063 4062 4062 4062 4062 4062 4062 4062
671 1777384419 3554 3698 584 3648 3586 3628 3628 3596 4061 4061 4061 4061 4061 4061 4061 4061
672 1777384419 3553 3697 585 3647 3585 3627 3627 3595 4061 4061 4061 4061 4061 4061 4061 4061
673 1777384419 3554 3698 585 3648 3586 3627 3628 3596 4061 4061 4060 4060 4060 4060 4060 4060
674 1777384419 3553 3699 585 3648 3586 3628 3628 3596 4061 4061 4061 4061 4061 4061 4061 4061
675 1777384419 3553 3698 585 3647 3585 3627 3627 3595 4061 4061 4061 4061 4061 4061 4061 4061
676 1777384419 3554 3698 584 3648 3586 3628 3627 3595 4063 4062 4062 4062 4062 4062 4062 4062
677 1777384419 3553 3697 585 3647 3585 3627 3627 3595 4061 4061 4060 4060 4060 4060 4060 4060
678 1777384419 3554 3699 585 3648 3585 3628 3628 3596 4061 4061 4061 4061 4061 4061 4061 4061
679 1777384419 3553 3697 585 3647 3585 3627 3627 3595 4061 4061 4061 4061 4061 4061 4061 4061
680 1777384419 3553 3698 585 3647 3585 3627 3627 3595 4063 4063 4062 4062 4062 4062 4062 4062
681 1777384419 3554 3698 584 3648 3586 3628 3627 3595 4061 4061 4061 4061 4061 4061 4061 4061
682 1777384419 3553 3698 585 3648 3585 3627 3627 3596 4063 4063 4062 4062 4062 4062 4062 4062
683 1777384419 3553 3698 585 3647 3585 3627 3627 3595 4063 4063 4062 4062 4062 4062 4062 4062
684 1777384419 3553 3698 584 3648 3585 3627 3627 3595 4063 4063 4062 4062 4062 4062 4062 4062
685 1777384419 3554 3698 585 3649 3586 3628 3628 3596 4061 4061 4061 4061 4061 4061 4061 4061
686 1777384427 3552 3696 585 3646 3584 3626 3626 3594 4061 4061 4061 4061 4061 4061 4061 4061
687 1777384427 3552 3697 585 3646 3583 3626 3626 3594 4061 4061 4061 4061 4061 4061 4061 4061
688 1777384427 3552 3697 584 3647 3584 3626 3626 3594 4063 4062 4062 4062 4062 4062 4062 4062
689 1777384427 3553 3697 585 3647 3585 3627 3627 3595 4061 4061 4061 4061 4061 4061 4061 4061
690 1777384427 3553 3697 584 3647 3585 3627 3627 3595 4057 4057 4057 4057 4057 4057 4057 4057
691 1777384427 3552 3697 585 3646 3584 3626 3626 3594 4061 4061 4061 4061 4061 4061 4061 4061
692 1777384427 3552 3697 585 3646 3584 3626 3626 3594 4063 4063 4062 4062 4062 4062 4062 4062
693 1777384427 3552 3697 585 3647 3585 3627 3627 3595 4061 4061 4061 4061 4061 4061 4061 4061
694 1777384427 3552 3697 585 3647 3585 3627 3626 3594 4061 4061 4061 4061 4061 4061 4061 4061
695 1777384427 3553 3698 585 3648 3586 3628 3628 3596 4061 4061 4061 4061 4061 4061 4061 4061
696 1777384427 3554 3698 584 3648 3585 3627 3627 3595 4063 4063 4062 4062 4062 4062 4062 4062
697 1777384427 3553 3697 585 3647 3584 3626 3627 3594 4061 4061 4061 4061 4061 4061 4061 4061
698 1777384427 3552 3697 584 3647 3585 3627 3627 3595 4061 4061 4061 4061 4061 4061 4061 4061
699 1777384427 3553 3697 585 3647 3585 3627 3627 3595 4061 4061 4061 4061 4061 4061 4061 4061
700 1777384427 3553 3697 585 3647 3585 3627 3627 3595 4063 4063 4062 4062 4062 4062 4062 4062
701 1777384427 3553 3698 585 3648 3585 3627 3627 3595 4063 4063 4062 4062 4062 4062 4062 4062
702 1777384427 3552 3697 585 3647 3584 3626 3627 3594 4061 4061 4061 4061 4061 4061 4061 4061
703 1777384427 3553 3698 585 3647 3584 3627 3627 3595 4061 4061 4061 4061 4061 4061 4061 4061
704 1777384427 3553 3698 584 3647 3585 3627 3627 3595 4063 4063 4062 4062 4062 4062 4062 4062
705 1777384427 3553 3697 585 3647 3585 3627 3627 3595 4059 4059 4058 4058 4058 4058 4058 4058
706 1777384427 3553 3697 584 3647 3585 3627 3627 3595 4063 4061 4061 4061 4061 4061 4061 4061
707 1777384427 3553 3697 585 3647 3585 3627 3627 3594 4061 4061 4061 4061 4061 4061 4061 4061
708 1777384427 3553 3697 585 3647 3584 3626 3626 3595 4061 4061 4061 4061 4061 4061 4061 4061
709 1777384427 3553 3697 585 3648 3585 3627 3627 3595 4063 4063 4062 4062 4062 4062 4062 4062
710 1777384427 3552 3697 585 3647 3584 3626 3627 3595 4061 4061 4060 4060 4060 4060 4060 4060
711 1777384427 3553 3697 584 3648 3585 3627 3627 3595 4063 4063 4062 4062 4062 4062 4062 4062
712 1777384427 3553 3698 585 3647 3585 3627 3628 3595 4061 4061 4061 4061 4061 4061 4061 4061
713 1777384427 3554 3698 585 3648 3586 3628 3627 3596 4063 4063 4062 4062 4062 4062 4062 4062
714 1777384427 3552 3697 584 3648 3585 3627 3627 3595 4061 4061 4061 4061 4061 4061 4061 4061
715 1777384427 3553 3697 585 3647 3585 3627 3627 3595 4061 4061 4061 4061 4061 4061 4061 4061
716 1777384427 3551 3696 585 3646 3584 3626 3626 3594 4063 4062 4062 4062 4062 4062 4062 4062
717 1777384427 3553 3697 585 3647 3584 3627 3627 3595 4061 4061 4060 4060 4060 4060 4060 4060
718 1777384427 3553 3698 584 3647 3585 3627 3627 3595 4061 4061 4061 4061 4061 4061 4061 4061
719 1777384427 3553 3698 585 3648 3586 3628 3628 3596 4061 4061 4060 4060 4060 4060 4060 4060
720 1777384427 3554 3698 586 3647 3585 3626 3626 3595 4061 4061 4060 4060 4060 4060 4060 4060
721 1777384427 3553 3697 585 3647 3585 3626 3627 3594 4059 4059 4059 4059 4059 4059 4059 4059
722 1777384427 3553 3697 584 3647 3584 3627 3627 3595 4061 4061 4061 4061 4061 4061 4061 4061
723 1777384427 3552 3697 585 3647 3585 3627 3627 3595 4061 4061 4061 4061 4061 4061 4061 4061
724 1777384427 3553 3698 585 3647 3585 3628 3628 3596 4061 4061 4061 4061 4061 4061 4061 4061
725 1777384427 3553 3698 585 3648 3585 3627 3627 3596 4063 4063 4062 4062 4062 4062 4062 4062
726 1777384427 3552 3697 584 3647 3584 3626 3626 3594 4061 4061 4061 4061 4061 4061 4061 4061
727 1777384427 3553 3697 585 3647 3585 3626 3627 3595 4061 4061 4061 4061 4061 4061 4061 4061
728 1777384427 3553 3698 585 3648 3585 3628 3628 3596 4063 4063 4062 4062 4062 4062 4062 4062
729 1777384427 3553 3697 585 3647 3584 3626 3627 3595 4061 4061 4060 4060 4060 4060 4060 4060
730 1777384427 3553 3698 585 3647 3585 3627 3628 3596 4061 4060 4060 4060 4060 4060 4060 4060
731 1777384427 3554 3698 585 3646 3585 3627 3628 3596 4061 4061 4060 4060 4060 4060 4060 4060
732 1777384427 3553 3698 584 3648 3585 3627 3627 3595 4063 4063 4062 4062 4062 4062 4062 4062
733 1777384427 3553 3697 585 3647 3585 3627 3627 3595 4061 4061 4060 4060 4060 4060 4060 4060
734 1777384427 3554 3698 585 3648 3585 3627 3628 3595 4061 4061 4061 4061 4061 4061 4061 4061
735 1777384427 3553 3697 585 3647 3585 3627 3627 3595 4061 4061 4061 4061 4061 4061 4061 4061
736 1777384427 3553 3698 585 3647 3585 3627 3628 3595 4061 4061 4061 4061 4061 4061 4061 4061
737 1777384427 3553 3698 585 3648 3585 3627 3627 3595 4061 4061 4061 4061 4061 4061 4061 4061
738 1777384427 3553 3697 584 3647 3585 3627 3627 3595 4061 4061 4061 4061 4061 4061 4061 4061
739 1777384427 3552 3697 585 3647 3585 3627 3627 3595 4063 4063 4062 4062 4062 4062 4062 4062
740 1777384427 3554 3698 584 3649 3586 3628 3628 3596 4061 4061 4061 4061 4061 4061 4061 4061
741 1777384427 3553 3697 585 3647 3585 3627 3627 3595 4061 4061 4061 4061 4061 4061 4061 4061
742 1777384427 3553 3698 584 3648 3586 3628 3628 3596 4061 4061 4061 4061 4061 4061 4061 4061
743 1777384427 3554 3699 585 3649 3586 3628 3628 3596 4061 4061 4061 4061 4061 4061 4061 4061
744 1777384427 3552 3697 586 3647 3585 3627 3627 3596 4063 4063 4062 4062 4062 4062 4062 4062
745 1777384427 3553 3698 585 3648 3586 3628 3628 3596 4063 4063 4062 4062 4062 4062 4062 4062
746 1777384427 3554 3698 585 3647 3586 3628 3627 3596 4061 4061 4061 4061 4061 4061 4061 4061
747 1777384427 3553 3697 585 3647 3584 3626 3627 3595 4061 4061 4061 4061 4061 4061 4061 4061
748 1777384427 3553 3697 585 3647 3585 3627 3627 3594 4061 4061 4061 4061 4061 4061 4061 4061
749 1777384427 3555 3699 585 3649 3586 3629 3629 3597 4063 4062 4062 4062 4062 4062 4062 4062
750 1777384427 3554 3699 585 3648 3586 3628 3628 3596 4063 4063 4062 4062 4062 4062 4062 4062
751 1777384428 3553 3698 585 3647 3585 3627 3627 3595 4063 4063 4062 4062 4062 4062 4062 4062
752 1777384428 3553 3698 585 3648 3585 3627 3627 3595 4063 4062 4062 4062 4062 4062 4062 4062
753 1777384428 3553 3697 585 3648 3585 3627 3627 3595 4061 4061 4060 4060 4060 4060 4060 4060
754 1777384428 3552 3697 585 3647 3585 3627 3627 3595 4063 4063 4062 4062 4062 4062 4062 4062
755 1777384428 3553 3698 585 3648 3585 3627 3627 3595 4063 4061 4061 4061 4061 4061 4061 4061
756 1777384428 315 350 584 336 316 3627 3629 3598 4061 4061 4061 4061 4061 4061 4061 4061
757 1777384428 3554 3698 585 3648 3586 3628 3628 3596 4063 4063 4062 4062 4062 4062 4062 4062
758 1777384428 3554 3699 585 3649 3586 3628 3628 3596 4061 4061 4061 4061 4061 4061 4061 4061
759 1777384428 3554 3699 585 3648 3586 3628 3628 3596 4061 4061 4061 4061 4061 4061 4061 4061
760 1777384428 3553 3698 585 3648 3586 3627 3628 3596 4061 4061 4061 4061 4061 4061 4061 4061
761 1777384428 3554 3698 585 3648 3585 3627 3628 3596 4061 4061 4060 4060 4060 4060 4060 4060
762 1777384428 3554 3698 585 3647 3586 3628 3628 3596 4063 4063 4062 4062 4062 4062 4062 4062
763 1777384428 3554 3698 585 3648 3586 3627 3627 3595 4063 4063 4062 4062 4062 4062 4062 4062
764 1777384428 3553 3697 585 3647 3585 3627 3627 3595 4061 4061 4060 4060 4060 4060 4060 4060
765 1777384428 3553 3698 585 3648 3586 3628 3628 3596 4063 4063 4062 4062 4062 4062 4062 4062
766 1777384428 3554 3698 585 3648 3586 3628 3628 3596 4063 4063 4062 4062 4062 4062 4062 4062
767 1777384428 3553 3698 585 3647 3585 3627 3627 3595 4061 4061 4060 4060 4060 4060 4060 4060
768 1777384428 3554 3699 585 3648 3585 3627 3628 3596 4063 4063 4062 4062 4062 4062 4062 4062
769 1777384428 3554 3698 585 3648 3585 3628 3628 3596 4061 4061 4061 4061 4061 4061 4061 4061
770 1777384428 3553 3698 585 3648 3586 3628 3628 3596 4061 4061 4060 4060 4060 4060 4060 4060
771 1777384428 3554 3698 586 3648 3586 3627 3628 3596 4063 4062 4062 4062 4062 4062 4062 4062
772 1777384428 3554 3698 586 3648 3585 3628 3627 3596 4061 4061 4061 4061 4061 4061 4061 4061
773 1777384428 3554 3699 585 3648 3585 3628 3628 3596 4063 4063 4062 4062 4062 4062 4062 4062
774 1777384428 3554 3699 585 3649 3586 3628 3628 3596 4063 4063 4062 4062 4062 4062 4062 4062
775 1777384428 3553 3698 585 3648 3585 3627 3627 3595 4063 4062 4062 4062 4062 4062 4062 4062
776 1777384428 3553 3698 586 3647 3585 3627 3627 3596 4061 4061 4061 4061 4061 4061 4061 4061
777 1777384428 3555 3699 585 3648 3586 3629 3629 3597 4061 4061 4060 4060 4060 4060 4060 4060
778 1777384428 3553 3698 586 3647 3585 3627 3628 3596 4063 4063 4062 4062 4062 4062 4062 4062
779 1777384428 3554 3699 585 3648 3586 3628 3628 3596 4061 4061 4061 4061 4061 4061 4061 4061
780 1777384428 3553 3698 586 3648 3585 3627 3628 3595 4061 4061 4061 4061 4061 4061 4061 4061
781 1777384428 3553 3698 585 3648 3585 3628 3628 3596 4061 4061 4060 4060 4060 4060 4060 4060
782 1777384428 3554 3698 585 3648 3586 3628 3628 3596 4061 4061 4061 4061 4061 4061 4061 4061
783 1777384428 3553 3698 585 3648 3585 3628 3627 3595 4063 4063 4062 4062 4062 4062 4062 4062
784 1777384428 3554 3698 586 3648 3586 3628 3628 3596 4061 4061 4061 4061 4061 4061 4061 4061
785 1777384428 3555 3699 585 3649 3586 3628 3628 3597 4063 4061 4061 4061 4061 4061 4061 4061
786 1777384428 3553 3697 585 3647 3584 3626 3627 3595 4063 4063 4062 4062 4062 4062 4062 4062
787 1777384428 3553 3698 585 3648 3586 3628 3628 3596 4063 4061 4061 4061 4061 4061 4061 4061
788 1777384428 3553 3698 586 3648 3586 3628 3628 3596 4063 4063 4062 4062 4062 4062 4062 4062
789 1777384428 3554 3699 585 3648 3586 3629 3629 3597 4061 4061 4061 4061 4061 4061 4061 4061
790 1777384428 3554 3700 585 3649 3586 3628 3629 3596 4061 4061 4061 4061 4061 4061 4061 4061
791 1777384428 3554 3698 585 3648 3586 3628 3628 3596 4061 4061 4061 4061 4061 4061 4061 4061
792 1777384428 3553 3698 586 3647 3585 3627 3627 3595 4063 4063 4062 4062 4062 4062 4062 4062
793 1777384428 3554 3698 585 3648 3585 3627 3628 3596 4061 4061 4061 4061 4061 4061 4061 4061
794 1777384428 3555 3699 585 3649 3586 3628 3628 3596 4063 4063 4062 4062 4062 4062 4062 4062
795 1777384428 3553 3698 585 3649 3586 3628 3628 3596 4061 4061 4061 4061 4061 4061 4061 4061
796 1777384428 3557 3702 585 3652 3589 3631 3631 3600 4063 4063 4062 4062 4062 4062 4062 4062
797 1777384428 3554 3698 585 3648 3586 3628 3628 3596 4061 4061 4060 4060 4060 4060 4060 4060
798 1777384428 3554 3698 585 3649 3586 3628 3628 3596 4061 4061 4061 4061 4061 4061 4061 4061
799 1777384428 3554 3698 586 3648 3586 3628 3628 3597 4061 4061 4061 4061 4061 4061 4061 4061
800 1777384428 3555 3700 586 3649 3587 3629 3629 3597 4061 4061 4060 4060 4060 4060 4060 4060
801 1777384428 3555 3699 585 3649 3587 3629 3629 3596 4061 4061 4061 4061 4061 4061 4061 4061
802 1777384428 3554 3699 585 3649 3586 3628 3627 3596 4061 4061 4061 4061 4061 4061 4061 4061
803 1777384428 3554 3698 586 3648 3586 3628 3629 3596 4063 4063 4062 4062 4062 4062 4062 4062
804 1777384428 3554 3699 585 3649 3586 3629 3628 3596 4061 4061 4061 4061 4061 4061 4061 4061
805 1777384428 3556 3701 585 3650 3588 3629 3629 3598 4061 4061 4061 4061 4061 4061 4061 4061
806 1777384428 3554 3700 585 3649 3586 3628 3628 3596 4063 4063 4062 4062 4062 4062 4062 4062
807 1777384428 3553 3699 585 3648 3586 3628 3628 3596 4063 4062 4062 4062 4062 4062 4062 4062
808 1777384428 3554 3698 585 3648 3586 3628 3628 3595 4061 4061 4061 4061 4061 4061 4061 4061
809 1777384428 3553 3698 585 3648 3585 3628 3628 3596 4061 4061 4061 4061 4061 4061 4061 4061
810 1777384428 3554 3698 586 3649 3586 3628 3629 3596 4061 4060 4060 4060 4060 4060 4060 4060
811 1777384428 3555 3699 586 3649 3586 3628 3629 3596 4061 4061 4061 4061 4061 4061 4061 4061
812 1777384428 3555 3700 585 3649 3587 3629 3629 3597 4063 4063 4062 4062 4062 4062 4062 4062
813 1777384428 3553 3697 585 3648 3585 3627 3627 3595 4063 4063 4062 4062 4062 4062 4062 4062
814 1777384428 3555 3699 586 3649 3587 3629 3630 3597 4061 4061 4061 4061 4061 4061 4061 4061
815 1777384428 3554 3699 586 3649 3586 3628 3628 3596 4063 4063 4062 4062 4062 4062 4062 4062
816 1777384428 3554 3698 586 3648 3586 3628 3628 3596 4061 4061 4060 4060 4060 4060 4060 4060
817 1777384428 3553 3698 585 3648 3586 3627 3628 3596 4061 4061 4061 4061 4061 4061 4061 4061
818 1777384428 3554 3699 586 3648 3586 3628 3628 3596 4061 4061 4060 4060 4060 4060 4060 4060
819 1777384428 3554 3699 586 3649 3587 3629 3629 3596 4061 4061 4061 4061 4061 4061 4061 4061
820 1777384428 3554 3698 586 3648 3586 3627 3628 3596 4063 4062 4062 4062 4062 4062 4062 4062
821 1777384428 3554 3699 586 3648 3586 3629 3629 3596 4061 4061 4061 4061 4061 4061 4061 4061
822 1777384428 3554 3699 586 3648 3586 3628 3629 3597 4061 4061 4061 4061 4061 4061 4061 4061
823 1777384428 3554 3699 585 3649 3586 3629 3629 3597 4061 4061 4060 4060 4060 4060 4060 4060
824 1777384428 3554 3698 586 3648 3586 3628 3628 3596 4063 4061 4061 4061 4061 4061 4061 4061
825 1777384428 3554 3699 585 3648 3586 3629 3628 3596 4063 4063 4062 4062 4062 4062 4062 4062
826 1777384436 3554 3698 586 3647 3585 3627 3627 3595 4063 4063 4062 4062 4062 4062 4062 4062
827 1777384436 3553 3698 586 3648 3585 3627 3627 3595 4063 4063 4062 4062 4062 4062 4062 4062
828 1777384436 3552 3697 586 3647 3584 3626 3627 3595 4061 4061 4061 4061 4061 4061 4061 4061
829 1777384436 3554 3698 585 3648 3586 3628 3628 3596 4061 4061 4061 4061 4061 4061 4061 4061
830 1777384436 3554 3699 586 3648 3586 3627 3628 3596 4061 4061 4061 4061 4061 4061 4061 4061
831 1777384436 3553 3698 586 3648 3586 3628 3628 3596 4063 4063 4062 4062 4062 4062 4062 4062
832 1777384436 3553 3697 585 3647 3585 3627 3627 3595 4061 4061 4061 4061 4061 4061 4061 4061
833 1777384436 3554 3699 585 3648 3586 3628 3628 3596 4063 4063 4062 4062 4062 4062 4062 4062
834 1777384436 3554 3698 586 3648 3585 3628 3628 3596 4063 4062 4062 4062 4062 4062 4062 4062
835 1777384436 3554 3698 585 3648 3586 3629 3629 3597 4061 4061 4061 4061 4061 4061 4061 4061
836 1777384436 3554 3698 585 3648 3585 3628 3627 3595 4061 4061 4061 4061 4061 4061 4061 4061
837 1777384436 3553 3698 585 3648 3586 3628 3628 3596 4061 4061 4061 4061 4061 4061 4061 4061
838 1777384436 3553 3698 586 3647 3585 3627 3627 3595 4061 4061 4061 4061 4061 4061 4061 4061
839 1777384436 3553 3698 586 3648 3585 3627 3627 3595 4063 4063 4062 4062 4062 4062 4062 4062
840 1777384436 3554 3699 585 3648 3586 3628 3629 3596 4061 4061 4061 4061 4061 4061 4061 4061
841 1777384436 3554 3698 586 3648 3586 3627 3628 3596 4061 4061 4061 4061 4061 4061 4061 4061
842 1777384436 3554 3698 585 3648 3586 3628 3628 3596 4063 4063 4062 4062 4062 4062 4062 4062
843 1777384436 3553 3698 586 3648 3585 3627 3627 3595 4061 4061 4061 4061 4061 4061 4061 4061
844 1777384436 3554 3698 586 3648 3586 3628 3628 3596 4061 4061 4061 4061 4061 4061 4061 4061
845 1777384436 3553 3698 588 3648 3586 3628 3628 3596 4063 4063 4062 4062 4062 4062 4062 4062
846 1777384436 3554 3698 587 3648 3586 3627 3628 3596 4063 4062 4062 4062 4062 4062 4062 4062
847 1777384436 3553 3698 586 3648 3585 3627 3627 3595 4061 4061 4061 4061 4061 4061 4061 4061
848 1777384436 3555 3699 585 3649 3586 3628 3629 3596 4063 4063 4062 4062 4062 4062 4062 4062
849 1777384437 3553 3698 585 3649 3586 3628 3628 3596 4063 4063 4062 4062 4062 4062 4062 4062
850 1777384437 3555 3699 585 3649 3587 3629 3629 3597 4061 4061 4061 4061 4061 4061 4061 4061
851 1777384437 3553 3698 586 3648 3586 3628 3628 3596 4061 4061 4060 4060 4060 4060 4060 4060
852 1777384437 3554 3698 585 3648 3586 3628 3628 3596 4061 4060 4060 4060 4060 4060 4060 4060
853 1777384437 3554 3698 586 3648 3585 3627 3627 3595 4061 4061 4060 4060 4060 4060 4060 4060
854 1777384437 3554 3699 585 3648 3586 3628 3628 3596 4061 4060 4060 4060 4060 4060 4060 4060
855 1777384437 3553 3698 586 3648 3586 3627 3628 3595 4063 4063 4062 4062 4062 4062 4062 4062
856 1777384437 3554 3699 585 3648 3586 3628 3628 3596 4063 4063 4062 4062 4062 4062 4062 4062
857 1777384437 3554 3700 586 3647 3586 3628 3629 3597 4059 4059 4059 4059 4059 4059 4059 4059
858 1777384437 3554 3698 586 3649 3586 3628 3628 3597 4061 4061 4060 4060 4060 4060 4060 4060
859 1777384437 3553 3697 586 3647 3585 3627 3627 3595 4061 4061 4061 4061 4061 4061 4061 4061
860 1777384437 3554 3699 586 3648 3587 3628 3629 3596 4063 4063 4062 4062 4062 4062 4062 4062
861 1777384437 3554 3699 586 3648 3586 3628 3629 3596 4063 4063 4062 4062 4062 4062 4062 4062
862 1777384437 3555 3699 586 3649 3586 3629 3628 3597 4061 4061 4061 4061 4061 4061 4061 4061
863 1777384437 3554 3699 586 3649 3586 3629 3629 3597 4061 4061 4061 4061 4061 4061 4061 4061
864 1777384437 3553 3698 586 3648 3586 3628 3628 3595 4063 4062 4062 4062 4062 4062 4062 4062
865 1777384437 3553 3698 586 3648 3585 3628 3627 3596 4061 4061 4061 4061 4061 4061 4061 4061
866 1777384437 3554 3699 585 3649 3586 3629 3628 3596 4063 4061 4061 4061 4061 4061 4061 4061
867 1777384437 3554 3698 586 3648 3586 3628 3628 3596 4061 4061 4061 4061 4061 4061 4061 4061
868 1777384437 3555 3699 586 3649 3587 3629 3629 3597 4061 4061 4061 4061 4061 4061 4061 4061
869 1777384437 3553 3697 586 3648 3586 3627 3627 3595 4063 4063 4062 4062 4062 4062 4062 4062
870 1777384437 3554 3698 586 3648 3586 3628 3629 3597 4061 4061 4061 4061 4061 4061 4061 4061
871 1777384437 3554 3699 586 3649 3586 3628 3628 3596 4063 4063 4062 4062 4062 4062 4062 4062
872 1777384437 3555 3699 586 3649 3587 3629 3629 3597 4061 4061 4061 4061 4061 4061 4061 4061
873 1777384437 3555 3699 586 3649 3586 3628 3628 3597 4061 4061 4061 4061 4061 4061 4061 4061
874 1777384437 3554 3699 586 3649 3587 3629 3629 3596 4061 4061 4060 4060 4060 4060 4060 4060
875 1777384437 3554 3698 586 3648 3586 3628 3628 3596 4061 4061 4061 4061 4061 4061 4061 4061
876 1777384437 3554 3698 585 3648 3585 3627 3628 3596 4063 4063 4062 4062 4062 4062 4062 4062
877 1777384437 3555 3700 586 3650 3587 3629 3629 3597 4063 4061 4061 4061 4061 4061 4061 4061
878 1777384437 3555 3699 587 3649 3587 3629 3629 3597 4061 4061 4060 4060 4060 4060 4060 4060
879 1777384437 3555 3699 586 3649 3587 3628 3629 3597 4061 4061 4060 4060 4060 4060 4060 4060
880 1777384437 3554 3699 586 3648 3586 3628 3628 3596 4061 4060 4060 4060 4060 4060 4060 4060
881 1777384437 3555 3700 586 3649 3587 3629 3629 3597 4061 4061 4061 4061 4061 4061 4061 4061
882 1777384437 3554 3699 586 3648 3586 3628 3628 3596 4061 4061 4060 4060 4060 4060 4060 4060
883 1777384437 3555 3700 586 3649 3587 3629 3630 3597 4061 4061 4061 4061 4061 4061 4061 4061
884 1777384437 3554 3699 586 3648 3586 3628 3629 3597 4061 4061 4061 4061 4061 4061 4061 4061
885 1777384437 3554 3699 586 3648 3586 3628 3628 3596 4063 4061 4061 4061 4061 4061 4061 4061
886 1777384437 3554 3699 586 3648 3586 3628 3628 3596 4061 4061 4061 4061 4061 4061 4061 4061
887 1777384437 3554 3699 586 3649 3587 3629 3629 3596 4061 4061 4061 4061 4061 4061 4061 4061
888 1777384437 3554 3698 586 3648 3585 3627 3627 3595 4061 4061 4061 4061 4061 4061 4061 4061
889 1777384437 3554 3699 586 3647 3587 3628 3629 3596 4061 4061 4061 4061 4061 4061 4061 4061
890 1777384437 3554 3699 587 3649 3586 3628 3628 3597 4061 4061 4061 4061 4061 4061 4061 4061
891 1777384437 3554 3698 586 3649 3586 3628 3629 3597 4063 4062 4062 4062 4062 4062 4062 4062
892 1777384437 3554 3698 586 3648 3586 3628 3628 3596 4063 4063 4062 4062 4062 4062 4062 4062
893 1777384437 3555 3699 586 3649 3587 3628 3629 3597 4061 4061 4061 4061 4061 4061 4061 4061
894 1777384437 3555 3700 587 3650 3587 3629 3630 3598 4063 4063 4062 4062 4062 4062 4062 4062
895 1777384437 3555 3700 586 3649 3587 3629 3630 3597 4061 4059 4059 4059 4059 4059 4059 4059
896 1777384437 3554 3700 586 3649 3587 3629 3629 3597 4061 4061 4061 4061 4061 4061 4061 4061
897 1777384437 3553 3698 586 3647 3586 3628 3628 3596 4061 4061 4061 4061 4061 4061 4061 4061
898 1777384437 3554 3699 586 3649 3586 3628 3629 3597 4061 4061 4061 4061 4061 4061 4061 4061
899 1777384437 3554 3699 586 3649 3587 3629 3629 3597 4063 4062 4062 4062 4062 4062 4062 4062
900 1777384437 3555 3699 586 3649 3587 3629 3629 3597 4063 4061 4061 4061 4061 4061 4061 4061
901 1777384437 3554 3699 586 3649 3587 3629 3629 3596 4061 4061 4061 4061 4061 4061 4061 4061
902 1777384437 3554 3699 586 3649 3587 3628 3629 3597 4061 4061 4061 4061 4061 4061 4061 4061
903 1777384437 3555 3699 586 3649 3587 3629 3629 3597 4063 4063 4062 4062 4062 4062 4062 4062
904 1777384437 3554 3699 586 3648 3587 3629 3629 3597 4061 4061 4061 4061 4061 4061 4061 4061
905 1777384437 3555 3699 587 3649 3587 3629 3629 3597 4061 4061 4061 4061 4061 4061 4061 4061
906 1777384437 3555 3700 586 3649 3587 3629 3629 3597 4061 4061 4061 4061 4061 4061 4061 4061
907 1777384437 3555 3700 586 3649 3587 3629 3629 3598 4063 4063 4062 4062 4062 4062 4062 4062
908 1777384437 3555 3700 586 3649 3587 3629 3629 3597 4063 4063 4062 4062 4062 4062 4062 4062
909 1777384437 3554 3699 587 3648 3586 3629 3629 3597 4061 4061 4061 4061 4061 4061 4061 4061
910 1777384437 3554 3699 587 3649 3587 3629 3629 3597 4063 4063 4062 4062 4062 4062 4062 4062
911 1777384437 3555 3700 586 3649 3587 3629 3630 3598 4063 4063 4062 4062 4062 4062 4062 4062
912 1777384437 3554 3699 587 3649 3587 3628 3629 3597 4061 4061 4061 4061 4061 4061 4061 4061
913 1777384437 3557 3701 586 3651 3589 3631 3631 3599 4061 4061 4061 4061 4061 4061 4061 4061
914 1777384437 3555 3701 586 3650 3588 3630 3629 3597 4063 4063 4062 4062 4062 4062 4062 4062
915 1777384437 3555 3700 586 3650 3587 3629 3629 3598 4061 4061 4061 4061 4061 4061 4061 4061
916 1777384437 3556 3701 586 3650 3588 3630 3630 1704 4063 4063 4062 4062 4062 4062 4062 4062
917 1777384437 3555 3699 586 3649 3587 3628 3628 3596 4061 4061 4061 4061 4061 4061 4061 4061
918 1777384437 3555 3700 586 3650 3588 3630 3630 3598 4061 4061 4060 4060 4060 4060 4060 4060
919 1777384437 3555 3700 586 3649 3587 3629 3629 3597 4063 4063 4062 4062 4062 4062 4062 4062
920 1777384437 3555 3699 587 3648 3587 3629 3629 3597 4061 4061 4061 4061 4061 4061 4061 4061
921 1777384437 3553 3698 584 3647 3585 3627 3627 3595 4063 4063 4062 4062 4062 4062 4062 4062
922 1777384437 3554 3698 584 3646 3585 3627 3627 3595 4063 4063 4062 4062 4062 4062 4062 4062
923 1777384437 3554 3698 585 3648 3585 3628 3628 3596 4061 4061 4060 4060 4060 4060 4060 4060
924 1777384437 3553 3697 585 3647 3585 3627 3627 3596 4061 4061 4061 4061 4061 4061 4061 4061
925 1777384437 3553 3698 584 3647 3585 3627 3628 3595 4063 4061 4061 4061 4061 4061 4061 4061
926 1777384437 3553 3697 585 3648 3585 3627 3627 3596 4063 4063 4062 4062 4062 4062 4062 4062
927 1777384437 3553 3698 584 3648 3585 3628 3628 3595 4061 4061 4061 4061 4061 4061 4061 4061
928 1777384438 3553 3697 585 3647 3584 3626 3627 3595 4063 4063 4062 4062 4062 4062 4062 4062
929 1777384438 3553 3698 584 3647 3585 3627 3627 3595 4063 4062 4062 4062 4062 4062 4062 4062
930 1777384438 3553 3697 584 3646 3585 3626 3627 3595 4061 4061 4061 4061 4061 4061 4061 4061
931 1777384438 3552 3697 584 3647 3585 3627 3627 3595 4063 4061 4061 4061 4061 4061 4061 4061
932 1777384438 3552 3697 585 3646 3584 3626 3626 3595 4061 4061 4060 4060 4060 4060 4060 4060
933 1777384438 3552 3697 585 3647 3585 3627 3628 3596 4061 4061 4061 4061 4061 4061 4061 4061
934 1777384438 3553 3697 585 3647 3585 3627 3627 3595 4061 4061 4061 4061 4061 4061 4061 4061
935 1777384438 3554 3699 584 3649 3586 3628 3628 3596 4063 4063 4062 4062 4062 4062 4062 4062
936 1777384438 3553 3697 585 3648 3585 3628 3627 3595 4061 4061 4061 4061 4061 4061 4061 4061
937 1777384438 3554 3699 584 3648 3586 3628 3628 3596 4061 4061 4060 4060 4060 4060 4060 4060
938 1777384438 3553 3698 584 3646 3585 3627 3627 3595 4061 4061 4061 4061 4061 4061 4061 4061
939 1777384438 3553 3698 584 3648 3585 3627 3627 3595 4061 4061 4061 4061 4061 4061 4061 4061
940 1777384438 3553 3697 585 3647 3584 3627 3627 3595 4061 4061 4061 4061 4061 4061 4061 4061
941 1777384438 3554 3699 584 3648 3586 3628 3628 3595 4061 4061 4060 4060 4060 4060 4060 4060
942 1777384438 3553 3697 585 3648 3585 3628 3628 3596 4061 4061 4061 4061 4061 4061 4061 4061
943 1777384438 3554 3698 586 3648 3586 3627 3627 3596 4063 4063 4062 4062 4062 4062 4062 4062
944 1777384438 3553 3697 585 3647 3584 3626 3627 3595 4063 4063 4062 4062 4062 4062 4062 4062
945 1777384438 3554 3698 584 3648 3585 3627 3627 3596 4061 4061 4060 4060 4060 4060 4060 4060
946 1777384438 3553 3698 584 3648 3585 3628 3628 3595 4061 4061 4060 4060 4060 4060 4060 4060
947 1777384438 3553 3697 585 3647 3585 3627 3628 3595 4063 4063 4062 4062 4062 4062 4062 4062
948 1777384438 3553 3698 585 3648 3585 3627 3627 3595 4061 4061 4061 4061 4061 4061 4061 4061
949 1777384438 3555 3699 585 3648 3586 3629 3629 3597 4061 4061 4061 4061 4061 4061 4061 4061
950 1777384438 3553 3698 585 3647 3585 3627 3627 3595 4061 4061 4061 4061 4061 4061 4061 4061
951 1777384438 3554 3699 584 3649 3586 3628 3628 3596 4061 4061 4061 4061 4061 4061 4061 4061
952 1777384438 3553 3697 585 3647 3585 3627 3627 3595 4061 4061 4060 4060 4060 4060 4060 4060
953 1777384438 3553 3697 585 3647 3585 3627 3627 3595 4061 4061 4061 4061 4061 4061 4061 4061
954 1777384438 3553 3697 585 3646 3585 3627 3627 3595 4061 4061 4061 4061 4061 4061 4061 4061
955 1777384438 3553 3697 585 3647 3584 3626 3626 3594 4061 4061 4061 4061 4061 4061 4061 4061
956 1777384438 3553 3697 585 3647 3585 3627 3627 3595 4061 4061 4061 4061 4061 4061 4061 4061
957 1777384438 3554 3698 584 3648 3586 3628 3628 3596 4063 4063 4062 4062 4062 4062 4062 4062
958 1777384438 3553 3698 585 3648 3585 3627 3628 3595 4061 4061 4061 4061 4061 4061 4061 4061
959 1777384438 3555 3700 584 3649 3587 3628 3629 3597 4061 4061 4061 4061 4061 4061 4061 4061
960 1777384438 3554 3699 585 3648 3586 3628 3627 3595 4061 4061 4060 4060 4060 4060 4060 4060
961 1777384438 3553 3697 585 3647 3586 3628 3628 3596 4061 4061 4061 4061 4061 4061 4061 4061
962 1777384438 3553 3698 585 3648 3585 3627 3627 3595 4061 4061 4060 4060 4060 4060 4060 4060
963 1777384438 3554 3698 585 3648 3585 3628 3628 3596 4061 4061 4061 4061 4061 4061 4061 4061
964 1777384438 3553 3698 585 3648 3586 3628 3628 3596 4061 4061 4061 4061 4061 4061 4061 4061
965 1777384438 3552 3697 584 3647 3585 3627 3627 3595 4062 4062 4062 4062 4062 4062 4062 4062
966 1777384438 3554 3699 585 3648 3586 3628 3628 3596 4061 4061 4061 4061 4061 4061 4061 4061
967 1777384438 3554 3698 585 3648 3586 3628 3628 3596 4061 4061 4061 4061 4061 4061 4061 4061
968 1777384438 3553 3698 585 3648 3585 3628 3628 3596 4061 4061 4061 4061 4061 4061 4061 4061
969 1777384438 3554 3698 585 3647 3586 3628 3628 3596 4063 4063 4062 4062 4062 4062 4062 4062
970 1777384438 3554 3699 585 3648 3586 3628 3628 3596 4063 4063 4062 4062 4062 4062 4062 4062
971 1777384438 3554 3698 585 3648 3586 3628 3628 3596 4061 4061 4060 4060 4060 4060 4060 4060
972 1777384438 3553 3698 585 3648 3586 3628 3628 3596 4061 4061 4061 4061 4061 4061 4061 4061
973 1777384438 3553 3698 585 3647 3585 3627 3627 3595 4061 4060 4060 4060 4060 4060 4060 4060
974 1777384438 3554 3698 585 3648 3586 3628 3628 3596 4063 4062 4062 4062 4062 4062 4062 4062
975 1777384438 3553 3698 586 3648 3585 3628 3628 3595 4061 4061 4060 4060 4060 4060 4060 4060
976 1777384438 3555 3699 585 3648 3586 3628 3629 3597 4061 4061 4061 4061 4061 4061 4061 4061
977 1777384438 3553 3698 585 3647 3585 3628 3627 3596 4063 4062 4062 4062 4062 4062 4062 4062
978 1777384438 3552 3697 585 3647 3584 3627 3627 3594 4061 4061 4061 4061 4061 4061 4061 4061
979 1777384438 3554 3698 584 3647 3585 3627 3627 3595 4063 4063 4062 4062 4062 4062 4062 4062
980 1777384438 3553 3697 585 3647 3585 3627 3627 3595 4061 4061 4061 4061 4061 4061 4061 4061
981 1777384438 3554 3699 585 3649 3586 3628 3628 3597 4061 4061 4061 4061 4061 4061 4061 4061
982 1777384438 3554 3699 585 3648 3586 3628 3628 3596 4063 4061 4061 4061 4061 4061 4061 4061
983 1777384438 3554 3698 585 3648 3586 3627 3628 3596 4061 4061 4061 4061 4061 4061 4061 4061
984 1777384438 3554 3698 585 3648 3586 3628 3628 3596 4061 4061 4061 4061 4061 4061 4061 4061
985 1777384438 3555 3699 585 3649 3586 3629 3628 3597 4063 4063 4062 4062 4062 4062 4062 4062
986 1777384438 3554 3699 585 3646 3585 3628 3628 3596 4061 4061 4060 4060 4060 4060 4060 4060
987 1777384438 3552 3697 586 3647 3584 3627 3627 3595 4061 4061 4061 4061 4061 4061 4061 4061
988 1777384438 3553 3698 585 3648 3586 3627 3628 3596 4063 4062 4062 4062 4062 4062 4062 4062
989 1777384438 3553 3698 585 3647 3585 3628 3628 3595 4061 4061 4061 4061 4061 4061 4061 4061
990 1777384438 3553 3698 585 3648 3586 3628 3628 3596 4063 4063 4062 4062 4062 4062 4062 4062
991 1777384438 3553 3698 586 3648 3586 3628 3628 3596 4061 4061 4061 4061 4061 4061 4061 4061
992 1777384438 3553 3698 585 3648 3586 3627 3628 3596 4063 4063 4062 4062 4062 4062 4062 4062
993 1777384438 3554 3698 585 3649 3586 3628 3629 3596 4061 4061 4061 4061 4061 4061 4061 4061
994 1777384438 3555 3699 585 3650 3587 3629 3630 3597 4063 4062 4062 4062 4062 4062 4062 4062
995 1777384438 3553 3698 585 3648 3586 3628 3628 3596 4061 4061 4061 4061 4061 4061 4061 4061
996 1777384439 3553 3698 585 3648 3586 3627 3627 3596 4063 4063 4062 4062 4062 4062 4062 4062
997 1777384439 3554 3699 585 3649 3586 3629 3628 3596 4061 4061 4061 4061 4061 4061 4061 4061
998 1777384439 3554 3699 585 3649 3586 1673 1414 3596 4061 4061 4061 4061 4061 4061 4061 4061
999 1777384439 3555 3699 585 3649 3587 3629 3629 3597 4061 4061 4061 4061 4061 4061 4061 4061
1000 1777384439 3554 3700 585 3650 3587 3629 3629 3597 4061 4061 4061 4061 4061 4061 4061 4061
