1 1777385129 3549 3693 204 3643 3581 3623 3623 3591 4063 4063 4062 4062 4062 4062 4062 4062
2 1777385129 3550 3694 204 3643 3582 3624 3624 3592 4061 4061 4061 4061 4061 4061 4061 4061
3 1777385129 3550 3694 204 3644 3582 3624 3624 3592 4063 4063 4062 4062 4062 4062 4062 4062
4 1777385129 3550 3695 203 3644 3582 3625 3624 3592 4061 4061 4061 4061 4061 4061 4061 4061
5 1777385129 3549 3693 204 3643 3581 3624 3623 3591 4063 4063 4062 4062 4062 4062 4062 4062
6 1777385129 3549 3694 205 3644 3583 3624 3624 3592 4061 4061 4061 4061 4061 4061 4061 4061
7 1777385129 3550 3694 204 3644 3582 3624 3624 3592 4061 4061 4061 4061 4061 4061 4061 4061
8 1777385129 3549 3694 204 3644 3582 3625 3624 3592 4063 4063 4062 4062 4062 4062 4062 4062
9 1777385129 3551 3695 204 3645 3583 3625 3625 3593 4063 4063 4062 4062 4062 4062 4062 4062
10 1777385129 3551 3695 205 3645 3583 3625 3625 3593 4061 4061 4061 4061 4061 4061 4061 4061
11 1777385129 3550 3694 204 3644 3582 3625 3625 3592 4063 4062 4062 4062 4062 4062 4062 4062
12 1777385129 3550 3695 205 3644 3582 3625 3624 3592 4063 4063 4062 4062 4062 4062 4062 4062
13 1777385129 3550 3694 204 3643 3582 3624 3624 3592 4063 4062 4062 4062 4062 4062 4062 4062
14 1777385129 3551 3696 204 3645 3583 3625 3625 3593 4063 4063 4062 4062 4062 4062 4062 4062
15 1777385129 3550 3694 205 3643 3582 3624 3624 3592 4063 4063 4062 4062 4062 4062 4062 4062
16 1777385129 3551 3695 204 3645 3583 3625 3624 3592 4063 4063 4062 4062 4062 4062 4062 4062
17 1777385129 3550 3695 204 3644 3583 3625 3624 3592 4061 4061 4061 4061 4061 4061 4061 4061
18 1777385129 3550 3695 204 3645 3583 3625 3625 3593 4063 4062 4062 4062 4062 4062 4062 4062
19 1777385129 3550 3694 204 3644 3583 3624 3624 3592 4063 4063 4062 4062 4062 4062 4062 4062
20 1777385129 3551 3695 205 3644 3582 3625 3625 3593 4063 4063 4062 4062 4062 4062 4062 4062
21 1777385129 3551 3695 204 3645 3583 3625 3624 3593 4063 4063 4062 4062 4062 4062 4062 4062
22 1777385129 3549 3694 205 3643 3582 3624 3623 3592 4061 4061 4060 4060 4060 4060 4060 4060
23 1777385129 3550 3694 205 3643 3582 3624 3624 3592 4063 4063 4062 4062 4062 4062 4062 4062
24 1777385129 3550 3695 204 3645 3583 3625 3625 3593 4061 4061 4061 4061 4061 4061 4061 4061
25 1777385129 3551 3696 204 3645 3584 3626 3625 3594 4063 4063 4062 4062 4062 4062 4062 4062
26 1777385129 3550 3695 207 3644 3583 3625 3625 3592 4063 4063 4062 4062 4062 4062 4062 4062
27 1777385129 3551 3695 206 3645 3583 3625 3625 3593 4061 4061 4061 4061 4061 4061 4061 4061
28 1777385129 3551 3695 205 3644 3583 3626 3625 3593 4063 4062 4062 4062 4062 4062 4062 4062
29 1777385129 3550 3695 204 3644 3583 3625 3625 3593 4061 4061 4061 4061 4061 4061 4061 4061
30 1777385129 3551 3695 204 3645 3582 3625 3625 3593 4063 4063 4062 4062 4062 4062 4062 4062
31 1777385129 3552 3696 205 3646 3584 1510 3625 3594 4063 4063 4062 4062 4062 4062 4062 4062
32 1777385129 3550 3695 205 3644 3582 3624 3624 3592 4061 4061 4061 4061 4061 4061 4061 4061
33 1777385129 3550 3695 204 3644 3582 3625 3624 3592 4061 4061 4061 4061 4061 4061 4061 4061
34 1777385129 3550 3695 205 3644 3583 3625 3625 3593 4061 4061 4061 4061 4061 4061 4061 4061
35 1777385129 3551 3695 205 3645 3583 3625 3625 3593 4063 4063 4062 4062 4062 4062 4062 4062
36 1777385129 3551 3696 205 3645 3583 3626 3625 3594 4063 4062 4062 4062 4062 4062 4062 4062
37 1777385129 3551 3696 205 3645 3583 3626 3625 3593 4063 4063 4062 4062 4062 4062 4062 4062
38 1777385129 3550 3695 204 3644 3582 3624 3625 3593 4061 4061 4061 4061 4061 4061 4061 4061
39 1777385129 3550 3695 205 3645 3583 3625 3625 3593 4061 4061 4061 4061 4061 4061 4061 4061
40 1777385129 3551 3695 204 3645 3583 3625 3625 3593 4063 4063 4062 4062 4062 4062 4062 4062
41 1777385129 3550 3694 204 3644 3582 3625 3624 3593 4061 4061 4061 4061 4061 4061 4061 4061
42 1777385130 3550 3695 205 3644 3582 3625 3625 3593 4063 4061 4061 4061 4061 4061 4061 4061
43 1777385130 3552 3696 204 3645 3584 3626 3626 3594 4063 4063 4062 4062 4062 4062 4062 4062
44 1777385130 3550 3695 205 3644 3582 3625 3625 3592 4061 4061 4061 4061 4061 4061 4061 4061
45 1777385130 3551 3695 205 3643 3583 3625 3625 3593 4061 4061 4061 4061 4061 4061 4061 4061
46 1777385130 3550 3695 205 3644 3583 3625 3624 3592 4063 4063 4062 4062 4062 4062 4062 4062
47 1777385130 3551 3695 204 3645 3583 3625 3624 3593 4063 4063 4062 4062 4062 4062 4062 4062
48 1777385130 3550 3695 205 3644 3583 3625 3625 3592 4063 4063 4062 4062 4062 4062 4062 4062
49 1777385130 3550 3695 205 3644 3583 3625 3624 3593 4061 4061 4061 4061 4061 4061 4061 4061
50 1777385130 3551 3695 205 3644 3583 3625 3625 3593 4063 4063 4062 4062 4062 4062 4062 4062
51 1777385130 3550 3694 206 3644 3582 3625 3624 3593 4063 4063 4062 4062 4062 4062 4062 4062
52 1777385130 3551 3696 205 3645 3584 3626 3625 3593 4063 4061 4061 4061 4061 4061 4061 4061
53 1777385130 3549 3694 205 3643 3582 3624 3624 3592 4063 4063 4062 4062 4062 4062 4062 4062
54 1777385130 3551 3696 205 3645 3583 3626 3625 3593 4063 4063 4062 4062 4062 4062 4062 4062
55 1777385130 3550 3695 205 3645 3583 3626 3625 3593 4059 4059 4058 4058 4058 4058 4058 4058
56 1777385130 3550 3694 205 3644 3582 1514 3624 3592 4061 4061 4061 4061 4061 4061 4061 4061
57 1777385130 3550 3695 205 3645 3583 3625 3625 3593 4061 4061 4061 4061 4061 4061 4061 4061
58 1777385130 3550 3695 205 3644 3583 3625 3625 3593 4061 4061 4061 4061 4061 4061 4061 4061
59 1777385130 3551 3696 206 3645 3584 3626 3626 3593 4061 4061 4061 4061 4061 4061 4061 4061
60 1777385130 3551 3695 205 3644 3583 3625 3625 3593 4061 4061 4061 4061 4061 4061 4061 4061
61 1777385130 3552 3696 204 3645 3584 3626 3626 3594 4063 4063 4062 4062 4062 4062 4062 4062
62 1777385130 3550 3694 205 3644 3582 3624 3624 3592 4063 4063 4062 4062 4062 4062 4062 4062
63 1777385130 3551 3695 205 3645 3583 3625 3626 3594 4061 4061 4061 4061 4061 4061 4061 4061
64 1777385130 3551 3695 205 3645 3583 3625 3625 3593 4063 4063 4062 4062 4062 4062 4062 4062
65 1777385130 3550 3695 205 3644 3583 3625 3625 3593 4061 4061 4061 4061 4061 4061 4061 4061
66 1777385130 3550 3695 205 3644 3583 3625 3625 3593 4063 4063 4063 4063 4063 4063 4063 4063
67 1777385130 3551 3695 205 3645 3583 3625 3625 3593 4063 4063 4062 4062 4062 4062 4062 4062
68 1777385130 3550 3695 205 3644 3582 3625 3624 3592 4061 4061 4061 4061 4061 4061 4061 4061
69 1777385130 3551 3695 205 3645 3583 3626 3626 3594 4063 4063 4063 4063 4063 4063 4063 4063
70 1777385130 3551 3695 205 3645 3584 3626 3626 3594 4061 4061 4061 4061 4061 4061 4061 4061
71 1777385130 3551 3695 205 3644 3583 3625 3625 3593 4063 4063 4062 4062 4062 4062 4062 4062
72 1777385130 3551 3696 205 3645 3584 3626 3626 3594 4063 4063 4063 4063 4063 4063 4063 4063
73 1777385130 3551 3696 205 3645 3583 3625 3625 3593 4063 4063 4062 4062 4062 4062 4062 4062
74 1777385130 3552 3697 205 3646 3584 3626 3626 3594 4061 4061 4061 4061 4061 4061 4061 4061
75 1777385130 3550 3695 206 3645 3583 3625 3625 3593 4061 4061 4061 4061 4061 4061 4061 4061
76 1777385130 3551 3695 205 3644 3583 3626 3626 3593 4061 4061 4061 4061 4061 4061 4061 4061
77 1777385130 3551 3696 204 3645 3583 3625 3625 3593 4063 4063 4062 4062 4062 4062 4062 4062
78 1777385130 3551 3695 204 3644 3583 3625 3625 3593 4063 4061 4061 4061 4061 4061 4061 4061
79 1777385130 3552 3696 205 3646 3584 3626 3626 3594 4061 4061 4061 4061 4061 4061 4061 4061
80 1777385130 3551 3695 205 3644 3583 3626 3625 3593 4063 4063 4062 4062 4062 4062 4062 4062
81 1777385130 3551 3695 205 3645 3583 3625 3625 3593 4063 4063 4062 4062 4062 4062 4062 4062
82 1777385130 3551 3695 205 3645 3583 3625 3625 3593 4063 4063 4062 4062 4062 4062 4062 4062
83 1777385130 3550 3695 205 3645 3583 3626 3626 3593 4061 4061 4061 4061 4061 4061 4061 4061
84 1777385130 3551 3696 205 3645 3583 3625 3625 3593 4063 4062 4062 4062 4062 4062 4062 4062
85 1777385130 3551 3695 205 3645 3584 3626 3626 3594 4061 4061 4061 4061 4061 4061 4061 4061
86 1777385130 3551 3695 205 3645 3583 3625 3625 3593 4063 4063 4062 4062 4062 4062 4062 4062
87 1777385130 3552 3696 206 3645 3584 3626 3626 3594 4063 4063 4062 4062 4062 4062 4062 4062
88 1777385130 3551 3696 205 3645 3583 3626 3626 3593 4063 4063 4062 4062 4062 4062 4062 4062
89 1777385130 3552 3696 204 3646 3584 3626 3626 3593 4061 4061 4061 4061 4061 4061 4061 4061
90 1777385130 3551 3696 205 3646 3584 3626 3626 3594 4063 4062 4062 4062 4062 4062 4062 4062
91 1777385130 3551 3696 206 3645 3583 3625 3625 3593 4063 4062 4062 4062 4062 4062 4062 4062
92 1777385130 3552 3696 205 3646 3584 3626 3626 3594 4061 4061 4061 4061 4061 4061 4061 4061
93 1777385130 3550 3694 205 3644 3583 3625 3625 3593 4063 4063 4062 4062 4062 4062 4062 4062
94 1777385130 3552 3696 205 3646 3583 3626 3626 3594 4063 4063 4062 4062 4062 4062 4062 4062
95 1777385130 3551 3696 206 3645 3584 3626 3626 3594 4061 4061 4060 4060 4060 4060 4060 4060
96 1777385130 3551 3695 205 3645 3584 3625 3625 3593 4061 4061 4061 4061 4061 4061 4061 4061
97 1777385130 3551 3696 205 3645 3584 3626 3626 3594 4061 4061 4061 4061 4061 4061 4061 4061
98 1777385130 3551 3696 205 3645 3583 3626 3626 3594 4063 4063 4062 4062 4062 4062 4062 4062
99 1777385130 3552 3696 206 3645 3584 3626 3626 3594 4063 4063 4062 4062 4062 4062 4062 4062
100 1777385130 3551 3697 205 3646 3584 3627 3626 3594 4061 4061 4061 4061 4061 4061 4061 4061
101 1777385130 3552 3696 204 3645 3584 3626 3625 3593 4061 4061 4060 4060 4060 4060 4060 4060
102 1777385130 3552 3696 205 3646 3584 3626 3626 3594 4063 4063 4062 4062 4062 4062 4062 4062
103 1777385130 3551 3696 205 3645 3583 3625 3625 3593 4061 4061 4061 4061 4061 4061 4061 4061
104 1777385130 3550 3695 205 3645 3583 3625 3625 3593 4061 4061 4061 4061 4061 4061 4061 4061
105 1777385130 3551 3695 205 3645 3583 3625 3626 3593 4063 4062 4062 4062 4062 4062 4062 4062
106 1777385130 3551 3696 205 3645 3583 3626 3626 3594 4061 4061 4061 4061 4061 4061 4061 4061
107 1777385130 3550 3695 206 3645 3583 3626 3625 3593 4061 4061 4061 4061 4061 4061 4061 4061
108 1777385130 3551 3696 205 3646 3584 3626 3626 3594 4061 4061 4061 4061 4061 4061 4061 4061
109 1777385130 3551 3696 205 3646 3584 3626 3626 3594 4063 4063 4062 4062 4062 4062 4062 4062
110 1777385130 3551 3696 205 3646 3584 3626 3626 3594 4063 4063 4062 4062 4062 4062 4062 4062
111 1777385130 3551 3696 206 3645 3583 3625 3626 3594 4061 4061 4061 4061 4061 4061 4061 4061
112 1777385130 3552 3697 205 3646 3584 3627 3626 3594 4063 4063 4062 4062 4062 4062 4062 4062
113 1777385130 3551 3696 206 3645 3583 3625 3626 3593 4063 4063 4062 4062 4062 4062 4062 4062
114 1777385130 3551 3696 205 3646 3584 3626 3626 3593 4063 4063 4063 4063 4063 4063 4063 4063
115 1777385130 3551 3695 206 3645 3583 3625 3625 3593 4063 4063 4062 4062 4062 4062 4062 4062
116 1777385130 3551 3696 205 3644 3584 3625 3625 3593 4061 4061 4061 4061 4061 4061 4061 4061
117 1777385130 3551 3696 205 3645 3584 3626 3625 3593 4063 4063 4062 4062 4062 4062 4062 4062
118 1777385131 3551 3694 205 3644 3583 3625 3625 3593 4063 4063 4062 4062 4062 4062 4062 4062
119 1777385131 3551 3696 206 3645 3583 3626 3626 3594 4063 4063 4062 4062 4062 4062 4062 4062
120 1777385131 3552 3697 205 3646 3584 3627 3626 3594 4063 4063 4062 4062 4062 4062 4062 4062
121 1777385131 3552 3696 205 3646 3584 3626 3626 3593 4061 4061 4061 4061 4061 4061 4061 4061
122 1777385131 3551 3696 206 3645 3583 3626 3626 3594 4063 4063 4062 4062 4062 4062 4062 4062
123 1777385131 3551 3696 206 3645 3583 3626 3626 3594 4063 4063 4062 4062 4062 4062 4062 4062
124 1777385131 3553 3697 205 3647 3585 3627 3627 3595 4061 4061 4061 4061 4061 4061 4061 4061
125 1777385131 3551 3695 205 3645 3583 3626 3625 3594 4061 4061 4061 4061 4061 4061 4061 4061
126 1777385131 3551 3695 206 3645 3583 3626 3626 3594 4063 4063 4062 4062 4062 4062 4062 4062
127 1777385131 3552 3696 206 3645 3583 3626 3626 3593 4061 4061 4061 4061 4061 4061 4061 4061
128 1777385131 3551 3695 205 3645 3584 3626 3626 3593 4063 4063 4062 4062 4062 4062 4062 4062
129 1777385131 3552 3696 205 3646 3584 3626 3626 3594 4063 4063 4062 4062 4062 4062 4062 4062
130 1777385131 3552 3697 205 3646 3585 3626 3626 3594 4061 4061 4061 4061 4061 4061 4061 4061
131 1777385131 3552 3697 205 3645 3584 3627 3627 3594 4063 4063 4062 4062 4062 4062 4062 4062
132 1777385131 3551 3696 205 3646 3584 3626 3626 3594 4061 4061 4061 4061 4061 4061 4061 4061
133 1777385131 3551 3696 206 3645 3584 3626 3626 3594 4061 4061 4061 4061 4061 4061 4061 4061
134 1777385131 3551 3696 206 3645 3583 3626 3625 3593 4063 4063 4062 4062 4062 4062 4062 4062
135 1777385131 3551 3696 205 3645 3584 3626 3626 3594 4063 4063 4062 4062 4062 4062 4062 4062
136 1777385131 3551 3696 205 3646 3584 3626 3625 3593 4063 4062 4062 4062 4062 4062 4062 4062
137 1777385131 3552 3696 205 3646 3583 3626 3626 3594 4063 4063 4062 4062 4062 4062 4062 4062
138 1777385131 3551 3696 205 3645 3583 3625 3625 3594 4063 4063 4062 4062 4062 4062 4062 4062
139 1777385131 3551 3695 206 3645 3583 3626 3625 3594 4063 4063 4062 4062 4062 4062 4062 4062
140 1777385131 3552 3696 205 3646 3584 3626 3626 3594 4063 4063 4062 4062 4062 4062 4062 4062
141 1777385131 3550 3695 205 3645 3583 3625 3625 3593 4063 4062 4062 4062 4062 4062 4062 4062
142 1777385131 3551 3696 205 3646 3584 3626 3626 3594 4063 4063 4062 4062 4062 4062 4062 4062
143 1777385131 3552 3696 206 3645 3584 3626 3626 3594 4063 4063 4062 4062 4062 4062 4062 4062
144 1777385131 3552 3696 205 3645 3584 3626 3626 3593 4061 4061 4061 4061 4061 4061 4061 4061
145 1777385131 3552 3696 206 3645 3584 3626 3625 3594 4061 4061 4061 4061 4061 4061 4061 4061
146 1777385131 3551 3695 205 3645 3584 3625 3626 3594 4063 4063 4062 4062 4062 4062 4062 4062
147 1777385131 3552 3696 206 3645 3584 3626 3626 3594 4063 4063 4062 4062 4062 4062 4062 4062
148 1777385131 3552 3696 205 3646 3585 3626 3626 3594 4063 4063 4062 4062 4062 4062 4062 4062
149 1777385131 3552 3696 205 3646 3584 3626 3626 3594 4061 4061 4061 4061 4061 4061 4061 4061
150 1777385131 3552 3697 206 3645 3584 3627 3626 3595 4061 4061 4060 4060 4060 4060 4060 4060
151 1777385131 3551 3695 206 3645 3584 3626 3626 3594 4063 4063 4062 4062 4062 4062 4062 4062
152 1777385131 3553 3697 205 3647 3584 3627 3626 3594 4063 4063 4062 4062 4062 4062 4062 4062
153 1777385131 3552 3696 206 3646 3584 3626 3626 3594 4061 4061 4061 4061 4061 4061 4061 4061
154 1777385131 3551 3696 207 3645 3583 3626 3625 3593 4061 4061 4061 4061 4061 4061 4061 4061
155 1777385131 3552 3696 206 3645 3585 3627 3627 3595 4061 4061 4061 4061 4061 4061 4061 4061
156 1777385131 3552 3696 206 3646 3584 3627 3627 3595 4063 4063 4062 4062 4062 4062 4062 4062
157 1777385131 3552 3696 206 3646 3584 3627 3626 3594 4063 4063 4062 4062 4062 4062 4062 4062
158 1777385131 3552 3697 205 3646 3584 3627 3626 3594 4063 4063 4062 4062 4062 4062 4062 4062
159 1777385131 3552 3696 206 3646 3584 3626 3626 3594 4063 4063 4062 4062 4062 4062 4062 4062
160 1777385131 3552 3696 205 3646 3585 3627 3627 3595 4061 4061 4061 4061 4061 4061 4061 4061
161 1777385131 3552 3696 206 3646 3584 3626 3626 3594 4063 4063 4062 4062 4062 4062 4062 4062
162 1777385131 3553 3697 206 3647 3585 3628 3627 3595 4061 4061 4061 4061 4061 4061 4061 4061
163 1777385131 3551 3696 206 3645 3584 3626 3626 3593 4059 4059 4059 4059 4059 4059 4059 4059
164 1777385131 3553 3697 205 3646 3585 3627 3626 3594 4063 4063 4062 4062 4062 4062 4062 4062
165 1777385131 3552 3697 205 3646 3584 3627 3627 3594 4063 4063 4062 4062 4062 4062 4062 4062
166 1777385131 3553 3697 205 3646 3584 3627 3626 3594 4063 4063 4062 4062 4062 4062 4062 4062
167 1777385131 3552 3696 206 3646 3584 3626 3626 3594 4063 4062 4062 4062 4062 4062 4062 4062
168 1777385131 3551 3696 205 3645 3584 3626 3626 3594 4063 4063 4062 4062 4062 4062 4062 4062
169 1777385131 3551 3696 206 3645 3584 3626 3626 3594 4063 4063 4062 4062 4062 4062 4062 4062
170 1777385131 3553 3697 206 3646 3585 3627 3627 3595 4063 4063 4062 4062 4062 4062 4062 4062
171 1777385131 3552 3696 206 3645 3585 3627 3627 3595 4063 4061 4061 4061 4061 4061 4061 4061
172 1777385131 3553 3698 206 3647 3585 3628 3628 3596 4061 4061 4061 4061 4061 4061 4061 4061
173 1777385131 3552 3696 205 3646 3584 3626 3626 3594 4061 4061 4061 4061 4061 4061 4061 4061
174 1777385131 3551 3696 205 3646 3585 3627 3627 3594 4057 4057 4057 4057 4057 4057 4057 4057
175 1777385139 3550 3695 205 3644 3582 3624 3624 3591 4062 4063 4062 4062 4062 4062 4062 4062
176 1777385139 3550 3695 206 3645 3583 3625 3624 3593 4063 4063 4062 4062 4062 4062 4062 4062
177 1777385139 3551 3696 206 3645 3584 3626 3626 3594 4063 4062 4062 4062 4062 4062 4062 4062
178 1777385139 3551 3695 206 3645 3584 3626 3626 3594 4061 4061 4061 4061 4061 4061 4061 4061
179 1777385139 3551 3696 206 3646 3583 3625 3625 3594 4063 4063 4062 4062 4062 4062 4062 4062
180 1777385139 3551 3695 206 3645 3583 3625 3626 3593 4063 4062 4062 4062 4062 4062 4062 4062
181 1777385139 3550 3695 205 3645 3583 3625 3625 3593 4061 4061 4061 4061 4061 4061 4061 4061
182 1777385139 3550 3695 206 3645 3583 3625 3625 3593 4063 4063 4062 4062 4062 4062 4062 4062
183 1777385139 3551 3696 206 3645 3583 3626 3626 3594 4061 4061 4061 4061 4061 4061 4061 4061
184 1777385139 3552 3696 206 3646 3584 3626 3626 3594 4061 4061 4061 4061 4061 4061 4061 4061
185 1777385139 3552 3696 205 3646 3584 3627 3626 3594 4063 4063 4062 4062 4062 4062 4062 4062
186 1777385139 3551 3696 206 3645 3583 3626 3626 3593 4063 4063 4062 4062 4062 4062 4062 4062
187 1777385139 3551 3696 206 3644 3582 3626 3625 3593 4063 4063 4062 4062 4062 4062 4062 4062
188 1777385139 3551 3695 206 3645 3583 3625 3625 3593 4063 4063 4062 4062 4062 4062 4062 4062
189 1777385139 3551 3696 206 3646 3584 3626 3626 3593 4063 4063 4062 4062 4062 4062 4062 4062
190 1777385139 3551 3696 206 3645 3584 3626 3626 3594 4061 4061 4061 4061 4061 4061 4061 4061
191 1777385139 3552 3696 205 3647 3585 3627 3627 3594 4061 4061 4061 4061 4061 4061 4061 4061
192 1777385139 3552 3696 206 3646 3584 3627 3626 3594 4063 4062 4062 4062 4062 4062 4062 4062
193 1777385139 3551 3696 206 3645 3584 3626 3625 3594 4061 4061 4061 4061 4061 4061 4061 4061
194 1777385139 3552 3696 206 3645 3584 3627 3626 3594 4063 4063 4062 4062 4062 4062 4062 4062
195 1777385139 3552 3696 206 3646 3584 3626 3626 3594 4063 4063 4063 4063 4063 4063 4063 4063
196 1777385139 3552 3696 206 3646 3584 3626 3626 3594 4061 4061 4061 4061 4061 4061 4061 4061
197 1777385139 3552 3697 206 3646 3584 3626 3626 3595 4061 4061 4061 4061 4061 4061 4061 4061
198 1777385139 3552 3696 206 3646 3584 3626 3626 3594 4061 4061 4061 4061 4061 4061 4061 4061
199 1777385139 3552 3697 206 3646 3584 3626 3626 3594 4061 4061 4061 4061 4061 4061 4061 4061
200 1777385139 3552 3696 206 3645 3583 3626 3625 3594 4063 4063 4062 4062 4062 4062 4062 4062
201 1777385139 3552 3697 206 3646 3584 3626 3626 3594 4061 4061 4060 4060 4060 4060 4060 4060
202 1777385139 3551 3696 206 3645 3584 3626 3626 3594 4063 4063 4062 4062 4062 4062 4062 4062
203 1777385139 3551 3696 206 3646 3584 3626 3626 3594 4063 4063 4062 4062 4062 4062 4062 4062
204 1777385139 3551 3696 206 3645 3583 3626 3626 3594 4063 4063 4062 4062 4062 4062 4062 4062
205 1777385139 3551 3696 206 3645 3584 3626 3626 3593 4061 4061 4061 4061 4061 4061 4061 4061
206 1777385139 3552 3697 206 3647 3585 3627 3627 3595 4063 4063 4062 4062 4062 4062 4062 4062
207 1777385139 3553 3697 205 3647 3584 3627 3626 3594 4061 4061 4060 4060 4060 4060 4060 4060
208 1777385139 3552 3697 206 3647 3585 3627 3627 3594 4063 4063 4062 4062 4062 4062 4062 4062
209 1777385140 3551 3696 206 3645 3584 3626 3626 3594 4063 4063 4062 4062 4062 4062 4062 4062
210 1777385140 3552 3696 206 3645 3583 3626 3626 3594 4063 4063 4062 4062 4062 4062 4062 4062
211 1777385140 3553 3697 206 3647 3585 3628 3627 3596 4063 4063 4062 4062 4062 4062 4062 4062
212 1777385140 3552 3696 206 3646 3584 3627 3627 3594 4061 4061 4061 4061 4061 4061 4061 4061
213 1777385140 3552 3697 206 3647 3585 3627 3626 3595 4063 4063 4063 4063 4063 4063 4063 4063
214 1777385147 3550 3695 206 3644 3583 3625 3625 3592 4063 4063 4062 4062 4062 4062 4062 4062
215 1777385147 3550 3695 206 3645 3584 3625 3625 3592 4061 4061 4061 4061 4061 4061 4061 4061
216 1777385147 3550 3695 207 3645 3583 3626 3625 3593 4063 4062 4062 4062 4062 4062 4062 4062
217 1777385147 3551 3695 206 3645 3584 3626 3625 3593 4061 4061 4061 4061 4061 4061 4061 4061
218 1777385147 3551 3696 206 3645 3584 3626 3626 3593 4061 4061 4061 4061 4061 4061 4061 4061
219 1777385147 3552 3697 206 3646 3584 3626 3626 3594 4063 4062 4062 4062 4062 4062 4062 4062
220 1777385148 3551 3696 206 3646 3583 3626 3625 3593 4063 4063 4062 4062 4062 4062 4062 4062
221 1777385148 3551 3696 206 3645 3584 3626 3626 3594 4063 4063 4062 4062 4062 4062 4062 4062
222 1777385148 3551 3695 206 3645 3584 3625 3625 3593 4061 4061 4061 4061 4061 4061 4061 4061
223 1777385148 3553 3697 205 3646 3584 3626 3626 3594 4063 4063 4062 4062 4062 4062 4062 4062
224 1777385148 3552 3696 206 3646 3583 3626 3625 3594 4063 4063 4062 4062 4062 4062 4062 4062
225 1777385148 3551 3695 206 3644 3582 3625 3624 3592 4063 4063 4062 4062 4062 4062 4062 4062
226 1777385148 3552 3697 206 3646 3585 3627 3627 3595 4061 4061 4061 4061 4061 4061 4061 4061
227 1777385148 3551 3696 206 3645 3584 3626 3626 3594 4061 4061 4061 4061 4061 4061 4061 4061
228 1777385148 3552 3696 206 3646 3584 3626 3626 3594 4061 4061 4061 4061 4061 4061 4061 4061
229 1777385148 3552 3696 206 3646 3584 3626 3626 3594 4061 4061 4061 4061 4061 4061 4061 4061
230 1777385148 3552 3696 206 3646 3584 3626 3626 3595 4063 4063 4062 4062 4062 4062 4062 4062
231 1777385148 3551 3695 204 3644 3583 3625 3624 3592 4061 4061 4061 4061 4061 4061 4061 4061
232 1777385148 3549 3694 204 3643 3581 3623 3624 3592 4063 4063 4062 4062 4062 4062 4062 4062
233 1777385148 3550 3695 204 3644 3583 3625 3625 3593 4061 4061 4061 4061 4061 4061 4061 4061
234 1777385148 3550 3695 205 3644 3582 3624 3624 3592 4063 4063 4062 4062 4062 4062 4062 4062
235 1777385148 3550 3694 204 3643 3582 3624 3624 3592 4063 4063 4062 4062 4062 4062 4062 4062
236 1777385148 3549 3694 205 3642 3582 3624 3624 3592 4063 4063 4062 4062 4062 4062 4062 4062
237 1777385148 3549 3694 204 3641 3581 3623 3623 3591 4063 4063 4062 4062 4062 4062 4062 4062
238 1777385148 3550 3695 205 3644 3583 3625 3625 3593 4063 4063 4062 4062 4062 4062 4062 4062
239 1777385148 3551 3695 204 3645 3584 3626 3625 3593 4063 4063 4062 4062 4062 4062 4062 4062
240 1777385148 3550 3694 205 3644 3582 3624 3624 3592 4063 4063 4062 4062 4062 4062 4062 4062
241 1777385148 3550 3695 204 3645 3583 3625 3625 3593 4061 4061 4061 4061 4061 4061 4061 4061
242 1777385148 3550 3695 205 3644 3583 3624 3625 3592 4063 4063 4062 4062 4062 4062 4062 4062
243 1777385148 3549 3694 204 3643 3582 3624 3624 3591 4061 4061 4061 4061 4061 4061 4061 4061
244 1777385148 3549 3694 204 3644 3582 3625 3624 3592 4063 4063 4062 4062 4062 4062 4062 4062
245 1777385148 3550 3694 204 3644 3582 3625 3625 3593 4061 4061 4061 4061 4061 4061 4061 4061
246 1777385148 3550 3694 205 3644 3582 3625 3624 3592 4063 4062 4062 4062 4062 4062 4062 4062
247 1777385148 3550 3695 204 3644 3583 3625 3624 3592 4061 4061 4061 4061 4061 4061 4061 4061
248 1777385148 3550 3695 204 3645 3582 3624 3624 3592 4059 4058 4058 4058 4058 4058 4058 4058
249 1777385148 3550 3694 204 3643 3582 3624 3623 3591 4063 4063 4062 4062 4062 4062 4062 4062
250 1777385148 3550 3695 205 3644 3582 3625 3625 3593 4061 4061 4061 4061 4061 4061 4061 4061
251 1777385148 3550 3694 204 3643 3582 3625 3624 3592 4061 4061 4060 4060 4060 4060 4060 4060
252 1777385148 3550 3695 204 3644 3582 3624 3624 3592 4063 4063 4062 4062 4062 4062 4062 4062
253 1777385148 3550 3695 205 3644 3582 3624 3624 3592 4061 4061 4061 4061 4061 4061 4061 4061
254 1777385148 3550 3695 204 3644 3583 3625 3625 3592 4061 4061 4061 4061 4061 4061 4061 4061
255 1777385148 3550 3695 204 3644 3582 3625 3625 3592 4061 4061 4061 4061 4061 4061 4061 4061
256 1777385148 3550 3694 204 3644 3582 3624 3625 3592 4063 4063 4062 4062 4062 4062 4062 4062
257 1777385148 3550 3695 205 3645 3582 3625 3625 3593 4063 4062 4062 4062 4062 4062 4062 4062
258 1777385148 3551 3695 205 3644 3583 3625 3625 3593 4061 4061 4061 4061 4061 4061 4061 4061
259 1777385148 3550 3695 204 3644 3583 3625 3625 3593 4063 4063 4062 4062 4062 4062 4062 4062
260 1777385148 3550 3695 204 3644 3583 3625 3625 3593 4063 4063 4062 4062 4062 4062 4062 4062
261 1777385148 3550 3694 205 3644 3582 3624 3624 3592 4063 4063 4062 4062 4062 4062 4062 4062
262 1777385148 3550 3694 205 3644 3582 3624 3624 3592 4063 4063 4062 4062 4062 4062 4062 4062
263 1777385148 3550 3695 205 3645 3583 3625 3624 3592 4061 4061 4061 4061 4061 4061 4061 4061
264 1777385148 3550 3694 205 3643 3582 3624 3624 3592 4061 4061 4061 4061 4061 4061 4061 4061
265 1777385148 3550 3695 205 3645 3583 3624 3624 3592 4063 4063 4062 4062 4062 4062 4062 4062
266 1777385148 3551 3695 205 3644 3583 3624 3625 3593 4063 4062 4062 4062 4062 4062 4062 4062
267 1777385148 3549 3694 204 3643 3582 3624 3624 3592 4061 4061 4061 4061 4061 4061 4061 4061
268 1777385148 3550 3694 204 3644 3582 3624 3624 3592 4063 4063 4062 4062 4062 4062 4062 4062
269 1777385148 3550 3694 204 3644 3582 3625 3624 3592 4061 4061 4061 4061 4061 4061 4061 4061
270 1777385148 3551 3696 205 3645 3583 3625 3625 3593 4061 4061 4061 4061 4061 4061 4061 4061
271 1777385148 3550 3695 205 3644 3583 3625 3625 3593 4061 4061 4061 4061 4061 4061 4061 4061
272 1777385148 3551 3695 205 3645 3582 3625 3625 3592 4063 4063 4062 4062 4062 4062 4062 4062
273 1777385148 3550 3694 206 3644 3582 3625 3624 3592 4063 4063 4062 4062 4062 4062 4062 4062
274 1777385148 3550 3695 205 3644 3582 3625 3625 3593 4063 4063 4062 4062 4062 4062 4062 4062
275 1777385148 3550 3694 205 3644 3582 3624 3624 3592 4063 4062 4062 4062 4062 4062 4062 4062
276 1777385148 3549 3694 205 3643 3581 3623 3623 3591 4063 4063 4062 4062 4062 4062 4062 4062
277 1777385148 3552 3696 205 3645 3584 3626 3626 3594 4063 4062 4062 4062 4062 4062 4062 4062
278 1777385148 3549 3693 205 3643 3582 3624 3624 3592 4061 4061 4061 4061 4061 4061 4061 4061
279 1777385148 3550 3695 205 3644 3582 3624 3625 3592 4061 4061 4060 4060 4060 4060 4060 4060
280 1777385148 3551 3696 204 3645 3583 3626 3625 3593 4063 4062 4062 4062 4062 4062 4062 4062
281 1777385148 3551 3696 206 3645 3584 3626 3626 3593 4063 4063 4062 4062 4062 4062 4062 4062
282 1777385148 3551 3695 205 3644 3583 3625 3625 3593 4063 4063 4063 4063 4063 4063 4063 4063
283 1777385148 3549 3694 204 3643 3582 3624 3624 3592 4063 4063 4062 4062 4062 4062 4062 4062
284 1777385148 3551 3695 205 3646 3585 3626 3625 3593 4063 4063 4062 4062 4062 4062 4062 4062
285 1777385148 3549 3694 205 3644 3581 3624 3624 3592 4063 4063 4062 4062 4062 4062 4062 4062
286 1777385148 3551 3695 205 3644 3582 3625 3625 3592 4061 4061 4061 4061 4061 4061 4061 4061
287 1777385148 3550 3695 205 3645 3583 3625 3625 3593 4063 4063 4062 4062 4062 4062 4062 4062
288 1777385148 3551 3695 204 3644 3583 3625 3625 3593 4061 4061 4061 4061 4061 4061 4061 4061
289 1777385148 3550 3694 204 3644 3582 3625 3625 3593 4061 4061 4061 4061 4061 4061 4061 4061
290 1777385148 3551 3696 205 3645 3583 3626 3625 3593 4061 4061 4061 4061 4061 4061 4061 4061
291 1777385148 3550 3695 205 3644 3583 3625 3624 3592 4063 4063 4062 4062 4062 4062 4062 4062
292 1777385148 3551 3695 205 3644 3583 3625 3625 3593 4063 4062 4062 4062 4062 4062 4062 4062
293 1777385148 3551 3696 205 3645 3583 3625 3625 3593 4063 4062 4062 4062 4062 4062 4062 4062
294 1777385148 3550 3695 205 3644 3583 3624 3624 3592 4063 4063 4062 4062 4062 4062 4062 4062
295 1777385148 3551 3696 205 3645 3583 3625 3626 3594 4061 4061 4061 4061 4061 4061 4061 4061
296 1777385148 3551 3696 205 3646 3583 3626 3626 3593 4063 4063 4062 4062 4062 4062 4062 4062
297 1777385148 3551 3696 205 3645 3584 3625 3626 3593 4063 4063 4062 4062 4062 4062 4062 4062
298 1777385148 3551 3696 205 3644 3583 3626 3625 3593 4063 4063 4062 4062 4062 4062 4062 4062
299 1777385148 3551 3695 205 3643 3583 3626 3626 3594 4061 4061 4061 4061 4061 4061 4061 4061
300 1777385148 3551 3695 205 3644 3583 3625 3625 3592 4063 4063 4062 4062 4062 4062 4062 4062
301 1777385148 3550 3695 205 3645 3583 3625 3625 3593 4061 4061 4061 4061 4061 4061 4061 4061
302 1777385149 3550 3695 205 3644 3583 3625 3624 3592 4061 4061 4061 4061 4061 4061 4061 4061
303 1777385149 3550 3695 205 3645 3583 3625 3625 3593 4063 4062 4062 4062 4062 4062 4062 4062
304 1777385149 3551 3696 205 3646 3584 3626 3626 3594 4061 4061 4061 4061 4061 4061 4061 4061
305 1777385149 3551 3695 205 3645 3583 3625 3625 3593 4063 4063 4062 4062 4062 4062 4062 4062
306 1777385149 3550 3694 205 3644 3583 3625 3625 3592 4061 4061 4061 4061 4061 4061 4061 4061
307 1777385149 3552 3696 205 3646 3584 3626 3627 3594 4063 4063 4062 4062 4062 4062 4062 4062
308 1777385149 3550 3694 205 3645 3583 3625 3625 3593 4063 4062 4062 4062 4062 4062 4062 4062
309 1777385149 3550 3695 205 3645 3583 3625 3625 3593 4063 4063 4062 4062 4062 4062 4062 4062
310 1777385149 3551 3696 205 3645 3584 3626 3626 3593 4061 4061 4061 4061 4061 4061 4061 4061
311 1777385149 3552 3697 205 3646 3584 3627 3626 3594 4063 4062 4062 4062 4062 4062 4062 4062
312 1777385149 3551 3696 205 3645 3584 3626 3626 3593 4061 4061 4061 4061 4061 4061 4061 4061
313 1777385149 3550 3695 206 3645 3583 3626 3626 3593 4063 4063 4062 4062 4062 4062 4062 4062
314 1777385149 3550 3695 205 3644 3583 3625 3625 3593 4063 4063 4062 4062 4062 4062 4062 4062
315 1777385149 3551 3695 205 3645 3583 3625 3625 3593 4063 4063 4062 4062 4062 4062 4062 4062
316 1777385149 3550 3695 205 3645 3584 3626 3626 3594 4061 4061 4061 4061 4061 4061 4061 4061
317 1777385149 3550 3695 205 3645 3583 3625 3625 3593 4061 4061 4061 4061 4061 4061 4061 4061
318 1777385149 3551 3696 205 3645 3584 3626 3626 3593 4063 4063 4062 4062 4062 4062 4062 4062
319 1777385149 3551 3694 204 3644 3582 3624 3624 3592 4061 4061 4061 4061 4061 4061 4061 4061
320 1777385149 3552 3696 204 3646 3584 3626 3626 3593 4063 4063 4062 4062 4062 4062 4062 4062
321 1777385149 3550 3695 205 3645 3583 3625 3625 3594 4061 4061 4061 4061 4061 4061 4061 4061
322 1777385149 3551 3695 205 3645 3584 3626 3626 3593 4063 4063 4062 4062 4062 4062 4062 4062
323 1777385149 3552 3696 205 3646 3584 3626 3626 3593 4061 4061 4061 4061 4061 4061 4061 4061
324 1777385149 3551 3696 205 3646 3584 3626 3626 3593 4061 4061 4061 4061 4061 4061 4061 4061
325 1777385149 3551 3695 205 3645 3583 3625 3626 3593 4063 4063 4063 4063 4063 4063 4063 4063
326 1777385149 3551 3695 205 3644 3583 3625 3625 3593 4061 4061 4061 4061 4061 4061 4061 4061
327 1777385157 3550 3694 205 3644 3582 3624 3623 3591 4061 4061 4061 4061 4061 4061 4061 4061
328 1777385157 3550 3694 205 3644 3582 3625 3625 3592 4063 4062 4062 4062 4062 4062 4062 4062
329 1777385157 3550 3694 205 3644 3582 3625 3624 3592 4063 4063 4062 4062 4062 4062 4062 4062
330 1777385157 3550 3695 205 3643 3583 3625 3625 3592 4061 4061 4061 4061 4061 4061 4061 4061
331 1777385157 3550 3694 204 3644 3582 3624 3624 3592 4061 4061 4061 4061 4061 4061 4061 4061
332 1777385157 3550 3694 205 3645 3583 3625 3625 3592 4063 4063 4062 4062 4062 4062 4062 4062
333 1777385157 3550 3695 205 3644 3582 3624 3624 3592 4061 4061 4060 4060 4060 4060 4060 4060
334 1777385157 3550 3695 205 3643 3582 3624 3624 3592 4063 4063 4062 4062 4062 4062 4062 4062
335 1777385157 3551 3696 205 3645 3583 3625 3625 3593 4061 4061 4061 4061 4061 4061 4061 4061
336 1777385157 3550 3695 205 3644 3582 3625 3625 3592 4063 4063 4062 4062 4062 4062 4062 4062
337 1777385157 3549 3694 205 3644 3582 3624 3624 3592 4061 4061 4060 4060 4060 4060 4060 4060
338 1777385157 3550 3695 205 3643 3582 3624 3624 3592 4061 4061 4061 4061 4061 4061 4061 4061
339 1777385157 3551 3696 204 3645 3583 3625 3625 3592 4063 4061 4061 4061 4061 4061 4061 4061
340 1777385157 3551 3695 205 3645 3583 3625 3625 3593 4063 4063 4062 4062 4062 4062 4062 4062
341 1777385157 3550 3695 205 3645 3583 3625 3625 3593 4061 4061 4061 4061 4061 4061 4061 4061
342 1777385157 3551 3695 205 3645 3583 3624 3625 3592 4063 4063 4062 4062 4062 4062 4062 4062
343 1777385157 3550 3695 205 3644 3583 3624 3624 3593 4063 4063 4062 4062 4062 4062 4062 4062
344 1777385157 3551 3695 206 3645 3583 3626 3626 3593 4061 4061 4061 4061 4061 4061 4061 4061
345 1777385157 3550 3695 205 3644 3583 3625 3625 3593 4061 4061 4061 4061 4061 4061 4061 4061
346 1777385157 3550 3695 205 3644 3583 3625 3625 3592 4061 4061 4061 4061 4061 4061 4061 4061
347 1777385157 3551 3695 205 3645 3583 3625 3625 3593 4063 4063 4062 4062 4062 4062 4062 4062
348 1777385157 3550 3694 205 3645 3583 3625 3625 3593 4063 4063 4062 4062 4062 4062 4062 4062
349 1777385157 3551 3695 206 3644 3583 3625 3625 3593 4061 4061 4061 4061 4061 4061 4061 4061
350 1777385157 3550 3694 206 3644 3582 3625 3624 3592 4063 4062 4062 4062 4062 4062 4062 4062
351 1777385157 3551 3695 205 3644 3583 3625 3624 3592 4063 4063 4062 4062 4062 4062 4062 4062
352 1777385157 3551 3695 206 3645 3583 3626 3625 3593 4061 4061 4061 4061 4061 4061 4061 4061
353 1777385157 3550 3696 205 3645 3584 3625 3625 3593 4063 4063 4062 4062 4062 4062 4062 4062
354 1777385157 3550 3695 205 3645 3583 3625 3624 3592 4063 4063 4062 4062 4062 4062 4062 4062
355 1777385157 3551 3695 205 3645 3583 3625 3625 3592 4063 4063 4062 4062 4062 4062 4062 4062
356 1777385157 3551 3695 206 3644 3583 3625 3625 3593 4061 4061 4061 4061 4061 4061 4061 4061
357 1777385157 3552 3697 205 3646 3584 3627 3626 3594 4063 4063 4062 4062 4062 4062 4062 4062
358 1777385157 3551 3695 205 3645 3583 3626 3625 3593 4063 4063 4062 4062 4062 4062 4062 4062
359 1777385157 3551 3695 205 3644 3583 3625 3625 3593 4063 4063 4062 4062 4062 4062 4062 4062
360 1777385157 3550 3695 206 3645 3582 3625 3625 3593 4061 4061 4061 4061 4061 4061 4061 4061
361 1777385157 3552 3696 205 3645 3584 3626 3626 3594 4063 4061 4061 4061 4061 4061 4061 4061
362 1777385157 3552 3696 205 3646 3584 3626 3625 3593 4061 4061 4061 4061 4061 4061 4061 4061
363 1777385157 3550 3695 206 3645 3583 3626 3625 3593 4063 4063 4062 4062 4062 4062 4062 4062
364 1777385157 3551 3696 205 3645 3584 3626 3626 3594 4061 4061 4061 4061 4061 4061 4061 4061
365 1777385157 3552 3696 205 3645 3583 3626 3625 3593 4063 4063 4063 4063 4063 4063 4063 4063
366 1777385157 3551 3695 205 3645 3583 3625 3625 3593 4063 4063 4062 4062 4062 4062 4062 4062
367 1777385157 3551 3695 205 3645 3583 3625 3625 3593 4061 4061 4061 4061 4061 4061 4061 4061
368 1777385157 3551 3696 206 3645 3584 3625 3625 3593 4061 4061 4061 4061 4061 4061 4061 4061
369 1777385157 3550 3695 205 3644 3583 3625 3624 3593 4061 4061 4061 4061 4061 4061 4061 4061
370 1777385157 3551 3696 206 3645 3584 3626 3626 3594 4063 4061 4061 4061 4061 4061 4061 4061
371 1777385157 3551 3695 205 3644 3583 3625 3625 3593 4063 4063 4062 4062 4062 4062 4062 4062
372 1777385157 3551 3695 206 3645 3583 3626 3626 3593 4061 4061 4061 4061 4061 4061 4061 4061
373 1777385157 3552 3696 205 3645 3584 3626 3626 3593 4063 4063 4062 4062 4062 4062 4062 4062
374 1777385157 3551 3696 206 3645 3584 3626 3625 3593 4063 4063 4062 4062 4062 4062 4062 4062
375 1777385157 3551 3696 205 3646 3583 3626 3626 3594 4063 4063 4063 4063 4063 4063 4063 4063
376 1777385157 3551 3695 206 3645 3583 3626 3625 3593 4063 4063 4062 4062 4062 4062 4062 4062
377 1777385157 3551 3695 205 3646 3583 3626 3625 3593 4063 4063 4062 4062 4062 4062 4062 4062
378 1777385157 3551 3696 205 3645 3583 3626 3626 3594 4063 4063 4063 4063 4063 4063 4063 4063
379 1777385157 3552 3697 205 3646 3584 3626 3626 3594 4063 4063 4062 4062 4062 4062 4062 4062
380 1777385157 3552 3697 205 3647 3585 3627 3627 3594 4063 4063 4062 4062 4062 4062 4062 4062
381 1777385157 3551 3695 205 3645 3583 3626 3626 3593 4063 4063 4062 4062 4062 4062 4062 4062
382 1777385157 3552 3697 205 3646 3585 3626 3626 3594 4063 4063 4062 4062 4062 4062 4062 4062
383 1777385157 3551 3695 205 3645 3584 3626 3626 3594 4063 4062 4062 4062 4062 4062 4062 4062
384 1777385157 3551 3696 206 3645 3583 3625 3625 3593 4061 4061 4061 4061 4061 4061 4061 4061
385 1777385157 3551 3696 205 3645 3584 3626 3625 3594 4061 4061 4061 4061 4061 4061 4061 4061
386 1777385157 3552 3696 205 3645 3583 3626 3625 3594 4061 4061 4061 4061 4061 4061 4061 4061
387 1777385158 3552 3697 206 3646 3584 3627 3627 3594 4063 4063 4062 4062 4062 4062 4062 4062
388 1777385158 3552 3697 206 3646 3585 3627 3626 3594 4061 4061 4061 4061 4061 4061 4061 4061
389 1777385158 3551 3696 206 3645 3583 3626 3625 3593 4063 4063 4062 4062 4062 4062 4062 4062
390 1777385158 3551 3696 206 3646 3583 3626 3625 3593 4063 4063 4062 4062 4062 4062 4062 4062
391 1777385158 3551 3695 205 3645 3583 3626 3626 3593 4063 4062 4062 4062 4062 4062 4062 4062
392 1777385158 3551 3696 206 3645 3583 3626 3626 3594 4063 4063 4062 4062 4062 4062 4062 4062
393 1777385158 3551 3695 206 3644 3583 3626 3626 3594 4063 4061 4061 4061 4061 4061 4061 4061
394 1777385158 3552 3696 205 3645 3584 3626 3626 3594 4063 4063 4062 4062 4062 4062 4062 4062
395 1777385158 3551 3695 205 3646 3583 3626 3626 3594 4061 4061 4061 4061 4061 4061 4061 4061
396 1777385158 3552 3696 205 3645 3583 3626 3626 3594 4061 4061 4061 4061 4061 4061 4061 4061
397 1777385158 3551 3695 205 3645 3584 3626 3626 3594 4063 4062 4062 4062 4062 4062 4062 4062
398 1777385158 3551 3696 206 3646 3583 3625 3625 3593 4063 4063 4062 4062 4062 4062 4062 4062
399 1777385158 3552 3697 205 3646 3584 3627 3626 3594 4063 4063 4062 4062 4062 4062 4062 4062
400 1777385158 3551 3696 206 3645 3584 3626 3626 3593 4063 4063 4062 4062 4062 4062 4062 4062
401 1777385158 3551 3696 205 3646 3584 3626 3626 3593 4063 4063 4062 4062 4062 4062 4062 4062
402 1777385158 3552 3696 205 3645 3584 3626 3626 3595 4061 4061 4061 4061 4061 4061 4061 4061
403 1777385158 3552 3697 205 3646 3584 3627 3626 3594 4061 4061 4061 4061 4061 4061 4061 4061
404 1777385158 3551 3695 206 3645 3584 3626 3626 3593 4063 4062 4062 4062 4062 4062 4062 4062
405 1777385158 3551 3695 205 3646 3583 3626 3625 3593 4061 4061 4061 4061 4061 4061 4061 4061
406 1777385158 3553 3697 205 3647 3585 3627 3626 3594 4061 4061 4061 4061 4061 4061 4061 4061
407 1777385158 3551 3696 207 3646 3584 3626 3626 3593 4063 4063 4062 4062 4062 4062 4062 4062
408 1777385158 3551 3696 206 3645 3584 3626 3626 3594 4063 4063 4063 4063 4063 4063 4063 4063
409 1777385158 3552 3697 206 3646 3585 3627 3627 3594 4061 4061 4061 4061 4061 4061 4061 4061
410 1777385158 3551 3696 206 3645 3583 3626 3625 3593 4061 4061 4061 4061 4061 4061 4061 4061
411 1777385158 3552 3697 206 3646 3584 3627 3627 3595 4063 4062 4062 4062 4062 4062 4062 4062
412 1777385158 3551 3695 206 3645 3583 3626 3625 3593 4061 4061 4061 4061 4061 4061 4061 4061
413 1777385158 3551 3696 205 3646 3584 3626 3626 3594 4061 4061 4061 4061 4061 4061 4061 4061
414 1777385158 3552 3696 206 3645 3584 3626 3626 3594 4063 4063 4062 4062 4062 4062 4062 4062
415 1777385158 3551 3695 205 3645 3583 3625 3625 3593 4061 4061 4061 4061 4061 4061 4061 4061
416 1777385158 3553 3697 206 3647 3585 3627 3626 3595 4063 4063 4062 4062 4062 4062 4062 4062
417 1777385158 3553 3697 206 3647 3585 3627 3627 3595 4063 4062 4062 4062 4062 4062 4062 4062
418 1777385158 3552 3696 206 3646 3585 3626 3627 3594 4061 4061 4061 4061 4061 4061 4061 4061
419 1777385158 3552 3697 206 3646 3584 3627 3626 3595 4063 4063 4062 4062 4062 4062 4062 4062
420 1777385158 3551 3697 205 3646 3584 3626 3626 3594 4063 4062 4062 4062 4062 4062 4062 4062
421 1777385158 3552 3696 205 3646 3584 3626 3627 3594 4061 4061 4061 4061 4061 4061 4061 4061
422 1777385158 3551 3696 206 3645 3584 3626 3627 3595 4061 4061 4061 4061 4061 4061 4061 4061
423 1777385158 3552 3697 205 3646 3584 3626 3626 3594 4061 4061 4061 4061 4061 4061 4061 4061
424 1777385158 3550 3695 206 3645 3583 3626 3625 3593 4063 4063 4062 4062 4062 4062 4062 4062
425 1777385158 3553 3697 206 3648 3586 3627 3628 3596 4061 4061 4061 4061 4061 4061 4061 4061
426 1777385158 3551 3695 205 3643 3583 3625 3625 3593 4061 4061 4061 4061 4061 4061 4061 4061
427 1777385158 3552 3697 206 3646 3585 3627 3627 3595 4063 4063 4062 4062 4062 4062 4062 4062
428 1777385158 3552 3697 206 3646 3584 3627 3626 3594 4063 4063 4062 4062 4062 4062 4062 4062
429 1777385158 3552 3697 205 3646 3584 3627 3626 3594 4063 4063 4062 4062 4062 4062 4062 4062
430 1777385158 3552 3697 206 3646 3585 3627 3627 3595 4061 4061 4061 4061 4061 4061 4061 4061
431 1777385158 3552 3696 206 3646 3584 3626 3626 3594 4061 4061 4061 4061 4061 4061 4061 4061
432 1777385158 3552 3697 206 3646 3584 3626 3626 3594 4063 4063 4062 4062 4062 4062 4062 4062
433 1777385158 3552 3696 206 3646 3584 3626 3627 3594 4061 4061 4061 4061 4061 4061 4061 4061
434 1777385158 3551 3695 206 3645 3584 3626 3626 3594 4061 4061 4061 4061 4061 4061 4061 4061
435 1777385158 3551 3696 206 3646 3584 3626 3626 3594 4063 4061 4061 4061 4061 4061 4061 4061
436 1777385158 3552 3697 206 3646 3585 3627 3627 3595 4063 4063 4062 4062 4062 4062 4062 4062
437 1777385158 3552 3696 206 3646 3584 3627 3626 3594 4063 4063 4062 4062 4062 4062 4062 4062
438 1777385158 3552 3696 206 3645 3583 3626 3626 3594 4063 4063 4062 4062 4062 4062 4062 4062
439 1777385158 3552 3696 206 3646 3584 3626 3626 3594 4063 4063 4062 4062 4062 4062 4062 4062
440 1777385158 3552 3697 206 3645 3584 3626 3626 3594 4061 4061 4061 4061 4061 4061 4061 4061
441 1777385158 3551 3695 206 3644 3583 3625 3625 3593 4063 4063 4062 4062 4062 4062 4062 4062
442 1777385158 3552 3696 206 3646 3584 3626 3626 3594 4063 4063 4062 4062 4062 4062 4062 4062
443 1777385158 3552 3696 206 3646 3584 3627 3627 3594 4061 4061 4061 4061 4061 4061 4061 4061
444 1777385158 3552 3696 206 3645 3584 3626 3626 3594 4063 4063 4063 4063 4063 4063 4063 4063
445 1777385158 3551 3695 205 3646 3584 3626 3626 3594 4063 4063 4062 4062 4062 4062 4062 4062
446 1777385158 3552 3697 206 3646 3584 3627 3627 3595 4061 4061 4061 4061 4061 4061 4061 4061
447 1777385158 3551 3695 206 3645 3583 3625 3625 3593 4063 4063 4062 4062 4062 4062 4062 4062
448 1777385158 3552 3696 206 3645 3583 3625 3625 3593 4061 4061 4061 4061 4061 4061 4061 4061
449 1777385158 3553 3697 206 3647 3585 3628 3627 3595 4063 4063 4062 4062 4062 4062 4062 4062
450 1777385158 3552 3696 206 3646 3584 3626 3626 3594 4063 4063 4062 4062 4062 4062 4062 4062
451 1777385158 3552 3696 206 3646 3584 3627 3627 3594 4061 4061 4061 4061 4061 4061 4061 4061
452 1777385158 3553 3697 206 3647 3585 3627 3627 3595 4061 4061 4061 4061 4061 4061 4061 4061
453 1777385158 3552 3696 205 3646 3584 3627 3626 3594 4061 4061 4061 4061 4061 4061 4061 4061
454 1777385158 3551 3696 206 3646 3584 3626 3626 3594 4061 4061 4061 4061 4061 4061 4061 4061
455 1777385158 3553 3697 206 3646 3585 3627 3627 3595 4061 4061 4061 4061 4061 4061 4061 4061
456 1777385158 3553 3697 206 3645 3584 3627 3627 3595 4061 4060 4060 4060 4060 4060 4060 4060
457 1777385158 3553 3697 206 3647 3585 3627 3627 3595 4061 4061 4061 4061 4061 4061 4061 4061
458 1777385158 3554 3698 206 3648 3586 3628 3628 3596 4063 4063 4062 4062 4062 4062 4062 4062
459 1777385158 3552 3697 206 3646 3585 3627 3627 3595 4063 4063 4062 4062 4062 4062 4062 4062
460 1777385159 3553 3697 206 3646 3585 3627 3627 3595 4059 4059 4059 4059 4059 4059 4059 4059
461 1777385159 3552 3697 206 3647 3585 3627 3627 3595 4061 4061 4061 4061 4061 4061 4061 4061
462 1777385159 3553 3697 206 3647 3585 3627 3627 3595 4063 4063 4062 4062 4062 4062 4062 4062
463 1777385159 3551 3696 206 3646 3584 3626 3626 3594 4063 4063 4062 4062 4062 4062 4062 4062
464 1777385159 3552 3697 206 3645 3584 3626 3626 3594 4063 4063 4062 4062 4062 4062 4062 4062
465 1777385159 3553 3697 206 3647 3585 3627 3627 3595 4059 4059 4058 4058 4058 4058 4058 4058
466 1777385159 3553 3697 206 3647 3585 3628 3627 3595 4063 4062 4062 4062 4062 4062 4062 4062
467 1777385159 3552 3697 206 3647 3585 3628 3627 3595 4061 4061 4061 4061 4061 4061 4061 4061
468 1777385159 3552 3697 206 3646 3584 3627 3627 3594 4063 4063 4062 4062 4062 4062 4062 4062
469 1777385159 3552 3697 206 3646 3584 3627 3627 3595 4061 4061 4061 4061 4061 4061 4061 4061
470 1777385159 3552 3697 205 3647 3584 3627 3627 3595 4061 4061 4061 4061 4061 4061 4061 4061
471 1777385159 3553 3698 207 3647 3585 3627 3627 3594 4063 4063 4062 4062 4062 4062 4062 4062
472 1777385159 3552 3696 206 3645 3585 3626 3626 3594 4063 4063 4062 4062 4062 4062 4062 4062
473 1777385159 3553 3697 207 3648 3585 3628 3628 3596 4063 4063 4062 4062 4062 4062 4062 4062
474 1777385159 3552 3697 206 3646 3585 3627 3627 3594 4063 4061 4061 4061 4061 4061 4061 4061
475 1777385159 3551 3696 206 3646 3583 3626 3626 3594 4061 4061 4061 4061 4061 4061 4061 4061
476 1777385159 3553 3698 206 3647 3586 3628 3627 3595 4061 4061 4061 4061 4061 4061 4061 4061
477 1777385159 3553 3697 206 3646 3584 3626 3626 3594 4061 4061 4061 4061 4061 4061 4061 4061
478 1777385159 3552 3697 206 3647 3585 3627 3627 3595 4063 4063 4062 4062 4062 4062 4062 4062
479 1777385159 3552 3698 206 3647 3586 3628 3628 3595 4063 4063 4062 4062 4062 4062 4062 4062
480 1777385159 3552 3697 206 3646 3585 3627 3627 3595 4061 4061 4061 4061 4061 4061 4061 4061
481 1777385159 3552 3697 206 3646 3584 3626 3626 3595 4061 4061 4061 4061 4061 4061 4061 4061
482 1777385159 3552 3696 206 3646 3584 3627 3627 3595 4063 4062 4062 4062 4062 4062 4062 4062
483 1777385159 3553 3697 206 3646 3585 3627 3627 3595 4061 4061 4061 4061 4061 4061 4061 4061
484 1777385159 3551 3696 206 3645 3584 3625 3626 3593 4061 4061 4061 4061 4061 4061 4061 4061
485 1777385159 3552 3697 206 3646 3584 3626 3626 3594 4063 4063 4062 4062 4062 4062 4062 4062
486 1777385159 3551 3695 205 3645 3583 3624 3624 3593 4063 4063 4062 4062 4062 4062 4062 4062
487 1777385159 3550 3695 204 3645 3583 3625 3625 3592 4061 4061 4061 4061 4061 4061 4061 4061
488 1777385159 3551 3695 205 3644 3583 3625 3625 3593 4063 4063 4062 4062 4062 4062 4062 4062
489 1777385159 3550 3695 205 3644 3582 3625 3625 3593 4063 4063 4062 4062 4062 4062 4062 4062
490 1777385159 3551 3695 204 3643 3583 3625 3625 3593 4063 4062 4062 4062 4062 4062 4062 4062
491 1777385159 3551 3695 205 3645 3584 3626 3626 3593 4061 4061 4061 4061 4061 4061 4061 4061
492 1777385159 3551 3695 205 3645 3583 3626 3626 3594 4061 4061 4061 4061 4061 4061 4061 4061
493 1777385159 3551 3695 204 3645 3583 3626 3626 3593 4061 4061 4060 4060 4060 4060 4060 4060
494 1777385159 3551 3696 204 3645 3584 3626 3626 3593 4061 4061 4061 4061 4061 4061 4061 4061
495 1777385159 3550 3695 205 3644 3583 3625 3625 3592 4061 4061 4061 4061 4061 4061 4061 4061
496 1777385159 3550 3695 205 3644 3582 3624 3624 3592 4063 4063 4062 4062 4062 4062 4062 4062
497 1777385159 3551 3696 204 3646 3584 3625 3626 3593 4063 4062 4062 4062 4062 4062 4062 4062
498 1777385159 3551 3695 204 3645 3583 3625 3625 3592 4063 4063 4062 4062 4062 4062 4062 4062
499 1777385159 3551 3695 205 3644 3583 3625 3625 3593 4063 4062 4062 4062 4062 4062 4062 4062
500 1777385159 3550 3695 204 3644 3583 3625 3624 3593 4063 4063 4062 4062 4062 4062 4062 4062
501 1777385159 3551 3696 205 3645 3584 3626 3626 3593 4063 4063 4062 4062 4062 4062 4062 4062
502 1777385159 3550 3694 205 3644 3582 3625 3624 3593 4061 4061 4061 4061 4061 4061 4061 4061
503 1777385159 3550 3695 205 3644 3583 3625 3625 3593 4063 4063 4062 4062 4062 4062 4062 4062
504 1777385159 3550 3695 204 3644 3582 3624 3624 3592 4063 4063 4062 4062 4062 4062 4062 4062
505 1777385159 3551 3696 205 3644 3583 3625 3625 3593 4061 4061 4061 4061 4061 4061 4061 4061
506 1777385159 3551 3696 204 3645 3583 3625 3625 3593 4063 4063 4062 4062 4062 4062 4062 4062
507 1777385159 3550 3695 204 3644 3582 3624 3624 3592 4063 4063 4062 4062 4062 4062 4062 4062
508 1777385159 3550 3695 204 3645 3583 3625 3625 3593 4063 4063 4062 4062 4062 4062 4062 4062
509 1777385159 3550 3694 205 3644 3582 3624 3624 3592 4063 4063 4062 4062 4062 4062 4062 4062
510 1777385159 3550 3695 205 3644 3583 3625 3625 3592 4063 4063 4062 4062 4062 4062 4062 4062
511 1777385159 3551 3695 205 3645 3583 3625 3625 3593 4063 4063 4062 4062 4062 4062 4062 4062
512 1777385159 3551 3695 204 3645 3584 3625 3625 3593 4063 4063 4062 4062 4062 4062 4062 4062
513 1777385159 3551 3696 205 3644 3584 3625 3625 3593 4063 4062 4062 4062 4062 4062 4062 4062
514 1777385159 3550 3695 204 3644 3582 3625 3624 3592 4063 4063 4062 4062 4062 4062 4062 4062
515 1777385159 3551 3696 204 3645 3583 3625 3625 3593 4063 4063 4062 4062 4062 4062 4062 4062
516 1777385159 3551 3696 205 3646 3584 3626 3625 3594 4061 4061 4060 4060 4060 4060 4060 4060
517 1777385159 3551 3696 205 3645 3584 3626 3626 3594 4061 4061 4061 4061 4061 4061 4061 4061
518 1777385159 3550 3695 204 3645 3582 3625 3624 3592 4061 4061 4061 4061 4061 4061 4061 4061
519 1777385159 3551 3695 205 3645 3583 3626 3626 3593 4063 4062 4062 4062 4062 4062 4062 4062
520 1777385159 3551 3695 205 3645 3583 3625 3625 3593 4061 4061 4061 4061 4061 4061 4061 4061
521 1777385159 3552 3696 205 3646 3584 3626 3626 3594 4063 4063 4062 4062 4062 4062 4062 4062
522 1777385159 3551 3696 204 3645 3584 3626 3626 3593 4061 4061 4061 4061 4061 4061 4061 4061
523 1777385159 3550 3695 204 3645 3583 3625 3625 3593 4063 4062 4062 4062 4062 4062 4062 4062
524 1777385159 3551 3696 205 3645 3583 3626 3626 3594 4063 4063 4062 4062 4062 4062 4062 4062
525 1777385159 3551 3696 205 3644 3583 3625 3625 3593 4061 4061 4061 4061 4061 4061 4061 4061
526 1777385159 3550 3695 204 3645 3583 3625 3625 3593 4061 4061 4061 4061 4061 4061 4061 4061
527 1777385159 3551 3696 205 3645 3583 3625 3625 3593 4061 4061 4060 4060 4060 4060 4060 4060
528 1777385159 3550 3695 205 3644 3583 3625 3625 3593 4061 4061 4061 4061 4061 4061 4061 4061
529 1777385159 3550 3695 205 3644 3583 3625 3624 3593 4061 4061 4061 4061 4061 4061 4061 4061
530 1777385159 3551 3696 204 3645 3584 3626 3626 3594 4061 4061 4061 4061 4061 4061 4061 4061
531 1777385159 3550 3695 205 3645 3583 3626 3625 3593 4057 4057 4056 4056 4056 4056 4056 4056
532 1777385159 3551 3696 205 3645 3583 3626 3626 3593 4061 4061 4060 4060 4060 4060 4060 4060
533 1777385159 3551 3695 205 3645 3584 3625 3625 3593 4063 4063 4062 4062 4062 4062 4062 4062
534 1777385159 3551 3696 205 3645 3584 3626 3626 3593 4061 4061 4061 4061 4061 4061 4061 4061
535 1777385160 3551 3695 205 3645 3583 3626 3625 3594 4063 4063 4062 4062 4062 4062 4062 4062
536 1777385160 3551 3695 206 3645 3583 3625 3625 3593 4061 4061 4061 4061 4061 4061 4061 4061
537 1777385160 3551 3696 205 3645 3583 3626 3625 3593 4061 4061 4060 4060 4060 4060 4060 4060
538 1777385160 3551 3696 204 3646 3584 3626 3626 3593 4063 4063 4062 4062 4062 4062 4062 4062
539 1777385160 3550 3695 204 3645 3583 3626 3626 3593 4063 4062 4062 4062 4062 4062 4062 4062
540 1777385160 3551 3696 205 3645 3584 3626 3625 3593 4063 4063 4062 4062 4062 4062 4062 4062
541 1777385160 3551 3696 204 3645 3584 3625 3626 3593 4063 4063 4062 4062 4062 4062 4062 4062
542 1777385160 3551 3695 205 3645 3583 3625 3625 3593 4061 4061 4060 4060 4060 4060 4060 4060
543 1777385160 3551 3696 205 3646 3583 3626 3626 3594 4061 4061 4061 4061 4061 4061 4061 4061
544 1777385160 3551 3695 205 3645 3583 3626 3625 3593 4063 4063 4062 4062 4062 4062 4062 4062
545 1777385160 3552 3696 204 3646 3584 3626 3626 3594 4061 4061 4061 4061 4061 4061 4061 4061
546 1777385160 3551 3696 205 3646 3584 3627 3627 3594 4063 4063 4062 4062 4062 4062 4062 4062
547 1777385160 3550 3695 205 3644 3583 3625 3625 3592 4061 4061 4061 4061 4061 4061 4061 4061
548 1777385160 3551 3696 205 3645 3584 3625 3625 3593 4063 4063 4062 4062 4062 4062 4062 4062
549 1777385160 3551 3695 205 3645 3583 3625 3625 3593 4061 4061 4061 4061 4061 4061 4061 4061
550 1777385160 3551 3696 205 3646 3584 3626 3626 3594 4063 4063 4062 4062 4062 4062 4062 4062
551 1777385160 3551 3696 204 3645 3583 3625 3625 3592 4063 4061 4061 4061 4061 4061 4061 4061
552 1777385160 3551 3696 205 3645 3583 3625 3626 3593 4063 4063 4062 4062 4062 4062 4062 4062
553 1777385160 3561 3705 205 3655 3593 3635 3635 3603 4063 4062 4062 4062 4062 4062 4062 4062
554 1777385160 3551 3695 205 3643 3583 3626 3625 3594 4063 4063 4062 4062 4062 4062 4062 4062
555 1777385160 3551 3695 205 3645 3583 3626 3625 3593 4061 4061 4061 4061 4061 4061 4061 4061
556 1777385160 3552 3696 205 3645 3584 3626 3625 3593 4061 4061 4061 4061 4061 4061 4061 4061
557 1777385160 3551 3696 205 3646 3584 3626 3626 3593 4061 4061 4061 4061 4061 4061 4061 4061
558 1777385160 3551 3696 204 3645 3583 3626 3625 3593 4063 4063 4062 4062 4062 4062 4062 4062
559 1777385160 3552 3696 205 3646 3584 3626 3626 3594 4061 4061 4061 4061 4061 4061 4061 4061
560 1777385160 3552 3696 204 3645 3584 3626 3625 3593 4061 4061 4061 4061 4061 4061 4061 4061
561 1777385160 3551 3696 205 3646 3584 3626 3626 3594 4061 4061 4061 4061 4061 4061 4061 4061
562 1777385160 3551 3696 205 3645 3584 3626 3626 3593 4063 4063 4062 4062 4062 4062 4062 4062
563 1777385160 3550 3695 205 3644 3583 3625 3625 3593 4061 4061 4061 4061 4061 4061 4061 4061
564 1777385160 3551 3695 205 3645 3582 3625 3625 3593 4061 4061 4061 4061 4061 4061 4061 4061
565 1777385160 3550 3695 205 3644 3582 3625 3625 3592 4063 4063 4062 4062 4062 4062 4062 4062
566 1777385160 3551 3695 205 3644 3583 3625 3625 3593 4063 4061 4061 4061 4061 4061 4061 4061
567 1777385160 3552 3696 205 3645 3584 3626 3626 3594 4061 4061 4061 4061 4061 4061 4061 4061
568 1777385160 3551 3696 204 3645 3583 3626 3625 3593 4059 4059 4059 4059 4059 4059 4059 4059
569 1777385160 3551 3695 205 3644 3583 3625 3625 3593 4063 4063 4062 4062 4062 4062 4062 4062
570 1777385160 3551 3696 205 3646 3584 3626 3626 3594 4063 4063 4062 4062 4062 4062 4062 4062
571 1777385160 3551 3696 205 3646 3584 3626 3626 3594 4063 4063 4062 4062 4062 4062 4062 4062
572 1777385160 3552 3697 205 3646 3584 3626 3626 3594 4063 4063 4062 4062 4062 4062 4062 4062
573 1777385160 3551 3695 205 3645 3583 3625 3625 3593 4063 4063 4062 4062 4062 4062 4062 4062
574 1777385160 3550 3694 204 3644 3582 3625 3624 3593 4063 4063 4062 4062 4062 4062 4062 4062
575 1777385160 3551 3695 205 3645 3583 3626 3625 3593 4061 4061 4061 4061 4061 4061 4061 4061
576 1777385160 3551 3696 205 3645 3584 3626 3626 3594 4063 4063 4062 4062 4062 4062 4062 4062
577 1777385160 3551 3696 205 3645 3583 3626 3626 3594 4061 4061 4061 4061 4061 4061 4061 4061
578 1777385160 3551 3696 205 3645 3583 3626 3626 3593 4061 4061 4061 4061 4061 4061 4061 4061
579 1777385160 3551 3696 205 3646 3584 3626 3626 3594 4063 4063 4062 4062 4062 4062 4062 4062
580 1777385160 3551 3696 204 3645 3584 3626 3625 3593 4063 4063 4062 4062 4062 4062 4062 4062
581 1777385160 3551 3695 205 3645 3583 3625 3625 3593 4063 4062 4062 4062 4062 4062 4062 4062
582 1777385160 3550 3695 205 3645 3583 3625 3625 3593 4063 4063 4063 4063 4063 4063 4063 4063
583 1777385160 3551 3695 205 3645 3584 3626 3626 3594 4063 4063 4062 4062 4062 4062 4062 4062
584 1777385160 3551 3696 206 3645 3584 3626 3626 3593 4061 4061 4061 4061 4061 4061 4061 4061
585 1777385160 3551 3695 205 3644 3583 3626 3625 3593 4063 4063 4062 4062 4062 4062 4062 4062
586 1777385160 3552 3696 204 3646 3584 3626 3625 3594 4063 4063 4063 4063 4063 4063 4063 4063
587 1777385160 3551 3695 205 3645 3583 3626 3626 3594 4061 4061 4061 4061 4061 4061 4061 4061
588 1777385160 3551 3696 205 3646 3584 3626 3625 3594 4061 4061 4060 4060 4060 4060 4060 4060
589 1777385160 3553 3697 205 3647 3585 3627 3627 3595 4061 4061 4061 4061 4061 4061 4061 4061
590 1777385160 3551 3695 206 3645 3583 3625 3625 3593 4063 4063 4062 4062 4062 4062 4062 4062
591 1777385160 3551 3696 206 3645 3584 3626 3626 3594 4063 4063 4062 4062 4062 4062 4062 4062
592 1777385160 3551 3696 205 3645 3584 3626 3626 3594 4061 4061 4061 4061 4061 4061 4061 4061
593 1777385160 3551 3695 205 3644 3583 3625 3625 3593 4063 4063 4062 4062 4062 4062 4062 4062
594 1777385160 3551 3696 206 3645 3584 3625 3625 3594 4063 4063 4062 4062 4062 4062 4062 4062
595 1777385160 3552 3696 206 3646 3584 3627 3626 3594 4061 4061 4061 4061 4061 4061 4061 4061
596 1777385160 3552 3696 205 3646 3584 3626 3626 3594 4061 4061 4061 4061 4061 4061 4061 4061
597 1777385160 3551 3695 205 3645 3583 3625 3625 3593 4061 4061 4061 4061 4061 4061 4061 4061
598 1777385160 3551 3696 205 3645 3583 3625 3625 3593 4063 4063 4062 4062 4062 4062 4062 4062
599 1777385160 3551 3695 205 3645 3583 3625 3626 3593 4061 4061 4060 4060 4060 4060 4060 4060
600 1777385160 3552 3696 206 3645 3584 3626 3625 3594 4063 4063 4062 4062 4062 4062 4062 4062
601 1777385160 3551 3696 205 3645 3583 3625 3626 3594 4061 4061 4061 4061 4061 4061 4061 4061
602 1777385160 3551 3696 205 3646 3583 3626 3626 3593 4061 4061 4061 4061 4061 4061 4061 4061
603 1777385160 3552 3696 206 3646 3584 3626 3626 3594 4063 4063 4063 4063 4063 4063 4063 4063
604 1777385160 3552 3696 205 3646 3584 3626 3626 3594 4063 4063 4062 4062 4062 4062 4062 4062
605 1777385160 3551 3696 205 3644 3583 3625 3625 3593 4063 4063 4062 4062 4062 4062 4062 4062
606 1777385160 3550 3695 205 3644 3583 3625 3625 3593 4063 4063 4062 4062 4062 4062 4062 4062
607 1777385161 3553 3697 205 3646 3584 3626 3627 3594 4059 4059 4058 4058 4058 4058 4058 4058
608 1777385161 3553 3697 205 3647 3585 3627 3627 3595 4063 4063 4062 4062 4062 4062 4062 4062
609 1777385161 3552 3696 205 3645 3584 3626 3626 3594 4063 4063 4062 4062 4062 4062 4062 4062
610 1777385161 3551 3696 205 3645 3583 3626 3625 3593 4061 4061 4061 4061 4061 4061 4061 4061
611 1777385161 3553 3698 205 3646 3585 3627 3627 3595 4061 4061 4061 4061 4061 4061 4061 4061
612 1777385161 3552 3696 206 3645 3584 3626 3626 3594 4063 4062 4062 4062 4062 4062 4062 4062
613 1777385161 3551 3696 205 3645 3583 3625 3625 3593 4063 4063 4062 4062 4062 4062 4062 4062
614 1777385161 3552 3696 205 3646 3584 3626 3626 3595 4063 4063 4062 4062 4062 4062 4062 4062
615 1777385161 3551 3696 205 3646 3584 3625 3626 3594 4063 4063 4062 4062 4062 4062 4062 4062
616 1777385161 3551 3696 206 3645 3583 3625 3625 3593 4061 4061 4061 4061 4061 4061 4061 4061
617 1777385161 3551 3696 205 3644 3584 3626 3625 3593 4063 4061 4061 4061 4061 4061 4061 4061
618 1777385161 3551 3695 205 3645 3584 3626 3626 3593 4063 4063 4062 4062 4062 4062 4062 4062
619 1777385161 3551 3696 205 3646 3584 3627 3625 3594 4063 4063 4062 4062 4062 4062 4062 4062
620 1777385161 3551 3696 205 3646 3584 3627 3626 3594 4063 4062 4062 4062 4062 4062 4062 4062
621 1777385161 3552 3697 205 3646 3584 3626 3626 3594 4061 4061 4061 4061 4061 4061 4061 4061
622 1777385161 3551 3696 205 3645 3583 3626 3626 3593 4063 4063 4062 4062 4062 4062 4062 4062
623 1777385161 3552 3697 205 3646 3584 3626 3626 3594 4063 4063 4062 4062 4062 4062 4062 4062
624 1777385161 3552 3696 206 3646 3585 3626 3626 3594 4061 4061 4061 4061 4061 4061 4061 4061
625 1777385161 3552 3696 205 3645 3584 3626 3626 3594 4061 4060 4060 4060 4060 4060 4060 4060
626 1777385161 3553 3697 205 3647 3584 3627 3626 3595 4061 4061 4061 4061 4061 4061 4061 4061
627 1777385161 3551 3696 205 3646 3583 3626 3626 3594 4063 4061 4061 4061 4061 4061 4061 4061
628 1777385161 3552 3696 205 3646 3584 3627 3626 3594 4063 4063 4062 4062 4062 4062 4062 4062
629 1777385161 3552 3697 205 3646 3584 3627 3626 3595 4063 4062 4062 4062 4062 4062 4062 4062
630 1777385161 3552 3696 205 3646 3584 3626 3626 3594 4063 4062 4062 4062 4062 4062 4062 4062
631 1777385161 3551 3696 205 3645 3583 3626 3625 3594 4061 4061 4061 4061 4061 4061 4061 4061
632 1777385161 3551 3696 206 3645 3583 3626 3626 3594 4063 4063 4062 4062 4062 4062 4062 4062
633 1777385161 3552 3697 205 3646 3584 3626 3625 3594 4063 4063 4062 4062 4062 4062 4062 4062
634 1777385161 3552 3696 205 3646 3584 3626 3626 3594 4063 4062 4062 4062 4062 4062 4062 4062
635 1777385161 3552 3697 205 3646 3585 3627 3627 3594 4061 4061 4061 4061 4061 4061 4061 4061
636 1777385161 3551 3696 205 3645 3584 3626 3625 3593 4061 4061 4061 4061 4061 4061 4061 4061
637 1777385161 3553 3697 205 3646 3585 3626 3627 3594 4061 4061 4061 4061 4061 4061 4061 4061
638 1777385161 3552 3697 206 3646 3584 3626 3626 3594 4063 4063 4062 4062 4062 4062 4062 4062
639 1777385161 3552 3696 206 3646 3584 3626 3626 3594 4063 4063 4063 4063 4063 4063 4063 4063
640 1777385161 3552 3697 206 3645 3583 3626 3626 3595 4063 4063 4062 4062 4062 4062 4062 4062
641 1777385161 3552 3697 205 3646 3585 3627 3627 3595 4061 4061 4061 4061 4061 4061 4061 4061
642 1777385161 3551 3695 205 3645 3583 3626 3626 3594 4061 4061 4061 4061 4061 4061 4061 4061
643 1777385161 3552 3697 205 3647 3585 3628 3627 3595 4063 4063 4062 4062 4062 4062 4062 4062
644 1777385161 3552 3697 206 3647 3584 3627 3627 3595 4063 4063 4062 4062 4062 4062 4062 4062
645 1777385161 3551 3696 205 3645 3583 3625 3625 3593 4061 4061 4061 4061 4061 4061 4061 4061
646 1777385161 3551 3696 205 3646 3584 3626 3626 3594 4063 4062 4062 4062 4062 4062 4062 4062
647 1777385161 3551 3696 206 3646 3584 3626 3626 3594 4061 4061 4061 4061 4061 4061 4061 4061
648 1777385161 3552 3697 206 3645 3584 3626 3626 3594 4063 4063 4062 4062 4062 4062 4062 4062
649 1777385161 3552 3697 205 3646 3584 3626 3626 3594 4063 4062 4062 4062 4062 4062 4062 4062
650 1777385161 3554 3699 205 3648 3587 3629 3628 1551 4063 4063 4062 4062 4062 4062 4062 4062
651 1777385161 3552 3696 206 3646 3584 3626 3626 3594 4063 4062 4062 4062 4062 4062 4062 4062
652 1777385169 3551 3696 205 3645 3584 3626 3626 3593 4061 4061 4061 4061 4061 4061 4061 4061
653 1777385169 3552 3696 206 3646 3584 3626 3626 3593 4065 4063 4063 4063 4063 4063 4063 4063
654 1777385169 3551 3696 205 3645 3584 3626 3625 3593 4061 4061 4061 4061 4061 4061 4061 4061
655 1777385169 3551 3695 206 3645 3583 3625 3625 3593 4061 4061 4061 4061 4061 4061 4061 4061
656 1777385169 3551 3696 205 3644 3583 3626 3625 3593 4063 4063 4063 4063 4063 4063 4063 4063
657 1777385169 3550 3695 206 3643 3583 3625 3625 3592 4063 4063 4062 4062 4062 4062 4062 4062
658 1777385169 3553 3698 206 3647 3585 3628 3628 3595 4061 4061 4061 4061 4061 4061 4061 4061
659 1777385169 3551 3696 206 3645 3583 3626 3625 3593 4061 4061 4061 4061 4061 4061 4061 4061
660 1777385169 3550 3695 206 3644 3582 3625 3625 3593 4063 4062 4062 4062 4062 4062 4062 4062
661 1777385169 3550 3695 205 3644 3583 3625 3625 3592 4063 4062 4062 4062 4062 4062 4062 4062
662 1777385169 3552 3696 207 3646 3584 3626 3626 3594 4061 4061 4061 4061 4061 4061 4061 4061
663 1777385169 3550 3695 206 3645 3583 3625 3625 3593 4063 4063 4062 4062 4062 4062 4062 4062
664 1777385169 3551 3695 205 3644 3582 3625 3625 3592 4061 4061 4061 4061 4061 4061 4061 4061
665 1777385169 3551 3695 205 3645 3583 3625 3625 3592 4061 4061 4061 4061 4061 4061 4061 4061
666 1777385169 3551 3695 205 3645 3583 3625 3625 3593 4061 4061 4061 4061 4061 4061 4061 4061
667 1777385169 3551 3696 205 3645 3584 3626 3626 3594 4061 4061 4061 4061 4061 4061 4061 4061
668 1777385169 3551 3696 205 3646 3584 3626 3626 3595 4061 4061 4061 4061 4061 4061 4061 4061
669 1777385169 3552 3696 206 3645 3584 3626 3626 3594 4059 4059 4059 4059 4059 4059 4059 4059
670 1777385169 3551 3696 207 3646 3584 3626 3626 3593 4063 4063 4062 4062 4062 4062 4062 4062
671 1777385169 3552 3696 206 3645 3584 3626 3626 3593 4063 4063 4062 4062 4062 4062 4062 4062
672 1777385169 3551 3696 205 3646 3584 3626 3626 3593 4063 4063 4062 4062 4062 4062 4062 4062
673 1777385169 3551 3695 206 3645 3583 3626 3625 3593 4063 4063 4062 4062 4062 4062 4062 4062
674 1777385169 3550 3695 206 3644 3582 3625 3625 3593 4061 4061 4061 4061 4061 4061 4061 4061
675 1777385169 3552 3696 206 3646 3584 3626 3626 3593 4061 4061 4061 4061 4061 4061 4061 4061
676 1777385169 3552 3697 205 3646 3585 3627 3627 3594 4061 4061 4061 4061 4061 4061 4061 4061
677 1777385169 3552 3696 206 3646 3584 3626 3626 3594 4063 4063 4062 4062 4062 4062 4062 4062
678 1777385169 3551 3696 206 3645 3583 3625 3625 3594 4063 4063 4062 4062 4062 4062 4062 4062
679 1777385169 3551 3695 206 3645 3583 3626 3625 3593 4063 4063 4062 4062 4062 4062 4062 4062
680 1777385169 3551 3696 205 3644 3584 3626 3625 3594 4061 4061 4061 4061 4061 4061 4061 4061
681 1777385169 3552 3696 205 3646 3584 3626 3626 3594 4063 4063 4062 4062 4062 4062 4062 4062
682 1777385169 3552 3696 206 3646 3584 3626 3627 3594 4063 4063 4062 4062 4062 4062 4062 4062
683 1777385169 3552 3696 206 3645 3584 3626 3626 3593 4061 4061 4061 4061 4061 4061 4061 4061
684 1777385169 3551 3696 206 3646 3584 3626 3626 3594 4061 4061 4061 4061 4061 4061 4061 4061
685 1777385169 3552 3697 205 3646 3585 3627 3627 3594 4061 4061 4061 4061 4061 4061 4061 4061
686 1777385169 3552 3697 206 3646 3584 3626 3626 3594 4061 4061 4061 4061 4061 4061 4061 4061
687 1777385169 3551 3695 206 3644 3583 3625 3625 3593 4061 4061 4061 4061 4061 4061 4061 4061
688 1777385169 3552 3697 206 3646 3585 3627 3626 3594 4061 4061 4061 4061 4061 4061 4061 4061
689 1777385169 3552 3696 206 3645 3584 3626 3626 3594 4063 4063 4062 4062 4062 4062 4062 4062
690 1777385169 3553 3697 206 3646 3584 3627 3627 3595 4063 4063 4062 4062 4062 4062 4062 4062
691 1777385169 3552 3697 205 3646 3584 3626 3626 3594 4063 4063 4062 4062 4062 4062 4062 4062
692 1777385169 3552 3696 206 3645 3583 3626 3626 3594 4061 4061 4061 4061 4061 4061 4061 4061
693 1777385169 3552 3696 206 3646 3584 3626 3627 3594 4063 4063 4062 4062 4062 4062 4062 4062
694 1777385169 3551 3696 207 3645 3583 3626 3626 3594 4061 4061 4061 4061 4061 4061 4061 4061
695 1777385170 3551 3696 206 3645 3583 3626 3626 3594 4063 4063 4062 4062 4062 4062 4062 4062
696 1777385170 3552 3696 205 3645 3584 3626 3625 3593 4063 4063 4062 4062 4062 4062 4062 4062
697 1777385170 3552 3697 206 3646 3585 3627 3626 3594 4063 4063 4062 4062 4062 4062 4062 4062
698 1777385170 3552 3697 207 3646 3585 3627 3627 3595 4061 4061 4061 4061 4061 4061 4061 4061
699 1777385170 3552 3697 206 3646 3585 3627 3627 3595 4063 4063 4062 4062 4062 4062 4062 4062
700 1777385170 3553 3697 206 3646 3585 3626 3626 3594 4061 4061 4060 4060 4060 4060 4060 4060
701 1777385170 3552 3697 206 3646 3584 3627 3626 3595 4063 4061 4061 4061 4061 4061 4061 4061
702 1777385170 3552 3696 205 3646 3585 3626 3626 3594 4063 4063 4062 4062 4062 4062 4062 4062
703 1777385170 3552 3696 206 3645 3584 3626 3626 3594 4063 4063 4062 4062 4062 4062 4062 4062
704 1777385170 3552 3697 206 3646 3584 3626 3626 3594 4061 4061 4061 4061 4061 4061 4061 4061
705 1777385170 3551 3696 206 3645 3584 3626 3626 3594 4063 4063 4062 4062 4062 4062 4062 4062
706 1777385170 3552 3696 206 3646 3585 3627 3627 3595 4063 4063 4062 4062 4062 4062 4062 4062
707 1777385170 3553 3697 206 3646 3585 3627 3627 3595 4059 4059 4059 4059 4059 4059 4059 4059
708 1777385170 3552 3696 206 3646 3584 3626 3626 3594 4063 4063 4062 4062 4062 4062 4062 4062
709 1777385170 3552 3696 205 3645 3583 3626 3625 3594 4063 4063 4062 4062 4062 4062 4062 4062
710 1777385170 3552 3697 206 3646 3584 3626 3626 3594 4063 4062 4062 4062 4062 4062 4062 4062
711 1777385170 3553 3697 206 3647 3585 3627 3627 3595 4061 4061 4061 4061 4061 4061 4061 4061
712 1777385170 3552 3696 206 3646 3584 3627 3627 3595 4063 4063 4062 4062 4062 4062 4062 4062
713 1777385170 3551 3696 205 3645 3584 3626 3626 3593 4063 4063 4062 4062 4062 4062 4062 4062
714 1777385170 3552 3697 206 3646 3584 3626 3626 3594 4061 4061 4061 4061 4061 4061 4061 4061
715 1777385170 3553 3698 206 3647 3585 3627 3627 3595 4061 4061 4061 4061 4061 4061 4061 4061
716 1777385170 3552 3697 206 3647 3585 3627 3627 3595 4063 4063 4062 4062 4062 4062 4062 4062
717 1777385170 3551 3696 206 3645 3584 3626 3626 3594 4063 4063 4062 4062 4062 4062 4062 4062
718 1777385170 3553 3697 206 3646 3585 3627 3627 3595 4063 4063 4062 4062 4062 4062 4062 4062
719 1777385170 3552 3697 206 3647 3584 3627 3626 3594 4063 4063 4062 4062 4062 4062 4062 4062
720 1777385170 3552 3696 206 3646 3584 3626 3626 3594 4061 4061 4061 4061 4061 4061 4061 4061
721 1777385170 3552 3697 206 3647 3585 3627 3627 3595 4061 4061 4061 4061 4061 4061 4061 4061
722 1777385170 3553 3697 206 3646 3585 3627 3627 3595 4063 4063 4062 4062 4062 4062 4062 4062
723 1777385170 3552 3697 206 3646 3584 3626 3626 3594 4061 4061 4061 4061 4061 4061 4061 4061
724 1777385170 3553 3697 205 3646 3585 3626 3627 3594 4061 4061 4061 4061 4061 4061 4061 4061
725 1777385170 3552 3697 208 3646 3584 3626 3626 3594 4063 4063 4062 4062 4062 4062 4062 4062
726 1777385170 3552 3696 207 3646 3584 3626 3626 3594 4061 4061 4061 4061 4061 4061 4061 4061
727 1777385170 3553 3697 206 3647 3585 3628 3628 3595 4063 4063 4062 4062 4062 4062 4062 4062
728 1777385170 3552 3696 206 3646 3584 3626 3627 3595 4063 4063 4062 4062 4062 4062 4062 4062
729 1777385170 3551 3696 206 3645 3583 3626 3626 3594 4063 4063 4062 4062 4062 4062 4062 4062
730 1777385170 3552 3697 206 3646 3585 3627 3626 3595 4063 4063 4062 4062 4062 4062 4062 4062
731 1777385170 3552 3697 206 3646 3584 3627 3626 3594 4063 4063 4062 4062 4062 4062 4062 4062
732 1777385170 3552 3697 206 3646 3585 3626 3627 3595 4063 4063 4062 4062 4062 4062 4062 4062
733 1777385170 3552 3696 207 3646 3584 3626 3626 3594 4061 4061 4061 4061 4061 4061 4061 4061
734 1777385170 3552 3697 205 3646 3585 3627 3627 3594 4061 4061 4061 4061 4061 4061 4061 4061
735 1777385170 3553 3697 206 3646 3585 3627 3626 3594 4063 4063 4062 4062 4062 4062 4062 4062
736 1777385170 3552 3696 206 3646 3584 3626 3626 3594 4063 4063 4062 4062 4062 4062 4062 4062
737 1777385170 3552 3697 206 3647 3586 3627 3627 3595 4063 4063 4062 4062 4062 4062 4062 4062
738 1777385170 3552 3697 207 3646 3584 3627 3626 3594 4061 4061 4061 4061 4061 4061 4061 4061
739 1777385170 3553 3698 206 3647 3585 3627 3627 3595 4061 4061 4061 4061 4061 4061 4061 4061
740 1777385170 3553 3697 206 3647 3585 3627 3627 3595 4061 4061 4061 4061 4061 4061 4061 4061
741 1777385170 3550 3694 204 3644 3582 3625 3624 3592 4061 4061 4061 4061 4061 4061 4061 4061
742 1777385170 3550 3695 204 3644 3583 3625 3624 3592 4061 4061 4060 4060 4060 4060 4060 4060
743 1777385170 3551 3696 204 3645 3584 3626 3626 3594 4063 4063 4062 4062 4062 4062 4062 4062
744 1777385170 3550 3695 205 3644 3582 3624 3624 3592 4063 4063 4063 4063 4063 4063 4063 4063
745 1777385170 3550 3695 204 3643 3583 3625 3624 3592 4063 4063 4062 4062 4062 4062 4062 4062
746 1777385170 3550 3694 205 3642 3583 3625 3625 3592 4063 4063 4062 4062 4062 4062 4062 4062
747 1777385170 3550 3695 204 3645 3583 3625 3625 3593 4063 4063 4062 4062 4062 4062 4062 4062
748 1777385170 3550 3695 204 3644 3583 3625 3625 3593 4061 4061 4061 4061 4061 4061 4061 4061
749 1777385170 3549 3694 204 3644 3582 3624 3624 3592 4063 4062 4062 4062 4062 4062 4062 4062
750 1777385170 3550 3695 205 3645 3583 3625 3625 3593 4063 4063 4062 4062 4062 4062 4062 4062
751 1777385170 3550 3695 204 3645 3582 3625 3624 3592 4061 4061 4061 4061 4061 4061 4061 4061
752 1777385170 3551 3695 204 3644 3582 3625 3625 3593 4061 4061 4061 4061 4061 4061 4061 4061
753 1777385170 3551 3696 204 3645 3583 3626 3625 3593 4061 4061 4061 4061 4061 4061 4061 4061
754 1777385170 3550 3694 204 3644 3582 3625 3624 3592 4063 4063 4062 4062 4062 4062 4062 4062
755 1777385170 3550 3695 204 3645 3583 3625 3625 3593 4057 4057 4056 4056 4056 4056 4056 4056
756 1777385170 3551 3695 205 3645 3583 3625 3624 3593 4063 4061 4061 4061 4061 4061 4061 4061
757 1777385170 3551 3695 204 3645 3583 3625 3625 3592 4061 4061 4061 4061 4061 4061 4061 4061
758 1777385170 3551 3696 204 3645 3583 3626 3626 3593 4063 4061 4061 4061 4061 4061 4061 4061
759 1777385170 3550 3694 204 3645 3582 3624 3625 3592 4059 4059 4059 4059 4059 4059 4059 4059
760 1777385170 3550 3694 205 3644 3582 3625 3624 3592 4061 4061 4061 4061 4061 4061 4061 4061
761 1777385170 3551 3696 204 3645 3584 3626 3625 3593 4061 4061 4061 4061 4061 4061 4061 4061
762 1777385170 3550 3695 205 3645 3583 3625 3625 3593 4061 4061 4061 4061 4061 4061 4061 4061
763 1777385170 3550 3695 204 3644 3582 3624 3624 3592 4061 4061 4061 4061 4061 4061 4061 4061
764 1777385170 3551 3696 204 3646 3584 3626 3626 3593 4061 4061 4061 4061 4061 4061 4061 4061
765 1777385170 3551 3695 204 3645 3583 3625 3625 3593 4061 4061 4061 4061 4061 4061 4061 4061
766 1777385170 3552 3696 204 3646 3584 3626 3625 3593 4063 4062 4062 4062 4062 4062 4062 4062
767 1777385170 3551 3696 204 3645 3583 3625 3625 3593 4061 4061 4061 4061 4061 4061 4061 4061
768 1777385170 3551 3696 205 3645 3584 3626 3626 3593 4063 4062 4062 4062 4062 4062 4062 4062
769 1777385170 3551 3695 205 3645 3583 3626 3625 3593 4063 4063 4062 4062 4062 4062 4062 4062
770 1777385170 3551 3695 204 3645 3583 3625 3625 3593 4061 4061 4061 4061 4061 4061 4061 4061
771 1777385170 3551 3695 205 3645 3583 3625 3625 3593 4063 4063 4062 4062 4062 4062 4062 4062
772 1777385170 3551 3696 205 3645 3583 3625 3625 3593 4063 4063 4062 4062 4062 4062 4062 4062
773 1777385170 3552 3696 204 3645 3583 3625 3625 3593 4061 4061 4061 4061 4061 4061 4061 4061
774 1777385170 3551 3695 205 3644 3582 3625 3625 3593 4063 4063 4062 4062 4062 4062 4062 4062
775 1777385170 3551 3696 204 3645 3584 3626 3626 3593 4063 4063 4062 4062 4062 4062 4062 4062
776 1777385170 3550 3695 205 3644 3583 3625 3625 3593 4063 4062 4062 4062 4062 4062 4062 4062
777 1777385170 3550 3694 204 3644 3582 3624 3624 3592 4063 4063 4062 4062 4062 4062 4062 4062
778 1777385171 3550 3694 205 3644 3583 3625 3625 3593 4063 4063 4062 4062 4062 4062 4062 4062
779 1777385171 3550 3695 205 3644 3582 3625 3625 3593 4063 4063 4062 4062 4062 4062 4062 4062
780 1777385171 3550 3695 205 3644 3583 3625 3625 3593 4061 4061 4061 4061 4061 4061 4061 4061
781 1777385171 3551 3696 204 3645 3584 3626 3626 3593 4063 4063 4062 4062 4062 4062 4062 4062
782 1777385171 3551 3695 205 3645 3583 3625 3625 3592 4061 4061 4061 4061 4061 4061 4061 4061
783 1777385171 3551 3695 205 3645 3583 3625 3625 3594 4061 4061 4061 4061 4061 4061 4061 4061
784 1777385171 3550 3695 205 3644 3582 3625 3625 3592 4063 4063 4062 4062 4062 4062 4062 4062
785 1777385171 3551 3696 205 3645 3584 3626 3626 3594 4061 4061 4061 4061 4061 4061 4061 4061
786 1777385171 3551 3695 204 3645 3583 3625 3625 3593 4059 4059 4058 4058 4058 4058 4058 4058
787 1777385171 3550 3695 205 3645 3583 3625 3625 3593 4061 4061 4061 4061 4061 4061 4061 4061
788 1777385171 3551 3695 205 3645 3583 3625 3625 3593 4061 4061 4061 4061 4061 4061 4061 4061
789 1777385171 3551 3695 204 3645 3583 3625 3625 3593 4063 4062 4062 4062 4062 4062 4062 4062
790 1777385171 3551 3695 207 3645 3584 3625 3625 3593 4061 4061 4061 4061 4061 4061 4061 4061
791 1777385171 3551 3695 206 3645 3583 3625 3625 3593 4063 4062 4062 4062 4062 4062 4062 4062
792 1777385171 3551 3695 205 3645 3583 3626 3625 3593 4061 4061 4061 4061 4061 4061 4061 4061
793 1777385171 3551 3695 205 3644 3583 3625 3625 3593 4061 4061 4061 4061 4061 4061 4061 4061
794 1777385171 3551 3695 205 3645 3583 3625 3625 3593 4063 4063 4062 4062 4062 4062 4062 4062
795 1777385171 3550 3694 205 3644 3583 3625 3625 3593 4063 4062 4062 4062 4062 4062 4062 4062
796 1777385171 3551 3695 205 3644 3583 3625 3625 3593 4063 4063 4062 4062 4062 4062 4062 4062
797 1777385171 3551 3695 205 3644 3582 3625 3625 3593 4063 4062 4062 4062 4062 4062 4062 4062
798 1777385171 3551 3695 206 3644 3583 3625 3625 3593 4063 4063 4062 4062 4062 4062 4062 4062
799 1777385171 3551 3695 205 3645 3583 3626 3625 3594 4063 4063 4062 4062 4062 4062 4062 4062
800 1777385171 3551 3696 205 3645 3584 3626 3626 3593 4063 4062 4062 4062 4062 4062 4062 4062
801 1777385171 3551 3695 204 3644 3583 3625 3624 3592 4063 4063 4062 4062 4062 4062 4062 4062
802 1777385171 3551 3696 204 3646 3583 3626 3625 3593 4061 4061 4061 4061 4061 4061 4061 4061
803 1777385171 3551 3696 205 3645 3583 3625 3625 3594 4063 4062 4062 4062 4062 4062 4062 4062
804 1777385171 3551 3695 205 3645 3583 3626 3626 3593 4061 4061 4061 4061 4061 4061 4061 4061
805 1777385171 3552 3696 205 3645 3584 3626 3626 3594 4063 4063 4062 4062 4062 4062 4062 4062
806 1777385171 3551 3695 205 3644 3582 3624 3624 3593 4063 4063 4062 4062 4062 4062 4062 4062
807 1777385171 3551 3695 205 3645 3583 3625 3625 3593 4063 4063 4062 4062 4062 4062 4062 4062
808 1777385171 3551 3696 205 3644 3584 3626 3625 3593 4061 4061 4061 4061 4061 4061 4061 4061
809 1777385171 3551 3696 205 3643 3583 3625 3625 3594 4061 4061 4061 4061 4061 4061 4061 4061
810 1777385171 3551 3695 205 3644 3583 3625 3625 3593 4063 4062 4062 4062 4062 4062 4062 4062
811 1777385171 3551 3696 205 3645 3584 3626 3626 3593 4063 4063 4062 4062 4062 4062 4062 4062
812 1777385171 3551 3695 205 3645 3583 3626 3625 3593 4063 4063 4062 4062 4062 4062 4062 4062
813 1777385171 3551 3696 204 3645 3584 3626 3625 3593 4063 4063 4062 4062 4062 4062 4062 4062
814 1777385171 3550 3695 205 3645 3583 3625 3625 3593 4063 4063 4063 4063 4063 4063 4063 4063
815 1777385171 3551 3695 205 3645 3583 3625 3625 3593 4063 4063 4063 4063 4063 4063 4063 4063
816 1777385171 3551 3696 205 3645 3584 3626 3626 3594 4061 4061 4061 4061 4061 4061 4061 4061
817 1777385171 3551 3696 205 3645 3584 3626 3626 3594 4063 4063 4062 4062 4062 4062 4062 4062
818 1777385171 3552 3696 205 3645 3583 3626 3626 3594 4063 4063 4062 4062 4062 4062 4062 4062
819 1777385171 3551 3695 205 3645 3583 3626 3626 3594 4065 4063 4063 4063 4063 4063 4063 4063
820 1777385171 3551 3695 205 3645 3583 3625 3625 3593 4061 4061 4061 4061 4061 4061 4061 4061
821 1777385171 3550 3695 204 3645 3583 3625 3625 3593 4063 4063 4062 4062 4062 4062 4062 4062
822 1777385171 3551 3696 205 3645 3584 3626 3625 3594 4063 4063 4062 4062 4062 4062 4062 4062
823 1777385171 3550 3695 206 3645 3583 3625 3625 3593 4061 4061 4061 4061 4061 4061 4061 4061
824 1777385171 3551 3695 205 3644 3584 3625 3625 3593 4063 4062 4062 4062 4062 4062 4062 4062
825 1777385171 3550 3695 205 3645 3583 3626 3625 3593 4061 4061 4061 4061 4061 4061 4061 4061
826 1777385171 3551 3696 205 3646 3584 3626 3626 3594 4061 4061 4061 4061 4061 4061 4061 4061
827 1777385171 3551 3696 205 3645 3583 3626 3625 3593 4063 4063 4062 4062 4062 4062 4062 4062
828 1777385171 3552 3696 205 3645 3584 3626 3625 3593 4063 4063 4062 4062 4062 4062 4062 4062
829 1777385171 3552 3696 204 3646 3584 3626 3626 3593 4059 4059 4058 4058 4058 4058 4058 4058
830 1777385171 3550 3695 205 3645 3583 3625 3624 3593 4063 4062 4062 4062 4062 4062 4062 4062
831 1777385171 3551 3696 205 3645 3583 3626 3626 3593 4061 4061 4061 4061 4061 4061 4061 4061
832 1777385171 3551 3696 205 3645 3583 3625 3625 3593 4061 4061 4060 4060 4060 4060 4060 4060
833 1777385171 3551 3696 205 3646 3584 3626 3626 3594 4063 4063 4062 4062 4062 4062 4062 4062
834 1777385171 3551 3696 205 3645 3583 3626 3625 3594 4063 4063 4062 4062 4062 4062 4062 4062
835 1777385171 3551 3696 205 3645 3583 3626 3626 3594 4063 4063 4063 4063 4063 4063 4063 4063
836 1777385171 3552 3697 205 3646 3584 3626 3626 3594 4063 4062 4062 4062 4062 4062 4062 4062
837 1777385171 3550 3695 206 3644 3583 3625 3625 3593 4059 4059 4058 4058 4058 4058 4058 4058
838 1777385171 3551 3695 205 3646 3584 3626 3625 3594 4061 4061 4061 4061 4061 4061 4061 4061
839 1777385171 3551 3696 206 3645 3583 3626 3626 3594 4063 4062 4062 4062 4062 4062 4062 4062
840 1777385171 3551 3696 205 3644 3584 3626 3626 3594 4063 4063 4062 4062 4062 4062 4062 4062
841 1777385171 3551 3696 205 3645 3583 3626 3625 3594 4063 4061 4061 4061 4061 4061 4061 4061
842 1777385171 3551 3696 205 3646 3584 3626 3626 3594 4063 4063 4062 4062 4062 4062 4062 4062
843 1777385171 3552 3697 205 3647 3584 3627 3626 3594 4063 4063 4062 4062 4062 4062 4062 4062
844 1777385171 3552 3696 205 3646 3584 3626 3626 3594 4063 4063 4062 4062 4062 4062 4062 4062
845 1777385171 3551 3695 205 3645 3583 3625 3625 3593 4061 4061 4061 4061 4061 4061 4061 4061
846 1777385171 3551 3696 205 3646 3584 3626 3625 3594 4061 4061 4061 4061 4061 4061 4061 4061
847 1777385171 3551 3696 206 3645 3583 3625 3625 3593 4063 4063 4062 4062 4062 4062 4062 4062
848 1777385171 3551 3696 205 3646 3584 3626 3626 3594 4061 4061 4061 4061 4061 4061 4061 4061
849 1777385171 3552 3696 205 3645 3584 3626 3626 3593 4063 4063 4062 4062 4062 4062 4062 4062
850 1777385171 3551 3695 205 3645 3584 3626 3625 3593 4063 4062 4062 4062 4062 4062 4062 4062
851 1777385172 3551 3696 205 3645 3584 3626 3626 3593 4063 4063 4062 4062 4062 4062 4062 4062
852 1777385172 3552 3697 205 3646 3585 3627 3627 3595 4061 4061 4061 4061 4061 4061 4061 4061
853 1777385172 3554 3699 205 3647 3586 3628 3627 1540 4063 4063 4062 4062 4062 4062 4062 4062
854 1777385172 3552 3697 205 3646 3584 3627 3626 3594 4061 4061 4061 4061 4061 4061 4061 4061
855 1777385172 3552 3696 206 3645 3583 3626 3626 3594 4063 4063 4062 4062 4062 4062 4062 4062
856 1777385172 3551 3696 205 3644 3584 3626 3625 3593 4061 4061 4061 4061 4061 4061 4061 4061
857 1777385172 3552 3697 205 3646 3584 3626 3626 3594 4061 4061 4061 4061 4061 4061 4061 4061
858 1777385172 3551 3696 205 3645 3584 3626 3626 3594 4061 4061 4061 4061 4061 4061 4061 4061
859 1777385172 3550 3696 206 3645 3583 3625 3625 3593 4063 4062 4062 4062 4062 4062 4062 4062
860 1777385172 3551 3696 205 3645 3584 3626 3625 3593 4061 4061 4061 4061 4061 4061 4061 4061
861 1777385172 3552 3696 205 3645 3584 3626 3626 3593 4061 4061 4060 4060 4060 4060 4060 4060
862 1777385172 3553 3698 205 3648 3586 3628 3628 3595 4063 4063 4062 4062 4062 4062 4062 4062
863 1777385172 3553 3697 205 3647 3584 1442 3625 3594 4063 4063 4062 4062 4062 4062 4062 4062
864 1777385172 3552 3695 205 3645 3584 3625 3626 3593 4061 4061 4061 4061 4061 4061 4061 4061
865 1777385172 3552 3697 206 3646 3584 3626 3626 3594 4063 4063 4062 4062 4062 4062 4062 4062
866 1777385172 3552 3696 205 3646 3584 3626 3626 3593 4063 4063 4063 4063 4063 4063 4063 4063
867 1777385172 3552 3696 206 3646 3584 3626 3626 3594 4061 4061 4061 4061 4061 4061 4061 4061
868 1777385172 3553 3697 205 3646 3584 3627 3626 3594 4061 4061 4060 4060 4060 4060 4060 4060
869 1777385172 3552 3697 205 3647 3584 3627 3627 3595 4063 4063 4062 4062 4062 4062 4062 4062
870 1777385172 3552 3697 205 3646 3584 3626 3626 3594 4063 4061 4061 4061 4061 4061 4061 4061
871 1777385172 3552 3696 206 3645 3584 3626 3626 3594 4063 4063 4062 4062 4062 4062 4062 4062
872 1777385172 3551 3696 205 3644 3584 3626 3627 3594 4061 4061 4061 4061 4061 4061 4061 4061
873 1777385172 3552 3696 205 3646 3584 3626 3626 3594 4061 4061 4061 4061 4061 4061 4061 4061
874 1777385172 3553 3697 205 3646 3585 3627 3626 3594 4061 4061 4061 4061 4061 4061 4061 4061
875 1777385172 3552 3698 206 3647 3585 3627 3627 3595 4061 4061 4061 4061 4061 4061 4061 4061
876 1777385172 3552 3696 205 3645 3584 3626 3626 3594 4061 4061 4061 4061 4061 4061 4061 4061
877 1777385172 3552 3697 205 3646 3584 3627 3626 3594 4061 4061 4061 4061 4061 4061 4061 4061
878 1777385172 3552 3696 205 3645 3584 3626 3626 3593 4061 4061 4061 4061 4061 4061 4061 4061
879 1777385172 3552 3697 206 3646 3584 3627 3626 3594 4063 4063 4062 4062 4062 4062 4062 4062
880 1777385172 3552 3696 205 3645 3584 3626 3626 3594 4063 4063 4062 4062 4062 4062 4062 4062
881 1777385172 3552 3696 206 3646 3584 3627 3627 3594 4061 4061 4061 4061 4061 4061 4061 4061
882 1777385172 3551 3696 205 3646 3584 3626 3626 3594 4063 4063 4062 4062 4062 4062 4062 4062
883 1777385172 3551 3695 206 3645 3584 3626 3626 3594 4061 4061 4061 4061 4061 4061 4061 4061
884 1777385172 3552 3697 206 3646 3584 3626 3626 3594 4063 4063 4062 4062 4062 4062 4062 4062
885 1777385172 3552 3696 206 3646 3584 3626 3626 3594 4061 4061 4061 4061 4061 4061 4061 4061
886 1777385172 3552 3696 205 3646 3584 3626 3626 3594 4063 4063 4062 4062 4062 4062 4062 4062
887 1777385172 3552 3696 206 3645 3584 3627 3626 3595 4061 4061 4060 4060 4060 4060 4060 4060
888 1777385172 3552 3697 205 3646 3584 3627 3626 3594 4063 4063 4062 4062 4062 4062 4062 4062
889 1777385172 3552 3696 205 3646 3584 3626 3626 3594 4061 4061 4061 4061 4061 4061 4061 4061
890 1777385172 3551 3696 205 3646 3584 3626 3626 3593 4063 4063 4062 4062 4062 4062 4062 4062
891 1777385172 3552 3696 206 3646 3584 3626 3626 3594 4061 4061 4061 4061 4061 4061 4061 4061
892 1777385172 3552 3697 205 3646 3585 3627 3627 3595 4061 4061 4060 4060 4060 4060 4060 4060
893 1777385172 3552 3697 205 3647 3584 3627 3627 3595 4061 4061 4061 4061 4061 4061 4061 4061
894 1777385172 3551 3696 205 3646 3584 3626 3626 3594 4063 4063 4062 4062 4062 4062 4062 4062
895 1777385172 3551 3695 206 3645 3583 3626 3626 3594 4063 4063 4062 4062 4062 4062 4062 4062
896 1777385172 3551 3696 205 3645 3584 3626 3626 3593 4061 4061 4061 4061 4061 4061 4061 4061
897 1777385172 3550 3695 206 3644 3583 3625 3626 3594 4061 4061 4061 4061 4061 4061 4061 4061
898 1777385172 3552 3696 205 3646 3584 3626 3626 3594 4063 4063 4062 4062 4062 4062 4062 4062
899 1777385172 3552 3697 205 3647 3585 3627 3627 3594 4063 4063 4063 4063 4063 4063 4063 4063
900 1777385172 3552 3696 205 3646 3584 3626 3626 3594 4061 4061 4061 4061 4061 4061 4061 4061
901 1777385172 3550 3694 206 3644 3583 3625 3625 3593 4061 4061 4060 4060 4060 4060 4060 4060
902 1777385172 3552 3696 206 3646 3584 3626 3626 3594 4061 4061 4061 4061 4061 4061 4061 4061
903 1777385172 3552 3697 206 3645 3585 3627 3626 3594 4061 4061 4061 4061 4061 4061 4061 4061
904 1777385172 3553 3697 205 3647 3585 3627 3627 3595 4063 4063 4062 4062 4062 4062 4062 4062
905 1777385172 3551 3696 206 3646 3584 3626 3626 3594 4061 4061 4061 4061 4061 4061 4061 4061
906 1777385172 3553 3698 205 3646 3585 3628 3627 3595 4063 4063 4062 4062 4062 4062 4062 4062
907 1777385172 3551 3696 205 3646 3584 3626 3626 3594 4061 4061 4060 4060 4060 4060 4060 4060
908 1777385172 3552 3696 205 3646 3585 3626 3627 3594 4061 4061 4061 4061 4061 4061 4061 4061
909 1777385172 3552 3696 205 3646 3584 3626 3626 3594 4063 4062 4062 4062 4062 4062 4062 4062
910 1777385172 3551 3696 205 3646 3583 3626 3626 3594 4063 4063 4062 4062 4062 4062 4062 4062
911 1777385172 3551 3697 206 3646 3584 3626 3626 3594 4063 4063 4062 4062 4062 4062 4062 4062
912 1777385172 3553 3697 206 3647 3585 3628 3627 3596 4063 4063 4063 4063 4063 4063 4063 4063
913 1777385172 3552 3696 205 3646 3584 3626 3626 3594 4063 4063 4062 4062 4062 4062 4062 4062
914 1777385172 3552 3697 206 3646 3585 3627 3627 3595 4063 4061 4061 4061 4061 4061 4061 4061
915 1777385172 3552 3697 205 3647 3585 3627 3627 3595 4063 4063 4062 4062 4062 4062 4062 4062
916 1777385172 3552 3697 205 3646 3584 3626 3626 3594 4063 4063 4062 4062 4062 4062 4062 4062
917 1777385172 3552 3697 205 3646 3584 3626 3626 3594 4061 4059 4059 4059 4059 4059 4059 4059
918 1777385172 3551 3696 207 3645 3583 3626 3625 3593 4063 4063 4062 4062 4062 4062 4062 4062
919 1777385172 3553 3697 206 3646 3584 3626 3627 3594 4063 4063 4063 4063 4063 4063 4063 4063
920 1777385172 3552 3697 205 3646 3584 3627 3627 3594 4061 4061 4061 4061 4061 4061 4061 4061
921 1777385172 3552 3697 206 3646 3584 3627 3627 3595 4063 4063 4062 4062 4062 4062 4062 4062
922 1777385172 3551 3696 206 3645 3583 3625 3626 3593 4063 4063 4062 4062 4062 4062 4062 4062
923 1777385172 3552 3697 206 3645 3584 3627 3626 3594 4061 4061 4061 4061 4061 4061 4061 4061
924 1777385172 3552 3696 205 3647 3585 3626 3626 3594 4061 4061 4061 4061 4061 4061 4061 4061
925 1777385172 3552 3696 206 3646 3584 3626 3626 3594 4063 4063 4062 4062 4062 4062 4062 4062
926 1777385172 3552 3697 206 3646 3585 3627 3626 3594 4061 4061 4061 4061 4061 4061 4061 4061
927 1777385172 3551 3696 206 3645 3584 3626 3626 3594 4063 4063 4062 4062 4062 4062 4062 4062
928 1777385172 3552 3697 205 3646 3585 3627 3627 3595 4063 4063 4062 4062 4062 4062 4062 4062
929 1777385172 3552 3697 205 3647 3585 3627 3626 3594 4063 4063 4062 4062 4062 4062 4062 4062
930 1777385172 3551 3695 206 3646 3583 3626 3626 3594 4061 4061 4061 4061 4061 4061 4061 4061
931 1777385172 3551 3696 206 3645 3584 3626 3625 3593 4063 4063 4062 4062 4062 4062 4062 4062
932 1777385172 3552 3697 205 3646 3584 3627 3627 3594 4063 4062 4062 4062 4062 4062 4062 4062
933 1777385173 3552 3697 206 3646 3584 3627 3626 3594 4061 4061 4061 4061 4061 4061 4061 4061
934 1777385173 3552 3697 205 3646 3584 3627 3626 3594 4063 4062 4062 4062 4062 4062 4062 4062
935 1777385173 3551 3696 206 3645 3584 3626 3626 3593 4063 4063 4062 4062 4062 4062 4062 4062
936 1777385173 3551 3696 206 3644 3583 3626 3626 3593 4061 4061 4061 4061 4061 4061 4061 4061
937 1777385173 3553 3697 206 3647 3584 3627 3627 3595 4063 4062 4062 4062 4062 4062 4062 4062
938 1777385173 3553 3697 206 3646 3584 3627 3627 3594 4063 4062 4062 4062 4062 4062 4062 4062
939 1777385173 3553 3698 206 3647 3585 3628 3628 3596 4063 4063 4062 4062 4062 4062 4062 4062
940 1777385173 3552 3696 206 3645 3584 3626 3626 3594 4061 4061 4061 4061 4061 4061 4061 4061
941 1777385173 3551 3696 206 3646 3584 3626 3626 3594 4061 4061 4061 4061 4061 4061 4061 4061
942 1777385173 3552 3697 206 3646 3584 3626 3627 3595 4061 4061 4061 4061 4061 4061 4061 4061
943 1777385173 3552 3696 206 3645 3584 3626 3626 3594 4063 4063 4062 4062 4062 4062 4062 4062
944 1777385173 3552 3697 205 3647 3585 3627 3627 3595 4063 4063 4062 4062 4062 4062 4062 4062
945 1777385173 3553 3697 205 3647 3585 3627 3627 3595 4063 4063 4062 4062 4062 4062 4062 4062
946 1777385173 3552 3697 206 3646 3584 3627 3626 3594 4063 4063 4062 4062 4062 4062 4062 4062
947 1777385173 3552 3697 206 3646 3584 3626 3626 3594 4063 4063 4062 4062 4062 4062 4062 4062
948 1777385173 3552 3697 205 3646 3584 3627 3627 3594 4061 4061 4061 4061 4061 4061 4061 4061
949 1777385173 3551 3696 206 3646 3584 3626 3626 3594 4063 4063 4062 4062 4062 4062 4062 4062
950 1777385173 3553 3697 207 3646 3585 3627 3628 3595 4063 4063 4062 4062 4062 4062 4062 4062
951 1777385173 3552 3696 206 3645 3584 3626 3626 3594 4063 4063 4063 4063 4063 4063 4063 4063
952 1777385173 3553 3697 206 3647 3585 3628 3627 3595 4063 4063 4062 4062 4062 4062 4062 4062
953 1777385173 3552 3697 206 3647 3585 3628 3627 3595 4061 4061 4061 4061 4061 4061 4061 4061
954 1777385173 3551 3696 206 3645 3583 3626 3626 3594 4063 4062 4062 4062 4062 4062 4062 4062
955 1777385173 3552 3697 205 3646 3584 3627 3627 3594 4061 4061 4060 4060 4060 4060 4060 4060
956 1777385173 3552 3697 205 3647 3585 3627 3627 3595 4063 4063 4062 4062 4062 4062 4062 4062
957 1777385173 3551 3696 206 3646 3584 3626 3626 3594 4063 4063 4062 4062 4062 4062 4062 4062
958 1777385173 3551 3696 205 3646 3583 3626 3626 3593 4061 4061 4061 4061 4061 4061 4061 4061
959 1777385173 3551 3696 206 3646 3583 3626 3625 3593 4063 4063 4062 4062 4062 4062 4062 4062
960 1777385173 3552 3697 205 3647 3585 3627 3627 3595 4061 4061 4061 4061 4061 4061 4061 4061
961 1777385173 3553 3697 206 3647 3585 3628 3628 3595 4063 4063 4062 4062 4062 4062 4062 4062
962 1777385173 3551 3695 206 3645 3583 3625 3625 3593 4063 4063 4062 4062 4062 4062 4062 4062
963 1777385173 3551 3696 206 3645 3584 3626 3626 3594 4063 4063 4062 4062 4062 4062 4062 4062
964 1777385173 3552 3697 205 3646 3585 3626 3626 3594 4061 4061 4061 4061 4061 4061 4061 4061
965 1777385173 3552 3696 206 3646 3585 3627 3627 3595 4063 4061 4061 4061 4061 4061 4061 4061
966 1777385173 3552 3696 207 3646 3584 3626 3626 3594 4063 4061 4061 4061 4061 4061 4061 4061
967 1777385173 3552 3696 206 3645 3585 3627 3626 3594 4061 4061 4061 4061 4061 4061 4061 4061
968 1777385173 3553 3697 206 3647 3585 3627 3627 3595 4063 4063 4062 4062 4062 4062 4062 4062
969 1777385173 3552 3697 206 3647 3584 3626 3626 3595 4061 4061 4061 4061 4061 4061 4061 4061
970 1777385173 3553 3697 206 3646 3585 3627 3626 3595 4061 4061 4061 4061 4061 4061 4061 4061
971 1777385173 3551 3696 206 3645 3584 3626 3626 3594 4061 4061 4061 4061 4061 4061 4061 4061
972 1777385173 3552 3697 205 3646 3585 3627 3627 3594 4061 4061 4061 4061 4061 4061 4061 4061
973 1777385173 3553 3698 206 3647 3585 3627 3627 3595 4061 4061 4061 4061 4061 4061 4061 4061
974 1777385173 3553 3698 206 3646 3586 3628 3628 3595 4061 4061 4061 4061 4061 4061 4061 4061
975 1777385173 3552 3697 206 3646 3585 3627 3627 3595 4063 4062 4062 4062 4062 4062 4062 4062
976 1777385173 3552 3697 206 3646 3584 3627 3626 3594 4061 4061 4061 4061 4061 4061 4061 4061
977 1777385173 3553 3698 206 3647 3586 3628 3628 3595 4063 4063 4062 4062 4062 4062 4062 4062
978 1777385173 3551 3696 206 3646 3584 3627 3626 3593 4061 4061 4061 4061 4061 4061 4061 4061
979 1777385173 3553 3698 206 3647 3585 3627 3627 3595 4063 4063 4062 4062 4062 4062 4062 4062
980 1777385173 3552 3697 206 3646 3584 3626 3626 3594 4061 4061 4061 4061 4061 4061 4061 4061
981 1777385173 3552 3696 208 3646 3584 3626 3626 3594 4063 4062 4062 4062 4062 4062 4062 4062
982 1777385173 3553 3697 207 3646 3585 3627 3627 3594 4061 4061 4061 4061 4061 4061 4061 4061
983 1777385173 3552 3697 206 3645 3584 3626 3626 3594 4063 4063 4062 4062 4062 4062 4062 4062
984 1777385173 3553 3698 206 3647 3585 3628 3628 3595 4063 4063 4062 4062 4062 4062 4062 4062
985 1777385173 3552 3696 206 3646 3584 3627 3626 3595 4063 4063 4062 4062 4062 4062 4062 4062
986 1777385173 3551 3696 206 3646 3584 3627 3626 3595 4061 4061 4061 4061 4061 4061 4061 4061
987 1777385173 3552 3697 206 3646 3585 3627 3626 3594 4063 4063 4062 4062 4062 4062 4062 4062
988 1777385173 3552 3697 206 3647 3585 3627 3626 3595 4061 4061 4061 4061 4061 4061 4061 4061
989 1777385173 3554 3698 206 3646 3585 3627 3627 3595 4061 4061 4061 4061 4061 4061 4061 4061
990 1777385173 3552 3697 206 3646 3584 3627 3627 3594 4063 4063 4062 4062 4062 4062 4062 4062
991 1777385173 3553 3697 206 3647 3585 3627 3627 3595 4063 4062 4062 4062 4062 4062 4062 4062
992 1777385173 3552 3697 206 3646 3585 3627 3627 3594 4063 4063 4062 4062 4062 4062 4062 4062
993 1777385173 3551 3696 206 3646 3584 3626 3627 3594 4061 4061 4061 4061 4061 4061 4061 4061
994 1777385173 3553 3697 207 3647 3585 3627 3627 3595 4063 4063 4062 4062 4062 4062 4062 4062
995 1777385173 3553 3697 206 3647 3585 3627 3627 3595 4063 4062 4062 4062 4062 4062 4062 4062
996 1777385173 3553 3698 206 3647 3586 3628 3628 3596 4061 4061 4061 4061 4061 4061 4061 4061
997 1777385173 3550 3695 204 3645 3583 3625 3625 3593 4063 4063 4062 4062 4062 4062 4062 4062
998 1777385173 3551 3696 204 3646 3583 3626 3625 3594 4063 4063 4063 4063 4063 4063 4063 4063
999 1777385173 3551 3696 204 3645 3584 3626 3625 3593 4063 4063 4062 4062 4062 4062 4062 4062
1000 1777385173 3551 3696 205 3644 3584 3626 3625 3593 4063 4063 4062 4062 4062 4062 4062 4062
