1 1777384507 3552 3696 655 3646 3584 3625 3626 3594 4063 4063 4062 4062 4062 4062 4062 4062
2 1777384507 3552 3697 655 3647 3584 3626 3627 3595 4061 4061 4061 4061 4061 4061 4061 4061
3 1777384507 3553 3697 655 3647 3584 3626 3627 3595 4061 4061 4061 4061 4061 4061 4061 4061
4 1777384507 3552 3697 655 3647 3585 3627 3627 3595 4061 4061 4061 4061 4061 4061 4061 4061
5 1777384507 3553 3697 654 3647 3585 3627 3627 3595 4063 4063 4062 4062 4062 4062 4062 4062
6 1777384507 3553 3697 655 3647 3585 3627 3627 3596 4063 4063 4062 4062 4062 4062 4062 4062
7 1777384507 3552 3697 655 3647 3584 3627 3627 3594 4063 4062 4062 4062 4062 4062 4062 4062
8 1777384507 3553 3697 655 3647 3585 3627 3627 3595 4063 4063 4062 4062 4062 4062 4062 4062
9 1777384507 3553 3698 654 3648 3586 3627 3627 3595 4063 4063 4062 4062 4062 4062 4062 4062
10 1777384507 3552 3697 655 3647 3584 3627 3627 3595 4063 4063 4062 4062 4062 4062 4062 4062
11 1777384507 3552 3697 654 3647 3584 3626 3626 3594 4061 4061 4061 4061 4061 4061 4061 4061
12 1777384507 3551 3696 655 3646 3584 3626 3626 3594 4059 4059 4059 4059 4059 4059 4059 4059
13 1777384507 3552 3697 654 3647 3585 3627 3627 3595 4061 4061 4061 4061 4061 4061 4061 4061
14 1777384507 3552 3697 654 3647 3584 3626 3626 3594 4061 4061 4061 4061 4061 4061 4061 4061
15 1777384508 3552 3697 654 3647 3585 3626 3627 3595 4061 4061 4061 4061 4061 4061 4061 4061
16 1777384508 3552 3696 655 3646 3585 3627 3627 3594 4061 4061 4061 4061 4061 4061 4061 4061
17 1777384508 3552 3697 655 3647 3584 3626 3626 3594 4059 4059 4059 4059 4059 4059 4059 4059
18 1777384508 3553 3697 655 3647 3584 3627 3627 3594 4061 4061 4061 4061 4061 4061 4061 4061
19 1777384508 3553 3697 655 3647 3584 3627 3627 3595 4061 4061 4061 4061 4061 4061 4061 4061
20 1777384508 3551 3696 655 3646 3584 3626 3626 3594 4061 4061 4060 4060 4060 4060 4060 4060
21 1777384508 3553 3698 655 3647 3584 3626 3627 3594 4063 4063 4062 4062 4062 4062 4062 4062
22 1777384508 3552 3696 655 3646 3584 3626 3626 3594 4061 4061 4061 4061 4061 4061 4061 4061
23 1777384508 3552 3697 655 3647 3585 3627 3627 3595 4063 4063 4062 4062 4062 4062 4062 4062
24 1777384508 3552 3697 655 3646 3584 3626 3627 3595 4063 4062 4062 4062 4062 4062 4062 4062
25 1777384508 3552 3697 655 3647 3584 3626 3627 3595 4061 4061 4060 4060 4060 4060 4060 4060
26 1777384508 3553 3697 655 3647 3584 3627 3627 3595 4063 4063 4062 4062 4062 4062 4062 4062
27 1777384508 3552 3697 655 3647 3584 3627 3627 3595 4061 4061 4061 4061 4061 4061 4061 4061
28 1777384508 3553 3697 655 3647 3585 3627 3627 3595 4063 4062 4062 4062 4062 4062 4062 4062
29 1777384508 3552 3697 654 3646 3584 3626 3626 3594 4061 4061 4061 4061 4061 4061 4061 4061
30 1777384508 3553 3698 657 3647 3585 3627 3628 3595 4063 4063 4062 4062 4062 4062 4062 4062
31 1777384508 3553 3697 656 3647 3585 3627 3627 3595 4061 4061 4060 4060 4060 4060 4060 4060
32 1777384508 3554 3698 655 3648 3585 3628 3627 3596 4063 4062 4062 4062 4062 4062 4062 4062
33 1777384508 3552 3697 655 3647 3585 3627 3627 3595 4063 4063 4062 4062 4062 4062 4062 4062
34 1777384508 3552 3697 656 3647 3584 3626 3627 3595 4061 4061 4061 4061 4061 4061 4061 4061
35 1777384508 3553 3697 654 3647 3585 3627 3627 3595 4063 4063 4062 4062 4062 4062 4062 4062
36 1777384508 3553 3697 655 3648 3585 3627 3628 3595 4061 4061 4061 4061 4061 4061 4061 4061
37 1777384508 3553 3697 654 3648 3585 3626 3627 3595 4061 4061 4061 4061 4061 4061 4061 4061
38 1777384508 3553 3698 655 3648 3585 3628 3628 3596 4061 4061 4061 4061 4061 4061 4061 4061
39 1777384508 3554 3698 655 3648 3586 3628 3628 3596 4061 4061 4061 4061 4061 4061 4061 4061
40 1777384508 3553 3697 655 3648 3586 3627 3627 3595 4061 4061 4061 4061 4061 4061 4061 4061
41 1777384508 3553 3698 655 3647 3585 3627 3627 3595 4063 4063 4062 4062 4062 4062 4062 4062
42 1777384508 3553 3697 655 3647 3585 3627 3627 3595 4061 4061 4061 4061 4061 4061 4061 4061
43 1777384508 3553 3698 655 3648 3586 3627 3628 3595 4061 4061 4061 4061 4061 4061 4061 4061
44 1777384508 3554 3699 655 3648 3585 3628 3628 3596 4063 4063 4062 4062 4062 4062 4062 4062
45 1777384508 3553 3698 655 3648 3586 3628 3628 3596 4061 4060 4060 4060 4060 4060 4060 4060
46 1777384508 3553 3697 655 3648 3585 3627 3627 3596 4063 4063 4062 4062 4062 4062 4062 4062
47 1777384508 3553 3698 656 3647 3585 3628 3628 3596 4061 4061 4061 4061 4061 4061 4061 4061
48 1777384508 3554 3699 655 3648 3585 3628 3628 3596 4061 4061 4061 4061 4061 4061 4061 4061
49 1777384508 3554 3698 655 3648 3585 3628 3627 3596 4063 4063 4062 4062 4062 4062 4062 4062
50 1777384508 3553 3698 655 3648 3586 3628 3628 3596 4061 4061 4061 4061 4061 4061 4061 4061
51 1777384508 3554 3698 655 3648 3586 3627 3628 3595 4061 4061 4061 4061 4061 4061 4061 4061
52 1777384508 3553 3699 655 3647 3585 3627 3628 3595 4061 4061 4061 4061 4061 4061 4061 4061
53 1777384508 3553 3698 655 3648 3585 3627 3627 3595 4063 4063 4062 4062 4062 4062 4062 4062
54 1777384508 3553 3698 655 3648 3586 3627 3627 3595 4061 4061 4061 4061 4061 4061 4061 4061
55 1777384508 3554 3699 655 3649 3586 3628 3628 3596 4063 4062 4062 4062 4062 4062 4062 4062
56 1777384508 3553 3698 655 3648 3585 3627 3628 3595 4063 4063 4062 4062 4062 4062 4062 4062
57 1777384508 3553 3698 655 3647 3585 3627 3628 3596 4061 4061 4061 4061 4061 4061 4061 4061
58 1777384508 3553 3697 655 3648 3585 3627 3627 3595 4061 4061 4061 4061 4061 4061 4061 4061
59 1777384508 3553 3698 655 3648 3586 3627 3627 3595 4063 4063 4062 4062 4062 4062 4062 4062
60 1777384508 3553 3698 655 3648 3585 3628 3628 3596 4061 4061 4061 4061 4061 4061 4061 4061
61 1777384508 3554 3698 654 3648 3585 3627 3627 3595 4061 4061 4061 4061 4061 4061 4061 4061
62 1777384508 3553 3698 655 3648 3585 3628 3627 3596 4061 4061 4061 4061 4061 4061 4061 4061
63 1777384508 3552 3697 656 3647 3585 3627 3627 3595 4061 4061 4060 4060 4060 4060 4060 4060
64 1777384508 3553 3698 655 3648 3585 3627 3627 3595 4061 4061 4061 4061 4061 4061 4061 4061
65 1777384508 3553 3697 655 3647 3585 3627 3628 3596 4063 4063 4062 4062 4062 4062 4062 4062
66 1777384508 3554 3698 654 3648 3585 3628 3627 3596 4061 4061 4060 4060 4060 4060 4060 4060
67 1777384508 3554 3699 655 3648 3586 3628 3628 3596 4061 4061 4061 4061 4061 4061 4061 4061
68 1777384508 3553 3697 655 3648 3585 3627 3628 3595 4061 4061 4061 4061 4061 4061 4061 4061
69 1777384508 3553 3698 654 3648 3586 3628 3628 3596 4063 4063 4062 4062 4062 4062 4062 4062
70 1777384508 3553 3697 655 3647 3585 3627 3627 3595 4061 4061 4060 4060 4060 4060 4060 4060
71 1777384508 3553 3697 655 3647 3585 3627 3627 3595 4059 4059 4059 4059 4059 4059 4059 4059
72 1777384508 3553 3698 655 3647 3585 3627 3628 3595 4063 4062 4062 4062 4062 4062 4062 4062
73 1777384508 3553 3698 655 3647 3585 3628 3627 3595 4063 4063 4062 4062 4062 4062 4062 4062
74 1777384508 3553 3699 655 3648 3586 3628 3628 3595 4063 4062 4062 4062 4062 4062 4062 4062
75 1777384508 3554 3698 654 3648 3586 3628 3628 3595 4061 4061 4060 4060 4060 4060 4060 4060
76 1777384508 3554 3698 655 3648 3586 3628 3628 3596 4061 4061 4061 4061 4061 4061 4061 4061
77 1777384508 3554 3698 655 3648 3585 3627 3627 3595 4063 4063 4062 4062 4062 4062 4062 4062
78 1777384508 3554 3699 655 3648 3586 3628 3628 3596 4063 4063 4062 4062 4062 4062 4062 4062
79 1777384508 3553 3697 656 3647 3585 3628 3628 3596 4061 4061 4061 4061 4061 4061 4061 4061
80 1777384508 3553 3698 655 3648 3585 3627 3627 3596 4061 4061 4060 4060 4060 4060 4060 4060
81 1777384508 3553 3698 655 3648 3585 3627 3627 3595 4061 4061 4060 4060 4060 4060 4060 4060
82 1777384508 3553 3698 655 3648 3586 3628 3628 3596 4061 4061 4061 4061 4061 4061 4061 4061
83 1777384508 3553 3698 655 3647 3585 3627 3627 3596 4063 4063 4062 4062 4062 4062 4062 4062
84 1777384508 3554 3698 656 3648 3586 3628 3628 3596 4063 4063 4062 4062 4062 4062 4062 4062
85 1777384508 3553 3698 656 3648 3585 3628 3628 3596 4061 4061 4061 4061 4061 4061 4061 4061
86 1777384508 3554 3698 655 3649 3586 3628 3628 3596 4061 4061 4061 4061 4061 4061 4061 4061
87 1777384508 3554 3699 655 3649 3586 3628 3628 3596 4063 4062 4062 4062 4062 4062 4062 4062
88 1777384508 3553 3698 655 3648 3585 3627 3626 3595 4061 4061 4060 4060 4060 4060 4060 4060
89 1777384508 3553 3697 656 3647 3585 3627 3627 3595 4061 4061 4061 4061 4061 4061 4061 4061
90 1777384508 3553 3697 655 3647 3585 3627 3627 3595 4061 4061 4061 4061 4061 4061 4061 4061
91 1777384508 3554 3699 655 3649 3587 3628 3629 3596 4063 4063 4062 4062 4062 4062 4062 4062
92 1777384508 3553 3698 655 3648 3586 3628 3628 3596 4061 4061 4061 4061 4061 4061 4061 4061
93 1777384508 3553 3698 655 3648 3586 3628 3628 3596 4063 4063 4062 4062 4062 4062 4062 4062
94 1777384508 3553 3698 655 3648 3585 3628 3628 3596 4063 4062 4062 4062 4062 4062 4062 4062
95 1777384508 3553 3698 656 3647 3585 3628 3628 3595 4061 4061 4061 4061 4061 4061 4061 4061
96 1777384508 3554 3699 655 3648 3585 3627 3627 3595 4061 4061 4061 4061 4061 4061 4061 4061
97 1777384509 3553 3698 655 3648 3585 3627 3628 3596 4063 4063 4062 4062 4062 4062 4062 4062
98 1777384509 3553 3698 655 3648 3586 3628 3628 3596 4061 4061 4060 4060 4060 4060 4060 4060
99 1777384509 3553 3698 655 3648 3585 3628 3628 3596 4063 4063 4062 4062 4062 4062 4062 4062
100 1777384509 3554 3699 656 3648 3586 3628 3628 3597 4061 4061 4061 4061 4061 4061 4061 4061
101 1777384509 3553 3698 656 3648 3586 3628 3628 3596 4061 4061 4061 4061 4061 4061 4061 4061
102 1777384509 3553 3698 655 3647 3586 3628 3627 3596 4061 4061 4061 4061 4061 4061 4061 4061
103 1777384509 3554 3698 656 3648 3585 3628 3628 3596 4061 4061 4061 4061 4061 4061 4061 4061
104 1777384509 3553 3698 655 3648 3586 3628 3628 3595 4063 4063 4062 4062 4062 4062 4062 4062
105 1777384509 3554 3698 655 3648 3585 3627 3627 3596 4061 4061 4061 4061 4061 4061 4061 4061
106 1777384509 3553 3698 655 3648 3585 3627 3627 3595 4061 4061 4061 4061 4061 4061 4061 4061
107 1777384509 3553 3698 656 3647 3585 3627 3628 3595 4061 4061 4061 4061 4061 4061 4061 4061
108 1777384509 3554 3698 655 3648 3586 3627 3628 3596 4061 4061 4061 4061 4061 4061 4061 4061
109 1777384509 3554 3699 656 3649 3586 3629 3628 3596 4061 4061 4061 4061 4061 4061 4061 4061
110 1777384509 3554 3698 656 3648 3585 3628 3628 3597 4061 4061 4061 4061 4061 4061 4061 4061
111 1777384509 3554 3698 656 3647 3585 3628 3628 3596 4061 4061 4061 4061 4061 4061 4061 4061
112 1777384509 3555 3699 655 3648 3587 3629 3628 3597 4061 4061 4060 4060 4060 4060 4060 4060
113 1777384509 3554 3699 655 3649 3586 3628 3629 3597 4059 4059 4059 4059 4059 4059 4059 4059
114 1777384509 3554 3698 656 3648 3586 3628 3628 3596 4061 4061 4061 4061 4061 4061 4061 4061
115 1777384509 3554 3698 655 3648 249 3626 3628 3596 4063 4063 4062 4062 4062 4062 4062 4062
116 1777384509 3555 3699 655 3649 3587 3628 3629 3597 4063 4063 4062 4062 4062 4062 4062 4062
117 1777384509 3554 3698 655 3649 3586 3629 3628 3596 4063 4063 4062 4062 4062 4062 4062 4062
118 1777384509 3554 3699 655 3649 3587 3629 3629 3597 4063 4062 4062 4062 4062 4062 4062 4062
119 1777384509 3554 3699 655 3648 3586 3628 3628 3596 4061 4061 4061 4061 4061 4061 4061 4061
120 1777384509 3554 3699 655 3649 3587 3629 3629 3597 4061 4061 4061 4061 4061 4061 4061 4061
121 1777384509 3554 3699 656 3649 3586 3628 3628 3597 4063 4063 4062 4062 4062 4062 4062 4062
122 1777384509 3555 3699 656 3649 3586 3629 3629 3598 4061 4061 4061 4061 4061 4061 4061 4061
123 1777384509 3555 3700 655 3649 3587 3629 3629 3597 4061 4061 4061 4061 4061 4061 4061 4061
124 1777384509 3553 3698 655 3648 3586 3627 3627 3595 4063 4062 4062 4062 4062 4062 4062 4062
125 1777384509 3554 3699 656 3649 3586 3628 3628 3596 4061 4061 4061 4061 4061 4061 4061 4061
126 1777384509 3554 3699 655 3649 3587 3629 3629 3597 4063 4063 4062 4062 4062 4062 4062 4062
127 1777384509 3553 3698 656 3647 3586 3628 3628 3596 4063 4063 4062 4062 4062 4062 4062 4062
128 1777384509 3556 3700 655 3650 3588 3631 3630 1695 4061 4061 4061 4061 4061 4061 4061 4061
129 1777384509 3553 3698 656 3648 3585 3628 3627 3595 4061 4061 4060 4060 4060 4060 4060 4060
130 1777384509 3555 3700 655 3649 3587 3629 3629 3596 4063 4063 4062 4062 4062 4062 4062 4062
131 1777384517 3552 3696 656 3646 3584 3627 3627 3594 4063 4063 4062 4062 4062 4062 4062 4062
132 1777384517 3553 3697 655 3648 3585 3627 3627 3596 4063 4063 4062 4062 4062 4062 4062 4062
133 1777384517 3554 3698 655 3649 3586 3629 3628 3596 4063 4063 4062 4062 4062 4062 4062 4062
134 1777384517 3553 3697 656 3647 3585 3627 3627 3595 4063 4063 4062 4062 4062 4062 4062 4062
135 1777384517 3553 3698 655 3648 3585 3627 3627 3595 4061 4061 4061 4061 4061 4061 4061 4061
136 1777384517 3554 3699 656 3649 3586 3628 3628 3596 4061 4061 4061 4061 4061 4061 4061 4061
137 1777384517 3553 3697 656 3648 3585 3627 3627 3595 4061 4061 4061 4061 4061 4061 4061 4061
138 1777384517 3555 3699 655 3649 3586 3628 3628 3596 4061 4061 4061 4061 4061 4061 4061 4061
139 1777384517 3554 3698 655 3649 3586 3628 3628 3596 4061 4061 4061 4061 4061 4061 4061 4061
140 1777384517 3554 3698 656 3648 3586 3628 3628 3596 4063 4063 4062 4062 4062 4062 4062 4062
141 1777384517 3553 3698 656 3648 3585 3628 3627 3596 4061 4061 4061 4061 4061 4061 4061 4061
142 1777384517 3554 3698 656 3647 3586 3628 3628 3596 4063 4063 4062 4062 4062 4062 4062 4062
143 1777384517 3554 3698 655 3648 3586 3628 3628 3596 4061 4061 4061 4061 4061 4061 4061 4061
144 1777384517 3553 3698 656 3648 3585 3627 3627 3595 4063 4063 4062 4062 4062 4062 4062 4062
145 1777384517 3554 3699 656 3648 3585 3628 3628 3597 4061 4061 4061 4061 4061 4061 4061 4061
146 1777384517 3554 3698 656 3648 3586 3627 3628 3596 4061 4061 4061 4061 4061 4061 4061 4061
147 1777384517 3555 3699 655 3649 3587 3629 3629 3597 4063 4063 4062 4062 4062 4062 4062 4062
148 1777384517 3554 3698 656 3648 3586 3628 3628 3596 4061 4061 4061 4061 4061 4061 4061 4061
149 1777384517 3554 3698 656 3648 3585 3628 3628 3596 4061 4059 4059 4059 4059 4059 4059 4059
150 1777384517 3553 3698 656 3647 3586 3628 3628 3596 4063 4063 4062 4062 4062 4062 4062 4062
151 1777384517 3554 3698 655 3648 3586 3628 3628 3597 4061 4061 4061 4061 4061 4061 4061 4061
152 1777384517 3554 3698 656 3649 3586 3628 3628 3596 4061 4060 4060 4060 4060 4060 4060 4060
153 1777384517 3554 3699 656 3648 3586 3628 3628 3596 4061 4061 4061 4061 4061 4061 4061 4061
154 1777384517 3553 3698 655 3649 3586 3628 3628 3596 4061 4061 4060 4060 4060 4060 4060 4060
155 1777384517 3554 3698 655 3648 3585 3628 3627 3596 4061 4061 4061 4061 4061 4061 4061 4061
156 1777384517 3554 3699 656 3649 3586 3628 3628 3596 4061 4061 4061 4061 4061 4061 4061 4061
157 1777384517 3555 3699 657 3648 3586 3629 3629 3596 4061 4061 4060 4060 4060 4060 4060 4060
158 1777384517 3554 3698 656 3648 3586 3628 3628 3596 4059 4059 4059 4059 4059 4059 4059 4059
159 1777384517 3554 3699 656 3648 3586 3628 3628 3596 4061 4061 4061 4061 4061 4061 4061 4061
160 1777384517 3554 3698 656 3649 3587 3628 3628 3597 4061 4061 4060 4060 4060 4060 4060 4060
161 1777384517 3554 3699 656 3648 3585 3628 3628 3596 4061 4061 4061 4061 4061 4061 4061 4061
162 1777384517 3554 3698 656 3648 3586 3628 3628 3596 4061 4061 4061 4061 4061 4061 4061 4061
163 1777384517 3553 3698 656 3648 3585 3627 3627 3596 4063 4062 4062 4062 4062 4062 4062 4062
164 1777384517 3554 3699 656 3649 3587 3629 3629 3597 4061 4061 4061 4061 4061 4061 4061 4061
165 1777384517 3553 3699 655 3648 3586 3628 3628 3596 4063 4063 4062 4062 4062 4062 4062 4062
166 1777384517 3554 3699 656 3649 3587 3629 3629 3597 4063 4063 4062 4062 4062 4062 4062 4062
167 1777384517 3554 3699 655 3649 3586 3629 3628 3596 4063 4063 4062 4062 4062 4062 4062 4062
168 1777384517 3554 3698 656 3649 3586 3628 3628 3597 4063 4061 4061 4061 4061 4061 4061 4061
169 1777384517 3554 3699 656 3649 3586 3628 3628 3596 4063 4063 4062 4062 4062 4062 4062 4062
170 1777384517 3555 3700 656 3649 3587 3629 3629 3597 4061 4061 4061 4061 4061 4061 4061 4061
171 1777384517 3554 3699 656 3649 3587 3628 3628 3596 4061 4061 4061 4061 4061 4061 4061 4061
172 1777384517 3554 3699 655 3649 3586 3628 3629 3597 4063 4063 4062 4062 4062 4062 4062 4062
173 1777384517 3554 3699 656 3648 3587 3629 3629 3597 4061 4061 4061 4061 4061 4061 4061 4061
174 1777384517 3553 3697 654 3647 3584 3626 3626 3594 4063 4063 4062 4062 4062 4062 4062 4062
175 1777384517 3552 3697 654 3646 3585 3626 3627 3594 4061 4061 4061 4061 4061 4061 4061 4061
176 1777384517 3553 3696 654 3646 3584 3626 3627 3595 4061 4061 4060 4060 4060 4060 4060 4060
177 1777384517 3553 3697 654 3647 3585 3627 3627 3595 4063 4062 4062 4062 4062 4062 4062 4062
178 1777384517 3553 3697 654 3647 3585 3627 3627 3595 4061 4061 4060 4060 4060 4060 4060 4060
179 1777384517 3553 3697 654 3647 3585 3627 3627 3595 4063 4063 4062 4062 4062 4062 4062 4062
180 1777384517 3553 3698 654 3648 3585 3627 3627 3595 4063 4061 4061 4061 4061 4061 4061 4061
181 1777384517 3553 3698 654 3648 3585 3627 3627 3594 4063 4061 4061 4061 4061 4061 4061 4061
182 1777384517 3553 3697 654 3647 3585 3627 3627 3594 4061 4061 4061 4061 4061 4061 4061 4061
183 1777384517 3553 3697 655 3648 3585 3627 3627 3595 4061 4061 4061 4061 4061 4061 4061 4061
184 1777384517 3553 3697 654 3647 3585 3626 3626 3594 4061 4061 4061 4061 4061 4061 4061 4061
185 1777384517 3553 3697 654 3647 3585 3626 3627 3595 4059 4059 4059 4059 4059 4059 4059 4059
186 1777384517 3553 3697 654 3647 3584 3627 3627 3595 4063 4063 4062 4062 4062 4062 4062 4062
187 1777384517 3553 3697 654 3647 3585 3627 3627 3595 4061 4061 4060 4060 4060 4060 4060 4060
188 1777384518 3552 3697 654 3646 3584 3626 3626 3594 4061 4061 4061 4061 4061 4061 4061 4061
189 1777384518 3553 3697 654 3647 3585 3626 3627 3595 4061 4061 4061 4061 4061 4061 4061 4061
190 1777384518 3554 3698 654 3647 3586 3627 3627 3595 4061 4061 4061 4061 4061 4061 4061 4061
191 1777384518 3554 3698 655 3648 3585 3627 3627 3596 4057 4057 4056 4056 4056 4056 4056 4056
192 1777384518 3554 3698 654 3648 3585 3627 3627 3596 4063 4063 4062 4062 4062 4062 4062 4062
193 1777384518 3552 3697 653 3646 3584 3625 3626 3594 4061 4061 4060 4060 4060 4060 4060 4060
194 1777384518 3553 3698 655 3647 3584 3627 3627 3595 4063 4063 4062 4062 4062 4062 4062 4062
195 1777384518 3553 3698 654 3648 3585 3627 3627 3595 4063 4063 4062 4062 4062 4062 4062 4062
196 1777384518 3553 3697 654 3647 3585 3627 3627 3595 4063 4063 4062 4062 4062 4062 4062 4062
197 1777384518 3554 3698 654 3648 3585 3628 3627 3595 4061 4061 4061 4061 4061 4061 4061 4061
198 1777384518 3553 3697 654 3647 3585 3627 3628 3595 4061 4061 4061 4061 4061 4061 4061 4061
199 1777384518 3552 3697 654 3646 3584 3626 3626 3594 4063 4061 4061 4061 4061 4061 4061 4061
200 1777384518 3552 3697 654 3647 3584 3626 3626 3594 4061 4061 4061 4061 4061 4061 4061 4061
201 1777384518 3553 3698 654 3648 3585 3627 3627 3595 4061 4061 4061 4061 4061 4061 4061 4061
202 1777384518 3553 3697 654 3647 3584 3626 3627 3595 4061 4061 4061 4061 4061 4061 4061 4061
203 1777384518 3553 3698 654 3647 3585 3627 3627 3595 4063 4063 4062 4062 4062 4062 4062 4062
204 1777384518 3553 3697 654 3648 3585 3627 3627 3595 4061 4061 4061 4061 4061 4061 4061 4061
205 1777384518 3553 3697 655 3647 3585 3627 3627 3595 4063 4063 4062 4062 4062 4062 4062 4062
206 1777384518 3553 3697 655 3647 3584 3626 3627 3595 4061 4061 4060 4060 4060 4060 4060 4060
207 1777384518 3552 3696 655 3646 3584 3627 3627 3595 4061 4061 4061 4061 4061 4061 4061 4061
208 1777384518 3552 3697 654 3647 3584 3626 3626 3594 4061 4061 4061 4061 4061 4061 4061 4061
209 1777384518 3553 3697 654 3648 3585 3627 3627 3595 4061 4060 4060 4060 4060 4060 4060 4060
210 1777384518 3553 3698 655 3647 3585 3627 3628 3595 4063 4063 4062 4062 4062 4062 4062 4062
211 1777384518 3553 3697 654 3647 3585 3627 3627 3595 4063 4063 4062 4062 4062 4062 4062 4062
212 1777384518 3552 3697 654 3646 3584 3626 3626 3594 4061 4061 4060 4060 4060 4060 4060 4060
213 1777384518 3553 3697 655 3647 3585 3627 3627 3595 4061 4061 4060 4060 4060 4060 4060 4060
214 1777384518 3553 3697 655 3647 3585 3627 3627 3595 4061 4061 4060 4060 4060 4060 4060 4060
215 1777384518 3553 3698 654 3648 3586 3627 3628 3596 4061 4061 4061 4061 4061 4061 4061 4061
216 1777384518 3554 3698 654 3648 3586 3628 3627 3595 4063 4063 4062 4062 4062 4062 4062 4062
217 1777384518 3553 3697 654 3648 3585 3627 3627 3596 4061 4061 4061 4061 4061 4061 4061 4061
218 1777384518 3552 3696 655 3646 3584 3626 3627 3595 4063 4063 4062 4062 4062 4062 4062 4062
219 1777384518 3553 3697 654 3647 3584 3627 3627 3595 4061 4061 4061 4061 4061 4061 4061 4061
220 1777384518 3554 3698 655 3648 3585 3628 3627 3595 4063 4063 4062 4062 4062 4062 4062 4062
221 1777384518 3554 3698 655 3648 3585 3627 3627 3596 4061 4061 4061 4061 4061 4061 4061 4061
222 1777384518 3553 3697 654 3647 3584 3627 3627 3595 4061 4061 4061 4061 4061 4061 4061 4061
223 1777384518 3553 3697 655 3646 3585 3627 3627 3595 4063 4063 4062 4062 4062 4062 4062 4062
224 1777384518 3553 3698 654 3648 3585 3628 3628 3595 4061 4061 4061 4061 4061 4061 4061 4061
225 1777384518 3553 3697 654 3648 3585 3627 3627 3595 4063 4063 4062 4062 4062 4062 4062 4062
226 1777384518 3552 3698 654 3647 3585 3628 3628 3595 4061 4061 4061 4061 4061 4061 4061 4061
227 1777384518 3553 3697 655 3648 3585 3627 3628 3595 4063 4063 4062 4062 4062 4062 4062 4062
228 1777384518 3554 3698 654 3648 3585 3627 3627 3595 4063 4063 4062 4062 4062 4062 4062 4062
229 1777384518 3553 3698 654 3647 3585 3627 3627 3595 4063 4062 4062 4062 4062 4062 4062 4062
230 1777384518 3554 3698 654 3647 3585 3627 3627 3596 4063 4061 4061 4061 4061 4061 4061 4061
231 1777384518 3553 3697 654 3647 3584 3627 3627 3595 4061 4061 4060 4060 4060 4060 4060 4060
232 1777384518 3553 3698 654 3647 3585 3627 3627 3595 4061 4061 4060 4060 4060 4060 4060 4060
233 1777384518 3553 3697 655 3647 3585 3627 3627 3595 4061 4061 4061 4061 4061 4061 4061 4061
234 1777384518 3553 3697 655 3647 3585 3627 3628 3595 4061 4061 4060 4060 4060 4060 4060 4060
235 1777384518 3553 3698 655 3647 3585 3627 3627 3595 4061 4061 4061 4061 4061 4061 4061 4061
236 1777384518 3553 3697 654 3647 3585 3627 3627 3595 4063 4063 4062 4062 4062 4062 4062 4062
237 1777384518 3553 3697 655 3647 3585 3627 3627 3595 4061 4061 4060 4060 4060 4060 4060 4060
238 1777384518 3553 3698 654 3647 3585 3628 3628 3596 4063 4063 4062 4062 4062 4062 4062 4062
239 1777384518 3553 3698 655 3648 3585 3628 3627 3595 4059 4059 4059 4059 4059 4059 4059 4059
240 1777384518 3553 3698 654 3648 3586 3628 3628 3596 4061 4061 4061 4061 4061 4061 4061 4061
241 1777384518 3553 3698 654 3648 3585 3627 3627 3595 4063 4063 4062 4062 4062 4062 4062 4062
242 1777384518 3553 3698 655 3648 3586 3628 3628 3595 4063 4063 4062 4062 4062 4062 4062 4062
243 1777384518 3552 3697 654 3647 3585 3627 3627 3594 4063 4063 4062 4062 4062 4062 4062 4062
244 1777384518 3553 3698 654 3648 3585 3627 3628 3595 4061 4061 4060 4060 4060 4060 4060 4060
245 1777384518 3553 3698 655 3648 3585 3627 3627 3595 4061 4061 4061 4061 4061 4061 4061 4061
246 1777384518 3554 3698 655 3647 3585 3628 3628 3596 4061 4061 4061 4061 4061 4061 4061 4061
247 1777384518 3553 3698 655 3647 3585 3627 3628 3596 4063 4062 4062 4062 4062 4062 4062 4062
248 1777384518 3553 3697 655 3647 3585 3627 3627 3596 4061 4061 4061 4061 4061 4061 4061 4061
249 1777384518 3553 3697 655 3648 3585 3627 3627 3595 4061 4060 4060 4060 4060 4060 4060 4060
250 1777384518 3552 3696 655 3647 3584 3626 3626 3594 4061 4061 4060 4060 4060 4060 4060 4060
251 1777384518 3553 3697 655 3647 3585 3627 3627 3595 4061 4061 4060 4060 4060 4060 4060 4060
252 1777384518 3553 3698 655 3648 3585 3627 3627 3595 4061 4061 4061 4061 4061 4061 4061 4061
253 1777384518 3553 3698 655 3648 3585 3627 3628 3596 4061 4061 4061 4061 4061 4061 4061 4061
254 1777384518 3554 3699 655 3648 3586 3628 3628 3595 4061 4061 4061 4061 4061 4061 4061 4061
255 1777384518 3554 3698 655 3648 3586 3627 3628 3595 4061 4061 4061 4061 4061 4061 4061 4061
256 1777384518 3554 3699 655 3648 421 3626 3628 3597 4061 4061 4060 4060 4060 4060 4060 4060
257 1777384518 3553 3697 654 3647 3585 3627 3626 3595 4063 4063 4062 4062 4062 4062 4062 4062
258 1777384518 3553 3698 655 3647 3585 3627 3627 3595 4061 4061 4061 4061 4061 4061 4061 4061
259 1777384518 3554 3698 655 3648 3586 3627 3627 3596 4059 4059 4059 4059 4059 4059 4059 4059
260 1777384518 3552 3697 655 3648 3585 3627 3626 3595 4063 4063 4062 4062 4062 4062 4062 4062
261 1777384518 3553 3698 655 3647 3585 3626 3627 3595 4061 4061 4061 4061 4061 4061 4061 4061
262 1777384526 3552 3696 655 3646 3584 3625 3625 3593 4061 4061 4061 4061 4061 4061 4061 4061
263 1777384526 3553 3698 655 3647 3585 3626 3627 3595 4061 4061 4061 4061 4061 4061 4061 4061
264 1777384526 3552 3697 655 3646 3584 3627 3627 3595 4063 4063 4062 4062 4062 4062 4062 4062
265 1777384526 3553 3698 655 3647 3585 3627 3628 3595 4063 4063 4062 4062 4062 4062 4062 4062
266 1777384526 3553 3697 655 3647 3585 3627 3627 3595 4061 4061 4061 4061 4061 4061 4061 4061
267 1777384526 3552 3697 655 3647 3584 3626 3626 3594 4061 4061 4061 4061 4061 4061 4061 4061
268 1777384526 3552 3697 654 3646 3584 3626 3626 3594 4061 4061 4061 4061 4061 4061 4061 4061
269 1777384526 3553 3698 655 3647 3585 3626 3627 3595 4063 4063 4062 4062 4062 4062 4062 4062
270 1777384526 3552 3697 655 3646 3584 3626 3626 3594 4061 4061 4060 4060 4060 4060 4060 4060
271 1777384526 3553 3698 654 3647 3585 3627 3627 3595 4061 4061 4061 4061 4061 4061 4061 4061
272 1777384526 3554 3698 655 3648 3586 3628 3628 3595 4061 4061 4061 4061 4061 4061 4061 4061
273 1777384526 3553 3697 654 3647 3584 3626 3627 3595 4061 4061 4061 4061 4061 4061 4061 4061
274 1777384526 3553 3698 655 3648 3586 3628 3628 3596 4061 4061 4061 4061 4061 4061 4061 4061
275 1777384526 3552 3697 655 3647 3584 3626 3627 3595 4061 4061 4060 4060 4060 4060 4060 4060
276 1777384526 3553 3698 655 3648 3585 3627 3628 3595 4061 4061 4060 4060 4060 4060 4060 4060
277 1777384526 3552 3697 655 3647 3584 3627 3627 3595 4061 4061 4061 4061 4061 4061 4061 4061
278 1777384526 3552 3697 655 3646 3584 3626 3626 3595 4061 4061 4061 4061 4061 4061 4061 4061
279 1777384527 3554 3699 655 3648 3586 3627 3628 3596 4063 4063 4062 4062 4062 4062 4062 4062
280 1777384527 3553 3698 655 3648 3585 3627 3628 3596 4063 4063 4062 4062 4062 4062 4062 4062
281 1777384527 3553 3698 655 3648 3586 3628 3627 3596 4061 4061 4061 4061 4061 4061 4061 4061
282 1777384527 3554 3698 655 3648 3585 3628 3628 3596 4063 4063 4062 4062 4062 4062 4062 4062
283 1777384527 3553 3698 655 3648 3585 3627 3628 3596 4063 4061 4061 4061 4061 4061 4061 4061
284 1777384527 3553 3697 657 3647 3584 3627 3627 3595 4063 4063 4062 4062 4062 4062 4062 4062
285 1777384527 3553 3698 656 3647 3585 3627 3627 3595 4061 4061 4061 4061 4061 4061 4061 4061
286 1777384527 3553 3697 655 3647 3585 3627 3627 3596 4061 4061 4061 4061 4061 4061 4061 4061
287 1777384527 3553 3697 655 3647 3585 3627 3627 3595 4063 4063 4062 4062 4062 4062 4062 4062
288 1777384527 3553 3698 655 3648 3585 3628 3628 3595 4063 4063 4062 4062 4062 4062 4062 4062
289 1777384527 3554 3698 655 3648 3586 3628 3627 3596 4061 4061 4060 4060 4060 4060 4060 4060
290 1777384527 3553 3697 655 3647 3585 3627 3627 3595 4061 4061 4061 4061 4061 4061 4061 4061
291 1777384527 3552 3697 655 3647 3585 3627 3627 3595 4061 4061 4060 4060 4060 4060 4060 4060
292 1777384527 3553 3698 655 3648 3585 3627 3628 3596 4061 4061 4060 4060 4060 4060 4060 4060
293 1777384527 3554 3699 655 3648 3586 3628 3629 3596 4061 4061 4061 4061 4061 4061 4061 4061
294 1777384527 3553 3698 655 3648 3585 3627 3627 3595 4061 4061 4061 4061 4061 4061 4061 4061
295 1777384527 3554 3698 655 3648 3586 3628 3628 3596 4061 4061 4061 4061 4061 4061 4061 4061
296 1777384527 3554 3698 655 3648 3586 3628 3628 3596 4061 4061 4061 4061 4061 4061 4061 4061
297 1777384527 3553 3698 655 3647 3586 3627 3628 3596 4061 4061 4061 4061 4061 4061 4061 4061
298 1777384527 3552 3697 655 3647 3584 3627 3626 3595 4061 4061 4060 4060 4060 4060 4060 4060
299 1777384527 3554 3699 655 3649 3586 3628 3629 3597 4061 4061 4061 4061 4061 4061 4061 4061
300 1777384527 3553 3697 655 3648 3585 3627 3627 3595 4063 4063 4062 4062 4062 4062 4062 4062
301 1777384527 3555 3699 655 3649 3586 3628 3628 3596 4063 4063 4062 4062 4062 4062 4062 4062
302 1777384527 3554 3699 655 3648 3586 3628 3628 3596 4063 4063 4062 4062 4062 4062 4062 4062
303 1777384527 3554 3698 655 3648 3585 3627 3628 3596 4061 4061 4061 4061 4061 4061 4061 4061
304 1777384527 3554 3699 655 3648 3586 3629 3629 3597 4061 4061 4061 4061 4061 4061 4061 4061
305 1777384527 3553 3698 655 3648 3586 3628 3628 3596 4063 4063 4062 4062 4062 4062 4062 4062
306 1777384527 3554 3699 655 3649 3586 3628 3628 3596 4061 4061 4061 4061 4061 4061 4061 4061
307 1777384527 3554 3698 655 3648 3585 3627 3627 3595 4061 4061 4061 4061 4061 4061 4061 4061
308 1777384527 3554 3699 655 3648 3586 3628 3628 3596 4061 4061 4061 4061 4061 4061 4061 4061
309 1777384527 3553 3698 655 3648 3586 3628 3628 3596 4063 4063 4062 4062 4062 4062 4062 4062
310 1777384527 3554 3698 655 3648 3585 3627 3627 3596 4061 4061 4061 4061 4061 4061 4061 4061
311 1777384527 3553 3698 655 3648 3585 3627 3627 3595 4061 4061 4061 4061 4061 4061 4061 4061
312 1777384527 3554 3698 655 3648 3585 3627 3627 3595 4061 4061 4061 4061 4061 4061 4061 4061
313 1777384527 3554 3700 656 3649 3586 3628 3629 3597 4061 4061 4060 4060 4060 4060 4060 4060
314 1777384527 3553 3699 655 3648 3586 3628 3628 3596 4063 4063 4062 4062 4062 4062 4062 4062
315 1777384527 3553 3698 654 3648 3586 3628 3628 3595 4061 4061 4061 4061 4061 4061 4061 4061
316 1777384527 3554 3698 655 3648 3585 3628 3628 3596 4061 4061 4061 4061 4061 4061 4061 4061
317 1777384527 3554 3698 655 3648 3586 3628 3628 3595 4063 4063 4062 4062 4062 4062 4062 4062
318 1777384535 3553 3697 655 3647 3585 3626 3626 3595 4063 4063 4062 4062 4062 4062 4062 4062
319 1777384535 3554 3699 655 3647 3585 3627 3627 3595 4063 4063 4062 4062 4062 4062 4062 4062
320 1777384535 3553 3698 655 3647 3585 3628 3628 3596 834 4061 4061 4061 4061 4061 4061 4061
321 1777384535 3555 3698 655 25 3584 3628 3628 3596 4061 4061 4060 4060 4060 4060 4060 4060
322 1777384535 3552 3697 655 3647 3584 3626 3626 3595 4061 4060 4060 4060 4060 4060 4060 4060
323 1777384535 3554 3699 655 3648 3586 3628 3628 3596 4063 4063 4062 4062 4062 4062 4062 4062
324 1777384535 3553 3698 656 3647 3586 3628 3628 3596 4061 4061 4061 4061 4061 4061 4061 4061
325 1777384535 3552 3697 655 3647 3585 3626 3627 3595 4061 4060 4060 4060 4060 4060 4060 4060
326 1777384535 3553 3698 656 3647 3585 3627 3627 3595 4061 4061 4061 4061 4061 4061 4061 4061
327 1777384535 3553 3697 655 3648 3585 3627 3627 3595 4063 4061 4061 4061 4061 4061 4061 4061
328 1777384535 3553 3698 655 3648 3586 3627 3628 3595 4063 4062 4062 4062 4062 4062 4062 4062
329 1777384535 3553 3698 655 3648 3586 3627 3628 3595 4061 4061 4061 4061 4061 4061 4061 4061
330 1777384535 3553 3698 655 3647 3585 3627 3627 3595 4063 4062 4062 4062 4062 4062 4062 4062
331 1777384535 3554 3698 656 3648 3586 3628 3628 3596 4061 4061 4061 4061 4061 4061 4061 4061
332 1777384535 3553 3698 656 3647 3585 3627 3628 3595 4059 4059 4059 4059 4059 4059 4059 4059
333 1777384535 3554 3698 655 3648 3586 3628 3627 3596 4061 4061 4061 4061 4061 4061 4061 4061
334 1777384535 3553 3698 656 3648 3585 3627 3627 3595 4063 4063 4062 4062 4062 4062 4062 4062
335 1777384535 3554 3699 655 3648 3587 3628 3628 3597 4061 4061 4061 4061 4061 4061 4061 4061
336 1777384535 3553 3698 655 3648 3585 3627 3628 3596 4061 4061 4061 4061 4061 4061 4061 4061
337 1777384535 3553 3697 655 3648 3585 3627 3627 3595 4063 4063 4062 4062 4062 4062 4062 4062
338 1777384535 3553 3698 656 3648 3586 3628 3628 3596 4063 4063 4062 4062 4062 4062 4062 4062
339 1777384535 3553 3699 655 3648 3586 3628 3628 3596 4061 4061 4060 4060 4060 4060 4060 4060
340 1777384535 3553 3698 656 3648 3586 3628 3628 3596 4061 4061 4061 4061 4061 4061 4061 4061
341 1777384535 3553 3697 656 3647 3585 3627 3627 3596 4063 4063 4062 4062 4062 4062 4062 4062
342 1777384535 3554 3699 655 3649 3587 3628 3629 3597 4063 4063 4062 4062 4062 4062 4062 4062
343 1777384535 3553 3698 655 3648 3586 3627 3627 3595 4063 4063 4062 4062 4062 4062 4062 4062
344 1777384535 3554 3698 655 3648 3585 3627 3628 3596 4061 4061 4061 4061 4061 4061 4061 4061
345 1777384535 3554 3699 656 3648 3586 3628 3628 3596 4063 4062 4062 4062 4062 4062 4062 4062
346 1777384535 3554 3698 655 3648 3585 3627 3627 3595 4061 4061 4061 4061 4061 4061 4061 4061
347 1777384535 3553 3698 655 3648 3585 3627 3627 3595 4061 4061 4060 4060 4060 4060 4060 4060
348 1777384535 3553 3697 656 3647 3585 3628 3627 3596 4061 4061 4061 4061 4061 4061 4061 4061
349 1777384535 3554 3699 655 3648 3586 3628 3628 3595 4063 4063 4062 4062 4062 4062 4062 4062
350 1777384535 3555 3699 655 3649 3586 3629 3628 3597 4061 4061 4060 4060 4060 4060 4060 4060
351 1777384535 3553 3699 655 3648 3585 3627 3627 3595 4061 4061 4061 4061 4061 4061 4061 4061
352 1777384535 3555 3699 655 3649 3587 3629 3629 3597 4063 4063 4062 4062 4062 4062 4062 4062
353 1777384535 3554 3698 655 3648 3586 3628 3628 3596 4061 4061 4061 4061 4061 4061 4061 4061
354 1777384535 3554 3699 655 3649 3586 3628 3628 3596 4061 4061 4061 4061 4061 4061 4061 4061
355 1777384535 3553 3698 655 3648 3586 3628 3628 3596 4063 4063 4062 4062 4062 4062 4062 4062
356 1777384535 3554 3699 655 3649 3586 3628 3628 3596 4063 4063 4062 4062 4062 4062 4062 4062
357 1777384535 3554 3698 655 3648 3586 3628 3628 3596 4063 4062 4062 4062 4062 4062 4062 4062
358 1777384535 3554 3698 656 3648 3586 3628 3628 3596 4061 4061 4061 4061 4061 4061 4061 4061
359 1777384535 3553 3698 655 3648 3586 3628 3628 3596 4063 4063 4062 4062 4062 4062 4062 4062
360 1777384535 3554 3698 656 3649 3586 3628 3628 3596 4061 4060 4060 4060 4060 4060 4060 4060
361 1777384535 3555 3699 655 3649 3587 3628 3629 3597 4061 4061 4061 4061 4061 4061 4061 4061
362 1777384535 3554 3698 655 3649 3586 3628 3628 3596 4063 4063 4062 4062 4062 4062 4062 4062
363 1777384535 3555 3699 655 3648 3586 3628 3629 3596 4063 4063 4062 4062 4062 4062 4062 4062
364 1777384535 3555 3699 656 3649 3587 3629 3630 3597 4061 4061 4061 4061 4061 4061 4061 4061
365 1777384535 3554 3698 655 3648 3586 3628 3628 3596 4061 4061 4061 4061 4061 4061 4061 4061
366 1777384535 3554 3698 656 3648 3586 3628 3628 3596 4061 4061 4061 4061 4061 4061 4061 4061
367 1777384535 3554 3699 655 3649 3586 3628 3629 3596 4063 4061 4061 4061 4061 4061 4061 4061
368 1777384535 3554 3699 655 3649 3586 3628 3628 3596 4061 4061 4061 4061 4061 4061 4061 4061
369 1777384535 3555 3699 655 3649 3587 3629 3630 3598 4062 4063 4062 4062 4062 4062 4062 4062
370 1777384535 3554 3699 656 3649 3586 3628 3628 3597 4061 4061 4061 4061 4061 4061 4061 4061
371 1777384536 3554 3699 655 3648 3587 3628 3629 3596 4061 4061 4061 4061 4061 4061 4061 4061
372 1777384536 3555 3700 656 3649 3587 3629 3629 3597 4061 4060 4060 4060 4060 4060 4060 4060
373 1777384536 3554 3698 656 3648 3586 3628 3628 3597 4061 4061 4061 4061 4061 4061 4061 4061
374 1777384536 3554 3699 655 3648 3586 3628 3628 3596 4063 4063 4062 4062 4062 4062 4062 4062
375 1777384536 3554 3699 656 3649 3586 3628 3628 3596 4063 4063 4062 4062 4062 4062 4062 4062
376 1777384536 3554 3699 655 3649 3587 3629 3629 3597 4061 4061 4060 4060 4060 4060 4060 4060
377 1777384536 3555 3699 656 3648 3586 3628 3629 3597 4061 4061 4061 4061 4061 4061 4061 4061
378 1777384536 3554 3698 656 3648 3585 3628 3628 3596 4061 4061 4061 4061 4061 4061 4061 4061
379 1777384536 3555 3700 655 3650 3587 3629 3629 3597 4059 4058 4058 4058 4058 4058 4058 4058
380 1777384536 3555 3700 656 3650 3587 3629 3629 3598 4061 4061 4061 4061 4061 4061 4061 4061
381 1777384536 3554 3699 656 3649 3586 3629 3628 3596 4061 4061 4061 4061 4061 4061 4061 4061
382 1777384536 3555 3700 656 3649 3587 3629 3629 3597 4061 4061 4060 4060 4060 4060 4060 4060
383 1777384536 3555 3700 655 3649 3587 3629 3629 3597 4063 4063 4062 4062 4062 4062 4062 4062
384 1777384536 3554 3698 656 3649 3586 3628 3628 3596 4061 4061 4060 4060 4060 4060 4060 4060
385 1777384536 3555 3699 655 3650 3587 3629 3629 3597 4061 4061 4061 4061 4061 4061 4061 4061
386 1777384536 3554 3698 656 3648 3586 3628 3629 3596 4063 4061 4061 4061 4061 4061 4061 4061
387 1777384536 3554 3699 656 3649 3586 3629 3629 3597 4063 4063 4062 4062 4062 4062 4062 4062
388 1777384536 3555 3700 655 3650 3588 3630 3630 3598 4061 4061 4061 4061 4061 4061 4061 4061
389 1777384536 3554 3698 655 3648 3586 3628 3628 3596 4061 4061 4061 4061 4061 4061 4061 4061
390 1777384536 3554 3699 656 3649 3587 3629 3629 3597 4061 4061 4061 4061 4061 4061 4061 4061
391 1777384536 3555 3699 656 3649 3587 3629 3629 3597 4061 4061 4060 4060 4060 4060 4060 4060
392 1777384536 3555 3700 656 3649 3586 3629 3629 3596 4061 4061 4061 4061 4061 4061 4061 4061
393 1777384536 3554 3698 656 3649 3586 3628 3628 3596 4061 4061 4061 4061 4061 4061 4061 4061
394 1777384536 3555 3699 655 3649 3587 3628 3628 3597 4061 4061 4061 4061 4061 4061 4061 4061
395 1777384536 3555 3700 656 3648 3586 3629 3629 3597 4063 4063 4062 4062 4062 4062 4062 4062
396 1777384536 3554 3699 656 3648 3586 3628 3628 3596 4063 4063 4062 4062 4062 4062 4062 4062
397 1777384536 3554 3699 656 3648 3587 3628 3629 3597 4061 4061 4061 4061 4061 4061 4061 4061
398 1777384536 3555 3700 656 3650 3588 3630 3629 3598 4061 4061 4061 4061 4061 4061 4061 4061
399 1777384536 3555 3699 656 3650 3588 3629 3630 3597 4061 4061 4061 4061 4061 4061 4061 4061
400 1777384536 3555 3700 656 3649 3587 3629 3629 3597 4063 4063 4062 4062 4062 4062 4062 4062
401 1777384536 3555 3699 656 3649 3587 3629 3629 3597 4063 4063 4062 4062 4062 4062 4062 4062
402 1777384536 3554 3699 655 3649 3586 3629 3628 3597 4063 4063 4062 4062 4062 4062 4062 4062
403 1777384536 3555 3700 655 3650 3588 3629 3630 3598 4061 4061 4060 4060 4060 4060 4060 4060
404 1777384536 3556 3700 656 3650 3588 3629 3630 3598 4061 4061 4061 4061 4061 4061 4061 4061
405 1777384536 3554 3699 656 3648 3586 3628 3629 3597 4063 4062 4062 4062 4062 4062 4062 4062
406 1777384536 3554 3698 656 3649 3587 3629 3629 3597 4061 4060 4060 4060 4060 4060 4060 4060
407 1777384536 3555 3699 655 3649 3587 3629 3629 3596 4061 4061 4061 4061 4061 4061 4061 4061
408 1777384536 3554 3699 656 3649 3587 3628 3629 3597 4063 4062 4062 4062 4062 4062 4062 4062
409 1777384536 3554 3699 656 3648 3586 3629 3629 3597 4063 4062 4062 4062 4062 4062 4062 4062
410 1777384536 3554 3699 656 3649 3587 3629 3629 3597 4061 4060 4060 4060 4060 4060 4060 4060
411 1777384536 3555 3699 657 3649 3587 3629 3629 3597 4063 4062 4062 4062 4062 4062 4062 4062
412 1777384536 3555 3700 656 3650 3587 3629 3629 3597 4061 4061 4061 4061 4061 4061 4061 4061
413 1777384536 3555 3699 656 3650 3587 3629 3629 3597 4063 4062 4062 4062 4062 4062 4062 4062
414 1777384536 3554 3699 655 3649 3587 3628 3628 3597 4063 4063 4062 4062 4062 4062 4062 4062
415 1777384536 3555 3699 656 3648 3586 3628 3629 3597 4061 4061 4060 4060 4060 4060 4060 4060
416 1777384536 3554 3699 656 3649 3587 3629 3628 3596 4061 4061 4061 4061 4061 4061 4061 4061
417 1777384536 3555 3699 656 3649 3587 3629 3630 3597 4061 4061 4060 4060 4060 4060 4060 4060
418 1777384536 3555 3699 656 3649 3587 3629 3628 3597 4063 4061 4061 4061 4061 4061 4061 4061
419 1777384536 3556 3700 656 3650 3588 3630 3630 3598 4063 4063 4062 4062 4062 4062 4062 4062
420 1777384536 3554 3699 656 3649 3586 3628 3628 3596 4061 4061 4061 4061 4061 4061 4061 4061
421 1777384536 3555 3700 656 3650 3587 3629 3629 3598 4061 4061 4061 4061 4061 4061 4061 4061
422 1777384536 3555 3699 656 3649 3586 3628 3628 3596 4061 4061 4061 4061 4061 4061 4061 4061
423 1777384536 3554 3699 656 3648 3586 3628 3628 3596 4061 4061 4060 4060 4060 4060 4060 4060
424 1777384536 3556 3701 656 3651 3589 3630 3630 3599 4061 4061 4061 4061 4061 4061 4061 4061
425 1777384536 3555 3699 656 3650 3587 3629 3629 3597 4063 4062 4062 4062 4062 4062 4062 4062
426 1777384536 3555 3699 656 3649 3587 3629 3629 3597 4061 4061 4060 4060 4060 4060 4060 4060
427 1777384536 3555 3700 656 3648 3587 3629 3630 3597 4063 4063 4062 4062 4062 4062 4062 4062
428 1777384536 3554 3698 654 3647 3586 3628 3628 3596 4063 4063 4062 4062 4062 4062 4062 4062
429 1777384536 3554 3698 655 3648 3586 3628 3628 3596 4061 4061 4061 4061 4061 4061 4061 4061
430 1777384536 3553 3698 654 3648 3585 3627 3627 3596 4063 4063 4062 4062 4062 4062 4062 4062
431 1777384536 3553 3697 655 3647 3585 3627 3627 3595 4061 4061 4060 4060 4060 4060 4060 4060
432 1777384536 3553 3698 655 3647 3585 3627 3627 3595 4061 4061 4061 4061 4061 4061 4061 4061
433 1777384536 3554 3699 654 3648 3586 3628 3628 3596 4063 4063 4062 4062 4062 4062 4062 4062
434 1777384536 3553 3698 654 3647 3585 3627 3627 3595 4061 4061 4061 4061 4061 4061 4061 4061
435 1777384536 3553 3698 654 3648 3586 3628 3628 3596 4063 4061 4061 4061 4061 4061 4061 4061
436 1777384536 3553 3698 654 3647 3585 3627 3627 3595 4063 4063 4062 4062 4062 4062 4062 4062
437 1777384536 3554 3698 655 3648 3586 3628 3627 3596 4061 4060 4060 4060 4060 4060 4060 4060
438 1777384536 3553 3698 654 3647 3584 3627 3627 3595 4063 4063 4062 4062 4062 4062 4062 4062
439 1777384536 3553 3698 654 3648 3585 3628 3627 3595 4063 4063 4062 4062 4062 4062 4062 4062
440 1777384536 3554 3698 654 3648 3585 3627 3628 3595 4061 4060 4060 4060 4060 4060 4060 4060
441 1777384536 3553 3697 655 3648 3585 3627 3627 3595 4061 4061 4061 4061 4061 4061 4061 4061
442 1777384536 3554 3698 654 3648 3585 3627 3627 3595 4063 4062 4062 4062 4062 4062 4062 4062
443 1777384536 3553 3698 654 3647 3585 3627 3627 3596 4061 4061 4061 4061 4061 4061 4061 4061
444 1777384536 3553 3698 654 3647 3585 3627 3627 3595 4061 4061 4061 4061 4061 4061 4061 4061
445 1777384536 3554 3699 654 3648 3585 3627 3628 3595 4061 4061 4061 4061 4061 4061 4061 4061
446 1777384537 3553 3698 654 3648 3585 3627 3628 3595 4063 4062 4062 4062 4062 4062 4062 4062
447 1777384537 3554 3698 654 3648 3585 3628 3628 3596 4063 4063 4062 4062 4062 4062 4062 4062
448 1777384537 3553 3697 654 3647 3585 3627 3627 3595 4063 4063 4062 4062 4062 4062 4062 4062
449 1777384537 3553 3698 655 3648 3585 3628 3628 3596 4061 4061 4061 4061 4061 4061 4061 4061
450 1777384537 3554 3698 654 3648 3586 3627 3628 3596 4061 4061 4061 4061 4061 4061 4061 4061
451 1777384537 3553 3698 654 3648 3586 3627 3627 3596 4061 4061 4061 4061 4061 4061 4061 4061
452 1777384537 3553 3698 654 3647 3585 3627 3628 3596 4061 4061 4061 4061 4061 4061 4061 4061
453 1777384537 3553 3698 655 3648 3586 3628 3628 3596 4061 4061 4061 4061 4061 4061 4061 4061
454 1777384537 3553 3697 654 3647 3585 3627 3627 3595 4063 4063 4062 4062 4062 4062 4062 4062
455 1777384537 3553 3697 654 3647 3584 3626 3626 3594 4063 4063 4062 4062 4062 4062 4062 4062
456 1777384537 3553 3698 654 3648 3586 3628 3628 3596 4061 4061 4061 4061 4061 4061 4061 4061
457 1777384537 3553 3698 655 3648 3585 3627 3627 3595 4063 4063 4062 4062 4062 4062 4062 4062
458 1777384537 3554 3698 654 3648 3585 3627 3628 3596 4061 4061 4061 4061 4061 4061 4061 4061
459 1777384537 3554 3699 654 3648 3586 3628 3628 3596 4061 4061 4061 4061 4061 4061 4061 4061
460 1777384537 3553 3698 654 3648 3586 3628 3628 3595 4063 4063 4062 4062 4062 4062 4062 4062
461 1777384537 3554 3698 655 3648 3586 3628 3628 3596 4059 4059 4059 4059 4059 4059 4059 4059
462 1777384537 3554 3699 654 3649 3586 3628 3628 3596 4061 4061 4060 4060 4060 4060 4060 4060
463 1777384537 3552 3697 654 3647 3585 3626 3627 3595 4061 4061 4061 4061 4061 4061 4061 4061
464 1777384537 3553 3698 655 3647 3585 3627 3628 3596 4061 4061 4061 4061 4061 4061 4061 4061
465 1777384537 3554 3699 654 3649 3586 3628 3628 3596 4061 4061 4061 4061 4061 4061 4061 4061
466 1777384537 3552 3697 654 3647 3585 3627 3627 3595 4063 4063 4062 4062 4062 4062 4062 4062
467 1777384537 3553 3698 654 3648 3585 3627 3627 3595 4063 4063 4062 4062 4062 4062 4062 4062
468 1777384537 3554 3698 654 3647 3585 3627 3627 3595 4063 4062 4062 4062 4062 4062 4062 4062
469 1777384537 3554 3699 655 3648 3586 3629 3629 3597 4061 4061 4060 4060 4060 4060 4060 4060
470 1777384537 3554 3698 654 3648 3585 3627 3628 3595 4059 4059 4059 4059 4059 4059 4059 4059
471 1777384537 3553 3697 655 3648 3585 3628 3628 3596 4061 4061 4060 4060 4060 4060 4060 4060
472 1777384537 3552 3697 655 3647 3585 3627 3626 3595 4063 4063 4062 4062 4062 4062 4062 4062
473 1777384537 3553 3697 655 3647 3585 3627 3627 3595 4061 4061 4060 4060 4060 4060 4060 4060
474 1777384537 3553 3698 655 3648 3586 3628 3628 3596 4063 4061 4061 4061 4061 4061 4061 4061
475 1777384537 3553 3698 654 3648 3585 3628 3627 3596 4063 4063 4062 4062 4062 4062 4062 4062
476 1777384537 3553 3698 656 3647 3585 3627 3627 3595 4063 4061 4061 4061 4061 4061 4061 4061
477 1777384537 3554 3699 655 3648 3586 3628 3628 3596 4063 4063 4062 4062 4062 4062 4062 4062
478 1777384537 3553 3698 654 3649 3585 3628 3628 3596 4061 4061 4061 4061 4061 4061 4061 4061
479 1777384537 3553 3698 654 3648 3585 3627 3627 3595 4061 4061 4061 4061 4061 4061 4061 4061
480 1777384537 3554 3698 655 3648 3586 3628 3628 3596 4061 4061 4061 4061 4061 4061 4061 4061
481 1777384537 3554 3698 655 3648 3586 3628 3627 3596 4063 4063 4062 4062 4062 4062 4062 4062
482 1777384537 3554 3698 655 3648 3585 3628 3628 3596 4061 4061 4060 4060 4060 4060 4060 4060
483 1777384537 3553 3698 654 3648 3585 3627 3628 3595 4063 4063 4062 4062 4062 4062 4062 4062
484 1777384537 3553 3698 655 3649 3586 3628 3628 3596 4061 4061 4061 4061 4061 4061 4061 4061
485 1777384537 3553 3698 655 3647 3585 3627 3627 3595 4063 4063 4062 4062 4062 4062 4062 4062
486 1777384537 3554 3698 655 3648 3586 3628 3628 3596 4063 4063 4062 4062 4062 4062 4062 4062
487 1777384537 3553 3698 654 3648 3586 3628 3628 3596 4061 4061 4061 4061 4061 4061 4061 4061
488 1777384537 3554 3698 654 3649 3586 3628 3628 3596 4061 4061 4061 4061 4061 4061 4061 4061
489 1777384537 3554 3699 655 3649 3586 3628 3628 3596 4061 4061 4061 4061 4061 4061 4061 4061
490 1777384537 3553 3698 654 3648 3585 3627 3628 3595 4061 4061 4061 4061 4061 4061 4061 4061
491 1777384537 3553 3698 654 3648 3586 3628 3628 3596 4061 4061 4060 4060 4060 4060 4060 4060
492 1777384537 3553 3697 654 3647 3585 3627 3627 3595 4061 4061 4061 4061 4061 4061 4061 4061
493 1777384537 3554 3699 655 3648 3586 3628 3628 3596 4061 4061 4061 4061 4061 4061 4061 4061
494 1777384537 3553 3698 655 3648 3586 3628 3628 3596 4061 4061 4061 4061 4061 4061 4061 4061
495 1777384537 3553 3698 654 3648 3585 3627 3627 3595 4063 4063 4062 4062 4062 4062 4062 4062
496 1777384537 3553 3698 655 3649 3586 3629 3629 3597 4061 4061 4061 4061 4061 4061 4061 4061
497 1777384537 3553 3698 654 3648 3585 3627 3628 3595 4063 4063 4062 4062 4062 4062 4062 4062
498 1777384537 3554 3699 655 3648 3586 3627 3628 3596 4063 4062 4062 4062 4062 4062 4062 4062
499 1777384537 3553 3698 655 3648 3585 3627 3628 3596 4061 4061 4061 4061 4061 4061 4061 4061
500 1777384537 3554 3699 655 3648 3586 3628 3628 3596 4063 4062 4062 4062 4062 4062 4062 4062
501 1777384537 3553 3698 654 3648 3585 3627 3627 3595 4063 4063 4062 4062 4062 4062 4062 4062
502 1777384537 3553 3698 655 3648 3585 3627 3627 3595 4059 4059 4059 4059 4059 4059 4059 4059
503 1777384537 3554 3698 655 3648 3585 3628 3628 3596 4063 4063 4062 4062 4062 4062 4062 4062
504 1777384537 3553 3698 654 3648 3585 3628 3628 3596 4061 4061 4060 4060 4060 4060 4060 4060
505 1777384537 3553 3698 655 3648 3585 3627 3628 3595 4061 4061 4060 4060 4060 4060 4060 4060
506 1777384537 3554 3698 655 3648 3585 3627 3628 3596 4063 4063 4062 4062 4062 4062 4062 4062
507 1777384537 3553 3698 655 3648 3586 3628 3628 3596 4061 4061 4061 4061 4061 4061 4061 4061
508 1777384537 3554 3699 655 3649 3586 3628 3628 3596 4063 4063 4062 4062 4062 4062 4062 4062
509 1777384537 3555 3699 655 3649 3586 3629 3629 3598 4061 4061 4061 4061 4061 4061 4061 4061
510 1777384537 3554 3698 655 3648 3585 3627 3627 3596 4061 4061 4061 4061 4061 4061 4061 4061
511 1777384537 3554 3699 654 3649 3586 3628 3629 3597 4063 4063 4062 4062 4062 4062 4062 4062
512 1777384537 3554 3698 655 3648 3585 3628 3628 3596 4063 4063 4062 4062 4062 4062 4062 4062
513 1777384537 3553 3698 655 3647 3585 3627 3627 3595 4063 4062 4062 4062 4062 4062 4062 4062
514 1777384537 3554 3699 654 3649 3586 3628 3628 3596 4061 4061 4061 4061 4061 4061 4061 4061
515 1777384537 3553 3698 655 3648 3586 3628 3628 3596 4061 4061 4061 4061 4061 4061 4061 4061
516 1777384537 3554 3698 655 3648 3586 3628 3628 3596 4063 4063 4062 4062 4062 4062 4062 4062
517 1777384537 3554 3698 655 3648 3586 3628 3628 3596 4061 4061 4061 4061 4061 4061 4061 4061
518 1777384537 3554 3698 655 3648 3585 3627 3628 3596 4061 4061 4061 4061 4061 4061 4061 4061
519 1777384537 3555 3699 654 3649 3587 3628 3628 3596 4061 4061 4060 4060 4060 4060 4060 4060
520 1777384537 3554 3698 654 3648 3586 3628 3627 3596 4063 4062 4062 4062 4062 4062 4062 4062
521 1777384537 3554 3699 655 3648 3586 3628 3628 3596 4061 4061 4061 4061 4061 4061 4061 4061
522 1777384537 3555 3700 654 3649 3587 3629 3630 3597 4061 4061 4061 4061 4061 4061 4061 4061
523 1777384537 3553 3698 654 3648 3585 3628 3628 3596 4063 4063 4062 4062 4062 4062 4062 4062
524 1777384537 3554 3698 655 3647 3586 3628 3628 3596 4061 4061 4061 4061 4061 4061 4061 4061
525 1777384537 3554 3699 655 3649 3586 3629 3629 3597 4061 4061 4061 4061 4061 4061 4061 4061
526 1777384537 3554 3698 654 3648 3586 3628 3628 3596 4061 4061 4061 4061 4061 4061 4061 4061
527 1777384537 3554 3698 655 3648 3585 3627 3628 3596 4061 4060 4060 4060 4060 4060 4060 4060
528 1777384537 3554 3699 654 3649 3586 3628 3629 3597 4061 4061 4061 4061 4061 4061 4061 4061
529 1777384537 3553 3698 655 3647 3586 3628 3628 3596 4061 4061 4061 4061 4061 4061 4061 4061
530 1777384537 3553 3698 655 3648 3585 3627 3627 3595 4063 4063 4062 4062 4062 4062 4062 4062
531 1777384538 3554 3698 655 3648 3586 3628 3628 3597 4061 4061 4061 4061 4061 4061 4061 4061
532 1777384538 3554 3699 655 3649 3587 3628 3628 3596 4061 4061 4061 4061 4061 4061 4061 4061
533 1777384538 3554 3699 655 3648 3585 3628 3628 3596 4059 4059 4059 4059 4059 4059 4059 4059
534 1777384538 3554 3698 655 3649 3586 3628 3628 3596 4061 4061 4061 4061 4061 4061 4061 4061
535 1777384538 3554 3699 654 3649 3587 3629 3629 3597 4063 4061 4061 4061 4061 4061 4061 4061
536 1777384538 3555 3700 655 3649 3586 3629 3628 3597 4061 4061 4061 4061 4061 4061 4061 4061
537 1777384538 3554 3699 655 3649 3586 3628 3629 3596 4063 4061 4061 4061 4061 4061 4061 4061
538 1777384538 3553 3698 655 3648 3586 3628 3628 3596 4063 4063 4062 4062 4062 4062 4062 4062
539 1777384538 3554 3699 657 3648 3587 3629 3628 3597 4061 4061 4061 4061 4061 4061 4061 4061
540 1777384545 3552 3697 656 3647 3585 3627 3627 3595 4061 4061 4061 4061 4061 4061 4061 4061
541 1777384545 3553 3698 655 3647 3585 3627 3627 3596 4061 4061 4061 4061 4061 4061 4061 4061
542 1777384545 3553 3697 655 3648 3585 3627 3627 3595 4061 4060 4060 4060 4060 4060 4060 4060
543 1777384545 3554 3698 655 3648 3586 3628 3627 3595 4063 4063 4062 4062 4062 4062 4062 4062
544 1777384546 3554 3698 655 3648 3586 3627 3627 3596 4063 4063 4062 4062 4062 4062 4062 4062
545 1777384546 3554 3698 655 3648 3586 3628 3628 3596 4063 4063 4062 4062 4062 4062 4062 4062
546 1777384546 3553 3697 655 3648 3585 3627 3628 3596 4061 4061 4061 4061 4061 4061 4061 4061
547 1777384546 3553 3697 655 3647 3585 3627 3627 3594 4061 4060 4060 4060 4060 4060 4060 4060
548 1777384546 3553 3697 655 3648 3585 3627 3627 3595 4061 4061 4061 4061 4061 4061 4061 4061
549 1777384546 3554 3698 655 3648 3586 3628 3627 3595 4061 4061 4061 4061 4061 4061 4061 4061
550 1777384546 3553 3698 655 3647 3585 3627 3627 3595 4063 4062 4062 4062 4062 4062 4062 4062
551 1777384546 3553 3698 655 3648 3585 3628 3627 3596 4061 4061 4061 4061 4061 4061 4061 4061
552 1777384546 3553 3697 655 3647 3585 3627 3627 3595 4061 4061 4061 4061 4061 4061 4061 4061
553 1777384546 3554 3698 655 3648 3586 3628 3628 3596 4063 4063 4062 4062 4062 4062 4062 4062
554 1777384546 3553 3697 655 3647 3584 3626 3626 3595 4061 4061 4061 4061 4061 4061 4061 4061
555 1777384546 3554 3698 655 3647 3586 3627 3627 3595 4061 4061 4060 4060 4060 4060 4060 4060
556 1777384546 3554 3699 655 3648 3586 3628 3628 3596 4063 4063 4062 4062 4062 4062 4062 4062
557 1777384546 3554 3699 655 3649 3586 3628 3629 3596 4061 4061 4061 4061 4061 4061 4061 4061
558 1777384546 3553 3698 655 3648 3585 3627 3628 3595 4061 4061 4061 4061 4061 4061 4061 4061
559 1777384546 3552 3696 655 3647 3584 3627 3627 3595 4061 4061 4061 4061 4061 4061 4061 4061
560 1777384546 3554 3698 655 3648 3585 3627 3628 3595 4063 4061 4061 4061 4061 4061 4061 4061
561 1777384546 3554 3698 655 3648 3586 3628 3628 3596 4063 4063 4062 4062 4062 4062 4062 4062
562 1777384546 3552 3697 655 3647 3584 3626 3626 3594 4061 4061 4061 4061 4061 4061 4061 4061
563 1777384546 3554 3698 655 3648 3586 3628 3628 3596 4061 4061 4061 4061 4061 4061 4061 4061
564 1777384546 3554 3698 655 3648 3586 3628 3628 3596 4063 4063 4062 4062 4062 4062 4062 4062
565 1777384546 3553 3698 654 3648 3585 3627 3627 3595 4063 4062 4062 4062 4062 4062 4062 4062
566 1777384546 3553 3698 655 3648 3585 3627 3627 3595 4061 4061 4061 4061 4061 4061 4061 4061
567 1777384546 3554 3698 656 3648 3585 3627 3627 3595 4063 4063 4062 4062 4062 4062 4062 4062
568 1777384546 3554 3699 655 3649 3587 3628 3629 3596 4063 4063 4062 4062 4062 4062 4062 4062
569 1777384546 3554 3699 655 3649 3586 3628 3628 3596 4061 4061 4061 4061 4061 4061 4061 4061
570 1777384546 3553 3698 655 3648 3586 3628 3628 3596 4063 4063 4062 4062 4062 4062 4062 4062
571 1777384546 3554 3698 656 3647 3585 3627 3627 3596 4063 4062 4062 4062 4062 4062 4062 4062
572 1777384546 3555 3699 655 3649 3586 3629 3629 3597 4061 4061 4061 4061 4061 4061 4061 4061
573 1777384546 3554 3699 655 3649 3587 3628 3628 3596 4063 4063 4062 4062 4062 4062 4062 4062
574 1777384546 3554 3699 655 3648 3586 3628 3628 3596 4061 4061 4061 4061 4061 4061 4061 4061
575 1777384546 3554 3699 655 3649 3586 3628 3628 3596 4061 4061 4060 4060 4060 4060 4060 4060
576 1777384546 3555 3698 655 3648 3586 3628 3628 3596 4061 4061 4061 4061 4061 4061 4061 4061
577 1777384546 3554 3699 655 3648 3585 3627 3627 3595 4063 4063 4062 4062 4062 4062 4062 4062
578 1777384546 3553 3699 655 3649 3586 3628 3628 3596 4061 4061 4061 4061 4061 4061 4061 4061
579 1777384546 3555 3699 656 3649 3586 3628 3628 3596 4061 4061 4061 4061 4061 4061 4061 4061
580 1777384546 3554 3699 655 3648 3585 3628 3628 3596 4061 4061 4061 4061 4061 4061 4061 4061
581 1777384546 3554 3698 655 3648 3586 3628 3628 3596 4061 4061 4061 4061 4061 4061 4061 4061
582 1777384546 3553 3698 655 3648 3585 3628 3627 3595 4063 4063 4062 4062 4062 4062 4062 4062
583 1777384546 3555 3699 655 3649 3587 3629 3629 3597 4063 4063 4062 4062 4062 4062 4062 4062
584 1777384546 3553 3698 655 3648 3585 3627 3628 3595 4063 4063 4062 4062 4062 4062 4062 4062
585 1777384546 3554 3698 655 3649 3586 3628 3628 3596 4061 4061 4061 4061 4061 4061 4061 4061
586 1777384546 3554 3699 655 3648 3586 3628 3628 3597 4061 4061 4061 4061 4061 4061 4061 4061
587 1777384546 3554 3699 656 3649 3586 3628 3629 3597 4061 4061 4061 4061 4061 4061 4061 4061
588 1777384546 3554 3699 655 3648 3586 3628 3628 3596 4063 4063 4062 4062 4062 4062 4062 4062
589 1777384546 3555 3700 655 3649 3587 3629 3629 3597 4061 4061 4060 4060 4060 4060 4060 4060
590 1777384546 3553 3698 655 3648 3585 3628 3627 3595 4061 4061 4061 4061 4061 4061 4061 4061
591 1777384546 3554 3699 656 3649 3587 3629 3629 3597 4061 4061 4061 4061 4061 4061 4061 4061
592 1777384546 3554 3699 655 3648 3586 3628 3629 3597 4061 4061 4061 4061 4061 4061 4061 4061
593 1777384546 3554 3698 655 3649 3586 3628 3628 3596 4061 4061 4060 4060 4060 4060 4060 4060
594 1777384546 3554 3698 655 3648 3585 3628 3627 3596 4061 4060 4060 4060 4060 4060 4060 4060
595 1777384546 3554 3699 656 3649 3587 3629 3629 3597 4061 4061 4061 4061 4061 4061 4061 4061
596 1777384546 3553 3698 655 3648 3586 3627 3628 3596 4061 4061 4061 4061 4061 4061 4061 4061
597 1777384546 3554 3699 655 3649 3586 3628 3628 3596 4059 4059 4059 4059 4059 4059 4059 4059
598 1777384546 3553 3698 656 3648 3586 3627 3628 3596 4063 4063 4062 4062 4062 4062 4062 4062
599 1777384546 3554 3699 656 3648 3586 3628 3628 3596 4061 4061 4060 4060 4060 4060 4060 4060
600 1777384546 3554 3698 655 3648 3586 3628 3628 3596 4061 4061 4061 4061 4061 4061 4061 4061
601 1777384546 3554 3699 656 3649 3587 3629 3629 3596 4061 4061 4061 4061 4061 4061 4061 4061
602 1777384546 3553 3698 655 3648 3585 3627 3628 3596 4061 4061 4061 4061 4061 4061 4061 4061
603 1777384546 3553 3698 656 3647 3585 3627 3628 3596 4061 4061 4061 4061 4061 4061 4061 4061
604 1777384546 3554 3698 656 3648 3586 3628 3628 3596 4061 4061 4061 4061 4061 4061 4061 4061
605 1777384546 3554 3699 655 3649 3587 3629 3629 3597 4063 4063 4062 4062 4062 4062 4062 4062
606 1777384546 3554 3699 655 3648 3586 3628 3628 3597 4061 4061 4060 4060 4060 4060 4060 4060
607 1777384546 3555 3700 655 3649 3587 3628 3628 3596 4063 4063 4062 4062 4062 4062 4062 4062
608 1777384546 3554 3699 655 3649 3587 3629 3629 3597 4063 4062 4062 4062 4062 4062 4062 4062
609 1777384546 3554 3698 656 3649 3586 3628 3628 3596 4061 4061 4061 4061 4061 4061 4061 4061
610 1777384546 3553 3698 655 3648 3586 3628 3628 3596 4061 4061 4061 4061 4061 4061 4061 4061
611 1777384546 3554 3698 656 3647 3586 3628 3628 3596 4063 4063 4062 4062 4062 4062 4062 4062
612 1777384546 3554 3698 655 3649 3586 3628 3627 3596 4061 4061 4061 4061 4061 4061 4061 4061
613 1777384546 3555 3699 655 3649 3587 3629 3629 3597 4063 4063 4062 4062 4062 4062 4062 4062
614 1777384546 3555 3699 655 3648 3586 3628 3628 3596 4061 4061 4061 4061 4061 4061 4061 4061
615 1777384546 3554 3698 655 3649 3586 3628 3628 3596 4061 4061 4061 4061 4061 4061 4061 4061
616 1777384546 3555 3699 655 3649 3587 3629 3629 3597 4061 4061 4061 4061 4061 4061 4061 4061
617 1777384554 3552 3697 655 3647 3584 3626 3626 3594 4063 4063 4062 4062 4062 4062 4062 4062
618 1777384554 3554 3698 655 3647 3586 3628 3627 3595 4063 4063 4062 4062 4062 4062 4062 4062
619 1777384554 3554 3699 655 3648 3586 3628 3628 3596 4061 4061 4061 4061 4061 4061 4061 4061
620 1777384554 3553 3698 655 3648 3586 3627 3628 3596 4061 4061 4061 4061 4061 4061 4061 4061
621 1777384554 3554 3698 656 3648 3586 3628 3629 3597 4061 4061 4060 4060 4060 4060 4060 4060
622 1777384554 3554 3699 656 3649 3586 3628 3628 3596 4063 4063 4062 4062 4062 4062 4062 4062
623 1777384554 3554 3698 655 3648 3585 3628 3628 3596 4063 4063 4062 4062 4062 4062 4062 4062
624 1777384554 3554 3698 656 3648 3586 3628 3629 3597 4063 4063 4062 4062 4062 4062 4062 4062
625 1777384554 3552 3697 655 3647 3585 3628 3628 3596 4063 4063 4062 4062 4062 4062 4062 4062
626 1777384554 3554 3698 656 3647 3585 3627 3628 3596 4061 4061 4061 4061 4061 4061 4061 4061
627 1777384554 3555 3699 655 3649 3587 3629 3629 3596 4061 4061 4061 4061 4061 4061 4061 4061
628 1777384554 3554 3698 656 3648 3586 3628 3628 3596 4063 4063 4062 4062 4062 4062 4062 4062
629 1777384554 3555 3699 655 3649 3587 3629 3629 3597 4061 4061 4061 4061 4061 4061 4061 4061
630 1777384554 3553 3698 656 3647 3585 3627 3628 3596 4063 4063 4062 4062 4062 4062 4062 4062
631 1777384554 3554 3699 655 3648 3586 3629 3629 3596 4061 4061 4061 4061 4061 4061 4061 4061
632 1777384554 3554 3698 656 3648 3585 3628 3628 3596 4063 4063 4062 4062 4062 4062 4062 4062
633 1777384554 3554 3699 656 3648 3586 3628 3628 3596 4061 4061 4061 4061 4061 4061 4061 4061
634 1777384554 3553 3698 656 3648 3586 3628 3628 3596 4061 4061 4061 4061 4061 4061 4061 4061
635 1777384554 3554 3698 655 3648 3586 3628 3628 3597 4063 4063 4062 4062 4062 4062 4062 4062
636 1777384554 3554 3699 655 3649 3586 3629 3629 3597 4063 4063 4062 4062 4062 4062 4062 4062
637 1777384554 3555 3700 656 3650 3587 1668 1371 3596 4063 4063 4062 4062 4062 4062 4062 4062
638 1777384554 3554 3699 656 3649 3588 3629 3629 3597 4062 4063 4062 4062 4062 4062 4062 4062
639 1777384554 3555 3699 655 3649 3587 3629 3629 3597 4063 4063 4062 4062 4062 4062 4062 4062
640 1777384554 3554 3698 655 3648 3586 3628 3627 3596 4061 4061 4060 4060 4060 4060 4060 4060
641 1777384554 3554 3698 656 3648 3586 3628 3628 3596 4061 4061 4061 4061 4061 4061 4061 4061
642 1777384554 3554 3699 656 3649 3586 3629 3629 3597 4061 4061 4061 4061 4061 4061 4061 4061
643 1777384554 3554 3699 655 3648 3586 3628 3628 3597 4063 4063 4062 4062 4062 4062 4062 4062
644 1777384554 3554 3698 656 3649 3586 3628 3628 3596 4063 4063 4062 4062 4062 4062 4062 4062
645 1777384554 3554 3698 656 3648 3586 3628 3628 3596 4063 4063 4062 4062 4062 4062 4062 4062
646 1777384555 3555 3699 656 3649 3587 3629 3629 3596 4061 4061 4061 4061 4061 4061 4061 4061
647 1777384555 3555 3699 656 3649 3587 3628 3628 3597 4061 4061 4061 4061 4061 4061 4061 4061
648 1777384555 3554 3699 656 3649 3587 3628 3629 3597 4063 4063 4062 4062 4062 4062 4062 4062
649 1777384555 3555 3699 655 3648 3586 3629 3629 3597 4061 4061 4061 4061 4061 4061 4061 4061
650 1777384555 3555 3700 656 3649 3587 3629 3629 3597 4063 4063 4062 4062 4062 4062 4062 4062
651 1777384555 3555 3699 655 3650 3587 3629 3628 3597 4063 4063 4062 4062 4062 4062 4062 4062
652 1777384555 3555 3700 656 3649 3587 3629 3629 3598 4063 4063 4062 4062 4062 4062 4062 4062
653 1777384555 3554 3699 656 3648 3586 3628 3629 3597 4061 4061 4061 4061 4061 4061 4061 4061
654 1777384555 3555 3700 656 3649 3587 3629 3629 3597 4061 4061 4061 4061 4061 4061 4061 4061
655 1777384562 3553 3698 656 3647 3585 3626 3627 3595 4061 4061 4060 4060 4060 4060 4060 4060
656 1777384563 3554 3699 656 3648 3586 3628 3628 3596 4063 4063 4062 4062 4062 4062 4062 4062
657 1777384563 3555 3699 656 3649 3587 3629 3629 3597 4061 4061 4061 4061 4061 4061 4061 4061
658 1777384563 3555 3699 655 3650 3587 3628 3629 3596 4063 4063 4062 4062 4062 4062 4062 4062
659 1777384563 3554 3698 656 3648 3586 3628 3628 3596 4063 4063 4062 4062 4062 4062 4062 4062
660 1777384563 3554 3699 655 3648 3586 3629 3628 3596 4061 4061 4061 4061 4061 4061 4061 4061
661 1777384563 3554 3699 656 3648 3586 3628 3628 3597 4063 4063 4063 4063 4063 4063 4063 4063
662 1777384563 3554 3699 655 3649 3586 3628 3628 3596 4061 4061 4061 4061 4061 4061 4061 4061
663 1777384563 3555 3699 655 3649 3587 3629 3628 3596 4063 4063 4062 4062 4062 4062 4062 4062
664 1777384563 3553 3698 657 3648 3586 3628 3628 3597 4061 4061 4061 4061 4061 4061 4061 4061
665 1777384563 3555 3699 656 3649 3587 3629 3629 3597 4061 4061 4061 4061 4061 4061 4061 4061
666 1777384563 3554 3698 656 3648 3586 3628 3629 3597 4063 4063 4062 4062 4062 4062 4062 4062
667 1777384563 3555 3699 656 3649 3587 3629 3629 3598 4061 4061 4061 4061 4061 4061 4061 4061
668 1777384563 3555 3699 656 3649 3587 3629 3628 3597 4061 4061 4061 4061 4061 4061 4061 4061
669 1777384563 3553 3698 656 3648 3586 3628 3628 3596 4061 4061 4061 4061 4061 4061 4061 4061
670 1777384563 3555 3699 656 3649 3587 3629 3629 3597 4061 4061 4060 4060 4060 4060 4060 4060
671 1777384563 3554 3699 656 3649 3587 3628 3628 3596 4063 4063 4062 4062 4062 4062 4062 4062
672 1777384563 3554 3698 655 3648 3586 3628 3628 3596 4061 4061 4061 4061 4061 4061 4061 4061
673 1777384563 3555 3699 656 3649 3586 3628 3629 3597 4063 4063 4062 4062 4062 4062 4062 4062
674 1777384563 3555 3700 655 3650 3587 3629 3629 3598 4061 4061 4061 4061 4061 4061 4061 4061
675 1777384563 3554 3698 656 3648 3586 3628 3628 3597 4061 4061 4061 4061 4061 4061 4061 4061
676 1777384563 3555 3699 656 3649 3587 3629 3629 3597 4063 4061 4061 4061 4061 4061 4061 4061
677 1777384563 3555 3700 656 3649 3587 3628 3629 3597 4061 4061 4061 4061 4061 4061 4061 4061
678 1777384563 3554 3699 657 3648 3587 3628 3629 3597 4061 4061 4061 4061 4061 4061 4061 4061
679 1777384563 3554 3699 656 3649 3586 3629 3628 3595 4061 4061 4060 4060 4060 4060 4060 4060
680 1777384563 3555 3699 655 3650 3587 3629 3629 3597 4061 4061 4061 4061 4061 4061 4061 4061
681 1777384563 3553 3698 654 3647 3585 3627 3627 3595 4061 4061 4060 4060 4060 4060 4060 4060
682 1777384563 3554 3698 655 3648 3586 3628 3628 1751 4063 4062 4062 4062 4062 4062 4062 4062
683 1777384563 3553 3698 654 3647 3585 3627 3627 3595 4061 4061 4061 4061 4061 4061 4061 4061
684 1777384563 3553 3697 653 3648 3585 3627 3627 3595 4061 4061 4061 4061 4061 4061 4061 4061
685 1777384563 3552 3697 654 3647 3584 3626 3627 3594 4061 4061 4060 4060 4060 4060 4060 4060
686 1777384563 3553 3697 655 3647 3585 3627 3628 3596 4061 4061 4061 4061 4061 4061 4061 4061
687 1777384563 3553 3698 654 3647 3584 3626 3626 3595 4061 4061 4061 4061 4061 4061 4061 4061
688 1777384563 3553 3697 655 3647 3584 3626 3626 3595 4063 4061 4061 4061 4061 4061 4061 4061
689 1777384563 3552 3697 654 3647 3584 3627 3627 3595 4061 4061 4061 4061 4061 4061 4061 4061
690 1777384563 3553 3696 654 3646 3584 3626 3627 3595 4061 4061 4060 4060 4060 4060 4060 4060
691 1777384563 3554 3698 654 3648 3586 3627 3628 3596 4063 4063 4062 4062 4062 4062 4062 4062
692 1777384563 3554 3698 654 3648 3585 3628 3628 3596 4061 4061 4061 4061 4061 4061 4061 4061
693 1777384563 3553 3698 654 3647 3585 3627 3628 3596 4063 4063 4062 4062 4062 4062 4062 4062
694 1777384563 3553 3697 655 3647 3585 3627 3627 3595 4061 4061 4061 4061 4061 4061 4061 4061
695 1777384563 3553 3698 654 3647 3585 3627 3627 3595 4063 4063 4062 4062 4062 4062 4062 4062
696 1777384563 3554 3698 654 3648 3585 3627 3627 3595 4061 4061 4060 4060 4060 4060 4060 4060
697 1777384563 3553 3697 654 3647 3585 3627 3627 3595 4061 4061 4060 4060 4060 4060 4060 4060
698 1777384563 3553 3698 655 3648 3585 3627 3627 3595 4061 4061 4060 4060 4060 4060 4060 4060
699 1777384563 3554 3698 654 3648 3585 3628 3628 3596 4061 4061 4061 4061 4061 4061 4061 4061
700 1777384563 3553 3698 653 3648 3585 3627 3627 3596 4061 4061 4060 4060 4060 4060 4060 4060
701 1777384563 3553 3698 654 3647 3585 3627 3627 3595 4063 4063 4062 4062 4062 4062 4062 4062
702 1777384563 3553 3697 654 3648 3585 3627 3627 3596 4061 4061 4061 4061 4061 4061 4061 4061
703 1777384563 3554 3699 654 3649 3586 3628 3628 3596 4061 4061 4061 4061 4061 4061 4061 4061
704 1777384563 3552 3697 655 3647 3585 3626 3626 3594 4063 4061 4061 4061 4061 4061 4061 4061
705 1777384563 3553 3698 655 3647 3585 3627 3627 3595 4061 4061 4061 4061 4061 4061 4061 4061
706 1777384563 3554 3698 655 3648 3586 3628 3628 3596 4061 4061 4061 4061 4061 4061 4061 4061
707 1777384563 3553 3697 654 3648 3586 3628 3628 3596 4063 4063 4062 4062 4062 4062 4062 4062
708 1777384563 3553 3698 654 3648 3585 3628 3627 3595 4061 4061 4061 4061 4061 4061 4061 4061
709 1777384563 3552 3697 655 3647 3585 3627 3627 3595 4061 4061 4061 4061 4061 4061 4061 4061
710 1777384563 3554 3698 655 3648 3586 3628 3628 3596 4063 4063 4062 4062 4062 4062 4062 4062
711 1777384563 3553 3697 654 3647 3585 3627 3627 3595 4061 4061 4061 4061 4061 4061 4061 4061
712 1777384563 3553 3697 654 3647 3585 3627 3628 3595 4061 4061 4061 4061 4061 4061 4061 4061
713 1777384563 3553 3698 654 3647 3585 3627 3628 3596 4061 4061 4061 4061 4061 4061 4061 4061
714 1777384563 3553 3698 655 3648 3585 3627 3627 3596 4061 4061 4061 4061 4061 4061 4061 4061
715 1777384563 3553 3697 654 3647 3585 3627 3628 3596 4061 4061 4061 4061 4061 4061 4061 4061
716 1777384563 3554 3698 655 3648 3586 3628 3628 3596 4063 4063 4062 4062 4062 4062 4062 4062
717 1777384563 3554 3698 655 3647 3586 3628 3628 3596 4061 4061 4060 4060 4060 4060 4060 4060
718 1777384563 3554 3699 654 3648 3586 3628 3628 3596 4063 4063 4062 4062 4062 4062 4062 4062
719 1777384563 3553 3697 654 3647 3584 3627 3626 3594 4061 4061 4061 4061 4061 4061 4061 4061
720 1777384563 3553 3698 654 3648 3585 3628 3628 3596 4063 4063 4062 4062 4062 4062 4062 4062
721 1777384563 3554 3698 654 3648 3586 3627 3628 3595 4063 4063 4062 4062 4062 4062 4062 4062
722 1777384563 3553 3698 655 3648 3585 3627 3628 3596 4061 4061 4060 4060 4060 4060 4060 4060
723 1777384563 3554 3698 654 3647 3585 3627 3627 3596 4061 4061 4061 4061 4061 4061 4061 4061
724 1777384563 3554 3699 654 3648 3586 3628 3628 3596 4063 4063 4062 4062 4062 4062 4062 4062
725 1777384563 3553 3698 654 3648 3586 3628 3628 3595 4061 4061 4061 4061 4061 4061 4061 4061
726 1777384563 3554 3698 654 3648 3586 3628 3628 3596 4061 4061 4061 4061 4061 4061 4061 4061
727 1777384563 3553 3698 654 3648 3586 3627 3627 3595 4063 4063 4062 4062 4062 4062 4062 4062
728 1777384563 3553 3698 654 3648 3585 3628 3628 3596 4063 4063 4062 4062 4062 4062 4062 4062
729 1777384563 3553 3697 656 3647 3585 3627 3627 3595 4063 4063 4062 4062 4062 4062 4062 4062
730 1777384563 3553 3697 655 3648 3585 3627 3628 3595 4061 4061 4061 4061 4061 4061 4061 4061
731 1777384563 3553 3698 654 3648 3585 3627 3627 3595 4061 4061 4061 4061 4061 4061 4061 4061
732 1777384563 3553 3698 654 3648 3585 3627 3628 3595 4061 4061 4061 4061 4061 4061 4061 4061
733 1777384563 3554 3699 654 3649 3587 3629 3629 3597 4063 4063 4062 4062 4062 4062 4062 4062
734 1777384563 3553 3697 655 3647 3585 3627 3627 3595 4063 4062 4062 4062 4062 4062 4062 4062
735 1777384563 3554 3699 655 3649 3587 3629 3629 3597 4061 4061 4061 4061 4061 4061 4061 4061
736 1777384563 3554 3698 654 3648 3586 3628 3628 3596 4061 4061 4061 4061 4061 4061 4061 4061
737 1777384563 3553 3697 655 3647 3585 3627 3627 3595 4061 4061 4061 4061 4061 4061 4061 4061
738 1777384564 3553 3697 655 3647 3585 3627 3627 3595 4059 4059 4059 4059 4059 4059 4059 4059
739 1777384564 3554 3698 654 3648 3586 3628 3628 3596 4063 4063 4062 4062 4062 4062 4062 4062
740 1777384564 3554 3698 655 3648 3586 3628 3628 3597 4061 4061 4061 4061 4061 4061 4061 4061
741 1777384564 3554 3699 655 3649 3586 3628 3628 3596 4063 4063 4062 4062 4062 4062 4062 4062
742 1777384564 3554 3698 654 3648 3585 3627 3628 3595 4061 4061 4061 4061 4061 4061 4061 4061
743 1777384564 3554 3699 655 3649 3586 3628 3629 3597 4063 4063 4062 4062 4062 4062 4062 4062
744 1777384564 3553 3697 655 3648 3585 3627 3627 3595 4061 4061 4061 4061 4061 4061 4061 4061
745 1777384564 3553 3698 655 3647 3585 3628 3628 3596 4063 4063 4062 4062 4062 4062 4062 4062
746 1777384564 3554 3698 655 3648 3586 3628 3628 3596 4061 4061 4061 4061 4061 4061 4061 4061
747 1777384564 3554 3699 655 3649 3586 3629 3629 3596 4063 4063 4062 4062 4062 4062 4062 4062
748 1777384564 3553 3697 655 3648 3585 3627 3628 3596 4061 4061 4060 4060 4060 4060 4060 4060
749 1777384564 3553 3698 654 3648 3586 3628 3628 3596 4061 4061 4061 4061 4061 4061 4061 4061
750 1777384564 3553 3697 654 3648 3585 3627 3627 3595 4063 4063 4062 4062 4062 4062 4062 4062
751 1777384564 3554 3699 655 3649 3586 3628 3628 3596 4061 4061 4060 4060 4060 4060 4060 4060
752 1777384564 3553 3698 655 3648 3586 3628 3628 3596 4061 4061 4061 4061 4061 4061 4061 4061
753 1777384564 3554 3698 655 3647 3586 3628 3628 3596 4061 4061 4061 4061 4061 4061 4061 4061
754 1777384564 3554 3698 654 3648 3585 3627 3628 3596 4061 4061 4061 4061 4061 4061 4061 4061
755 1777384564 3554 3698 654 3648 3585 3628 3628 3596 4063 4063 4062 4062 4062 4062 4062 4062
756 1777384564 3553 3698 654 3648 3585 3628 3628 3596 4061 4061 4061 4061 4061 4061 4061 4061
757 1777384564 3553 3698 655 3648 3585 3628 3627 3596 4062 4063 4062 4062 4062 4062 4062 4062
758 1777384564 3553 3699 655 3648 3586 3628 3628 3596 4061 4061 4061 4061 4061 4061 4061 4061
759 1777384564 3553 3698 654 3647 3585 3627 3627 3596 4061 4061 4061 4061 4061 4061 4061 4061
760 1777384564 3554 3698 655 3648 3586 3628 3629 3597 4061 4061 4061 4061 4061 4061 4061 4061
761 1777384564 3553 3698 655 3647 3585 3628 3628 3596 4063 4063 4062 4062 4062 4062 4062 4062
762 1777384564 3554 3699 655 3648 3586 3628 3628 3596 4063 4063 4062 4062 4062 4062 4062 4062
763 1777384564 3554 3698 655 3648 3586 3629 3628 3596 4061 4061 4061 4061 4061 4061 4061 4061
764 1777384564 3553 3698 655 3648 3586 3628 3628 3597 4061 4061 4061 4061 4061 4061 4061 4061
765 1777384564 3553 3697 655 3647 3585 3627 3628 3596 4061 4061 4061 4061 4061 4061 4061 4061
766 1777384564 3554 3699 655 3649 3587 3628 3628 3596 4061 4061 4061 4061 4061 4061 4061 4061
767 1777384564 3554 3699 654 3648 3586 3628 3628 3596 4061 4061 4060 4060 4060 4060 4060 4060
768 1777384564 3554 3699 655 3649 3586 3629 3629 3597 4061 4061 4060 4060 4060 4060 4060 4060
769 1777384564 3554 3699 655 3649 3586 3628 3629 3596 4061 4061 4061 4061 4061 4061 4061 4061
770 1777384564 3554 3699 655 3648 3586 3628 3628 3596 4063 4063 4062 4062 4062 4062 4062 4062
771 1777384564 3554 3699 654 3649 3586 3628 3628 3596 4061 4061 4061 4061 4061 4061 4061 4061
772 1777384564 3554 3698 655 3648 3585 3627 3627 3595 4061 4061 4061 4061 4061 4061 4061 4061
773 1777384564 3555 3699 654 3649 3586 3628 3628 3596 4063 4062 4062 4062 4062 4062 4062 4062
774 1777384564 3554 3698 655 3649 3586 3628 3628 3596 4061 4061 4061 4061 4061 4061 4061 4061
775 1777384564 3554 3699 655 3649 3586 3628 3629 3596 4061 4061 4060 4060 4060 4060 4060 4060
776 1777384564 3554 3699 655 3648 3586 3628 3628 3596 4061 4061 4061 4061 4061 4061 4061 4061
777 1777384564 3554 3699 656 3647 3586 3628 3628 3596 4061 4061 4061 4061 4061 4061 4061 4061
778 1777384564 3553 3698 655 3648 3585 3627 3628 3595 4061 4061 4061 4061 4061 4061 4061 4061
779 1777384564 3554 3699 654 3649 3586 3628 3628 3596 4061 4061 4061 4061 4061 4061 4061 4061
780 1777384564 3554 3699 655 3649 3587 3628 3628 3596 4061 4061 4061 4061 4061 4061 4061 4061
781 1777384564 3553 3698 655 3648 3586 3628 3627 3596 4061 4061 4061 4061 4061 4061 4061 4061
782 1777384564 3554 3699 655 3649 3586 3628 3628 3597 4061 4061 4061 4061 4061 4061 4061 4061
783 1777384564 3555 3699 654 3649 3586 3628 3628 3596 4063 4063 4062 4062 4062 4062 4062 4062
784 1777384564 3555 3699 655 3648 3586 3628 3629 3597 4063 4063 4062 4062 4062 4062 4062 4062
785 1777384564 3554 3698 655 3648 3586 3628 3628 3596 4061 4061 4061 4061 4061 4061 4061 4061
786 1777384564 3555 3699 655 3650 3587 3629 3630 3597 4061 4061 4060 4060 4060 4060 4060 4060
787 1777384564 3553 3698 655 3648 3586 3628 3628 3596 4061 4061 4061 4061 4061 4061 4061 4061
788 1777384564 3554 3698 655 3648 3586 3628 3628 3596 4061 4061 4061 4061 4061 4061 4061 4061
789 1777384564 3554 3699 655 3649 3586 3628 3628 3596 4061 4061 4061 4061 4061 4061 4061 4061
790 1777384564 3554 3699 655 3648 3586 3628 3628 3596 4061 4061 4060 4060 4060 4060 4060 4060
791 1777384564 3553 3698 655 3648 3585 3627 3628 3596 4063 4063 4062 4062 4062 4062 4062 4062
792 1777384564 3554 3698 655 3648 3586 3628 3628 3596 4061 4061 4061 4061 4061 4061 4061 4061
793 1777384564 3554 3698 656 3648 3586 3628 3628 3596 4061 4061 4061 4061 4061 4061 4061 4061
794 1777384564 3555 3699 655 3649 3586 3628 3628 3597 4061 4061 4061 4061 4061 4061 4061 4061
795 1777384564 3554 3699 655 3649 3586 3628 3629 3597 4063 4063 4062 4062 4062 4062 4062 4062
796 1777384564 3554 3699 655 3648 3586 3628 3628 3597 4063 4062 4062 4062 4062 4062 4062 4062
797 1777384564 3554 3699 655 3649 3586 3628 3628 3597 4063 4063 4062 4062 4062 4062 4062 4062
798 1777384564 3553 3698 655 3648 3586 3628 3628 3596 4063 4063 4062 4062 4062 4062 4062 4062
799 1777384564 3554 3699 655 3649 3587 3628 3629 3597 4063 4063 4062 4062 4062 4062 4062 4062
800 1777384564 3554 3698 655 3648 3586 3629 3629 3596 4061 4061 4060 4060 4060 4060 4060 4060
801 1777384564 3555 3700 655 3649 3587 3629 3629 3597 4061 4061 4061 4061 4061 4061 4061 4061
802 1777384564 3554 3699 655 3648 3586 3628 3628 3596 4061 4061 4061 4061 4061 4061 4061 4061
803 1777384564 3554 3698 655 3648 3586 3628 3628 3596 4061 4061 4061 4061 4061 4061 4061 4061
804 1777384564 3554 3699 655 3649 3586 3628 3628 3596 4063 4063 4062 4062 4062 4062 4062 4062
805 1777384564 3554 3698 656 3649 3586 3628 3629 3597 4061 4061 4060 4060 4060 4060 4060 4060
806 1777384564 3555 3699 655 3649 3586 3628 3628 3596 4063 4063 4062 4062 4062 4062 4062 4062
807 1777384564 3554 3699 654 3649 3587 3628 3629 3596 4061 4061 4060 4060 4060 4060 4060 4060
808 1777384564 3554 3699 655 3648 3586 3628 3628 3596 4061 4061 4060 4060 4060 4060 4060 4060
809 1777384564 3554 3699 656 3649 3587 3629 3629 3597 4063 4063 4062 4062 4062 4062 4062 4062
810 1777384564 3554 3699 655 3649 3586 3628 3628 3596 4061 4061 4061 4061 4061 4061 4061 4061
811 1777384564 3554 3699 655 3649 3586 3628 3629 3597 4063 4063 4062 4062 4062 4062 4062 4062
812 1777384564 3554 3699 655 3648 3585 3628 3628 3596 4061 4061 4061 4061 4061 4061 4061 4061
813 1777384564 3554 3699 655 3649 3587 3628 3629 3597 4063 4063 4062 4062 4062 4062 4062 4062
814 1777384564 3554 3699 655 3649 3586 3628 3628 3596 4063 4063 4062 4062 4062 4062 4062 4062
815 1777384564 3553 3698 655 3648 3585 3627 3627 3595 4063 4063 4062 4062 4062 4062 4062 4062
816 1777384564 3554 3699 655 3648 3586 3628 3629 3597 4061 4061 4061 4061 4061 4061 4061 4061
817 1777384565 3555 3699 655 3648 3586 3628 3628 3596 4063 4062 4062 4062 4062 4062 4062 4062
818 1777384565 3554 3699 655 3648 3586 3628 3628 3596 4063 4063 4062 4062 4062 4062 4062 4062
819 1777384565 3555 3699 655 3649 3587 3629 3629 3597 4061 4061 4060 4060 4060 4060 4060 4060
820 1777384565 3555 3699 655 3648 3586 3628 3628 3596 4063 4063 4062 4062 4062 4062 4062 4062
821 1777384565 3554 3699 655 3649 3586 3628 3628 3597 4061 4061 4061 4061 4061 4061 4061 4061
822 1777384565 3554 3699 655 3649 3586 3628 3628 3596 4061 4061 4060 4060 4060 4060 4060 4060
823 1777384565 3554 3698 655 3649 3586 3629 3629 3597 4063 4063 4062 4062 4062 4062 4062 4062
824 1777384565 3554 3699 655 3648 3587 3629 3629 3597 4063 4063 4063 4063 4063 4063 4063 4063
825 1777384565 3554 3699 655 3649 3586 3628 3628 3597 4063 4063 4062 4062 4062 4062 4062 4062
826 1777384565 3554 3698 655 3648 3586 3628 3628 3597 4063 4063 4062 4062 4062 4062 4062 4062
827 1777384565 3554 3699 655 3649 3586 3628 3628 3596 4063 4063 4062 4062 4062 4062 4062 4062
828 1777384565 3554 3699 655 3649 3587 3629 3629 3597 4063 4063 4062 4062 4062 4062 4062 4062
829 1777384565 3554 3699 655 3649 3586 3628 3628 3596 4061 4061 4061 4061 4061 4061 4061 4061
830 1777384565 3555 3699 655 3649 3587 3629 3629 3597 4063 4062 4062 4062 4062 4062 4062 4062
831 1777384565 3554 3699 655 3649 3586 3628 3629 3597 4063 4063 4062 4062 4062 4062 4062 4062
832 1777384565 3554 3699 655 3649 3586 3628 3628 3596 4063 4063 4062 4062 4062 4062 4062 4062
833 1777384565 3554 3699 655 3649 3586 3629 3629 3596 4061 4060 4060 4060 4060 4060 4060 4060
834 1777384565 3554 3699 655 3648 3586 3628 3628 3596 4063 4063 4062 4062 4062 4062 4062 4062
835 1777384565 3555 3700 655 3649 3587 3629 3629 3597 4063 4063 4062 4062 4062 4062 4062 4062
836 1777384565 3554 3699 655 3649 3587 3629 3629 3596 4063 4063 4062 4062 4062 4062 4062 4062
837 1777384565 3555 3700 655 3650 3588 3630 3630 3597 4063 4062 4062 4062 4062 4062 4062 4062
838 1777384565 3554 3699 655 3649 3586 3629 3629 3597 4061 4061 4060 4060 4060 4060 4060 4060
839 1777384565 3554 3699 655 3649 3587 3629 3629 3598 4061 4061 4061 4061 4061 4061 4061 4061
840 1777384565 3554 3699 655 3649 3587 3629 3629 3597 4063 4062 4062 4062 4062 4062 4062 4062
841 1777384565 3554 3699 656 3649 3587 3628 3629 3596 4063 4062 4062 4062 4062 4062 4062 4062
842 1777384565 3554 3699 655 3649 3586 3629 3629 3597 4063 4062 4062 4062 4062 4062 4062 4062
843 1777384565 3555 3700 655 3649 3587 3629 3629 3597 4063 4063 4062 4062 4062 4062 4062 4062
844 1777384565 3554 3699 655 3649 3587 3629 3629 3597 4063 4063 4062 4062 4062 4062 4062 4062
845 1777384565 3555 3699 656 3649 3587 3629 3630 3597 4063 4063 4062 4062 4062 4062 4062 4062
846 1777384565 3554 3699 655 3649 3587 3628 3629 3597 4061 4061 4061 4061 4061 4061 4061 4061
847 1777384565 3555 3700 655 3650 3587 3629 3629 3597 4061 4061 4061 4061 4061 4061 4061 4061
848 1777384565 3555 3699 655 3649 3587 3629 3629 3597 4061 4061 4061 4061 4061 4061 4061 4061
849 1777384565 3554 3699 655 3649 3587 3628 3628 3596 4061 4061 4060 4060 4060 4060 4060 4060
850 1777384565 3555 3699 655 3649 3587 3629 3629 3597 4061 4061 4061 4061 4061 4061 4061 4061
851 1777384565 3555 3700 655 3650 3587 3629 3628 3597 4063 4063 4062 4062 4062 4062 4062 4062
852 1777384565 3554 3698 656 3648 3586 3628 3628 3596 4061 4061 4061 4061 4061 4061 4061 4061
853 1777384565 3555 3700 655 3650 3587 3629 3629 3597 4063 4062 4062 4062 4062 4062 4062 4062
854 1777384565 3554 3699 655 3648 3586 3628 3628 3596 4061 4061 4060 4060 4060 4060 4060 4060
855 1777384565 3555 3699 655 3649 3587 3629 3629 3597 4061 4061 4061 4061 4061 4061 4061 4061
856 1777384565 3554 3699 655 3649 3587 3629 3629 3597 4061 4061 4061 4061 4061 4061 4061 4061
857 1777384565 3555 3699 656 3649 3587 3628 3629 3597 4061 4061 4061 4061 4061 4061 4061 4061
858 1777384565 3554 3698 655 3648 3586 3628 3628 3596 4061 4061 4061 4061 4061 4061 4061 4061
859 1777384565 3554 3699 655 3649 3586 3628 3628 3596 4061 4061 4060 4060 4060 4060 4060 4060
860 1777384565 3554 3700 655 3649 3587 3629 3629 3597 4063 4063 4062 4062 4062 4062 4062 4062
861 1777384565 3555 3699 655 3649 3587 3629 3629 3597 4061 4061 4061 4061 4061 4061 4061 4061
862 1777384565 3555 3699 655 3649 3587 3629 3629 3597 4061 4060 4060 4060 4060 4060 4060 4060
863 1777384565 3556 3700 655 3650 3588 3629 3629 3598 4063 4063 4062 4062 4062 4062 4062 4062
864 1777384573 3553 3698 655 3648 3585 3628 3628 3595 4061 4061 4061 4061 4061 4061 4061 4061
865 1777384573 3554 3699 655 3649 3586 3628 3629 3597 4061 4061 4061 4061 4061 4061 4061 4061
866 1777384573 3553 3698 656 3648 3586 3628 3628 3597 4063 4063 4062 4062 4062 4062 4062 4062
867 1777384573 3554 3698 655 3648 3586 3628 3628 3596 4063 4063 4062 4062 4062 4062 4062 4062
868 1777384573 3554 3698 656 3648 3586 3628 3629 3597 4061 4061 4061 4061 4061 4061 4061 4061
869 1777384573 3554 3699 656 3649 3586 3629 3629 3597 4063 4063 4062 4062 4062 4062 4062 4062
870 1777384573 3554 3698 655 3648 3586 3628 3628 3596 4063 4063 4062 4062 4062 4062 4062 4062
871 1777384573 3554 3699 655 3648 3587 3629 3629 3597 4061 4061 4061 4061 4061 4061 4061 4061
872 1777384573 3555 3699 656 3649 3587 3629 3629 3597 4063 4063 4062 4062 4062 4062 4062 4062
873 1777384573 3554 3698 655 3646 3586 3627 3628 3596 4061 4061 4061 4061 4061 4061 4061 4061
874 1777384573 3555 3699 655 3649 3587 3629 3628 3597 4061 4061 4061 4061 4061 4061 4061 4061
875 1777384573 3554 3700 656 3648 3586 3629 3628 3596 4061 4061 4061 4061 4061 4061 4061 4061
876 1777384573 3554 3699 656 3649 3587 3629 3629 3597 4061 4061 4061 4061 4061 4061 4061 4061
877 1777384573 3554 3699 655 3649 3586 3629 3629 3597 4061 4061 4061 4061 4061 4061 4061 4061
878 1777384573 3554 3698 655 3649 3586 3628 3628 3596 4063 4063 4062 4062 4062 4062 4062 4062
879 1777384573 3554 3699 655 3648 3586 3628 3628 3596 4061 4061 4061 4061 4061 4061 4061 4061
880 1777384573 3553 3698 656 3648 3586 3628 3628 3596 4061 4061 4061 4061 4061 4061 4061 4061
881 1777384573 3554 3699 655 3649 3586 3628 3628 3597 4061 4061 4060 4060 4060 4060 4060 4060
882 1777384573 3554 3698 655 3649 3587 3629 3629 3596 4061 4061 4061 4061 4061 4061 4061 4061
883 1777384573 3555 3700 656 3650 3587 3629 3629 3597 4061 4061 4061 4061 4061 4061 4061 4061
884 1777384573 3553 3698 655 3648 3586 3627 3627 3595 4061 4061 4061 4061 4061 4061 4061 4061
885 1777384573 3554 3698 655 3648 3586 3628 3628 3596 4061 4061 4061 4061 4061 4061 4061 4061
886 1777384573 3554 3699 656 3649 3586 3629 3629 3596 4063 4063 4062 4062 4062 4062 4062 4062
887 1777384573 3554 3698 657 3648 3586 3628 3628 3596 4061 4061 4061 4061 4061 4061 4061 4061
888 1777384573 3554 3699 656 3649 3587 3628 3629 3597 4063 4063 4062 4062 4062 4062 4062 4062
889 1777384573 3554 3699 656 3648 3586 3628 3629 3597 4061 4061 4061 4061 4061 4061 4061 4061
890 1777384573 3554 3699 655 3649 3586 3629 3629 3597 4063 4063 4062 4062 4062 4062 4062 4062
891 1777384573 3555 3699 655 3650 3587 3629 3629 3597 4061 4061 4061 4061 4061 4061 4061 4061
892 1777384573 3554 3699 656 3649 3587 3628 3629 3596 4063 4063 4062 4062 4062 4062 4062 4062
893 1777384573 3555 3699 655 3650 3587 3629 3629 3597 4061 4061 4061 4061 4061 4061 4061 4061
894 1777384573 3554 3699 656 3648 3586 3628 3628 3597 4061 4061 4061 4061 4061 4061 4061 4061
895 1777384573 3554 3699 656 3648 3586 3628 3628 3596 4061 4061 4061 4061 4061 4061 4061 4061
896 1777384573 3555 3699 656 3650 3586 3629 3628 3597 4063 4063 4062 4062 4062 4062 4062 4062
897 1777384573 3555 3699 656 3649 3587 3629 3629 3597 4061 4061 4060 4060 4060 4060 4060 4060
898 1777384573 3555 3699 655 3649 3587 3629 3630 3598 4063 4063 4062 4062 4062 4062 4062 4062
899 1777384573 3557 3701 656 3651 3588 3630 3631 3598 4063 4063 4062 4062 4062 4062 4062 4062
900 1777384573 3554 3699 656 3649 3586 3628 3628 3596 4063 4063 4062 4062 4062 4062 4062 4062
901 1777384573 3555 3699 655 3649 3586 3629 3628 3596 4063 4062 4062 4062 4062 4062 4062 4062
902 1777384573 3555 3700 655 3649 3587 3630 3629 3598 4061 4061 4061 4061 4061 4061 4061 4061
903 1777384573 3554 3698 656 3648 3586 3628 3628 3596 4061 4061 4061 4061 4061 4061 4061 4061
904 1777384573 3554 3699 656 3649 3587 3629 3629 3597 4063 4063 4062 4062 4062 4062 4062 4062
905 1777384573 3555 3700 656 3649 3587 3629 3629 3597 4063 4063 4062 4062 4062 4062 4062 4062
906 1777384574 3556 3701 656 3651 3588 3630 3630 3598 4061 4061 4061 4061 4061 4061 4061 4061
907 1777384574 3556 3700 655 3650 3587 3630 3630 3597 4063 4063 4062 4062 4062 4062 4062 4062
908 1777384574 3555 3700 656 3649 3587 3629 3629 3597 4061 4061 4061 4061 4061 4061 4061 4061
909 1777384574 3555 3699 656 3650 3587 3629 3629 3597 4061 4061 4061 4061 4061 4061 4061 4061
910 1777384574 3555 3700 656 3649 3587 3629 3630 3597 4063 4063 4062 4062 4062 4062 4062 4062
911 1777384574 3555 3699 655 3649 3587 3629 3629 3597 4061 4061 4061 4061 4061 4061 4061 4061
912 1777384574 3555 3700 655 3649 3587 3629 3629 3597 4063 4063 4062 4062 4062 4062 4062 4062
913 1777384574 3555 3700 655 3650 3587 3629 3629 3597 4061 4061 4061 4061 4061 4061 4061 4061
914 1777384574 3555 3699 655 3649 3587 3629 3629 3597 4063 4063 4062 4062 4062 4062 4062 4062
915 1777384574 3555 3700 655 3650 3587 3630 3629 3597 4061 4061 4060 4060 4060 4060 4060 4060
916 1777384574 3555 3700 656 3650 3587 3629 3629 3598 4061 4061 4061 4061 4061 4061 4061 4061
917 1777384574 3556 3701 655 3650 3588 3630 3630 3599 4061 4061 4060 4060 4060 4060 4060 4060
918 1777384574 3555 3699 656 3649 3587 3629 3629 3597 4057 4057 4057 4057 4057 4057 4057 4057
919 1777384574 3554 3699 657 3648 3586 3628 3629 3597 4061 4061 4061 4061 4061 4061 4061 4061
920 1777384574 3554 3699 656 3649 3586 3628 3628 3596 4061 4061 4061 4061 4061 4061 4061 4061
921 1777384574 3555 3699 656 3649 3586 3628 3629 3597 4061 4061 4061 4061 4061 4061 4061 4061
922 1777384574 3554 3699 656 3648 3586 3629 3629 3597 4061 4061 4061 4061 4061 4061 4061 4061
923 1777384574 3553 3699 656 3648 3586 3628 3628 3596 4063 4063 4062 4062 4062 4062 4062 4062
924 1777384574 3555 3699 656 3649 3587 3629 3628 3596 4061 4061 4061 4061 4061 4061 4061 4061
925 1777384574 3555 3699 656 3649 3586 3628 3628 3596 4061 4061 4061 4061 4061 4061 4061 4061
926 1777384574 3555 3700 656 3649 3586 3628 3629 3597 4061 4061 4061 4061 4061 4061 4061 4061
927 1777384574 3555 3700 656 3650 3587 3629 3629 3597 4059 4059 4059 4059 4059 4059 4059 4059
928 1777384574 3555 3700 656 3649 3587 3629 3630 3597 4061 4061 4061 4061 4061 4061 4061 4061
929 1777384574 3555 3700 656 3650 3587 3629 3629 3598 4061 4061 4061 4061 4061 4061 4061 4061
930 1777384574 3555 3700 656 3650 3587 3629 3629 3597 4063 4063 4062 4062 4062 4062 4062 4062
931 1777384574 3555 3700 656 3650 3588 3629 3630 3597 4063 4063 4062 4062 4062 4062 4062 4062
932 1777384574 3555 3699 656 3649 3587 3628 3629 3597 4063 4063 4062 4062 4062 4062 4062 4062
933 1777384574 3554 3699 656 3649 3587 3628 3628 3596 4063 4063 4062 4062 4062 4062 4062 4062
934 1777384574 3555 3699 656 3649 3587 3629 3629 3597 4063 4063 4062 4062 4062 4062 4062 4062
935 1777384574 3556 3700 656 3650 3588 3630 3629 3598 4061 4061 4060 4060 4060 4060 4060 4060
936 1777384574 3553 3698 654 3647 3585 3627 3627 3596 4061 4061 4061 4061 4061 4061 4061 4061
937 1777384574 3553 3697 655 3646 3584 3626 3627 3595 4061 4061 4061 4061 4061 4061 4061 4061
938 1777384574 3554 3698 654 3649 3586 3628 3628 3597 4061 4061 4061 4061 4061 4061 4061 4061
939 1777384574 3554 3699 654 3648 3585 3627 3627 3596 4061 4061 4061 4061 4061 4061 4061 4061
940 1777384574 3553 3697 654 3647 3585 3627 3627 3595 4063 4063 4062 4062 4062 4062 4062 4062
941 1777384574 3553 3697 654 3648 3585 3628 3628 3596 4061 4061 4061 4061 4061 4061 4061 4061
942 1777384574 3553 3698 654 3647 3586 3627 3628 3595 4061 4061 4061 4061 4061 4061 4061 4061
943 1777384574 3553 3697 654 3648 3586 3627 3627 3595 4061 4061 4061 4061 4061 4061 4061 4061
944 1777384574 3553 3698 654 3648 3585 3627 3627 3595 4061 4061 4061 4061 4061 4061 4061 4061
945 1777384574 3553 3698 655 3647 3585 3627 3627 3595 4061 4061 4061 4061 4061 4061 4061 4061
946 1777384574 3554 3698 654 3648 3585 3628 3628 3596 4061 4061 4061 4061 4061 4061 4061 4061
947 1777384574 3553 3697 654 3648 3585 3627 3627 3596 4061 4061 4061 4061 4061 4061 4061 4061
948 1777384574 3553 3698 654 3648 3585 3628 3628 3596 4059 4059 4059 4059 4059 4059 4059 4059
949 1777384574 3554 3698 654 3649 3586 3627 3628 3595 4063 4063 4062 4062 4062 4062 4062 4062
950 1777384574 3553 3698 654 3648 3585 3627 3628 3595 4063 4063 4062 4062 4062 4062 4062 4062
951 1777384574 3553 3698 655 3648 3585 3628 3627 3596 4063 4063 4062 4062 4062 4062 4062 4062
952 1777384574 3553 3698 654 3647 3585 3628 3627 3595 4063 4061 4061 4061 4061 4061 4061 4061
953 1777384574 3553 3698 655 3648 3585 3628 3627 3596 4061 4061 4061 4061 4061 4061 4061 4061
954 1777384574 3554 3698 654 3648 3585 3628 3628 3596 4063 4063 4062 4062 4062 4062 4062 4062
955 1777384574 3554 3698 654 3648 3586 3628 3628 3596 4061 4061 4061 4061 4061 4061 4061 4061
956 1777384574 3556 3702 654 3651 3588 1651 1374 1677 4063 4063 4062 4062 4062 4062 4062 4062
957 1777384574 3554 3699 653 3648 3585 3627 3627 3595 4061 4061 4061 4061 4061 4061 4061 4061
958 1777384574 3553 3697 654 3647 3585 3627 3627 3595 4061 4061 4061 4061 4061 4061 4061 4061
959 1777384574 3554 3698 654 3648 3586 3628 3628 3597 4061 4061 4061 4061 4061 4061 4061 4061
960 1777384574 3553 3698 654 3647 3585 3628 3628 3596 4063 4062 4062 4062 4062 4062 4062 4062
961 1777384574 3553 3698 654 3647 3585 3626 3626 3595 4061 4061 4061 4061 4061 4061 4061 4061
962 1777384574 3554 3698 654 3648 3585 3627 3627 3596 4061 4061 4061 4061 4061 4061 4061 4061
963 1777384574 3553 3698 655 3648 3586 3628 3628 3596 4061 4061 4061 4061 4061 4061 4061 4061
964 1777384574 3554 3699 654 3649 3586 3628 3629 3596 4061 4061 4060 4060 4060 4060 4060 4060
965 1777384574 3554 3698 654 3648 3585 3628 3627 3596 4063 4062 4062 4062 4062 4062 4062 4062
966 1777384574 3553 3698 655 3648 3585 3627 3627 3595 4061 4061 4060 4060 4060 4060 4060 4060
967 1777384574 3554 3698 654 3648 3586 3627 3627 3595 4061 4061 4061 4061 4061 4061 4061 4061
968 1777384574 3554 3698 654 3647 3585 3628 3628 3596 4061 4061 4061 4061 4061 4061 4061 4061
969 1777384574 3553 3698 655 3647 3585 3627 3627 3595 4061 4061 4061 4061 4061 4061 4061 4061
970 1777384574 3553 3698 654 3647 3585 3628 3628 3596 4061 4061 4060 4060 4060 4060 4060 4060
971 1777384574 3553 3699 654 3649 3586 3628 3628 3595 4063 4062 4062 4062 4062 4062 4062 4062
972 1777384574 3554 3698 654 3648 3585 3628 3628 3596 4063 4062 4062 4062 4062 4062 4062 4062
973 1777384574 3553 3698 654 3648 3585 3627 3627 3595 4061 4061 4061 4061 4061 4061 4061 4061
974 1777384574 3554 3698 654 3649 3586 3628 3628 3596 4061 4061 4061 4061 4061 4061 4061 4061
975 1777384574 3553 3698 655 3648 3585 3628 3628 3596 4061 4061 4061 4061 4061 4061 4061 4061
976 1777384582 3552 3697 654 3648 3584 3627 3627 3595 4063 4063 4062 4062 4062 4062 4062 4062
977 1777384582 3552 3697 654 3647 3585 3626 3626 3594 4061 4061 4061 4061 4061 4061 4061 4061
978 1777384582 3552 3697 655 3647 3585 3627 3627 3595 4063 4062 4062 4062 4062 4062 4062 4062
979 1777384582 3553 3697 654 3647 3585 3627 3627 3595 4063 4063 4062 4062 4062 4062 4062 4062
980 1777384582 3553 3697 655 3647 3585 3627 3627 3595 4063 4062 4062 4062 4062 4062 4062 4062
981 1777384582 3553 3697 654 3647 3586 3627 3627 3595 4061 4061 4061 4061 4061 4061 4061 4061
982 1777384582 3554 3698 655 3648 3585 3627 3627 3595 4063 4063 4062 4062 4062 4062 4062 4062
983 1777384582 3554 3699 654 3649 3586 3628 3628 3596 4063 4063 4062 4062 4062 4062 4062 4062
984 1777384582 3553 3697 655 3648 3585 3627 3627 3595 4063 4063 4062 4062 4062 4062 4062 4062
985 1777384582 3553 3697 654 3648 3585 3628 3627 3596 4061 4061 4061 4061 4061 4061 4061 4061
986 1777384583 3553 3698 654 3648 3585 3627 3627 3596 4063 4063 4062 4062 4062 4062 4062 4062
987 1777384583 3554 3698 654 3648 3586 3628 3628 3595 4063 4063 4062 4062 4062 4062 4062 4062
988 1777384583 3554 3698 654 3648 3586 3628 3628 3596 4063 4063 4062 4062 4062 4062 4062 4062
989 1777384583 3554 3699 654 3648 3586 3628 3628 3596 4061 4061 4060 4060 4060 4060 4060 4060
990 1777384583 3553 3697 654 3647 3585 3627 3627 3595 4057 4057 4057 4057 4057 4057 4057 4057
991 1777384583 3553 3698 654 3648 3585 3627 3627 3595 4063 4063 4062 4062 4062 4062 4062 4062
992 1777384583 3553 3697 655 3648 3586 3627 3628 3596 4063 4063 4062 4062 4062 4062 4062 4062
993 1777384583 3553 3698 655 3648 3586 3628 3628 3596 4061 4061 4061 4061 4061 4061 4061 4061
994 1777384583 3554 3698 655 3648 3586 3628 3628 3596 4061 4061 4061 4061 4061 4061 4061 4061
995 1777384583 3554 3698 655 3648 3586 3628 3628 3596 4061 4061 4060 4060 4060 4060 4060 4060
996 1777384583 3554 3698 655 3648 3586 3628 3628 3596 4061 4061 4061 4061 4061 4061 4061 4061
997 1777384583 3553 3698 654 3647 3585 3627 3627 3596 4061 4061 4061 4061 4061 4061 4061 4061
998 1777384583 3553 3698 654 3648 3585 3628 3628 3595 4061 4061 4061 4061 4061 4061 4061 4061
999 1777384583 3554 3699 654 3647 3586 3628 3628 3596 4061 4061 4061 4061 4061 4061 4061 4061
1000 1777384583 3554 3698 655 3648 3586 3628 3628 3596 4061 4061 4061 4061 4061 4061 4061 4061
