1 1777384853 3551 3695 327 3644 3582 3624 3624 3592 4063 4063 4062 4062 4062 4062 4062 4062
2 1777384853 3551 3695 327 3645 3583 3625 3625 3593 4063 4063 4062 4062 4062 4062 4062 4062
3 1777384853 3551 3695 327 3645 3583 3625 3625 3593 4061 4061 4061 4061 4061 4061 4061 4061
4 1777384853 3551 3696 327 3645 3583 3625 3626 3593 4063 4063 4062 4062 4062 4062 4062 4062
5 1777384853 3551 3695 329 3645 3583 3625 3624 3593 4063 4063 4062 4062 4062 4062 4062 4062
6 1777384853 3550 3695 328 3644 3582 3624 3625 3592 4063 4063 4062 4062 4062 4062 4062 4062
7 1777384853 3552 3696 327 3646 3584 3626 3626 3594 4061 4061 4060 4060 4060 4060 4060 4060
8 1777384853 3551 3696 327 3645 3583 3625 3625 3593 4061 4061 4061 4061 4061 4061 4061 4061
9 1777384853 3552 3696 327 3646 3584 3625 3626 3593 4063 4063 4062 4062 4062 4062 4062 4062
10 1777384853 3552 3696 328 3645 3584 3626 3626 3594 4063 4063 4062 4062 4062 4062 4062 4062
11 1777384853 3550 3695 327 3644 3583 3625 3625 3593 4061 4061 4061 4061 4061 4061 4061 4061
12 1777384853 3551 3696 327 3645 3583 3625 3625 3593 4061 4061 4061 4061 4061 4061 4061 4061
13 1777384853 3551 3695 327 3645 3582 3625 3625 3593 4059 4059 4059 4059 4059 4059 4059 4059
14 1777384853 3551 3696 327 3646 3583 3625 3626 3593 4061 4061 4061 4061 4061 4061 4061 4061
15 1777384853 3551 3695 327 3645 3583 3625 3625 3593 4061 4061 4061 4061 4061 4061 4061 4061
16 1777384853 3551 3696 327 3645 3583 3626 3626 3594 4063 4063 4062 4062 4062 4062 4062 4062
17 1777384853 3551 3696 328 3644 3583 3625 3625 3593 4063 4063 4062 4062 4062 4062 4062 4062
18 1777384853 3551 3696 327 3646 3584 3626 3626 3594 4063 4061 4061 4061 4061 4061 4061 4061
19 1777384853 3551 3696 327 3645 3583 3625 3625 3593 4061 4061 4060 4060 4060 4060 4060 4060
20 1777384853 3551 3696 327 3645 3583 3625 3626 3594 4063 4063 4062 4062 4062 4062 4062 4062
21 1777384853 3551 3695 327 3645 3583 3625 3626 3594 4061 4061 4061 4061 4061 4061 4061 4061
22 1777384853 3552 3696 327 3646 3583 3626 3626 3594 4063 4063 4062 4062 4062 4062 4062 4062
23 1777384853 3551 3696 327 3646 3584 3626 3626 3594 4063 4063 4062 4062 4062 4062 4062 4062
24 1777384853 3552 3696 328 3645 3583 3626 3626 3594 4061 4061 4061 4061 4061 4061 4061 4061
25 1777384853 3552 3696 327 3646 3584 3626 3626 3594 4063 4063 4062 4062 4062 4062 4062 4062
26 1777384853 3552 3696 327 3645 3584 3625 3626 3594 4061 4061 4061 4061 4061 4061 4061 4061
27 1777384853 3552 3696 327 3646 3584 3626 3626 3594 4063 4061 4061 4061 4061 4061 4061 4061
28 1777384853 3552 3696 327 3645 3583 3625 3626 3594 4061 4061 4061 4061 4061 4061 4061 4061
29 1777384853 3552 3697 327 3646 3584 3626 3626 3594 4063 4063 4062 4062 4062 4062 4062 4062
30 1777384853 3551 3696 327 3646 3584 3625 3625 3593 4061 4061 4060 4060 4060 4060 4060 4060
31 1777384853 3552 3696 327 3646 3584 3626 3626 3594 4061 4061 4061 4061 4061 4061 4061 4061
32 1777384853 3551 3696 327 3645 3584 3626 3626 3594 4061 4061 4061 4061 4061 4061 4061 4061
33 1777384853 3552 3696 327 3646 3584 3627 3626 3594 4063 4063 4062 4062 4062 4062 4062 4062
34 1777384853 3551 3696 328 3646 3584 3626 3626 3594 4061 4061 4061 4061 4061 4061 4061 4061
35 1777384853 3552 3696 327 3646 3584 3626 3626 3594 4063 4061 4061 4061 4061 4061 4061 4061
36 1777384853 3553 3698 327 3647 3585 3627 3627 3595 4061 4061 4061 4061 4061 4061 4061 4061
37 1777384853 3551 3696 329 3646 3583 3626 3626 3593 4063 4063 4062 4062 4062 4062 4062 4062
38 1777384853 3550 3695 328 3645 3583 3625 3625 3593 4063 4061 4061 4061 4061 4061 4061 4061
39 1777384853 3552 3697 328 3646 3584 3626 3626 3594 4063 4062 4062 4062 4062 4062 4062 4062
40 1777384853 3553 3698 327 3647 3585 1612 1337 3594 4061 4061 4061 4061 4061 4061 4061 4061
41 1777384853 3553 3697 327 3647 3585 3627 3627 3595 4061 4061 4061 4061 4061 4061 4061 4061
42 1777384853 3551 3696 327 3645 3584 3625 3626 3594 4061 4061 4060 4060 4060 4060 4060 4060
43 1777384853 3551 3696 327 3646 3583 3625 3626 3593 4063 4063 4062 4062 4062 4062 4062 4062
44 1777384853 3552 3696 328 3646 3584 3626 3626 3594 4061 4061 4061 4061 4061 4061 4061 4061
45 1777384853 3552 3697 327 3646 3584 3626 3626 3594 4061 4061 4061 4061 4061 4061 4061 4061
46 1777384853 3552 3697 327 3646 3584 3626 3626 3594 4061 4061 4060 4060 4060 4060 4060 4060
47 1777384853 3552 3697 327 3646 3584 3627 3627 3595 4063 4063 4062 4062 4062 4062 4062 4062
48 1777384853 3553 3697 327 3645 3584 3626 3626 3595 4061 4061 4061 4061 4061 4061 4061 4061
49 1777384853 3552 3696 327 3646 3585 3626 3626 3594 4061 4061 4061 4061 4061 4061 4061 4061
50 1777384853 3552 3697 328 3646 3584 3626 3626 3594 4063 4063 4062 4062 4062 4062 4062 4062
51 1777384853 3552 3696 327 3646 3584 3626 3626 3594 4061 4061 4061 4061 4061 4061 4061 4061
52 1777384853 3552 3696 327 3646 3584 3626 3626 3594 4061 4061 4061 4061 4061 4061 4061 4061
53 1777384853 3552 3697 328 3646 3584 3626 3626 3594 4063 4063 4062 4062 4062 4062 4062 4062
54 1777384853 3552 3697 328 3646 3584 3626 3627 3594 4063 4063 4062 4062 4062 4062 4062 4062
55 1777384853 3552 3696 327 3645 3584 3626 3626 3594 4063 4063 4062 4062 4062 4062 4062 4062
56 1777384853 3552 3697 327 3647 3585 3628 3628 3596 4061 4061 4061 4061 4061 4061 4061 4061
57 1777384853 3552 3697 328 3647 3585 3627 3627 3595 4063 4063 4062 4062 4062 4062 4062 4062
58 1777384853 3552 3698 327 3647 3584 3627 3627 3594 4063 4063 4062 4062 4062 4062 4062 4062
59 1777384853 3552 3696 327 3646 3583 3626 3626 3594 4061 4061 4061 4061 4061 4061 4061 4061
60 1777384853 3553 3697 328 3646 3585 3627 3627 3595 4063 4063 4062 4062 4062 4062 4062 4062
61 1777384854 3552 3697 327 3646 3584 3627 3626 3594 4061 4061 4061 4061 4061 4061 4061 4061
62 1777384854 3553 3697 328 3647 3585 3627 3627 3595 4061 4061 4061 4061 4061 4061 4061 4061
63 1777384854 3551 3696 328 3646 3584 3626 3626 3594 4063 4063 4062 4062 4062 4062 4062 4062
64 1777384854 3552 3697 327 3646 3584 3627 3627 3595 4063 4063 4062 4062 4062 4062 4062 4062
65 1777384854 3552 3697 328 3646 3584 3626 3626 3594 4061 4061 4061 4061 4061 4061 4061 4061
66 1777384854 3553 3698 327 3647 3585 3627 3627 3595 4061 4061 4060 4060 4060 4060 4060 4060
67 1777384854 3552 3696 327 3646 3584 3626 3626 3594 4061 4061 4061 4061 4061 4061 4061 4061
68 1777384854 3552 3697 327 3646 3584 3626 3626 3594 4063 4063 4062 4062 4062 4062 4062 4062
69 1777384854 3553 3697 329 3646 3584 3626 3626 3595 4061 4061 4061 4061 4061 4061 4061 4061
70 1777384854 3552 3696 328 3646 3584 3626 3626 3594 4061 4061 4061 4061 4061 4061 4061 4061
71 1777384854 3553 3697 327 3646 3584 3626 3626 3594 4057 4057 4057 4057 4057 4057 4057 4057
72 1777384854 3551 3696 327 3645 3584 3626 3626 3594 4061 4061 4061 4061 4061 4061 4061 4061
73 1777384854 3552 3697 327 3646 3584 3626 3626 3595 4063 4063 4062 4062 4062 4062 4062 4062
74 1777384854 3552 3696 328 3646 3584 3626 3626 3594 4061 4061 4061 4061 4061 4061 4061 4061
75 1777384854 3552 3697 327 3646 3584 3626 3626 3594 4061 4061 4061 4061 4061 4061 4061 4061
76 1777384854 3552 3698 327 3647 3585 3627 3627 3595 4061 4061 4061 4061 4061 4061 4061 4061
77 1777384854 3552 3697 328 3646 3584 3626 3626 3594 4063 4063 4062 4062 4062 4062 4062 4062
78 1777384854 3552 3697 328 3647 3584 3626 3627 3594 4063 4063 4062 4062 4062 4062 4062 4062
79 1777384854 3552 3696 328 3646 3584 3626 3626 3594 4061 4061 4061 4061 4061 4061 4061 4061
80 1777384854 3553 3698 328 3648 3585 3628 3627 3595 4061 4061 4061 4061 4061 4061 4061 4061
81 1777384854 3552 3696 328 3646 3584 3626 3626 3595 4063 4063 4062 4062 4062 4062 4062 4062
82 1777384854 3552 3696 328 3646 3584 3626 3626 3594 4063 4062 4062 4062 4062 4062 4062 4062
83 1777384854 3552 3697 327 3646 3584 3626 3626 3594 4063 4063 4062 4062 4062 4062 4062 4062
84 1777384854 3552 3696 328 3645 3584 3626 3626 3594 4063 4063 4062 4062 4062 4062 4062 4062
85 1777384854 3552 3697 328 3646 3584 3626 3626 3594 4061 4061 4061 4061 4061 4061 4061 4061
86 1777384854 3553 3697 328 3647 3585 3627 3627 3595 4061 4061 4061 4061 4061 4061 4061 4061
87 1777384854 3552 3697 327 3646 3584 3626 3627 3595 4061 4061 4060 4060 4060 4060 4060 4060
88 1777384854 3552 3698 328 3647 3585 3628 3627 3595 4061 4061 4060 4060 4060 4060 4060 4060
89 1777384854 3552 3697 328 3646 3584 3626 3626 3594 4063 4061 4061 4061 4061 4061 4061 4061
90 1777384854 3552 3696 328 3647 3584 3627 3627 3595 4063 4062 4062 4062 4062 4062 4062 4062
91 1777384854 3553 3697 327 3647 3585 3627 3627 3595 4063 4063 4062 4062 4062 4062 4062 4062
92 1777384854 3552 3697 328 3647 3585 3627 3627 3595 4063 4061 4061 4061 4061 4061 4061 4061
93 1777384854 3553 3698 329 3647 3585 3627 3628 3596 4061 4061 4061 4061 4061 4061 4061 4061
94 1777384854 3552 3697 328 3647 3584 3626 3627 3595 4061 4061 4061 4061 4061 4061 4061 4061
95 1777384854 3552 3697 327 3646 3584 3627 3626 3594 4061 4061 4061 4061 4061 4061 4061 4061
96 1777384854 3552 3697 328 3646 3584 3626 3626 3595 4061 4061 4060 4060 4060 4060 4060 4060
97 1777384854 3553 3697 328 3647 3585 3627 3627 3595 4063 4062 4062 4062 4062 4062 4062 4062
98 1777384854 3552 3696 328 3647 3585 3627 3627 3595 4063 4063 4062 4062 4062 4062 4062 4062
99 1777384854 3553 3697 328 3647 3585 3627 3627 3595 4063 4062 4062 4062 4062 4062 4062 4062
100 1777384854 3552 3697 328 3647 3585 3627 3627 3595 4063 4063 4062 4062 4062 4062 4062 4062
101 1777384854 3553 3697 329 3647 3584 3626 3627 3595 4061 4061 4060 4060 4060 4060 4060 4060
102 1777384854 3552 3696 328 3646 3584 3626 3627 3594 4063 4063 4062 4062 4062 4062 4062 4062
103 1777384854 3553 3697 328 3646 3584 3627 3627 3595 4063 4063 4062 4062 4062 4062 4062 4062
104 1777384854 3553 3698 328 3647 3585 3627 3628 3596 4061 4061 4060 4060 4060 4060 4060 4060
105 1777384854 3552 3697 327 3646 3584 3626 3626 3594 4063 4063 4062 4062 4062 4062 4062 4062
106 1777384854 3552 3697 328 3647 3585 3627 3627 3595 4063 4061 4061 4061 4061 4061 4061 4061
107 1777384854 3552 3697 327 3646 3584 3626 3626 3594 4063 4062 4062 4062 4062 4062 4062 4062
108 1777384854 3553 3697 328 3647 3585 3627 3627 3595 4063 4063 4062 4062 4062 4062 4062 4062
109 1777384854 3552 3697 328 3646 3584 3626 3627 3594 4061 4061 4061 4061 4061 4061 4061 4061
110 1777384854 3553 3698 328 3647 3585 3628 3627 3596 4062 4063 4062 4062 4062 4062 4062 4062
111 1777384854 3554 3699 328 3649 3586 3628 3628 1649 4063 4063 4062 4062 4062 4062 4062 4062
112 1777384854 3553 3698 327 3647 3585 3627 3628 3595 4063 4063 4062 4062 4062 4062 4062 4062
113 1777384854 3553 3697 327 3647 3585 3627 3627 3595 4061 4061 4061 4061 4061 4061 4061 4061
114 1777384854 3552 3697 328 3647 3584 3627 3627 3595 4063 4063 4062 4062 4062 4062 4062 4062
115 1777384854 3552 3697 328 3646 3584 3626 3626 3594 4063 4062 4062 4062 4062 4062 4062 4062
116 1777384854 3552 3697 327 3646 3584 3626 3626 3594 4061 4061 4061 4061 4061 4061 4061 4061
117 1777384854 3553 3698 327 3648 3585 3628 3627 3596 4063 4063 4062 4062 4062 4062 4062 4062
118 1777384854 3553 3697 328 3647 3585 3627 3628 3595 4063 4063 4062 4062 4062 4062 4062 4062
119 1777384854 3553 3697 327 3646 3585 3627 3627 3595 4063 4061 4061 4061 4061 4061 4061 4061
120 1777384854 3552 3697 328 3647 3585 3627 3627 3595 4063 4062 4062 4062 4062 4062 4062 4062
121 1777384854 3552 3697 328 3646 3584 3626 3627 3595 4063 4063 4062 4062 4062 4062 4062 4062
122 1777384854 3553 3698 328 3647 3585 3628 3628 3595 4061 4061 4061 4061 4061 4061 4061 4061
123 1777384854 3553 3698 327 3647 3585 3627 3627 3595 4061 4061 4061 4061 4061 4061 4061 4061
124 1777384854 3552 3697 328 3646 3584 3626 3627 3595 4061 4061 4060 4060 4060 4060 4060 4060
125 1777384854 3553 3697 329 3647 3585 3627 3628 3595 4059 4059 4058 4058 4058 4058 4058 4058
126 1777384854 3553 3697 328 3647 3585 3627 3627 3595 4061 4061 4061 4061 4061 4061 4061 4061
127 1777384854 3552 3697 328 3646 3585 3627 3627 3595 4061 4061 4061 4061 4061 4061 4061 4061
128 1777384854 3552 3696 328 3647 3585 3626 3627 3594 4061 4061 4061 4061 4061 4061 4061 4061
129 1777384854 3553 3697 328 3647 3585 3627 3627 3595 4063 4062 4062 4062 4062 4062 4062 4062
130 1777384854 3553 3698 328 3647 3585 3627 3627 3595 4063 4063 4062 4062 4062 4062 4062 4062
131 1777384854 3552 3697 331 3646 3584 3627 3627 3594 4061 4061 4061 4061 4061 4061 4061 4061
132 1777384854 3554 3698 330 3647 3585 3628 3627 3595 4063 4063 4062 4062 4062 4062 4062 4062
133 1777384854 3553 3697 329 3647 3585 3627 3628 3595 4063 4063 4062 4062 4062 4062 4062 4062
134 1777384854 3553 3697 328 3647 3584 3627 3627 3595 4063 4063 4062 4062 4062 4062 4062 4062
135 1777384854 3552 3697 328 3646 3585 3626 3627 3595 4061 4061 4061 4061 4061 4061 4061 4061
136 1777384854 3553 3697 328 3647 3585 3627 3627 3596 4063 4063 4062 4062 4062 4062 4062 4062
137 1777384854 3553 3697 328 3647 3585 3627 3627 3595 4061 4061 4060 4060 4060 4060 4060 4060
138 1777384854 3552 3697 328 3647 3585 3627 3627 3595 4061 4061 4060 4060 4060 4060 4060 4060
139 1777384854 3553 3697 329 3647 3585 3627 3628 3595 4061 4061 4061 4061 4061 4061 4061 4061
140 1777384854 3552 3697 328 3646 3584 3626 3626 3595 4063 4062 4062 4062 4062 4062 4062 4062
141 1777384854 3551 3697 329 3645 3583 3626 3625 3593 4061 4061 4060 4060 4060 4060 4060 4060
142 1777384854 3553 3697 328 3647 3585 3627 3627 3595 4061 4061 4061 4061 4061 4061 4061 4061
143 1777384855 3553 3698 328 3646 3585 3627 3627 3595 4063 4063 4062 4062 4062 4062 4062 4062
144 1777384855 3553 3697 328 3645 3584 3626 3626 3594 4061 4060 4060 4060 4060 4060 4060 4060
145 1777384855 3553 3698 328 3647 3585 3627 3628 3595 4061 4061 4061 4061 4061 4061 4061 4061
146 1777384855 3552 3696 329 3646 3584 3626 3627 3594 4061 4061 4061 4061 4061 4061 4061 4061
147 1777384855 3553 3698 328 3646 3585 3627 3627 3595 4061 4061 4061 4061 4061 4061 4061 4061
148 1777384855 3554 3699 328 3648 3586 3629 3629 3597 4063 4063 4062 4062 4062 4062 4062 4062
149 1777384855 3553 3698 328 3648 3586 3627 3628 3595 4061 4061 4061 4061 4061 4061 4061 4061
150 1777384855 3553 3698 328 3647 3585 3627 3628 3595 4061 4061 4061 4061 4061 4061 4061 4061
151 1777384855 3553 3697 328 3646 3585 3627 3627 3595 4063 4063 4062 4062 4062 4062 4062 4062
152 1777384855 3553 3698 328 3647 3585 3627 3628 3596 4063 4062 4062 4062 4062 4062 4062 4062
153 1777384855 3553 3697 329 3647 3585 3627 3627 3595 4063 4062 4062 4062 4062 4062 4062 4062
154 1777384855 3553 3698 328 3647 3585 3627 3627 3595 4063 4063 4062 4062 4062 4062 4062 4062
155 1777384855 3552 3697 329 3646 3585 3627 3627 3595 4061 4061 4061 4061 4061 4061 4061 4061
156 1777384855 3551 3696 328 3645 3583 3626 3626 3594 4063 4063 4062 4062 4062 4062 4062 4062
157 1777384855 3553 3698 328 3648 3586 3628 3628 3595 4061 4061 4061 4061 4061 4061 4061 4061
158 1777384855 3553 3697 328 3646 3584 3627 3627 3594 4061 4061 4061 4061 4061 4061 4061 4061
159 1777384855 3553 3698 328 3646 3585 3627 3627 3595 4063 4061 4061 4061 4061 4061 4061 4061
160 1777384855 3552 3697 328 3647 3584 3627 3626 3594 4061 4061 4060 4060 4060 4060 4060 4060
161 1777384855 3553 3698 329 3648 3585 3628 3628 3596 4061 4061 4061 4061 4061 4061 4061 4061
162 1777384855 3552 3696 328 3646 3584 3626 3626 3594 4061 4061 4061 4061 4061 4061 4061 4061
163 1777384855 3553 3698 329 3648 3585 3627 3627 3595 4063 4061 4061 4061 4061 4061 4061 4061
164 1777384855 3552 3697 328 3647 3584 3626 3626 3594 4061 4061 4061 4061 4061 4061 4061 4061
165 1777384855 3553 3698 329 3648 3586 3628 3628 3596 4061 4061 4061 4061 4061 4061 4061 4061
166 1777384855 3552 3697 328 3647 3585 3627 3627 3594 4061 4061 4061 4061 4061 4061 4061 4061
167 1777384855 3552 3697 329 3647 3585 3627 3627 3596 4063 4063 4062 4062 4062 4062 4062 4062
168 1777384855 3553 3698 329 3647 3585 3627 3628 3595 4061 4061 4061 4061 4061 4061 4061 4061
169 1777384855 3552 3697 328 3647 3585 3627 3627 3595 4063 4063 4062 4062 4062 4062 4062 4062
170 1777384855 3553 3698 328 3648 3586 3628 3628 3596 4061 4061 4060 4060 4060 4060 4060 4060
171 1777384855 3552 3697 328 3646 3585 3627 3627 3595 4061 4060 4060 4060 4060 4060 4060 4060
172 1777384855 3553 3698 328 3647 3585 3627 3627 3595 4059 4059 4059 4059 4059 4059 4059 4059
173 1777384855 3553 3697 328 3647 3585 3627 3626 3595 4061 4061 4061 4061 4061 4061 4061 4061
174 1777384855 3553 3697 328 3647 3585 3628 3628 3596 4061 4061 4061 4061 4061 4061 4061 4061
175 1777384855 3553 3698 328 3646 3585 3627 3627 3595 4061 4061 4061 4061 4061 4061 4061 4061
176 1777384863 3550 3695 329 3644 3582 3624 3625 3593 4063 4063 4062 4062 4062 4062 4062 4062
177 1777384863 3552 3696 329 3646 3584 3626 3626 3594 4063 4063 4062 4062 4062 4062 4062 4062
178 1777384863 3551 3696 328 3646 3584 3626 3626 3594 4061 4061 4061 4061 4061 4061 4061 4061
179 1777384863 3552 3697 328 3646 3584 3627 3627 3595 4061 4061 4061 4061 4061 4061 4061 4061
180 1777384863 3552 3697 329 3646 3584 3626 3626 3594 4063 4063 4062 4062 4062 4062 4062 4062
181 1777384863 3552 3696 328 3646 3584 3626 3627 3595 4063 4063 4062 4062 4062 4062 4062 4062
182 1777384863 3553 3697 328 3646 3585 3627 3626 3594 4061 4061 4061 4061 4061 4061 4061 4061
183 1777384863 3552 3696 328 3646 3584 3626 3626 3594 4059 4059 4059 4059 4059 4059 4059 4059
184 1777384863 3552 3697 329 3647 3585 3627 3627 3595 4061 4061 4061 4061 4061 4061 4061 4061
185 1777384863 3552 3696 328 3646 3584 3626 3626 3594 4059 4059 4059 4059 4059 4059 4059 4059
186 1777384863 3553 3697 329 3647 3585 3627 3627 3595 4061 4061 4060 4060 4060 4060 4060 4060
187 1777384863 3552 3697 328 3646 3584 3626 3627 3595 4059 4059 4059 4059 4059 4059 4059 4059
188 1777384863 3553 3697 329 3647 3585 3627 3627 3595 4063 4063 4062 4062 4062 4062 4062 4062
189 1777384863 3552 3696 328 3646 3584 3627 3627 3595 4061 4061 4061 4061 4061 4061 4061 4061
190 1777384863 3554 3698 328 3648 3586 1641 1355 3595 4063 4063 4062 4062 4062 4062 4062 4062
191 1777384863 3553 3697 329 3647 3585 3627 3627 3595 4061 4061 4060 4060 4060 4060 4060 4060
192 1777384863 3552 3696 329 3646 3584 3626 3626 3594 4061 4061 4061 4061 4061 4061 4061 4061
193 1777384863 3552 3697 328 3646 3584 3626 1341 3594 4063 4063 4062 4062 4062 4062 4062 4062
194 1777384863 3551 3697 329 3646 3584 3626 3626 3595 4063 4063 4062 4062 4062 4062 4062 4062
195 1777384863 3553 3697 328 3647 3584 3626 3626 3594 4061 4061 4061 4061 4061 4061 4061 4061
196 1777384863 3553 3697 329 3647 3585 3627 3627 3595 4063 4063 4062 4062 4062 4062 4062 4062
197 1777384863 3552 3697 328 3647 3585 3627 3626 3594 4063 4063 4062 4062 4062 4062 4062 4062
198 1777384863 3553 3698 328 3647 3584 3627 3627 3595 4061 4061 4061 4061 4061 4061 4061 4061
199 1777384863 3553 3697 328 3647 3585 3627 3627 3594 4061 4061 4061 4061 4061 4061 4061 4061
200 1777384863 3553 3697 329 3647 3585 3627 3627 3595 4061 4061 4060 4060 4060 4060 4060 4060
201 1777384863 3553 3697 329 3647 3584 3627 3627 3595 4061 4061 4061 4061 4061 4061 4061 4061
202 1777384863 3554 3698 329 3648 3586 3628 3628 3596 4061 4061 4061 4061 4061 4061 4061 4061
203 1777384863 3552 3697 328 3647 3584 3627 3627 3595 4063 4063 4062 4062 4062 4062 4062 4062
204 1777384863 3553 3698 329 3648 3585 3627 3627 3596 4061 4061 4061 4061 4061 4061 4061 4061
205 1777384863 3550 3694 327 3644 3582 3624 3624 3592 4061 4061 4061 4061 4061 4061 4061 4061
206 1777384863 3551 3695 327 3645 3583 3624 3624 3592 4061 4061 4061 4061 4061 4061 4061 4061
207 1777384863 3551 3696 327 3645 3583 3625 3625 3593 4063 4063 4062 4062 4062 4062 4062 4062
208 1777384863 3551 3696 327 3644 3583 3626 3626 3593 4063 4063 4062 4062 4062 4062 4062 4062
209 1777384863 3551 3696 327 3645 3583 3625 3625 3593 4061 4061 4060 4060 4060 4060 4060 4060
210 1777384863 3551 3696 327 3646 3583 3625 3626 3594 4061 4061 4061 4061 4061 4061 4061 4061
211 1777384863 3551 3695 327 3645 3583 3625 3625 3593 4061 4061 4061 4061 4061 4061 4061 4061
212 1777384863 3551 3695 327 3644 3583 3625 3625 3593 4063 4063 4062 4062 4062 4062 4062 4062
213 1777384863 3551 3696 327 3645 3583 3625 3625 3593 4061 4061 4060 4060 4060 4060 4060 4060
214 1777384863 3550 3695 327 3644 3582 3624 3624 3592 4061 4061 4061 4061 4061 4061 4061 4061
215 1777384863 3551 3695 327 3645 3583 3625 3625 3593 4061 4061 4061 4061 4061 4061 4061 4061
216 1777384863 3551 3696 327 3646 3583 3625 3625 3593 4063 4063 4062 4062 4062 4062 4062 4062
217 1777384863 3551 3696 327 3645 3583 3625 3625 3594 4061 4061 4061 4061 4061 4061 4061 4061
218 1777384863 3551 3696 327 3646 3584 3626 3626 3593 4063 4063 4062 4062 4062 4062 4062 4062
219 1777384863 3551 3695 327 3645 3582 3625 3625 3593 4063 4063 4062 4062 4062 4062 4062 4062
220 1777384863 3551 3695 327 3645 3583 3625 3625 3593 4061 4061 4061 4061 4061 4061 4061 4061
221 1777384863 3551 3696 328 3645 3583 3625 3625 3593 4063 4063 4062 4062 4062 4062 4062 4062
222 1777384863 3551 3696 327 3646 3583 3626 3626 3594 4061 4061 4061 4061 4061 4061 4061 4061
223 1777384863 3551 3696 327 3645 3583 3625 3626 3594 4061 4061 4061 4061 4061 4061 4061 4061
224 1777384863 3551 3696 327 3645 3583 3625 3625 3593 4063 4063 4062 4062 4062 4062 4062 4062
225 1777384863 3551 3696 328 3646 3583 3626 3626 3594 4061 4061 4061 4061 4061 4061 4061 4061
226 1777384863 3551 3695 327 3644 3582 3625 3625 3593 4061 4061 4061 4061 4061 4061 4061 4061
227 1777384863 3551 3696 327 3645 3583 3626 3626 3593 4061 4061 4061 4061 4061 4061 4061 4061
228 1777384863 3551 3695 327 3645 3583 3626 3626 3594 4063 4063 4062 4062 4062 4062 4062 4062
229 1777384863 3551 3695 328 3645 3583 3625 3625 3593 4063 4063 4062 4062 4062 4062 4062 4062
230 1777384863 3551 3695 327 3645 3582 3625 3625 3593 4063 4063 4062 4062 4062 4062 4062 4062
231 1777384863 3552 3696 327 3647 3584 3626 3626 3594 4061 4061 4061 4061 4061 4061 4061 4061
232 1777384863 3551 3695 327 3645 3583 3625 3626 3593 4061 4061 4061 4061 4061 4061 4061 4061
233 1777384863 3552 3696 327 3645 3583 3625 3625 3593 4061 4061 4061 4061 4061 4061 4061 4061
234 1777384863 3551 3696 327 3646 3584 3625 3625 3594 4063 4063 4062 4062 4062 4062 4062 4062
235 1777384863 3550 3695 327 3645 3583 3625 3625 3593 4063 4063 4062 4062 4062 4062 4062 4062
236 1777384863 3551 3696 327 3646 3583 3625 3626 3593 4063 4063 4062 4062 4062 4062 4062 4062
237 1777384863 3552 3696 327 3646 3583 3626 3626 3593 4063 4061 4061 4061 4061 4061 4061 4061
238 1777384864 3551 3696 327 3646 3583 3625 3625 3594 4061 4061 4061 4061 4061 4061 4061 4061
239 1777384864 3552 3696 327 3645 3584 3626 3626 3594 4063 4063 4062 4062 4062 4062 4062 4062
240 1777384864 3552 3696 327 3646 3584 3626 3626 3594 4061 4061 4061 4061 4061 4061 4061 4061
241 1777384864 3551 3696 327 3646 3584 3626 3626 3594 4063 4063 4062 4062 4062 4062 4062 4062
242 1777384864 3552 3696 327 3646 3584 3626 3626 3594 4061 4061 4061 4061 4061 4061 4061 4061
243 1777384864 3551 3696 327 3646 3584 3626 3626 3594 4061 4061 4061 4061 4061 4061 4061 4061
244 1777384864 3552 3696 328 3645 3583 3626 3626 3593 4063 4063 4062 4062 4062 4062 4062 4062
245 1777384864 3553 3697 327 3647 3585 3627 3627 3595 4061 4061 4060 4060 4060 4060 4060 4060
246 1777384864 3551 3695 327 3645 3582 3625 3625 3593 4061 4061 4061 4061 4061 4061 4061 4061
247 1777384864 3551 3695 328 3645 3583 3625 3625 3593 4063 4063 4062 4062 4062 4062 4062 4062
248 1777384864 3552 3696 327 3645 3583 3625 3626 3593 4061 4061 4061 4061 4061 4061 4061 4061
249 1777384864 3552 3696 326 3646 3584 3626 3626 3594 4061 4061 4061 4061 4061 4061 4061 4061
250 1777384864 3552 3696 327 3646 3584 3626 3626 3594 4061 4061 4061 4061 4061 4061 4061 4061
251 1777384864 3552 3696 327 3646 3584 3626 3625 3594 4061 4061 4061 4061 4061 4061 4061 4061
252 1777384864 3551 3696 327 3646 3583 3626 3626 3594 4061 4060 4060 4060 4060 4060 4060 4060
253 1777384864 3551 3696 328 3644 3583 3625 3625 3593 4061 4061 4060 4060 4060 4060 4060 4060
254 1777384864 3552 3696 327 3646 3585 3627 3627 3595 4063 4063 4062 4062 4062 4062 4062 4062
255 1777384864 3551 3696 326 3646 3584 3626 3626 3594 4061 4061 4061 4061 4061 4061 4061 4061
256 1777384864 3552 3696 327 3646 3584 3626 3626 3594 4061 4061 4060 4060 4060 4060 4060 4060
257 1777384864 3552 3696 327 3646 3584 3626 3626 3594 4063 4063 4062 4062 4062 4062 4062 4062
258 1777384864 3553 3697 327 3646 3584 3626 3626 3594 4061 4061 4061 4061 4061 4061 4061 4061
259 1777384864 3551 3696 327 3645 3584 3625 3625 3593 4061 4061 4061 4061 4061 4061 4061 4061
260 1777384864 3551 3696 329 3645 3584 3626 3626 3594 4061 4061 4061 4061 4061 4061 4061 4061
261 1777384864 3552 3696 328 3646 3584 3626 3625 3594 4063 4062 4062 4062 4062 4062 4062 4062
262 1777384864 3551 3696 327 3646 3583 3625 3626 3593 4063 4063 4062 4062 4062 4062 4062 4062
263 1777384864 3552 3696 328 3645 3583 3626 3626 3594 4061 4061 4061 4061 4061 4061 4061 4061
264 1777384864 3552 3697 327 3646 3584 3626 3627 3594 4061 4061 4061 4061 4061 4061 4061 4061
265 1777384864 3552 3697 327 3647 3584 3627 3627 3594 4063 4062 4062 4062 4062 4062 4062 4062
266 1777384864 3551 3695 327 3644 3583 3625 3625 3593 4059 4059 4058 4058 4058 4058 4058 4058
267 1777384864 3553 3698 327 3647 3584 3626 3626 3594 4061 4061 4061 4061 4061 4061 4061 4061
268 1777384864 3552 3697 327 3647 3584 3626 3627 3594 4063 4063 4062 4062 4062 4062 4062 4062
269 1777384864 3552 3696 328 3646 3584 3626 3626 3594 4061 4061 4060 4060 4060 4060 4060 4060
270 1777384864 3552 3696 327 3646 3584 3626 3626 3594 4061 4061 4061 4061 4061 4061 4061 4061
271 1777384864 3550 3695 327 3645 3583 3625 3625 3593 4063 4063 4062 4062 4062 4062 4062 4062
272 1777384864 3552 3697 327 3646 3584 3626 3626 3594 4063 4062 4062 4062 4062 4062 4062 4062
273 1777384864 3552 3696 328 3645 3584 3625 3626 3594 4063 4063 4062 4062 4062 4062 4062 4062
274 1777384864 3552 3697 327 3646 3584 3626 3627 3595 4063 4063 4063 4063 4063 4063 4063 4063
275 1777384864 3551 3696 327 3645 3584 3626 3626 3594 4063 4063 4062 4062 4062 4062 4062 4062
276 1777384864 3550 3695 327 3644 3583 3625 3625 3593 4063 4063 4062 4062 4062 4062 4062 4062
277 1777384864 3552 3697 328 3646 3584 3626 3626 3594 4061 4061 4061 4061 4061 4061 4061 4061
278 1777384864 3552 3697 327 3646 3584 3627 3626 3594 4063 4063 4062 4062 4062 4062 4062 4062
279 1777384864 3551 3695 328 3645 3583 3625 3625 3593 4061 4061 4061 4061 4061 4061 4061 4061
280 1777384864 3551 3696 327 3646 3584 3626 3626 3594 4061 4061 4061 4061 4061 4061 4061 4061
281 1777384864 3552 3696 328 3646 3584 3626 3626 3594 4063 4063 4062 4062 4062 4062 4062 4062
282 1777384864 3553 3697 327 3646 3585 3627 3627 3595 4061 4061 4061 4061 4061 4061 4061 4061
283 1777384864 3552 3697 327 3646 3584 3626 3626 3594 4063 4063 4062 4062 4062 4062 4062 4062
284 1777384864 3551 3695 327 3645 3583 3625 3625 3593 4061 4061 4061 4061 4061 4061 4061 4061
285 1777384864 3551 3696 327 3646 3583 3625 3625 3593 4059 4059 4059 4059 4059 4059 4059 4059
286 1777384864 3551 3696 327 3646 3584 3626 3626 3594 4061 4061 4061 4061 4061 4061 4061 4061
287 1777384864 3551 3696 328 3645 3584 3626 3626 3594 4063 4062 4062 4062 4062 4062 4062 4062
288 1777384864 3552 3696 328 3646 3584 3626 3626 3594 4061 4061 4061 4061 4061 4061 4061 4061
289 1777384864 3551 3696 327 3646 3583 3626 3626 3594 4063 4063 4062 4062 4062 4062 4062 4062
290 1777384864 3553 3697 327 3646 3585 3627 3627 3595 4059 4059 4059 4059 4059 4059 4059 4059
291 1777384864 3551 3696 327 3645 3583 3625 3625 3594 4061 4061 4060 4060 4060 4060 4060 4060
292 1777384864 3551 3696 327 3645 3583 3625 3625 3593 4061 4061 4061 4061 4061 4061 4061 4061
293 1777384864 3552 3696 328 3646 3584 3626 3626 3594 4063 4063 4062 4062 4062 4062 4062 4062
294 1777384864 3551 3696 327 3646 3583 3626 3626 3594 4061 4061 4061 4061 4061 4061 4061 4061
295 1777384864 3552 3696 327 3646 3584 3626 3626 3594 4063 4063 4062 4062 4062 4062 4062 4062
296 1777384864 3552 3696 327 3646 3584 3625 3626 3593 4061 4061 4061 4061 4061 4061 4061 4061
297 1777384864 3552 3696 328 3645 3584 3626 3626 3594 4061 4061 4061 4061 4061 4061 4061 4061
298 1777384864 3552 3696 327 3646 3584 3626 3626 3594 4061 4061 4060 4060 4060 4060 4060 4060
299 1777384864 3552 3697 328 3646 3584 3626 3626 3595 4063 4063 4062 4062 4062 4062 4062 4062
300 1777384864 3552 3696 328 3646 3584 3626 3626 3594 4061 4061 4061 4061 4061 4061 4061 4061
301 1777384864 3551 3696 328 3646 3584 3626 3626 3593 4061 4061 4061 4061 4061 4061 4061 4061
302 1777384864 3551 3695 327 3645 3583 3625 3625 3593 4061 4061 4061 4061 4061 4061 4061 4061
303 1777384864 3552 3696 327 3646 3584 3626 3626 3594 4061 4061 4060 4060 4060 4060 4060 4060
304 1777384864 3552 3696 328 3644 3584 3626 3626 3594 4063 4063 4062 4062 4062 4062 4062 4062
305 1777384864 3551 3696 328 3645 3583 3626 3625 3594 4061 4061 4061 4061 4061 4061 4061 4061
306 1777384864 3551 3696 328 3646 3583 3626 3626 3594 4061 4061 4060 4060 4060 4060 4060 4060
307 1777384864 3552 3697 328 3647 3585 3626 3627 3594 4063 4063 4062 4062 4062 4062 4062 4062
308 1777384864 3552 3697 328 3647 3584 3626 3626 3594 4061 4061 4061 4061 4061 4061 4061 4061
309 1777384864 3551 3696 328 3645 3583 3625 3626 3593 4063 4063 4062 4062 4062 4062 4062 4062
310 1777384864 3552 3696 327 3646 3584 3626 3626 3594 4063 4063 4062 4062 4062 4062 4062 4062
311 1777384864 3553 3697 328 3646 3585 3626 3626 3595 4061 4061 4061 4061 4061 4061 4061 4061
312 1777384865 3551 3696 328 3646 3584 3626 3627 3594 4061 4061 4061 4061 4061 4061 4061 4061
313 1777384865 3551 3696 328 3645 3584 3626 3626 3594 4061 4061 4061 4061 4061 4061 4061 4061
314 1777384865 3552 3696 327 3646 3584 3627 3627 3594 4061 4060 4060 4060 4060 4060 4060 4060
315 1777384865 3552 3697 327 3647 3585 3627 3627 3595 4063 4063 4062 4062 4062 4062 4062 4062
316 1777384865 3551 3696 327 3646 3584 3625 3626 3594 4061 4061 4061 4061 4061 4061 4061 4061
317 1777384865 3552 3697 328 3647 3584 3627 3627 3595 4061 4061 4061 4061 4061 4061 4061 4061
318 1777384865 3552 3696 327 3646 3584 3626 3626 3594 4061 4061 4061 4061 4061 4061 4061 4061
319 1777384865 3551 3696 327 3645 3584 3627 3626 3594 4061 4061 4061 4061 4061 4061 4061 4061
320 1777384865 3552 3697 328 3646 3584 3626 3627 3594 4061 4061 4061 4061 4061 4061 4061 4061
321 1777384865 3552 3696 328 3647 3584 3627 3626 3594 4061 4061 4061 4061 4061 4061 4061 4061
322 1777384865 3553 3697 327 3647 3585 3627 3627 3595 4061 4061 4060 4060 4060 4060 4060 4060
323 1777384865 3551 3696 328 3645 3583 3626 3626 3593 4063 4063 4062 4062 4062 4062 4062 4062
324 1777384865 3551 3696 329 3646 3584 3626 3626 3594 4061 4061 4061 4061 4061 4061 4061 4061
325 1777384865 3552 3696 328 3646 3584 3626 3626 3594 4063 4063 4062 4062 4062 4062 4062 4062
326 1777384865 3552 3697 328 3647 3585 3627 3627 3595 4063 4061 4061 4061 4061 4061 4061 4061
327 1777384865 3553 3697 328 3647 3585 3626 3627 3595 4063 4063 4062 4062 4062 4062 4062 4062
328 1777384865 3553 3697 328 3647 3585 3627 3627 3595 4063 4062 4062 4062 4062 4062 4062 4062
329 1777384865 3552 3696 328 3646 3584 3626 3626 3594 4061 4061 4061 4061 4061 4061 4061 4061
330 1777384865 3552 3697 327 3647 3585 3627 3627 3594 4061 4061 4060 4060 4060 4060 4060 4060
331 1777384865 3552 3696 328 3645 3583 3625 3626 3594 4063 4062 4062 4062 4062 4062 4062 4062
332 1777384865 3551 3696 328 3646 3584 3626 3626 3594 4061 4061 4061 4061 4061 4061 4061 4061
333 1777384865 3553 3698 328 3647 3585 3627 3627 3595 4061 4061 4061 4061 4061 4061 4061 4061
334 1777384865 3552 3696 328 3646 3584 3626 3626 3594 4061 4061 4061 4061 4061 4061 4061 4061
335 1777384865 3553 3698 327 3647 3585 3627 3627 3595 4063 4062 4062 4062 4062 4062 4062 4062
336 1777384865 3552 3696 328 3646 3584 3626 3626 3594 4063 4062 4062 4062 4062 4062 4062 4062
337 1777384865 3552 3696 327 3647 3585 3626 3626 3594 4063 4063 4062 4062 4062 4062 4062 4062
338 1777384865 3553 3697 327 3646 3584 3626 3627 3594 4061 4061 4061 4061 4061 4061 4061 4061
339 1777384865 3552 3696 328 3645 3584 3626 3626 3594 4063 4063 4062 4062 4062 4062 4062 4062
340 1777384865 3551 3696 328 3646 3584 3626 3626 3594 4063 4063 4062 4062 4062 4062 4062 4062
341 1777384865 3552 3696 328 3646 3584 3626 3626 3594 4061 4061 4061 4061 4061 4061 4061 4061
342 1777384865 3552 3697 328 3646 3584 3626 3627 3595 4063 4061 4061 4061 4061 4061 4061 4061
343 1777384865 3552 3697 328 3647 3584 3627 3627 3595 4061 4061 4061 4061 4061 4061 4061 4061
344 1777384865 3553 3697 327 3647 3585 3627 3627 3595 4063 4063 4062 4062 4062 4062 4062 4062
345 1777384865 3552 3697 327 3647 3585 3627 3627 3595 4061 4061 4061 4061 4061 4061 4061 4061
346 1777384865 3552 3697 327 3647 3585 3627 3626 3594 4063 4063 4062 4062 4062 4062 4062 4062
347 1777384865 3553 3698 328 3647 3585 3627 3628 3595 4063 4063 4062 4062 4062 4062 4062 4062
348 1777384865 3552 3697 328 3646 3584 3626 3626 3594 4061 4061 4061 4061 4061 4061 4061 4061
349 1777384865 3552 3697 328 3647 3585 3627 3627 3595 4063 4061 4061 4061 4061 4061 4061 4061
350 1777384865 3552 3697 328 3646 3585 3627 3627 3595 4063 4063 4062 4062 4062 4062 4062 4062
351 1777384865 3552 3697 328 3647 3584 3626 3627 3594 4063 4063 4062 4062 4062 4062 4062 4062
352 1777384865 3553 3697 327 3647 3585 3627 3627 3595 4061 4061 4061 4061 4061 4061 4061 4061
353 1777384865 3553 3698 328 3647 3585 3627 3627 3595 4063 4063 4062 4062 4062 4062 4062 4062
354 1777384865 3553 3697 328 3646 3585 3627 3627 3594 4063 4063 4062 4062 4062 4062 4062 4062
355 1777384865 3554 3699 328 3648 3586 3628 3628 3596 4061 4061 4061 4061 4061 4061 4061 4061
356 1777384865 3553 3697 329 3647 3585 3627 3627 3595 4063 4062 4062 4062 4062 4062 4062 4062
357 1777384865 3553 3697 328 3647 3584 3627 3627 3595 4059 4059 4059 4059 4059 4059 4059 4059
358 1777384865 3553 3697 328 3647 3584 3627 3627 3595 4063 4063 4062 4062 4062 4062 4062 4062
359 1777384865 3553 3698 328 3648 3585 3627 3628 3596 4061 4061 4061 4061 4061 4061 4061 4061
360 1777384865 3552 3697 328 3646 3584 3626 3626 3594 4063 4063 4062 4062 4062 4062 4062 4062
361 1777384865 3552 3696 328 3646 3584 3626 3626 3594 4061 4061 4061 4061 4061 4061 4061 4061
362 1777384865 3552 3696 328 3646 3584 3626 3626 3594 4063 4063 4062 4062 4062 4062 4062 4062
363 1777384865 3552 3697 328 3647 3584 3627 3626 3594 4063 4063 4062 4062 4062 4062 4062 4062
364 1777384865 3552 3697 328 3647 3584 3627 3628 3595 4063 4063 4062 4062 4062 4062 4062 4062
365 1777384865 3552 3697 328 3647 3584 3626 3627 3595 4061 4061 4061 4061 4061 4061 4061 4061
366 1777384865 3553 3698 327 3646 3584 3627 3626 3595 4063 4063 4062 4062 4062 4062 4062 4062
367 1777384865 3553 3698 328 3647 3585 3627 3627 3595 4063 4063 4062 4062 4062 4062 4062 4062
368 1777384865 3553 3698 327 304 3584 3628 3628 3596 4061 4061 4061 4061 4061 4061 4061 4061
369 1777384865 3552 3697 328 3647 3585 3627 3627 3595 4063 4063 4062 4062 4062 4062 4062 4062
370 1777384865 3552 3697 327 3647 3585 3627 3627 3594 4057 4057 4056 4056 4056 4056 4056 4056
371 1777384865 3551 3696 328 3646 3584 3626 3626 3594 4063 4063 4062 4062 4062 4062 4062 4062
372 1777384865 3552 3697 328 3647 3585 3627 3627 3595 4061 4061 4061 4061 4061 4061 4061 4061
373 1777384865 3552 3697 328 3646 3584 3627 3626 3594 4063 4063 4062 4062 4062 4062 4062 4062
374 1777384865 3553 3698 328 3647 3585 3627 3627 3595 4059 4059 4059 4059 4059 4059 4059 4059
375 1777384865 3552 3697 328 3646 3584 3626 3626 3594 4061 4061 4061 4061 4061 4061 4061 4061
376 1777384866 3553 3698 328 3648 3586 3628 3628 3596 4061 4061 4060 4060 4060 4060 4060 4060
377 1777384866 3553 3697 328 3647 3585 3627 3627 3595 4061 4061 4061 4061 4061 4061 4061 4061
378 1777384866 3553 3696 328 3646 3585 3627 3626 3594 4061 4061 4061 4061 4061 4061 4061 4061
379 1777384866 3553 3698 328 3647 3586 3627 3627 3595 4061 4061 4061 4061 4061 4061 4061 4061
380 1777384866 3553 3697 328 3646 3584 3626 3627 3594 4063 4063 4062 4062 4062 4062 4062 4062
381 1777384866 3552 3697 328 3647 3584 3627 3627 3595 4061 4061 4061 4061 4061 4061 4061 4061
382 1777384866 3553 3698 328 3647 3585 3628 3627 3595 4061 4060 4060 4060 4060 4060 4060 4060
383 1777384866 3553 3698 328 3648 3585 3628 3628 3596 4063 4063 4062 4062 4062 4062 4062 4062
384 1777384866 3552 3697 329 3647 3585 3627 3628 3596 4061 4061 4060 4060 4060 4060 4060 4060
385 1777384866 3554 3698 328 3648 3586 3628 3628 3596 4063 4062 4062 4062 4062 4062 4062 4062
386 1777384866 3552 3697 328 3646 3584 3626 3626 3595 4061 4061 4061 4061 4061 4061 4061 4061
387 1777384866 3553 3697 330 3646 3584 3627 3627 3595 4063 4063 4062 4062 4062 4062 4062 4062
388 1777384866 3553 3697 329 3647 3585 3627 3628 3595 4061 4061 4060 4060 4060 4060 4060 4060
389 1777384866 3552 3696 328 3646 3584 3626 3626 3594 4061 4061 4060 4060 4060 4060 4060 4060
390 1777384866 3552 3697 328 3647 3585 3627 3626 3595 4063 4063 4062 4062 4062 4062 4062 4062
391 1777384866 3552 3697 328 3647 3584 3626 3626 3595 4061 4061 4061 4061 4061 4061 4061 4061
392 1777384866 3553 3697 328 3647 3585 3627 3627 3596 4061 4061 4061 4061 4061 4061 4061 4061
393 1777384866 3553 3697 328 3647 3584 3627 3627 3595 4061 4061 4061 4061 4061 4061 4061 4061
394 1777384866 3553 3698 328 3648 3586 3628 3628 3596 4061 4061 4061 4061 4061 4061 4061 4061
395 1777384866 3553 3697 328 3647 3585 3627 3627 3595 4061 4061 4061 4061 4061 4061 4061 4061
396 1777384866 3553 3697 329 3647 3585 3627 3628 3596 4061 4061 4061 4061 4061 4061 4061 4061
397 1777384866 3552 3696 328 3646 3584 3627 3626 3595 4063 4063 4062 4062 4062 4062 4062 4062
398 1777384866 3553 3698 328 3646 3586 3627 3627 3595 4063 4063 4062 4062 4062 4062 4062 4062
399 1777384866 3553 3698 328 3648 3585 3628 3628 3596 4063 4063 4062 4062 4062 4062 4062 4062
400 1777384866 3553 3697 328 3647 3585 3627 3627 3595 4063 4063 4062 4062 4062 4062 4062 4062
401 1777384866 3552 3696 329 3646 3584 3626 3627 3595 4061 4061 4060 4060 4060 4060 4060 4060
402 1777384866 3553 3697 328 3646 3585 3627 3627 3595 4061 4061 4061 4061 4061 4061 4061 4061
403 1777384866 3553 3697 328 3647 3585 3627 3627 3595 4059 4059 4058 4058 4058 4058 4058 4058
404 1777384866 3553 3697 329 3647 3585 3627 3627 3595 4063 4063 4062 4062 4062 4062 4062 4062
405 1777384866 3552 3698 328 3647 3585 3627 3627 3595 4063 4063 4062 4062 4062 4062 4062 4062
406 1777384866 3554 3698 329 3647 3586 3628 3629 3596 4061 4061 4060 4060 4060 4060 4060 4060
407 1777384866 3552 3696 328 3645 3584 3626 3627 3594 4061 4061 4061 4061 4061 4061 4061 4061
408 1777384866 3553 3698 328 3647 3585 3627 3627 3595 4061 4061 4061 4061 4061 4061 4061 4061
409 1777384866 3542 3686 328 3635 3574 3616 3616 3584 4061 4061 4061 4061 4061 4061 4061 4061
410 1777384866 3554 3698 328 3648 3585 3627 3628 3596 4061 4061 4061 4061 4061 4061 4061 4061
411 1777384866 3553 3698 328 3647 3586 3628 3628 3595 4061 4061 4061 4061 4061 4061 4061 4061
412 1777384866 3554 3698 328 3648 3586 3627 3628 3596 4061 4061 4060 4060 4060 4060 4060 4060
413 1777384866 3552 3697 328 3647 3585 3627 3627 3595 4061 4061 4061 4061 4061 4061 4061 4061
414 1777384866 3552 3697 329 3646 3585 3627 3627 3596 4061 4061 4060 4060 4060 4060 4060 4060
415 1777384866 3553 3698 328 3647 3585 3627 3628 3596 4063 4063 4062 4062 4062 4062 4062 4062
416 1777384866 3553 3698 329 3647 3585 3627 3627 3595 4059 4059 4059 4059 4059 4059 4059 4059
417 1777384866 3552 3696 328 3646 3584 3626 3627 3594 4063 4063 4062 4062 4062 4062 4062 4062
418 1777384866 3553 3698 329 3647 3585 3627 3627 3596 4061 4061 4061 4061 4061 4061 4061 4061
419 1777384866 3553 3698 328 3647 3585 3628 3628 3595 4061 4061 4061 4061 4061 4061 4061 4061
420 1777384866 3552 3697 329 3647 3585 3627 3626 3594 4063 4063 4062 4062 4062 4062 4062 4062
421 1777384866 3553 3697 328 3647 3584 3626 3627 3595 4061 4061 4061 4061 4061 4061 4061 4061
422 1777384866 3554 3698 328 3648 3586 3627 3627 3595 4061 4061 4060 4060 4060 4060 4060 4060
423 1777384866 3553 3698 328 3647 3585 3627 3627 3595 4061 4061 4061 4061 4061 4061 4061 4061
424 1777384866 3553 3698 329 3648 3586 3628 3628 3596 4061 4061 4061 4061 4061 4061 4061 4061
425 1777384866 3553 3698 328 3647 3585 3627 3627 3595 4061 4061 4060 4060 4060 4060 4060 4060
426 1777384866 3554 3698 328 3648 3586 3628 3628 3596 4063 4061 4061 4061 4061 4061 4061 4061
427 1777384866 3553 3697 328 3647 3585 3627 3627 3596 4063 4061 4061 4061 4061 4061 4061 4061
428 1777384866 3554 3698 329 3648 3586 3628 3627 3595 4063 4063 4062 4062 4062 4062 4062 4062
429 1777384866 3553 3697 328 3647 3585 3627 3627 3595 4061 4061 4061 4061 4061 4061 4061 4061
430 1777384866 3552 3697 329 3646 3585 3627 3627 3595 4061 4061 4061 4061 4061 4061 4061 4061
431 1777384866 3553 3698 328 3647 3585 3627 3627 3596 4061 4061 4061 4061 4061 4061 4061 4061
432 1777384866 3553 3698 329 3648 3585 3627 3628 3595 4063 4063 4062 4062 4062 4062 4062 4062
433 1777384866 3553 3697 329 3647 3585 3627 3628 3596 4063 4063 4062 4062 4062 4062 4062 4062
434 1777384866 3553 3697 328 3647 3585 3627 3627 3595 4061 4061 4061 4061 4061 4061 4061 4061
435 1777384866 3554 3698 328 3648 3586 3628 3628 3596 4063 4063 4062 4062 4062 4062 4062 4062
436 1777384866 3553 3697 329 3647 3585 3627 3627 3596 4063 4063 4062 4062 4062 4062 4062 4062
437 1777384866 3554 3699 328 3648 3586 3628 3628 3596 4063 4062 4062 4062 4062 4062 4062 4062
438 1777384866 3553 3698 329 3648 3586 3628 3628 3596 4063 4063 4062 4062 4062 4062 4062 4062
439 1777384866 3553 3698 329 3647 3585 3627 3627 3596 4061 4061 4061 4061 4061 4061 4061 4061
440 1777384866 3554 3698 328 3648 3585 3627 3627 3595 4063 4063 4062 4062 4062 4062 4062 4062
441 1777384866 3553 3696 328 3647 3585 3626 3627 3594 4061 4061 4061 4061 4061 4061 4061 4061
442 1777384866 3553 3698 329 3648 3585 3627 3628 3595 4063 4063 4062 4062 4062 4062 4062 4062
443 1777384866 3553 3698 328 3647 3585 3627 3627 3595 4061 4061 4061 4061 4061 4061 4061 4061
444 1777384866 3553 3698 329 3648 3585 3627 3627 3595 4063 4063 4062 4062 4062 4062 4062 4062
445 1777384866 3553 3698 328 3647 3586 3629 3628 3596 4063 4063 4062 4062 4062 4062 4062 4062
446 1777384866 3554 3698 329 3648 3586 3628 3628 3596 4063 4063 4062 4062 4062 4062 4062 4062
447 1777384866 3553 3698 329 3648 3585 3627 3628 3595 4063 4061 4061 4061 4061 4061 4061 4061
448 1777384866 3553 3698 329 3647 3585 3627 3627 3596 4061 4061 4061 4061 4061 4061 4061 4061
449 1777384866 3553 3698 329 3647 3585 3627 3628 3596 4063 4062 4062 4062 4062 4062 4062 4062
450 1777384866 3553 3697 328 3647 3585 3627 3627 3595 4063 4063 4062 4062 4062 4062 4062 4062
451 1777384866 3553 3697 330 3647 3585 3627 3627 3595 4063 4063 4062 4062 4062 4062 4062 4062
452 1777384867 3554 3698 329 3648 3585 3627 3628 3595 4063 4063 4062 4062 4062 4062 4062 4062
453 1777384867 3553 3699 328 3647 3586 3628 3628 3596 4063 4063 4062 4062 4062 4062 4062 4062
454 1777384867 3554 3698 328 3647 3585 3627 3628 3595 4063 4063 4062 4062 4062 4062 4062 4062
455 1777384867 3553 3698 329 3647 3585 3628 3628 3596 4063 4061 4061 4061 4061 4061 4061 4061
456 1777384867 3553 3698 328 3648 3586 3628 3628 3596 4061 4061 4060 4060 4060 4060 4060 4060
457 1777384867 3554 3698 328 3648 3586 3628 3628 3596 4061 4061 4061 4061 4061 4061 4061 4061
458 1777384867 3553 3698 329 3647 3586 3627 3627 3596 4061 4061 4061 4061 4061 4061 4061 4061
459 1777384867 3554 3698 328 3647 3586 3627 3627 3596 4061 4061 4061 4061 4061 4061 4061 4061
460 1777384867 3553 3698 329 3648 3585 3628 3627 3595 4061 4061 4061 4061 4061 4061 4061 4061
461 1777384867 3551 3695 327 3645 3584 3625 3625 3593 4063 4063 4062 4062 4062 4062 4062 4062
462 1777384867 3551 3696 327 3645 3583 3625 3625 3593 4061 4061 4061 4061 4061 4061 4061 4061
463 1777384867 3551 3695 327 3645 3583 3625 3625 3593 4061 4061 4061 4061 4061 4061 4061 4061
464 1777384867 3551 3696 327 3644 3583 3625 3625 3593 4061 4061 4060 4060 4060 4060 4060 4060
465 1777384867 3551 3696 327 3646 3583 3626 3626 3594 4061 4061 4061 4061 4061 4061 4061 4061
466 1777384867 3552 3696 327 3646 3584 3626 3626 3594 4061 4061 4061 4061 4061 4061 4061 4061
467 1777384867 3551 3696 327 3645 3584 3626 3626 3594 4063 4061 4061 4061 4061 4061 4061 4061
468 1777384867 3552 3696 327 3646 3583 3626 3626 3594 4063 4063 4062 4062 4062 4062 4062 4062
469 1777384867 3552 3696 327 3646 3583 3626 3626 3594 4063 4063 4062 4062 4062 4062 4062 4062
470 1777384867 3550 3695 327 3645 3583 3625 3625 3593 4061 4061 4061 4061 4061 4061 4061 4061
471 1777384867 3552 3697 327 3645 3584 3626 3626 3594 4063 4063 4062 4062 4062 4062 4062 4062
472 1777384867 3552 3697 327 3646 3583 3625 3626 3594 4061 4061 4061 4061 4061 4061 4061 4061
473 1777384867 3551 3696 327 3645 3584 3626 3626 3594 4063 4063 4062 4062 4062 4062 4062 4062
474 1777384867 3552 3697 327 3646 3584 3625 3626 3593 4063 4063 4062 4062 4062 4062 4062 4062
475 1777384867 3550 3695 326 3645 3582 3624 3624 3593 4061 4061 4061 4061 4061 4061 4061 4061
476 1777384867 3552 3697 327 3646 3584 3626 3626 3594 4061 4061 4060 4060 4060 4060 4060 4060
477 1777384867 3552 3696 327 3646 3584 3626 3626 3594 4061 4061 4060 4060 4060 4060 4060 4060
478 1777384867 3551 3696 327 3645 3583 3626 3625 3594 4061 4060 4060 4060 4060 4060 4060 4060
479 1777384867 3551 3696 327 3645 3583 3626 3626 3593 4063 4063 4062 4062 4062 4062 4062 4062
480 1777384867 3552 3696 327 3645 3584 3625 3626 3594 4061 4061 4060 4060 4060 4060 4060 4060
481 1777384867 3551 3696 326 3645 3583 3625 3625 3593 4063 4063 4062 4062 4062 4062 4062 4062
482 1777384867 3551 3696 327 3646 3584 3626 3626 3594 4061 4061 4061 4061 4061 4061 4061 4061
483 1777384867 3552 3696 327 3645 3583 3625 3625 3593 4063 4062 4062 4062 4062 4062 4062 4062
484 1777384867 3552 3696 327 3646 3584 3626 3626 3593 4061 4061 4061 4061 4061 4061 4061 4061
485 1777384867 3552 3696 328 3646 3583 3626 3625 3594 4063 4063 4062 4062 4062 4062 4062 4062
486 1777384867 3551 3696 327 3646 3584 3626 3625 3594 4061 4061 4061 4061 4061 4061 4061 4061
487 1777384867 3551 3696 327 3645 3584 3626 3626 3594 4061 4061 4060 4060 4060 4060 4060 4060
488 1777384867 3551 3696 327 3645 3583 3625 3625 3593 4061 4061 4061 4061 4061 4061 4061 4061
489 1777384867 3552 3696 327 3647 3584 3626 3626 3594 4061 4061 4061 4061 4061 4061 4061 4061
490 1777384867 3551 3696 327 3646 3584 3626 3626 3594 4061 4061 4061 4061 4061 4061 4061 4061
491 1777384867 3551 3696 327 3646 3584 3626 3626 3594 4061 4061 4061 4061 4061 4061 4061 4061
492 1777384867 3552 3696 327 3646 3584 3626 3626 3594 4063 4061 4061 4061 4061 4061 4061 4061
493 1777384867 3552 3696 327 3645 3583 3625 3625 3593 4063 4063 4062 4062 4062 4062 4062 4062
494 1777384875 3550 3695 327 3644 3582 3623 3623 3592 4063 4063 4062 4062 4062 4062 4062 4062
495 1777384875 3551 3695 327 3644 3584 3625 3625 3593 4061 4061 4061 4061 4061 4061 4061 4061
496 1777384875 3551 3696 327 3645 3583 3626 3626 3594 4063 4063 4062 4062 4062 4062 4062 4062
497 1777384875 3550 3695 327 3646 3583 3625 3626 3593 4061 4061 4061 4061 4061 4061 4061 4061
498 1777384875 3550 3694 327 3645 3582 3624 3624 3592 4061 4061 4061 4061 4061 4061 4061 4061
499 1777384875 3552 3696 327 3646 3584 3626 3626 3594 4061 4061 4061 4061 4061 4061 4061 4061
500 1777384875 3551 3695 327 3645 3583 3625 3625 3593 4061 4061 4061 4061 4061 4061 4061 4061
501 1777384875 3551 3696 327 3646 3583 3625 3625 3594 4063 4063 4062 4062 4062 4062 4062 4062
502 1777384875 3551 3696 328 3645 3583 3626 3626 3594 4063 4063 4062 4062 4062 4062 4062 4062
503 1777384875 3551 3696 327 3645 3583 3625 3625 3593 4061 4061 4061 4061 4061 4061 4061 4061
504 1777384875 3551 3696 327 3645 3584 3626 3626 3594 4063 4063 4062 4062 4062 4062 4062 4062
505 1777384875 3550 3695 327 3645 3583 3626 3626 3594 4061 4061 4061 4061 4061 4061 4061 4061
506 1777384875 3551 3696 327 3645 3584 3626 3626 3594 4063 4063 4062 4062 4062 4062 4062 4062
507 1777384875 3552 3697 327 3646 3584 3626 3626 3594 4063 4063 4062 4062 4062 4062 4062 4062
508 1777384875 3552 3697 327 3646 3584 3626 3626 3594 4061 4061 4061 4061 4061 4061 4061 4061
509 1777384875 3552 3696 327 3645 3583 3625 3625 3593 4063 4063 4062 4062 4062 4062 4062 4062
510 1777384875 3551 3696 327 3645 3584 3626 3626 3594 4063 4063 4062 4062 4062 4062 4062 4062
511 1777384875 3552 3697 327 3646 3584 3626 3625 3594 4063 4063 4062 4062 4062 4062 4062 4062
512 1777384875 3551 3695 328 3645 3583 3625 3625 3593 4063 4063 4062 4062 4062 4062 4062 4062
513 1777384883 3551 3696 327 3645 3583 3625 3625 3593 4063 4063 4062 4062 4062 4062 4062 4062
514 1777384883 3551 3695 329 3645 3583 3625 3625 3592 4063 4063 4062 4062 4062 4062 4062 4062
515 1777384883 3551 3695 328 3645 3582 3625 3624 3593 4061 4061 4061 4061 4061 4061 4061 4061
516 1777384883 3551 3696 327 3645 3583 3625 3625 3593 4061 4061 4061 4061 4061 4061 4061 4061
517 1777384883 3551 3695 327 3645 3583 3625 3625 3593 4061 4061 4061 4061 4061 4061 4061 4061
518 1777384883 3551 3695 327 3645 3583 3625 3625 3593 4063 4061 4061 4061 4061 4061 4061 4061
519 1777384883 3552 3696 327 3645 3584 3626 3625 3593 4063 4063 4062 4062 4062 4062 4062 4062
520 1777384891 3549 3694 327 3643 3582 3624 3624 3592 4063 4062 4062 4062 4062 4062 4062 4062
521 1777384891 3550 3695 327 3644 3583 3625 3625 3593 4063 4063 4062 4062 4062 4062 4062 4062
522 1777384891 3551 3695 327 3645 3583 3625 3626 3593 4063 4063 4062 4062 4062 4062 4062 4062
523 1777384891 3550 3695 327 3645 3583 3625 3624 3592 4061 4061 4061 4061 4061 4061 4061 4061
524 1777384891 3551 3695 327 3645 3582 3624 3625 3593 4061 4061 4061 4061 4061 4061 4061 4061
525 1777384891 3551 3695 328 3644 3582 3625 3625 3593 4061 4061 4061 4061 4061 4061 4061 4061
526 1777384891 3551 3695 328 3643 3583 3624 3625 3593 4063 4062 4062 4062 4062 4062 4062 4062
527 1777384891 3551 3695 327 3645 3583 3626 3625 3593 4063 4062 4062 4062 4062 4062 4062 4062
528 1777384891 3551 3696 328 3645 3584 3626 3626 3594 4061 4061 4060 4060 4060 4060 4060 4060
529 1777384891 3551 3695 327 3646 3583 3625 3625 3593 4061 4061 4061 4061 4061 4061 4061 4061
530 1777384891 3551 3696 328 3646 3584 3625 3625 3594 4063 4061 4061 4061 4061 4061 4061 4061
531 1777384891 3550 3695 327 3644 3582 3623 3624 3592 4061 4061 4061 4061 4061 4061 4061 4061
532 1777384891 3551 3696 327 3645 3583 3625 3625 3593 4061 4061 4060 4060 4060 4060 4060 4060
533 1777384891 3551 3695 328 3644 3582 3625 3625 3593 4063 4063 4062 4062 4062 4062 4062 4062
534 1777384891 3550 3694 328 3643 3582 3624 3624 3592 4063 4063 4062 4062 4062 4062 4062 4062
535 1777384891 3551 3696 327 3646 3584 3626 3626 3594 4063 4063 4062 4062 4062 4062 4062 4062
536 1777384891 3551 3696 328 3645 3583 3625 3626 3593 4061 4061 4061 4061 4061 4061 4061 4061
537 1777384891 3552 3697 327 3646 3584 3626 3626 3594 4063 4063 4062 4062 4062 4062 4062 4062
538 1777384891 3551 3696 328 3646 3584 3626 3625 3594 4061 4061 4061 4061 4061 4061 4061 4061
539 1777384891 3551 3696 327 3645 3583 3625 3625 3593 4063 4063 4062 4062 4062 4062 4062 4062
540 1777384891 3551 3696 327 3645 3583 3626 3626 3593 4063 4063 4062 4062 4062 4062 4062 4062
541 1777384891 3551 3695 327 3644 3583 3625 3625 3593 4063 4063 4062 4062 4062 4062 4062 4062
542 1777384891 3551 3696 328 3646 3583 3625 3625 3593 4061 4061 4061 4061 4061 4061 4061 4061
543 1777384891 3551 3695 327 3644 3583 3625 3625 3593 4063 4063 4062 4062 4062 4062 4062 4062
544 1777384891 3551 3696 328 3645 3583 3625 3625 3593 4061 4061 4060 4060 4060 4060 4060 4060
545 1777384891 3552 3696 327 3646 3583 3625 3625 3593 4063 4063 4062 4062 4062 4062 4062 4062
546 1777384891 3550 3694 328 3644 3583 3624 3624 3593 4061 4061 4061 4061 4061 4061 4061 4061
547 1777384891 3551 3695 327 3645 3583 3625 3625 3592 4061 4061 4060 4060 4060 4060 4060 4060
548 1777384891 3552 3696 327 3646 3584 3626 3626 3593 4061 4061 4060 4060 4060 4060 4060 4060
549 1777384891 3551 3696 327 3646 3584 3625 3626 3594 4061 4061 4061 4061 4061 4061 4061 4061
550 1777384891 3551 3696 328 3645 3583 3626 3625 3594 4061 4061 4060 4060 4060 4060 4060 4060
551 1777384891 3551 3695 328 3646 3583 3625 3625 3593 4063 4062 4062 4062 4062 4062 4062 4062
552 1777384891 3551 3695 328 3645 3583 3625 3626 3593 4063 4063 4062 4062 4062 4062 4062 4062
553 1777384891 3551 3696 329 3646 3584 3625 3626 3594 4063 4063 4062 4062 4062 4062 4062 4062
554 1777384891 3551 3695 328 3645 3583 3626 3626 3593 4061 4061 4061 4061 4061 4061 4061 4061
555 1777384891 3551 3696 327 3646 3583 3626 3626 3594 4061 4061 4061 4061 4061 4061 4061 4061
556 1777384891 3552 3697 328 3645 3584 3626 3626 3595 4063 4063 4062 4062 4062 4062 4062 4062
557 1777384891 3552 3696 327 3646 3584 3626 3626 3594 4063 4063 4062 4062 4062 4062 4062 4062
558 1777384891 3551 3696 328 3645 3584 3626 3626 3594 4063 4063 4062 4062 4062 4062 4062 4062
559 1777384891 3551 3696 327 3646 3583 3625 3626 3593 4063 4063 4062 4062 4062 4062 4062 4062
560 1777384891 3551 3696 327 3646 3584 3626 3626 3594 4063 4063 4062 4062 4062 4062 4062 4062
561 1777384892 3551 3695 327 3645 3583 3625 3626 3593 4061 4060 4060 4060 4060 4060 4060 4060
562 1777384892 3551 3696 328 3646 3583 3626 3625 3593 4061 4061 4061 4061 4061 4061 4061 4061
563 1777384892 3551 3696 328 3646 3584 3626 3626 3594 4061 4061 4060 4060 4060 4060 4060 4060
564 1777384892 3551 3696 327 3645 3584 3625 3625 3593 4063 4061 4061 4061 4061 4061 4061 4061
565 1777384892 3552 3696 327 3646 3584 3625 3626 3594 4061 4061 4061 4061 4061 4061 4061 4061
566 1777384892 3552 3696 328 3646 3584 3626 3626 3594 4061 4061 4061 4061 4061 4061 4061 4061
567 1777384892 3552 3696 328 3646 3584 3626 3626 3594 4063 4063 4062 4062 4062 4062 4062 4062
568 1777384892 3552 3696 328 3646 3585 3626 3627 3594 4061 4060 4060 4060 4060 4060 4060 4060
569 1777384892 3551 3695 328 3645 3584 3626 3626 3594 4061 4061 4061 4061 4061 4061 4061 4061
570 1777384892 3552 3697 328 3646 3584 3626 3626 3594 4061 4061 4061 4061 4061 4061 4061 4061
571 1777384892 3550 3695 327 3645 3582 3625 3624 3592 4061 4061 4061 4061 4061 4061 4061 4061
572 1777384892 3551 3695 328 3645 3583 3625 3625 3594 4061 4060 4060 4060 4060 4060 4060 4060
573 1777384892 3553 3697 327 3648 3585 1629 3626 3595 4063 4063 4062 4062 4062 4062 4062 4062
574 1777384892 3552 3696 328 3646 3584 3626 3626 3594 4061 4061 4061 4061 4061 4061 4061 4061
575 1777384892 3552 3696 327 3646 3583 3626 3626 3594 4063 4063 4062 4062 4062 4062 4062 4062
576 1777384892 3552 3696 328 3645 3584 3625 3626 3594 4063 4063 4062 4062 4062 4062 4062 4062
577 1777384892 3552 3696 329 3646 3584 3626 3626 3594 4063 4063 4062 4062 4062 4062 4062 4062
578 1777384892 3551 3696 328 3646 3584 3626 3626 3594 4063 4063 4062 4062 4062 4062 4062 4062
579 1777384892 3551 3696 328 3646 3583 3626 3626 3594 4061 4060 4060 4060 4060 4060 4060 4060
580 1777384892 3552 3696 328 3646 3584 3626 3626 3594 4063 4063 4062 4062 4062 4062 4062 4062
581 1777384892 3552 3696 327 3645 3584 3626 3626 3594 4063 4063 4062 4062 4062 4062 4062 4062
582 1777384892 3551 3696 327 3645 3583 3625 3626 3594 4061 4061 4061 4061 4061 4061 4061 4061
583 1777384892 3552 3697 327 3646 3585 3626 3626 3594 4063 4063 4062 4062 4062 4062 4062 4062
584 1777384892 3552 3696 328 3646 3583 3626 3625 3593 4063 4063 4062 4062 4062 4062 4062 4062
585 1777384892 3552 3696 328 3646 3584 3626 3626 3594 4061 4061 4061 4061 4061 4061 4061 4061
586 1777384892 3551 3696 328 3645 3583 3625 3625 3593 4061 4061 4061 4061 4061 4061 4061 4061
587 1777384892 3552 3696 328 3646 3583 3626 3626 3594 4063 4062 4062 4062 4062 4062 4062 4062
588 1777384892 3551 3696 327 3645 3584 3626 3626 3594 4061 4061 4061 4061 4061 4061 4061 4061
589 1777384892 3552 3695 328 3644 3583 3625 3625 3593 4063 4063 4062 4062 4062 4062 4062 4062
590 1777384892 3551 3695 328 3643 3582 3625 3625 3593 4061 4061 4061 4061 4061 4061 4061 4061
591 1777384892 3552 3696 328 3646 3583 3626 3626 3594 4061 4061 4061 4061 4061 4061 4061 4061
592 1777384892 3552 3696 328 3645 3583 3625 3625 3593 4063 4062 4062 4062 4062 4062 4062 4062
593 1777384892 3552 3697 328 3646 3584 3626 3626 3594 4061 4061 4061 4061 4061 4061 4061 4061
594 1777384892 3552 3697 328 3647 3585 3626 3626 3594 4063 4063 4062 4062 4062 4062 4062 4062
595 1777384892 3551 3696 328 3645 3583 3626 3626 3594 4061 4061 4061 4061 4061 4061 4061 4061
596 1777384892 3552 3697 328 3647 3585 3627 3627 3595 4063 4063 4062 4062 4062 4062 4062 4062
597 1777384892 3553 3698 328 3648 3585 3627 3627 3595 4061 4061 4061 4061 4061 4061 4061 4061
598 1777384892 3552 3696 328 3646 3584 3626 3626 3594 4061 4061 4061 4061 4061 4061 4061 4061
599 1777384892 3552 3697 327 3646 3584 3626 3627 3594 4063 4063 4062 4062 4062 4062 4062 4062
600 1777384892 3551 3696 327 3646 3584 3626 3626 3594 4061 4061 4061 4061 4061 4061 4061 4061
601 1777384892 3552 3697 329 3646 3584 3626 3626 3594 4061 4061 4061 4061 4061 4061 4061 4061
602 1777384892 3552 3696 328 3646 3584 3626 3626 3594 4063 4063 4062 4062 4062 4062 4062 4062
603 1777384892 3552 3697 328 3646 3585 3627 3627 3595 4061 4061 4060 4060 4060 4060 4060 4060
604 1777384892 3551 3695 328 3645 3584 3626 3626 3594 4059 4059 4059 4059 4059 4059 4059 4059
605 1777384892 3552 3697 327 3646 3584 3626 3626 3594 4061 4061 4061 4061 4061 4061 4061 4061
606 1777384892 3551 3696 328 3645 3583 3624 3625 3594 4063 4063 4062 4062 4062 4062 4062 4062
607 1777384892 3553 3697 328 3647 3585 3627 3627 3595 4063 4063 4062 4062 4062 4062 4062 4062
608 1777384892 3551 3695 328 3645 3584 3626 3626 3593 4061 4061 4061 4061 4061 4061 4061 4061
609 1777384892 3552 3697 327 3647 3585 3626 3626 3594 4063 4063 4062 4062 4062 4062 4062 4062
610 1777384892 3551 3695 328 3645 3584 3625 3626 3593 4061 4061 4061 4061 4061 4061 4061 4061
611 1777384892 3553 3697 328 3646 3585 3627 3627 3595 4061 4061 4060 4060 4060 4060 4060 4060
612 1777384892 3551 3696 328 3645 3584 3626 3626 3594 4063 4062 4062 4062 4062 4062 4062 4062
613 1777384892 3552 3697 328 3646 3584 3626 3626 3594 4063 4061 4061 4061 4061 4061 4061 4061
614 1777384892 3553 3697 328 3647 3585 3627 3627 3595 4061 4061 4061 4061 4061 4061 4061 4061
615 1777384892 3551 3696 329 3646 3584 3626 3626 3594 4063 4063 4062 4062 4062 4062 4062 4062
616 1777384892 3552 3697 328 3646 3584 3626 3626 3594 4061 4061 4061 4061 4061 4061 4061 4061
617 1777384892 3554 3698 328 3647 3585 3627 3626 3595 4061 4061 4061 4061 4061 4061 4061 4061
618 1777384892 3552 3696 328 3646 3584 3627 3627 3595 4063 4063 4062 4062 4062 4062 4062 4062
619 1777384892 3552 3697 328 3646 3584 3626 3626 3594 4063 4063 4062 4062 4062 4062 4062 4062
620 1777384892 3551 3695 328 3645 3583 3626 3626 3594 4061 4061 4061 4061 4061 4061 4061 4061
621 1777384892 3552 3696 328 3646 3584 3627 3626 3594 4061 4061 4061 4061 4061 4061 4061 4061
622 1777384892 3553 3697 327 3647 3584 3626 3626 3594 4063 4063 4062 4062 4062 4062 4062 4062
623 1777384892 3552 3696 328 3646 3585 3627 3626 3595 4063 4063 4062 4062 4062 4062 4062 4062
624 1777384892 3552 3697 328 3647 3585 3627 3627 3595 4061 4061 4061 4061 4061 4061 4061 4061
625 1777384892 3553 3697 328 3647 3584 3626 3626 3594 4061 4061 4061 4061 4061 4061 4061 4061
626 1777384892 3552 3696 328 3646 3584 3626 3626 3595 4063 4063 4062 4062 4062 4062 4062 4062
627 1777384892 3552 3697 327 3646 3585 3627 3627 3595 4061 4061 4061 4061 4061 4061 4061 4061
628 1777384892 3552 3698 328 3647 3585 3627 3627 3595 4063 4063 4062 4062 4062 4062 4062 4062
629 1777384892 3552 3697 327 3646 3584 3626 3627 3594 4063 4063 4062 4062 4062 4062 4062 4062
630 1777384892 3552 3697 328 3647 3584 3626 3626 3594 4061 4061 4061 4061 4061 4061 4061 4061
631 1777384892 3552 3697 328 3646 3584 3627 3627 3595 4063 4063 4062 4062 4062 4062 4062 4062
632 1777384892 3552 3697 328 3646 3584 3626 3626 3595 4061 4061 4061 4061 4061 4061 4061 4061
633 1777384892 3552 3697 328 3646 3584 3626 3626 3595 4061 4061 4061 4061 4061 4061 4061 4061
634 1777384892 3552 3696 328 3646 3584 3627 3627 3595 4061 4061 4061 4061 4061 4061 4061 4061
635 1777384892 3552 3697 328 3646 3584 3626 3626 3595 4061 4061 4061 4061 4061 4061 4061 4061
636 1777384892 3552 3697 328 3647 3585 3627 3627 3595 4063 4063 4062 4062 4062 4062 4062 4062
637 1777384892 3552 3696 329 3646 3583 3626 3626 3594 4063 4061 4061 4061 4061 4061 4061 4061
638 1777384892 3552 3696 328 3646 3583 3626 3626 3594 4063 4061 4061 4061 4061 4061 4061 4061
639 1777384892 3553 3697 328 3646 3585 3627 3626 3594 4063 4063 4062 4062 4062 4062 4062 4062
640 1777384893 3552 3697 330 3646 3584 3626 3626 3594 4061 4061 4060 4060 4060 4060 4060 4060
641 1777384893 3553 3697 329 3647 3585 3627 3627 3595 4063 4062 4062 4062 4062 4062 4062 4062
642 1777384893 3553 3697 328 3647 3584 3627 3627 3595 4063 4063 4062 4062 4062 4062 4062 4062
643 1777384893 3552 3697 328 3646 3584 3626 3627 3594 4063 4063 4062 4062 4062 4062 4062 4062
644 1777384893 3552 3697 328 3646 3584 3626 3627 3595 4061 4061 4060 4060 4060 4060 4060 4060
645 1777384893 3552 3697 329 3646 3584 3626 3626 3594 4061 4061 4061 4061 4061 4061 4061 4061
646 1777384893 3553 3697 328 3647 3584 3627 3627 3595 4061 4061 4061 4061 4061 4061 4061 4061
647 1777384893 3553 3697 329 3646 3584 3627 3627 3595 4063 4063 4062 4062 4062 4062 4062 4062
648 1777384893 3552 3696 329 3646 3584 3626 3627 3595 4061 4061 4060 4060 4060 4060 4060 4060
649 1777384893 3552 3697 329 3646 3584 3626 3626 3594 4061 4061 4061 4061 4061 4061 4061 4061
650 1777384893 3552 3697 329 3647 3585 3627 3627 3595 4063 4063 4062 4062 4062 4062 4062 4062
651 1777384893 3552 3697 328 3646 3584 3626 3626 3595 4061 4061 4061 4061 4061 4061 4061 4061
652 1777384893 3552 3697 328 3645 3584 3626 3626 3594 4063 4063 4062 4062 4062 4062 4062 4062
653 1777384893 3553 3697 329 3646 3585 3627 3628 3596 4061 4061 4061 4061 4061 4061 4061 4061
654 1777384893 3553 3698 329 3647 3586 3628 3628 3596 4063 4063 4062 4062 4062 4062 4062 4062
655 1777384893 3552 3697 328 3647 3585 3627 3627 3595 4061 4061 4061 4061 4061 4061 4061 4061
656 1777384893 3552 3696 328 3646 3584 3627 3627 3594 4061 4061 4061 4061 4061 4061 4061 4061
657 1777384893 3553 3697 329 3647 3584 3626 3627 3595 4061 4061 4061 4061 4061 4061 4061 4061
658 1777384893 3553 3697 328 3647 3585 3627 3627 3595 4061 4061 4061 4061 4061 4061 4061 4061
659 1777384893 3552 3696 328 3646 3584 3626 3626 3594 4061 4061 4061 4061 4061 4061 4061 4061
660 1777384893 3553 3697 328 3646 3584 3626 3626 3594 4063 4062 4062 4062 4062 4062 4062 4062
661 1777384893 3554 3698 329 3648 3586 3628 3628 3597 4061 4061 4061 4061 4061 4061 4061 4061
662 1777384893 3552 3696 328 3646 3584 3626 3626 3594 4063 4063 4062 4062 4062 4062 4062 4062
663 1777384893 3552 3696 329 3646 3584 3627 3627 3595 4061 4061 4060 4060 4060 4060 4060 4060
664 1777384893 3552 3697 328 3647 3585 3627 3627 3594 4061 4061 4061 4061 4061 4061 4061 4061
665 1777384893 3553 3697 328 3647 3585 3627 3627 3595 4061 4061 4060 4060 4060 4060 4060 4060
666 1777384893 3552 3697 328 3647 3585 3627 3627 3595 4061 4061 4061 4061 4061 4061 4061 4061
667 1777384893 3552 3697 328 3646 3584 3626 3627 3594 4063 4063 4062 4062 4062 4062 4062 4062
668 1777384893 3553 3698 328 3647 3585 3626 3626 3594 4063 4061 4061 4061 4061 4061 4061 4061
669 1777384893 3552 3697 328 3646 3585 3627 3627 3594 4061 4061 4061 4061 4061 4061 4061 4061
670 1777384893 3552 3696 328 3647 3584 3626 3626 3594 4061 4061 4060 4060 4060 4060 4060 4060
671 1777384893 3553 3697 328 3647 3585 3627 3627 3595 4061 4061 4061 4061 4061 4061 4061 4061
672 1777384893 3553 3697 330 3646 3584 3627 3627 3594 4061 4061 4061 4061 4061 4061 4061 4061
673 1777384893 3553 3697 329 3647 3585 3627 3627 3594 4061 4061 4061 4061 4061 4061 4061 4061
674 1777384893 3553 3697 328 3647 3585 3627 3627 3595 4063 4063 4062 4062 4062 4062 4062 4062
675 1777384893 3553 3698 328 3647 3585 3626 3627 3595 4063 4063 4062 4062 4062 4062 4062 4062
676 1777384893 3553 3698 328 3647 3585 3627 3627 3595 4063 4063 4062 4062 4062 4062 4062 4062
677 1777384893 3552 3697 328 3646 3584 3626 3626 3594 4061 4061 4061 4061 4061 4061 4061 4061
678 1777384893 3553 3698 328 3647 3585 3627 3627 3595 4061 4061 4061 4061 4061 4061 4061 4061
679 1777384893 3553 3697 328 3647 3585 3627 3627 3595 4063 4063 4062 4062 4062 4062 4062 4062
680 1777384893 3552 3697 328 3646 3584 3626 3626 3594 4061 4061 4061 4061 4061 4061 4061 4061
681 1777384893 3553 3698 329 3647 3585 3628 3628 3596 4063 4063 4062 4062 4062 4062 4062 4062
682 1777384893 3552 3696 329 3646 3584 3626 3626 3594 4063 4062 4062 4062 4062 4062 4062 4062
683 1777384893 3553 3698 328 3646 3585 3627 3627 3595 4061 4061 4061 4061 4061 4061 4061 4061
684 1777384893 3552 3697 329 3647 3585 3627 3627 3595 4061 4061 4061 4061 4061 4061 4061 4061
685 1777384893 3555 3699 329 3648 3586 3629 3629 1633 4061 4061 4061 4061 4061 4061 4061 4061
686 1777384893 3552 3696 329 3646 3584 3626 3626 3594 4063 4063 4062 4062 4062 4062 4062 4062
687 1777384893 3553 3698 329 3646 3585 3627 3627 3595 4063 4063 4062 4062 4062 4062 4062 4062
688 1777384893 3554 3698 328 3648 3585 3627 3627 3595 4063 4063 4062 4062 4062 4062 4062 4062
689 1777384893 3552 3697 329 3646 3584 3626 3626 3595 4061 4061 4061 4061 4061 4061 4061 4061
690 1777384893 3553 3697 328 3647 3584 3627 3627 3595 4063 4063 4062 4062 4062 4062 4062 4062
691 1777384893 3552 3697 328 3646 3585 3627 3627 3595 4063 4063 4063 4063 4063 4063 4063 4063
692 1777384893 3553 3697 327 3647 3585 3627 3627 3595 4063 4063 4062 4062 4062 4062 4062 4062
693 1777384893 3553 3697 328 3647 3584 3626 3627 3595 4063 4063 4062 4062 4062 4062 4062 4062
694 1777384893 3553 3698 328 3647 3585 3628 3627 3595 4061 4060 4060 4060 4060 4060 4060 4060
695 1777384893 3553 3698 329 3647 3585 3627 3628 3595 4061 4061 4061 4061 4061 4061 4061 4061
696 1777384893 3552 3696 329 3646 3584 3626 3627 3595 4061 4061 4060 4060 4060 4060 4060 4060
697 1777384893 3552 3697 329 3646 3584 3627 3626 3594 4061 4061 4061 4061 4061 4061 4061 4061
698 1777384893 3553 3698 328 3648 3586 3628 3628 3596 4061 4061 4061 4061 4061 4061 4061 4061
699 1777384893 3552 3697 329 3646 3585 3626 3627 3595 4061 4061 4061 4061 4061 4061 4061 4061
700 1777384893 3553 3697 328 3647 3585 3627 3627 3595 4063 4063 4062 4062 4062 4062 4062 4062
701 1777384893 3553 3697 329 3646 3585 3626 3626 3594 4063 4063 4062 4062 4062 4062 4062 4062
702 1777384893 3553 3697 328 3647 3584 3626 3627 3594 4061 4061 4061 4061 4061 4061 4061 4061
703 1777384893 3553 3698 328 3647 3585 3627 3628 3595 4063 4063 4062 4062 4062 4062 4062 4062
704 1777384893 3553 3697 330 3647 3585 3627 3627 3595 4061 4061 4060 4060 4060 4060 4060 4060
705 1777384893 3553 3697 329 3647 3585 3627 3627 3595 4061 4061 4061 4061 4061 4061 4061 4061
706 1777384893 3552 3696 328 3646 3584 3627 3626 3594 4061 4061 4061 4061 4061 4061 4061 4061
707 1777384893 3554 3699 329 3648 3586 3628 3628 3596 4063 4063 4062 4062 4062 4062 4062 4062
708 1777384893 3553 3697 328 3647 3585 3627 3627 3595 4061 4061 4061 4061 4061 4061 4061 4061
709 1777384893 3553 3697 328 3647 3585 3627 3627 3595 4063 4063 4062 4062 4062 4062 4062 4062
710 1777384901 3550 3695 329 3645 3582 3624 3624 3593 4061 4061 4061 4061 4061 4061 4061 4061
711 1777384901 3551 3695 329 3645 3583 3625 3625 3593 4061 4061 4061 4061 4061 4061 4061 4061
712 1777384901 3553 3697 329 3647 3585 3627 3627 3595 4063 4063 4062 4062 4062 4062 4062 4062
713 1777384901 3549 3694 327 3643 3582 3623 3623 3591 4061 4061 4061 4061 4061 4061 4061 4061
714 1777384901 3551 3695 327 3645 3583 3624 3624 3592 4061 4061 4061 4061 4061 4061 4061 4061
715 1777384901 3550 3694 326 3644 3582 3623 3624 3591 4063 4063 4062 4062 4062 4062 4062 4062
716 1777384901 3551 3695 327 3644 3583 3625 3625 3593 4061 4061 4061 4061 4061 4061 4061 4061
717 1777384901 3551 3695 327 3645 3583 3625 3625 3593 4063 4063 4062 4062 4062 4062 4062 4062
718 1777384901 3551 3696 327 3645 3583 3625 3625 3593 4061 4061 4061 4061 4061 4061 4061 4061
719 1777384901 3550 3695 326 3645 3583 3625 3625 3592 4063 4061 4061 4061 4061 4061 4061 4061
720 1777384901 3550 3694 327 3644 3582 3624 3624 3592 4061 4061 4061 4061 4061 4061 4061 4061
721 1777384901 3550 3694 328 3644 3582 3625 3624 3592 4063 4063 4062 4062 4062 4062 4062 4062
722 1777384901 3550 3694 327 3644 3582 3624 3624 3592 4061 4061 4061 4061 4061 4061 4061 4061
723 1777384901 3551 3696 327 3645 3583 3625 3625 3593 4063 4063 4062 4062 4062 4062 4062 4062
724 1777384901 3551 3695 327 3644 3583 3625 3624 3593 4061 4061 4061 4061 4061 4061 4061 4061
725 1777384901 3552 3696 327 3645 3584 3626 3626 3593 4061 4061 4061 4061 4061 4061 4061 4061
726 1777384902 3551 3695 326 3645 3583 3625 3625 3593 4063 4063 4062 4062 4062 4062 4062 4062
727 1777384902 3551 3695 327 3645 3583 3625 3625 3593 4062 4063 4062 4062 4062 4062 4062 4062
728 1777384902 3551 3696 327 3645 3583 3625 3625 3593 4061 4061 4061 4061 4061 4061 4061 4061
729 1777384902 3551 3696 328 3645 3583 3625 3625 3593 4061 4061 4060 4060 4060 4060 4060 4060
730 1777384902 3550 3695 327 3645 3582 3625 3624 3592 4063 4063 4062 4062 4062 4062 4062 4062
731 1777384902 3551 3696 327 3645 3583 3625 3625 3593 4063 4063 4062 4062 4062 4062 4062 4062
732 1777384902 3551 3696 327 3645 3583 3625 3625 3593 4061 4061 4061 4061 4061 4061 4061 4061
733 1777384902 3550 3694 327 3644 3582 3625 3625 3593 4061 4061 4061 4061 4061 4061 4061 4061
734 1777384902 3551 3696 327 3646 3583 3625 3625 3593 4061 4061 4061 4061 4061 4061 4061 4061
735 1777384902 3551 3695 327 3645 3583 3625 3625 3593 4061 4061 4061 4061 4061 4061 4061 4061
736 1777384902 3551 3695 327 3644 3583 3625 3625 3593 4061 4061 4061 4061 4061 4061 4061 4061
737 1777384902 3552 3696 328 3645 3583 3625 3625 3593 4059 4059 4059 4059 4059 4059 4059 4059
738 1777384902 3551 3695 327 3645 3583 3624 3625 3592 4061 4061 4061 4061 4061 4061 4061 4061
739 1777384902 3550 3695 327 3645 3583 3624 3625 3592 4063 4063 4063 4063 4063 4063 4063 4063
740 1777384902 3551 3696 327 3646 3583 3625 3625 3593 4063 4063 4062 4062 4062 4062 4062 4062
741 1777384902 3551 3695 328 3645 3583 3625 3625 3593 4057 4057 4057 4057 4057 4057 4057 4057
742 1777384902 3551 3695 327 3646 3583 3625 3625 3593 4063 4063 4062 4062 4062 4062 4062 4062
743 1777384902 3550 3695 328 3645 3582 3625 3625 3593 4063 4063 4062 4062 4062 4062 4062 4062
744 1777384902 3551 3695 326 3644 3582 3624 3624 3592 4063 4063 4062 4062 4062 4062 4062 4062
745 1777384902 3550 3695 327 3644 3582 3624 3624 3592 4061 4061 4061 4061 4061 4061 4061 4061
746 1777384902 3549 3694 327 3644 3582 3624 3624 3591 4061 4061 4061 4061 4061 4061 4061 4061
747 1777384902 3551 3696 327 3645 3583 3625 3625 3593 4063 4063 4062 4062 4062 4062 4062 4062
748 1777384902 3550 3695 327 3644 3582 3624 3625 3592 4061 4061 4061 4061 4061 4061 4061 4061
749 1777384902 3551 3695 327 3645 3583 3625 3625 3593 4061 4061 4061 4061 4061 4061 4061 4061
750 1777384902 3550 3695 327 3644 3582 3624 3625 3592 4063 4062 4062 4062 4062 4062 4062 4062
751 1777384902 3550 3694 327 3644 3582 3624 3624 3592 4061 4061 4061 4061 4061 4061 4061 4061
752 1777384902 3551 3696 327 3645 3583 3625 3626 3594 4061 4061 4061 4061 4061 4061 4061 4061
753 1777384902 3551 3696 327 3645 3583 3625 3625 3593 4061 4061 4061 4061 4061 4061 4061 4061
754 1777384902 3551 3696 327 3646 3584 3626 3626 3594 4061 4061 4061 4061 4061 4061 4061 4061
755 1777384902 3550 3695 327 3645 3583 3625 3625 3593 4061 4061 4061 4061 4061 4061 4061 4061
756 1777384902 3551 3695 327 3645 3583 3625 3625 3593 4063 4063 4062 4062 4062 4062 4062 4062
757 1777384902 3551 3695 328 3645 3583 3625 3625 3593 4063 4063 4062 4062 4062 4062 4062 4062
758 1777384902 3550 3695 327 3644 3582 3624 3625 3593 4061 4061 4061 4061 4061 4061 4061 4061
759 1777384902 3551 3695 327 3645 3583 3625 3625 3593 4063 4063 4062 4062 4062 4062 4062 4062
760 1777384902 3551 3696 327 3645 3584 3626 3626 3594 4061 4061 4061 4061 4061 4061 4061 4061
761 1777384902 3551 3696 327 3645 3583 3625 3626 3593 4061 4061 4061 4061 4061 4061 4061 4061
762 1777384902 3551 3695 327 3644 3583 3624 3625 3592 4063 4063 4062 4062 4062 4062 4062 4062
763 1777384902 3551 3695 327 3645 3583 3625 3625 3594 4061 4061 4060 4060 4060 4060 4060 4060
764 1777384902 3550 3695 327 3644 3583 3624 3625 3593 4063 4063 4062 4062 4062 4062 4062 4062
765 1777384902 3552 3696 327 3645 3584 3625 3625 3593 4061 4061 4061 4061 4061 4061 4061 4061
766 1777384902 3552 3697 327 3646 3583 3626 3626 3594 4061 4061 4061 4061 4061 4061 4061 4061
767 1777384902 3550 3695 327 3645 3583 3625 3625 3593 4061 4061 4060 4060 4060 4060 4060 4060
768 1777384902 3551 3696 329 3645 3583 3625 3625 3593 4061 4061 4061 4061 4061 4061 4061 4061
769 1777384902 3552 3695 328 3646 3584 3626 3626 3594 4061 4061 4061 4061 4061 4061 4061 4061
770 1777384902 3551 3695 327 3645 3583 3625 3625 3593 4061 4061 4061 4061 4061 4061 4061 4061
771 1777384902 3550 3694 327 3644 3582 3624 3624 3592 4061 4061 4061 4061 4061 4061 4061 4061
772 1777384902 3550 3695 328 3645 3583 3625 3625 3593 4061 4061 4061 4061 4061 4061 4061 4061
773 1777384902 3552 3696 328 3645 3583 3625 3625 3593 4063 4063 4062 4062 4062 4062 4062 4062
774 1777384902 3551 3696 327 3645 3583 3625 3625 3593 4061 4061 4061 4061 4061 4061 4061 4061
775 1777384902 3551 3695 328 3645 3584 3625 3625 3593 4061 4061 4061 4061 4061 4061 4061 4061
776 1777384902 3551 3695 328 3645 3583 3625 3625 3593 4061 4061 4061 4061 4061 4061 4061 4061
777 1777384902 3551 3696 328 3645 3583 3625 3625 3593 4061 4061 4060 4060 4060 4060 4060 4060
778 1777384902 3551 3696 327 3645 3583 3625 3625 3593 4063 4063 4062 4062 4062 4062 4062 4062
779 1777384902 3551 3695 327 3645 3583 3626 3626 3594 4063 4062 4062 4062 4062 4062 4062 4062
780 1777384902 3551 3695 328 3644 3583 3625 3625 3593 4061 4061 4060 4060 4060 4060 4060 4060
781 1777384902 3551 3695 328 3643 3583 3625 3625 3593 4061 4061 4061 4061 4061 4061 4061 4061
782 1777384902 3551 3696 327 3646 3583 3625 3625 3594 4061 4061 4061 4061 4061 4061 4061 4061
783 1777384902 3551 3696 327 3645 3583 3624 3624 3593 4061 4061 4061 4061 4061 4061 4061 4061
784 1777384902 3551 3696 327 3646 3583 3626 3626 3594 4063 4063 4062 4062 4062 4062 4062 4062
785 1777384902 3551 3696 328 3646 3583 3626 3625 3594 4061 4061 4060 4060 4060 4060 4060 4060
786 1777384902 3551 3695 327 3645 3583 3625 3625 3593 4063 4063 4062 4062 4062 4062 4062 4062
787 1777384902 3550 3694 328 3644 3582 3625 3625 3592 4061 4061 4060 4060 4060 4060 4060 4060
788 1777384902 3552 3697 327 3646 3585 3627 3627 3594 4059 4059 4059 4059 4059 4059 4059 4059
789 1777384902 3552 3696 328 3646 3584 3626 3626 3594 4063 4063 4062 4062 4062 4062 4062 4062
790 1777384902 3551 3696 327 3645 3583 3625 3625 3593 4061 4061 4060 4060 4060 4060 4060 4060
791 1777384902 3551 3696 327 3645 3584 3625 3625 3594 4061 4061 4060 4060 4060 4060 4060 4060
792 1777384902 3551 3695 328 3645 3583 3625 3625 3593 4061 4061 4061 4061 4061 4061 4061 4061
793 1777384902 3550 3694 328 3645 3583 3625 3625 3592 4061 4061 4061 4061 4061 4061 4061 4061
794 1777384902 3551 3695 327 3645 3583 3625 3625 3593 4061 4061 4061 4061 4061 4061 4061 4061
795 1777384902 3551 3696 328 3645 3583 3626 3625 3594 4061 4061 4061 4061 4061 4061 4061 4061
796 1777384902 3550 3695 328 3644 3583 3625 3625 3593 4063 4061 4061 4061 4061 4061 4061 4061
797 1777384902 3551 3696 327 3646 3583 3625 3626 3594 4061 4061 4061 4061 4061 4061 4061 4061
798 1777384902 3551 3696 327 3646 3584 3626 3626 3594 4061 4061 4061 4061 4061 4061 4061 4061
799 1777384902 3551 3696 328 3646 3584 3626 3626 3594 4061 4061 4061 4061 4061 4061 4061 4061
800 1777384902 3551 3695 328 3644 3583 3625 3625 3593 4063 4063 4062 4062 4062 4062 4062 4062
801 1777384902 3551 3696 328 3646 3584 3626 3626 3594 4061 4061 4061 4061 4061 4061 4061 4061
802 1777384902 3552 3696 327 3646 3583 3626 3626 3594 4063 4063 4062 4062 4062 4062 4062 4062
803 1777384902 3551 3695 327 3644 3582 3625 3625 3593 4063 4063 4062 4062 4062 4062 4062 4062
804 1777384902 3551 3695 328 3645 3583 3625 3626 3594 4063 4062 4062 4062 4062 4062 4062 4062
805 1777384902 3552 3696 327 3646 3584 3626 3626 3594 4061 4061 4061 4061 4061 4061 4061 4061
806 1777384902 3552 3697 327 3646 3584 3626 3626 3594 4061 4061 4061 4061 4061 4061 4061 4061
807 1777384902 3551 3696 328 3645 3583 3625 3625 3594 4061 4061 4061 4061 4061 4061 4061 4061
808 1777384902 3551 3696 327 3646 3584 3626 3626 3594 4061 4061 4061 4061 4061 4061 4061 4061
809 1777384910 3551 3695 327 3644 3582 3624 3624 3592 4063 4061 4061 4061 4061 4061 4061 4061
810 1777384910 3551 3695 328 3645 3583 3625 3625 3594 4063 4063 4062 4062 4062 4062 4062 4062
811 1777384910 3551 3696 328 3644 3583 3625 3625 3593 4061 4061 4060 4060 4060 4060 4060 4060
812 1777384910 3551 3695 328 3645 3583 3625 3625 3593 4063 4062 4062 4062 4062 4062 4062 4062
813 1777384910 3551 3695 327 3645 3583 3625 3625 3593 4061 4061 4061 4061 4061 4061 4061 4061
814 1777384910 3550 3694 328 3644 3582 3625 3624 3593 4062 4062 4062 4062 4062 4062 4062 4062
815 1777384910 3550 3695 328 3644 3582 3624 3624 3592 4061 4061 4061 4061 4061 4061 4061 4061
816 1777384910 3551 3696 328 3645 3583 3625 3626 3594 4063 4063 4062 4062 4062 4062 4062 4062
817 1777384910 3551 3695 327 3645 3583 3625 3625 3593 4061 4061 4061 4061 4061 4061 4061 4061
818 1777384910 3551 3695 327 3645 3582 3624 3625 3593 4063 4063 4062 4062 4062 4062 4062 4062
819 1777384910 3550 3694 328 3644 3582 3624 3624 3592 4063 4063 4062 4062 4062 4062 4062 4062
820 1777384910 3551 3696 328 3645 3583 3626 3625 3593 4063 4063 4062 4062 4062 4062 4062 4062
821 1777384910 3551 3695 327 3645 3583 3625 3624 3593 4063 4063 4062 4062 4062 4062 4062 4062
822 1777384910 3550 3695 328 3645 3583 3624 3625 3593 4063 4063 4062 4062 4062 4062 4062 4062
823 1777384910 3550 3695 328 3644 3583 3625 3625 3593 4063 4063 4062 4062 4062 4062 4062 4062
824 1777384911 3550 3695 328 3644 3582 3624 3624 3592 4061 4061 4061 4061 4061 4061 4061 4061
825 1777384911 3551 3696 328 3646 3584 3626 3626 3594 4061 4061 4060 4060 4060 4060 4060 4060
826 1777384911 3552 3697 327 3645 3584 3626 3625 3594 4061 4061 4061 4061 4061 4061 4061 4061
827 1777384911 3552 3697 327 3647 3584 3626 3626 3595 4063 4063 4062 4062 4062 4062 4062 4062
828 1777384918 3549 3694 327 3643 3581 3623 3623 3591 4061 4061 4061 4061 4061 4061 4061 4061
829 1777384918 3551 3695 328 3645 3583 3625 3625 3593 4063 4063 4062 4062 4062 4062 4062 4062
830 1777384919 3550 3694 329 3644 3582 3624 3624 3593 4061 4061 4061 4061 4061 4061 4061 4061
831 1777384919 3552 3696 328 3645 3583 3625 3625 3593 4063 4063 4062 4062 4062 4062 4062 4062
832 1777384919 3550 3695 327 3644 3583 3624 3624 3592 4061 4061 4061 4061 4061 4061 4061 4061
833 1777384919 3550 3695 328 3645 3583 3625 3625 3593 4061 4061 4061 4061 4061 4061 4061 4061
834 1777384919 3551 3695 328 3645 3583 3625 3625 3593 4063 4063 4062 4062 4062 4062 4062 4062
835 1777384919 3551 3695 328 3645 3583 3625 3625 3593 4061 4061 4061 4061 4061 4061 4061 4061
836 1777384919 3551 3695 328 3645 3583 3626 3626 3594 4061 4061 4061 4061 4061 4061 4061 4061
837 1777384919 3551 3696 328 3645 3583 3625 3625 3593 4061 4061 4061 4061 4061 4061 4061 4061
838 1777384919 3551 3696 328 3644 3583 3625 3625 3593 4063 4061 4061 4061 4061 4061 4061 4061
839 1777384919 3550 3695 328 3645 3583 3625 3625 3593 4061 4061 4060 4060 4060 4060 4060 4060
840 1777384919 3552 3696 327 3645 3583 3626 3626 3593 4061 4061 4061 4061 4061 4061 4061 4061
841 1777384919 3551 3695 328 3645 3583 3625 3625 3593 4061 4061 4061 4061 4061 4061 4061 4061
842 1777384919 3551 3696 327 3644 3583 3625 3625 3593 4059 4057 4057 4057 4057 4057 4057 4057
843 1777384919 3551 3695 328 3643 3583 3624 3624 3593 4063 4063 4062 4062 4062 4062 4062 4062
844 1777384919 3551 3696 327 3646 3584 1634 3625 3594 4063 4063 4062 4062 4062 4062 4062 4062
845 1777384919 3551 3696 328 3646 3583 3625 3626 3594 4063 4063 4062 4062 4062 4062 4062 4062
846 1777384919 3551 3696 327 3645 3583 3626 3625 3593 4063 4063 4062 4062 4062 4062 4062 4062
847 1777384919 3551 3696 328 3646 3583 3625 3626 3593 4063 4063 4062 4062 4062 4062 4062 4062
848 1777384919 3551 3695 327 3645 3583 3625 3625 3593 4061 4061 4061 4061 4061 4061 4061 4061
849 1777384919 3551 3695 327 3645 3583 3625 3626 3594 4061 4061 4060 4060 4060 4060 4060 4060
850 1777384919 3550 3694 328 3644 3582 3624 3624 3592 4061 4061 4061 4061 4061 4061 4061 4061
851 1777384919 3551 3695 328 3644 3583 3625 3625 3593 4061 4061 4061 4061 4061 4061 4061 4061
852 1777384919 3552 3696 328 3646 3583 3625 3626 3594 4063 4063 4062 4062 4062 4062 4062 4062
853 1777384919 3551 3695 328 3645 3583 3625 3626 3594 4061 4061 4061 4061 4061 4061 4061 4061
854 1777384919 3551 3695 329 3645 3583 3625 3625 3593 4061 4061 4061 4061 4061 4061 4061 4061
855 1777384919 3551 3696 328 3645 3583 3625 3625 3593 4061 4061 4061 4061 4061 4061 4061 4061
856 1777384919 3551 3695 328 3645 3583 3625 3625 3593 4061 4061 4061 4061 4061 4061 4061 4061
857 1777384919 3551 3695 328 3645 3583 3625 3625 3594 4061 4061 4061 4061 4061 4061 4061 4061
858 1777384919 3551 3695 328 3645 3583 3625 3625 3593 4063 4063 4062 4062 4062 4062 4062 4062
859 1777384919 3550 3695 328 3645 3583 3625 3624 3593 4061 4061 4061 4061 4061 4061 4061 4061
860 1777384919 3551 3695 328 3645 3583 3625 3625 3593 4061 4061 4061 4061 4061 4061 4061 4061
861 1777384919 3551 3695 328 3645 3583 3626 3626 3593 4063 4063 4062 4062 4062 4062 4062 4062
862 1777384919 3551 3696 329 3646 3584 3625 3626 3594 4061 4061 4061 4061 4061 4061 4061 4061
863 1777384919 3551 3696 328 3645 3584 3626 3626 3593 4063 4063 4062 4062 4062 4062 4062 4062
864 1777384919 3550 3695 328 3645 3583 3625 3625 3593 4061 4061 4060 4060 4060 4060 4060 4060
865 1777384919 3551 3696 328 3645 3583 3625 3625 3593 4061 4061 4061 4061 4061 4061 4061 4061
866 1777384919 3552 3696 328 3646 3584 3626 3626 3594 4061 4061 4061 4061 4061 4061 4061 4061
867 1777384919 3552 3696 328 3646 3583 3626 3626 3594 4061 4061 4060 4060 4060 4060 4060 4060
868 1777384919 3551 3695 328 3645 3583 3625 3625 3593 4061 4061 4061 4061 4061 4061 4061 4061
869 1777384919 3551 3696 328 3645 3584 3626 3626 3594 4059 4059 4059 4059 4059 4059 4059 4059
870 1777384919 3551 3695 328 3645 3582 3625 3625 3593 4063 4063 4062 4062 4062 4062 4062 4062
871 1777384919 3551 3696 328 3645 3583 3626 3626 3594 4061 4061 4060 4060 4060 4060 4060 4060
872 1777384919 3551 3695 328 3645 3583 3625 3625 3594 4061 4061 4061 4061 4061 4061 4061 4061
873 1777384919 3550 3695 328 3645 3583 3625 3625 3593 4061 4061 4061 4061 4061 4061 4061 4061
874 1777384919 3552 3696 328 3646 3584 3626 3626 3594 4061 4061 4061 4061 4061 4061 4061 4061
875 1777384919 3552 3696 328 3645 3584 3626 3626 3594 4063 4063 4062 4062 4062 4062 4062 4062
876 1777384919 3552 3696 328 3646 3584 3627 3626 3594 4061 4061 4061 4061 4061 4061 4061 4061
877 1777384919 3551 3696 328 3646 3584 3626 3626 3594 4063 4063 4063 4063 4063 4063 4063 4063
878 1777384919 3552 3696 328 3646 3584 3626 3626 3594 4063 4062 4062 4062 4062 4062 4062 4062
879 1777384919 3550 3695 328 3645 3582 3625 3624 3593 4061 4061 4061 4061 4061 4061 4061 4061
880 1777384919 3552 3696 328 3646 3583 3626 3626 3594 4061 4061 4061 4061 4061 4061 4061 4061
881 1777384919 3552 3696 328 3645 3584 3626 3626 3593 4061 4061 4061 4061 4061 4061 4061 4061
882 1777384919 3551 3696 328 3645 3583 3625 3625 3594 4061 4061 4061 4061 4061 4061 4061 4061
883 1777384919 3552 3697 328 3646 3584 3626 3626 3594 4061 4061 4060 4060 4060 4060 4060 4060
884 1777384919 3552 3697 328 3646 3584 3627 3626 3594 4063 4063 4062 4062 4062 4062 4062 4062
885 1777384919 3551 3695 328 3645 3583 3625 3625 3593 4061 4061 4061 4061 4061 4061 4061 4061
886 1777384919 3552 3696 328 3646 3584 3626 3626 3594 4061 4061 4060 4060 4060 4060 4060 4060
887 1777384919 3552 3696 328 3646 3584 3626 3627 3595 4061 4061 4060 4060 4060 4060 4060 4060
888 1777384919 3552 3696 328 3646 3584 3626 3626 3594 4059 4059 4059 4059 4059 4059 4059 4059
889 1777384919 3551 3696 328 3645 3584 3625 3626 3594 4057 4057 4057 4057 4057 4057 4057 4057
890 1777384919 3551 3696 328 3646 3584 3626 3627 3594 4061 4061 4061 4061 4061 4061 4061 4061
891 1777384919 3552 3697 328 3646 3584 3626 3625 3594 4061 4061 4061 4061 4061 4061 4061 4061
892 1777384919 3552 3697 328 3646 3584 3627 3627 3594 4063 4063 4062 4062 4062 4062 4062 4062
893 1777384919 3551 3695 330 3645 3583 3625 3626 3594 4061 4061 4061 4061 4061 4061 4061 4061
894 1777384919 3551 3696 329 3646 3583 3625 3626 3594 4061 4061 4061 4061 4061 4061 4061 4061
895 1777384919 3552 3696 328 3646 3584 3626 3626 3594 4063 4063 4062 4062 4062 4062 4062 4062
896 1777384919 3552 3696 328 3646 3584 3626 3626 3594 4063 4063 4062 4062 4062 4062 4062 4062
897 1777384919 3551 3696 328 3645 3584 3626 3626 3594 4063 4063 4062 4062 4062 4062 4062 4062
898 1777384919 3551 3695 328 3645 3582 3625 3625 3593 4061 4061 4060 4060 4060 4060 4060 4060
899 1777384919 3552 3696 328 3646 3583 3625 3625 3594 4063 4063 4062 4062 4062 4062 4062 4062
900 1777384919 3553 3697 328 3646 3584 3627 3627 3595 4063 4063 4062 4062 4062 4062 4062 4062
901 1777384919 3552 3697 328 3646 3584 3626 3626 3594 4061 4061 4061 4061 4061 4061 4061 4061
902 1777384920 3552 3696 328 3646 3583 3626 3626 3595 4061 4061 4061 4061 4061 4061 4061 4061
903 1777384920 3552 3697 328 3646 3584 3626 3627 3595 4061 4061 4061 4061 4061 4061 4061 4061
904 1777384920 3552 3697 329 3646 3584 3626 3626 3594 4063 4063 4062 4062 4062 4062 4062 4062
905 1777384920 3552 3696 328 3645 3584 3626 3626 3594 4063 4063 4062 4062 4062 4062 4062 4062
906 1777384920 3552 3697 327 3647 3585 3627 3627 3595 4063 4063 4062 4062 4062 4062 4062 4062
907 1777384920 3553 3697 328 3646 3584 3627 3627 3595 4063 4063 4062 4062 4062 4062 4062 4062
908 1777384920 3552 3697 328 3646 3585 3627 3627 3595 4063 4063 4062 4062 4062 4062 4062 4062
909 1777384920 3553 3697 328 3647 3585 3626 3627 3595 4061 4061 4061 4061 4061 4061 4061 4061
910 1777384920 3551 3696 329 3645 3583 3625 3625 3593 4061 4061 4061 4061 4061 4061 4061 4061
911 1777384920 3552 3696 329 3646 3584 3625 3626 3594 4063 4063 4062 4062 4062 4062 4062 4062
912 1777384920 3552 3696 328 3646 3584 3626 3626 3594 4061 4061 4061 4061 4061 4061 4061 4061
913 1777384920 3552 3697 328 3646 3584 3626 3626 3594 4063 4063 4062 4062 4062 4062 4062 4062
914 1777384920 3552 3697 328 3647 3585 3627 3627 3595 4063 4063 4062 4062 4062 4062 4062 4062
915 1777384920 3552 3696 328 3647 3584 3627 3627 3595 4061 4061 4061 4061 4061 4061 4061 4061
916 1777384920 3552 3697 328 3646 3584 3626 3626 3594 4061 4061 4061 4061 4061 4061 4061 4061
917 1777384920 3552 3696 328 3646 3584 3626 3626 3594 4061 4061 4061 4061 4061 4061 4061 4061
918 1777384920 3551 3695 328 3645 3583 3625 3625 3593 4061 4061 4061 4061 4061 4061 4061 4061
919 1777384920 3552 3696 328 3646 3584 3626 3626 3595 4063 4063 4062 4062 4062 4062 4062 4062
920 1777384920 3552 3697 328 3646 3584 3626 3626 3594 4061 4061 4061 4061 4061 4061 4061 4061
921 1777384920 3551 3695 328 3645 3584 3625 3625 3593 4063 4062 4062 4062 4062 4062 4062 4062
922 1777384920 3551 3696 329 3646 3584 3626 3626 3594 4061 4061 4061 4061 4061 4061 4061 4061
923 1777384920 3553 3698 328 3647 3584 3626 3626 3595 4063 4062 4062 4062 4062 4062 4062 4062
924 1777384920 3553 3697 328 3646 3584 3627 3626 3594 4063 4063 4062 4062 4062 4062 4062 4062
925 1777384920 3552 3696 328 3646 3584 3626 3626 3594 4063 4063 4062 4062 4062 4062 4062 4062
926 1777384920 3551 3696 329 3646 3583 3625 3626 3594 4061 4061 4061 4061 4061 4061 4061 4061
927 1777384920 3552 3696 328 3646 3584 3626 3626 3594 4063 4063 4062 4062 4062 4062 4062 4062
928 1777384920 3552 3696 329 3646 3584 3626 3626 3594 4061 4061 4061 4061 4061 4061 4061 4061
929 1777384920 3553 3698 329 3647 3585 3628 3627 3595 4061 4061 4061 4061 4061 4061 4061 4061
930 1777384920 3553 3697 328 3647 3585 3627 3627 3595 4063 4063 4062 4062 4062 4062 4062 4062
931 1777384920 3552 3697 328 3646 3584 3626 3627 3595 4061 4061 4061 4061 4061 4061 4061 4061
932 1777384920 3552 3696 328 3646 3584 3626 3626 3594 4061 4061 4061 4061 4061 4061 4061 4061
933 1777384920 3552 3697 328 3646 3584 3626 3626 3594 4061 4061 4060 4060 4060 4060 4060 4060
934 1777384920 3552 3696 328 3646 3584 3626 3626 3594 4063 4062 4062 4062 4062 4062 4062 4062
935 1777384920 3551 3696 328 3646 3584 3626 3626 3594 4061 4061 4061 4061 4061 4061 4061 4061
936 1777384920 3553 3698 329 3648 3586 3628 3628 3596 4062 4063 4062 4062 4062 4062 4062 4062
937 1777384920 3553 3696 328 3646 3584 3626 3627 3594 4061 4061 4061 4061 4061 4061 4061 4061
938 1777384920 3552 3697 329 3647 3584 3626 3627 3594 4061 4061 4061 4061 4061 4061 4061 4061
939 1777384920 3552 3697 328 3647 3585 3627 3627 3595 4061 4061 4061 4061 4061 4061 4061 4061
940 1777384920 3552 3696 329 3646 3584 3627 3627 3595 4063 4063 4062 4062 4062 4062 4062 4062
941 1777384920 294 3695 328 3647 3585 3627 3627 3595 4061 4061 4061 4061 4061 4061 4061 4061
942 1777384920 3552 3697 329 3646 3584 3627 3627 3595 4061 4061 4061 4061 4061 4061 4061 4061
943 1777384920 3553 3697 328 3647 3584 3626 3626 3594 4063 4062 4062 4062 4062 4062 4062 4062
944 1777384920 3551 3696 328 3646 3583 3626 3626 3594 4063 4063 4062 4062 4062 4062 4062 4062
945 1777384920 3551 3697 328 3646 3584 3626 3625 3594 4061 4061 4061 4061 4061 4061 4061 4061
946 1777384920 3552 3697 329 3646 3584 3626 3626 3595 4061 4061 4061 4061 4061 4061 4061 4061
947 1777384920 3552 3696 329 3646 3584 3626 3626 3594 4063 4063 4062 4062 4062 4062 4062 4062
948 1777384920 3551 3696 328 3647 3584 3627 3627 3595 4063 4063 4062 4062 4062 4062 4062 4062
949 1777384920 3552 3696 329 3646 3584 3626 3626 3595 4063 4063 4062 4062 4062 4062 4062 4062
950 1777384920 3551 3695 329 3645 3583 3625 3625 3593 4063 4063 4062 4062 4062 4062 4062 4062
951 1777384920 3552 3697 328 3647 3585 3627 3627 3595 4061 4061 4061 4061 4061 4061 4061 4061
952 1777384920 3552 3697 329 3646 3584 3627 3627 3594 4063 4063 4062 4062 4062 4062 4062 4062
953 1777384920 3552 3698 329 3647 3585 3627 3627 3595 4061 4061 4061 4061 4061 4061 4061 4061
954 1777384920 3552 3697 329 3646 3584 3627 3626 3595 4061 4061 4061 4061 4061 4061 4061 4061
955 1777384920 3553 3697 328 3647 3585 3627 3627 3595 4061 4061 4060 4060 4060 4060 4060 4060
956 1777384920 3553 3697 328 3647 3585 3627 3627 3595 4063 4063 4062 4062 4062 4062 4062 4062
957 1777384920 3553 3697 330 3646 3584 3626 3627 3595 4063 4063 4062 4062 4062 4062 4062 4062
958 1777384920 3553 3696 329 3646 3584 3626 3626 3594 4061 4061 4061 4061 4061 4061 4061 4061
959 1777384920 3553 3697 328 3647 3585 3626 3626 3594 4061 4061 4061 4061 4061 4061 4061 4061
960 1777384920 3552 3697 328 3646 3584 3626 3626 3595 4063 4063 4062 4062 4062 4062 4062 4062
961 1777384920 3553 3698 329 3647 3585 3627 3627 3595 4061 4061 4061 4061 4061 4061 4061 4061
962 1777384920 3553 3698 328 3648 3585 3628 3628 3595 4063 4063 4062 4062 4062 4062 4062 4062
963 1777384920 3553 3697 328 3647 3584 3626 3626 3594 4061 4061 4061 4061 4061 4061 4061 4061
964 1777384920 3552 3697 329 3646 3584 3626 3626 3594 4061 4061 4061 4061 4061 4061 4061 4061
965 1777384920 3551 3696 329 3646 3584 3626 3626 3594 4061 4061 4060 4060 4060 4060 4060 4060
966 1777384920 3553 3697 329 3647 3585 3627 3627 3594 4063 4063 4062 4062 4062 4062 4062 4062
967 1777384920 3550 3695 327 3645 3584 3625 3625 3593 4063 4063 4062 4062 4062 4062 4062 4062
968 1777384920 3551 3696 327 3645 3583 3625 3625 3593 4063 4062 4062 4062 4062 4062 4062 4062
969 1777384920 3550 3695 327 3644 3582 3625 3625 3592 4063 4063 4062 4062 4062 4062 4062 4062
970 1777384920 3551 3695 327 3644 3583 3625 3625 3593 4061 4061 4061 4061 4061 4061 4061 4061
971 1777384920 3551 3695 326 3643 3583 3625 3625 3593 4063 4063 4062 4062 4062 4062 4062 4062
972 1777384920 3551 3695 327 3645 3583 3625 3624 3592 4061 4061 4061 4061 4061 4061 4061 4061
973 1777384920 3550 3694 326 3644 3582 3624 3624 3593 4063 4063 4062 4062 4062 4062 4062 4062
974 1777384928 3549 3694 327 3643 3581 3623 3623 3591 4063 4063 4062 4062 4062 4062 4062 4062
975 1777384928 3551 3695 327 3644 3582 3625 3625 3593 4063 4063 4062 4062 4062 4062 4062 4062
976 1777384928 3550 3695 326 3645 3582 3625 3625 3593 4061 4061 4061 4061 4061 4061 4061 4061
977 1777384928 3550 3694 327 3644 3582 3624 3625 3593 4063 4062 4062 4062 4062 4062 4062 4062
978 1777384928 3550 3694 327 3643 3582 3624 3623 3592 4063 4062 4062 4062 4062 4062 4062 4062
979 1777384928 3551 3695 327 3645 3582 3625 3625 3593 4063 4063 4062 4062 4062 4062 4062 4062
980 1777384928 3551 3695 327 3645 3583 3624 3625 3593 4063 4063 4062 4062 4062 4062 4062 4062
981 1777384928 3549 3694 327 3644 3582 3624 3624 3592 4061 4061 4061 4061 4061 4061 4061 4061
982 1777384928 3550 3694 327 3644 3582 3624 3624 3592 4061 4060 4060 4060 4060 4060 4060 4060
983 1777384928 3551 3695 327 3645 3582 3624 3624 3592 4063 4063 4062 4062 4062 4062 4062 4062
984 1777384928 3549 3694 327 3644 3581 3624 3624 3591 4061 4061 4060 4060 4060 4060 4060 4060
985 1777384928 3550 3694 327 3644 3582 3624 3624 3592 4061 4061 4061 4061 4061 4061 4061 4061
986 1777384928 3550 3694 327 3643 3582 3624 3624 3592 4061 4061 4061 4061 4061 4061 4061 4061
987 1777384929 3550 3695 327 3644 3582 3624 3624 3592 4061 4061 4061 4061 4061 4061 4061 4061
988 1777384929 3549 3694 328 3644 3582 3624 3624 3592 4063 4063 4062 4062 4062 4062 4062 4062
989 1777384929 3550 3695 327 3644 3582 3624 3624 3592 4063 4063 4062 4062 4062 4062 4062 4062
990 1777384929 3549 3694 328 3643 3582 3624 3624 3592 4061 4061 4061 4061 4061 4061 4061 4061
991 1777384929 3550 3695 327 3644 3582 3624 3625 3593 4063 4063 4062 4062 4062 4062 4062 4062
992 1777384929 3550 3694 327 3644 3582 3624 3625 3592 4061 4061 4061 4061 4061 4061 4061 4061
993 1777384929 3550 3694 327 3644 3582 3624 3624 3592 4063 4063 4062 4062 4062 4062 4062 4062
994 1777384929 3551 3695 327 3645 3583 3625 3625 3592 4063 4063 4062 4062 4062 4062 4062 4062
995 1777384929 3550 3695 327 3645 3583 3625 3625 3593 4061 4061 4061 4061 4061 4061 4061 4061
996 1777384929 3550 3694 328 3644 3582 3624 3624 3592 4061 4061 4061 4061 4061 4061 4061 4061
997 1777384929 3550 3694 327 3644 3582 3624 3624 3592 4063 4063 4062 4062 4062 4062 4062 4062
998 1777384929 3550 3694 327 3644 3582 3624 3624 3592 4061 4061 4061 4061 4061 4061 4061 4061
999 1777384929 3551 3695 327 3645 3582 3625 3625 3593 4059 4059 4059 4059 4059 4059 4059 4059
1000 1777384929 3551 3695 327 3645 3583 3624 3625 3592 4061 4061 4060 4060 4060 4060 4060 4060
