1 1777384004 3552 3696 452 3646 3584 3626 3626 3594 4061 4061 4061 4061 4061 4061 4061 4061
2 1777384004 3553 3698 452 3648 3585 3628 3627 3595 4061 4061 4061 4061 4061 4061 4061 4061
3 1777384004 3554 3699 452 3647 3586 3628 3628 3596 4061 4061 4061 4061 4061 4061 4061 4061
4 1777384004 3553 3698 453 3646 3585 3627 3628 3596 4061 4061 4061 4061 4061 4061 4061 4061
5 1777384004 3553 3698 452 3648 3585 3627 3628 3596 4063 4063 4062 4062 4062 4062 4062 4062
6 1777384004 3552 3697 452 3648 3585 3627 3628 3595 4063 4063 4062 4062 4062 4062 4062 4062
7 1777384004 3554 3698 452 3648 3586 3628 3628 3596 4061 4061 4061 4061 4061 4061 4061 4061
8 1777384004 3553 3698 452 3648 3586 3628 3628 3596 4061 4061 4061 4061 4061 4061 4061 4061
9 1777384004 3553 3698 452 3648 3585 3627 3628 3596 4063 4063 4062 4062 4062 4062 4062 4062
10 1777384004 3554 3698 452 3647 3585 3627 3627 3596 4063 4063 4063 4063 4063 4063 4063 4063
11 1777384004 3554 3698 452 3647 3585 3627 3627 3595 4063 4063 4062 4062 4062 4062 4062 4062
12 1777384004 3553 3698 452 3648 3585 3627 3627 3596 4063 4063 4062 4062 4062 4062 4062 4062
13 1777384004 3554 3698 453 3648 3586 3628 3628 3596 4063 4063 4062 4062 4062 4062 4062 4062
14 1777384004 3553 3698 453 3648 3585 3628 3628 3596 4061 4061 4061 4061 4061 4061 4061 4061
15 1777384004 3554 3699 452 3649 3586 3628 3628 3596 4061 4061 4061 4061 4061 4061 4061 4061
16 1777384004 3554 3699 453 3648 3585 3627 3628 3596 4063 4063 4062 4062 4062 4062 4062 4062
17 1777384004 3554 3698 452 3648 3586 3628 3628 3596 4063 4063 4062 4062 4062 4062 4062 4062
18 1777384004 3553 3698 453 3648 3586 3628 3628 3596 4063 4063 4063 4063 4063 4063 4063 4063
19 1777384004 3554 3699 452 3649 3586 3628 3628 3596 4061 4061 4061 4061 4061 4061 4061 4061
20 1777384004 3554 3699 452 3649 3587 3629 3629 3597 4063 4063 4062 4062 4062 4062 4062 4062
21 1777384004 3554 3698 452 3649 3586 3629 3628 3596 4061 4061 4061 4061 4061 4061 4061 4061
22 1777384004 3553 3698 453 3648 3586 3627 3627 3595 4063 4063 4062 4062 4062 4062 4062 4062
23 1777384004 3553 3698 452 3647 3586 3628 3628 3596 4061 4061 4061 4061 4061 4061 4061 4061
24 1777384004 3554 3698 452 3648 3586 3628 3629 3597 4061 4061 4061 4061 4061 4061 4061 4061
25 1777384004 3554 3698 452 3648 3586 3628 3628 3596 4063 4063 4062 4062 4062 4062 4062 4062
26 1777384004 3554 3698 453 3648 3586 3628 3628 3596 4063 4063 4062 4062 4062 4062 4062 4062
27 1777384004 3554 3699 452 3649 3587 3629 3628 3596 4063 4063 4062 4062 4062 4062 4062 4062
28 1777384004 3554 3698 452 3648 3586 3628 3628 3596 4063 4063 4062 4062 4062 4062 4062 4062
29 1777384004 3553 3698 453 3648 3586 3628 3628 3596 4063 4063 4062 4062 4062 4062 4062 4062
30 1777384005 3553 3698 453 3648 3585 3627 3627 3595 4063 4063 4062 4062 4062 4062 4062 4062
31 1777384005 3554 3698 452 3648 3586 3628 3628 3596 4061 4061 4061 4061 4061 4061 4061 4061
32 1777384005 3555 3699 453 3649 3586 3628 3628 3596 4063 4063 4062 4062 4062 4062 4062 4062
33 1777384005 3553 3698 453 3647 3585 3627 3628 3596 4063 4063 4062 4062 4062 4062 4062 4062
34 1777384005 3553 3698 453 3648 3586 3628 3628 3595 4059 4059 4058 4058 4058 4058 4058 4058
35 1777384005 3554 3698 453 3647 3586 3628 3628 3596 4061 4061 4061 4061 4061 4061 4061 4061
36 1777384005 3554 3698 453 3648 3586 3628 3628 3596 4061 4061 4061 4061 4061 4061 4061 4061
37 1777384005 3554 3699 452 3649 3586 3629 3629 3597 4061 4061 4061 4061 4061 4061 4061 4061
38 1777384005 3553 3698 453 3648 3586 3628 3628 3596 4063 4063 4062 4062 4062 4062 4062 4062
39 1777384005 3553 3698 452 3647 3586 3628 3628 3596 4063 4063 4062 4062 4062 4062 4062 4062
40 1777384005 3554 3698 453 3648 3585 3628 3628 3596 4063 4063 4062 4062 4062 4062 4062 4062
41 1777384005 3554 3698 453 3648 3585 3628 3628 3595 4063 4063 4062 4062 4062 4062 4062 4062
42 1777384005 3554 3699 453 3648 3586 3628 3629 3596 4063 4063 4062 4062 4062 4062 4062 4062
43 1777384005 3554 3699 452 3648 3586 3628 3628 3596 4061 4061 4061 4061 4061 4061 4061 4061
44 1777384005 3554 3698 452 3648 3586 3628 3628 3596 4063 4063 4063 4063 4063 4063 4063 4063
45 1777384005 3555 3699 452 3649 3586 3628 3628 3597 4063 4063 4062 4062 4062 4062 4062 4062
46 1777384005 3554 3699 453 3649 3587 3629 3629 3597 4063 4063 4062 4062 4062 4062 4062 4062
47 1777384005 3554 3699 452 3648 3586 3628 3629 3597 4061 4061 4061 4061 4061 4061 4061 4061
48 1777384005 3554 3699 453 3649 3587 3629 3629 3596 4063 4063 4063 4063 4063 4063 4063 4063
49 1777384005 3558 3702 452 3652 3589 3632 3632 3600 4061 4061 4060 4060 4060 4060 4060 4060
50 1777384005 3553 3698 453 3648 3586 3628 3628 3596 4061 4061 4061 4061 4061 4061 4061 4061
51 1777384005 3554 3698 453 3648 3586 3628 3628 3596 4061 4061 4061 4061 4061 4061 4061 4061
52 1777384005 3554 3699 453 3648 3586 3629 3628 3597 4063 4063 4062 4062 4062 4062 4062 4062
53 1777384005 3554 3699 453 3649 3586 3629 3629 3596 4063 4061 4061 4061 4061 4061 4061 4061
54 1777384005 3553 3699 453 3648 3586 3628 3629 3597 4063 4063 4062 4062 4062 4062 4062 4062
55 1777384005 3556 3700 453 3649 3587 3629 3629 3597 4063 4063 4062 4062 4062 4062 4062 4062
56 1777384005 3554 3699 452 3648 3586 3628 3628 3596 4061 4061 4061 4061 4061 4061 4061 4061
57 1777384005 3554 3699 453 3648 3586 3628 3628 3596 4061 4061 4061 4061 4061 4061 4061 4061
58 1777384005 3555 3700 452 3649 3587 3628 3629 3597 4063 4063 4062 4062 4062 4062 4062 4062
59 1777384005 3554 3699 453 3649 3586 3629 3628 3596 4061 4061 4060 4060 4060 4060 4060 4060
60 1777384005 3555 3699 455 3649 3587 3629 3629 3597 4063 4063 4062 4062 4062 4062 4062 4062
61 1777384005 3554 3699 454 3649 3586 3628 3628 3596 4063 4063 4062 4062 4062 4062 4062 4062
62 1777384005 3554 3699 453 3648 3586 3628 3628 3597 4063 4063 4062 4062 4062 4062 4062 4062
63 1777384005 3554 3699 453 3649 3586 3628 3629 3597 4063 4063 4062 4062 4062 4062 4062 4062
64 1777384005 3555 3699 452 3648 3586 3628 3628 3596 4063 4063 4062 4062 4062 4062 4062 4062
65 1777384005 3555 3699 452 3649 3587 3629 3629 3597 4061 4061 4061 4061 4061 4061 4061 4061
66 1777384005 3555 3699 453 3648 3587 3629 3629 3597 4061 4061 4061 4061 4061 4061 4061 4061
67 1777384005 3555 3700 452 3649 3587 3629 3630 3597 4059 4059 4059 4059 4059 4059 4059 4059
68 1777384005 3555 3700 453 3650 3587 3629 3630 3597 4063 4063 4062 4062 4062 4062 4062 4062
69 1777384005 3555 3699 453 3649 3587 3629 3630 3597 4063 4063 4062 4062 4062 4062 4062 4062
70 1777384005 3553 3698 453 3648 3586 3627 3628 3596 4061 4061 4061 4061 4061 4061 4061 4061
71 1777384005 3554 3699 453 3649 3587 3629 3629 3597 4063 4063 4062 4062 4062 4062 4062 4062
72 1777384005 3555 3699 453 3649 3586 3629 3629 3598 4063 4063 4062 4062 4062 4062 4062 4062
73 1777384005 3554 3699 452 3649 3587 3629 3629 3596 4063 4063 4062 4062 4062 4062 4062 4062
74 1777384005 3554 3699 453 3648 3586 3628 3628 3597 4063 4063 4062 4062 4062 4062 4062 4062
75 1777384005 3554 3699 453 3649 3587 3628 3629 3597 4061 4061 4061 4061 4061 4061 4061 4061
76 1777384005 3555 3699 453 3649 3587 3629 3629 3597 4057 4057 4056 4056 4056 4056 4056 4056
77 1777384005 3555 3700 452 3650 3588 3630 3630 3597 4063 4063 4062 4062 4062 4062 4062 4062
78 1777384005 3555 3700 453 3650 3587 3630 3629 3598 4061 4061 4060 4060 4060 4060 4060 4060
79 1777384005 3554 3698 453 3648 3586 3628 3628 3597 4061 4061 4061 4061 4061 4061 4061 4061
80 1777384005 3553 3698 453 3648 3586 3628 3629 3597 4063 4063 4062 4062 4062 4062 4062 4062
81 1777384005 3555 3699 453 3649 3587 3629 3629 3597 4063 4063 4062 4062 4062 4062 4062 4062
82 1777384005 3555 3699 453 3648 3587 3629 3629 3597 4063 4063 4062 4062 4062 4062 4062 4062
83 1777384005 3554 3698 452 3649 3587 3628 3628 3596 4063 4063 4062 4062 4062 4062 4062 4062
84 1777384005 3555 3699 453 3650 3587 3629 3630 3597 4063 4063 4062 4062 4062 4062 4062 4062
85 1777384005 3555 3699 453 3649 3586 3629 3629 3597 4063 4061 4061 4061 4061 4061 4061 4061
86 1777384005 3554 3698 453 3648 3586 3629 3628 3596 4063 4063 4062 4062 4062 4062 4062 4062
87 1777384005 3555 3699 453 3649 3587 3629 3629 3597 4063 4063 4062 4062 4062 4062 4062 4062
88 1777384005 3554 3699 453 3649 3586 3628 3629 3597 4061 4061 4061 4061 4061 4061 4061 4061
89 1777384005 3554 3698 453 3648 3586 3628 3628 3596 4061 4061 4061 4061 4061 4061 4061 4061
90 1777384005 3555 3699 453 3649 3587 3629 3629 3597 4063 4063 4062 4062 4062 4062 4062 4062
91 1777384005 3555 3699 453 3649 3587 3629 3629 3597 4063 4063 4062 4062 4062 4062 4062 4062
92 1777384005 3556 3700 453 3650 3588 3630 3630 3598 4063 4063 4062 4062 4062 4062 4062 4062
93 1777384005 3555 3700 453 3649 3586 3629 3629 3597 4063 4061 4061 4061 4061 4061 4061 4061
94 1777384005 3554 3699 453 3649 3586 3629 3629 3597 4063 4063 4062 4062 4062 4062 4062 4062
95 1777384005 3555 3699 453 3649 3587 3629 3629 3597 4063 4061 4061 4061 4061 4061 4061 4061
96 1777384005 3555 3699 453 3649 3587 3629 3630 3598 4061 4061 4061 4061 4061 4061 4061 4061
97 1777384005 3554 3699 453 3649 3587 3629 3629 3596 4061 4061 4061 4061 4061 4061 4061 4061
98 1777384005 3555 3699 453 3648 3587 3630 3629 3597 4063 4063 4062 4062 4062 4062 4062 4062
99 1777384005 3555 3699 452 3650 3587 3629 3629 3597 4061 4061 4060 4060 4060 4060 4060 4060
100 1777384013 3554 3698 453 3647 3585 3627 3627 3595 4063 4063 4063 4063 4063 4063 4063 4063
101 1777384013 3554 3699 453 3648 3585 3628 3628 3596 4063 4063 4062 4062 4062 4062 4062 4062
102 1777384013 3554 3698 453 3648 3586 3628 3628 3596 4063 4063 4062 4062 4062 4062 4062 4062
103 1777384013 3555 3699 453 3649 3586 3628 3629 3596 4061 4061 4061 4061 4061 4061 4061 4061
104 1777384013 3554 3699 453 3649 3586 3628 3628 3596 4063 4061 4061 4061 4061 4061 4061 4061
105 1777384013 3554 3698 453 3648 3586 3628 3628 3596 4061 4061 4061 4061 4061 4061 4061 4061
106 1777384013 3554 3699 454 3649 3587 3629 3629 3597 4065 4063 4063 4063 4063 4063 4063 4063
107 1777384013 3554 3698 453 3648 3585 3627 3628 3596 4061 4061 4060 4060 4060 4060 4060 4060
108 1777384013 3556 3700 454 3650 3588 3630 3630 3598 4063 4063 4062 4062 4062 4062 4062 4062
109 1777384013 3555 3699 453 3649 3587 3629 3630 3597 4061 4061 4061 4061 4061 4061 4061 4061
110 1777384013 3555 3700 453 3649 3587 3629 3629 3597 4061 4061 4061 4061 4061 4061 4061 4061
111 1777384013 3554 3699 453 3649 3587 3628 3629 3596 4061 4061 4061 4061 4061 4061 4061 4061
112 1777384013 3555 3700 453 3649 3587 3629 3629 3597 4063 4063 4062 4062 4062 4062 4062 4062
113 1777384013 3555 3700 453 3650 3588 3629 3629 3597 4061 4061 4061 4061 4061 4061 4061 4061
114 1777384013 3555 3700 454 3650 3587 3630 3630 3598 4063 4063 4062 4062 4062 4062 4062 4062
115 1777384013 3555 3700 453 3649 3587 3629 3629 3597 4063 4063 4062 4062 4062 4062 4062 4062
116 1777384013 3555 3699 454 3649 3587 3629 3629 3597 4063 4063 4062 4062 4062 4062 4062 4062
117 1777384013 3555 3700 453 3650 3587 3629 3629 3597 4061 4061 4061 4061 4061 4061 4061 4061
118 1777384013 3555 3699 453 3649 3587 3629 3629 3597 4061 4061 4060 4060 4060 4060 4060 4060
119 1777384013 3554 3699 453 3649 3586 3628 3629 3597 4061 4061 4061 4061 4061 4061 4061 4061
120 1777384013 3555 3700 453 3649 3587 3629 3629 3597 4061 4061 4061 4061 4061 4061 4061 4061
121 1777384014 3555 3700 453 3650 3588 3629 3630 3597 4063 4063 4062 4062 4062 4062 4062 4062
122 1777384014 3555 3700 452 3650 3588 3630 3629 3597 4061 4061 4060 4060 4060 4060 4060 4060
123 1777384014 3555 3699 453 3649 3587 3629 3629 3597 4061 4061 4061 4061 4061 4061 4061 4061
124 1777384014 3554 3700 454 3649 3587 3628 3629 3597 4063 4063 4062 4062 4062 4062 4062 4062
125 1777384014 3554 3699 453 3649 3587 3628 3628 3596 4061 4061 4061 4061 4061 4061 4061 4061
126 1777384014 3554 3699 453 3649 3587 3629 3628 3596 4063 4063 4062 4062 4062 4062 4062 4062
127 1777384014 3555 3699 453 3649 3587 3629 3629 3597 4061 4061 4061 4061 4061 4061 4061 4061
128 1777384014 3554 3698 453 3648 3586 3628 3628 3596 4063 4063 4062 4062 4062 4062 4062 4062
129 1777384014 3555 3700 453 3648 3586 3629 3629 3597 4063 4063 4062 4062 4062 4062 4062 4062
130 1777384014 3553 3697 451 3647 3585 3627 3626 3594 4061 4061 4061 4061 4061 4061 4061 4061
131 1777384014 3553 3698 451 3646 3586 3627 3627 3595 4063 4063 4062 4062 4062 4062 4062 4062
132 1777384022 3551 3695 451 3644 3583 3625 3625 3593 4061 4061 4061 4061 4061 4061 4061 4061
133 1777384022 3552 3696 451 3647 3584 3626 3626 3594 4061 4061 4061 4061 4061 4061 4061 4061
134 1777384022 3553 3697 451 3646 3584 3626 3627 3594 4063 4063 4062 4062 4062 4062 4062 4062
135 1777384022 3553 3697 452 3647 3584 3626 3626 3595 4061 4061 4061 4061 4061 4061 4061 4061
136 1777384022 3552 3697 451 3646 3584 3626 3626 3594 4061 4061 4060 4060 4060 4060 4060 4060
137 1777384022 3553 3697 451 3647 3585 3627 3627 3595 4061 4061 4061 4061 4061 4061 4061 4061
138 1777384022 3553 3698 451 3647 3585 3627 3627 3595 4061 4061 4061 4061 4061 4061 4061 4061
139 1777384022 3553 3698 451 3647 3585 3627 3627 3595 4063 4063 4062 4062 4062 4062 4062 4062
140 1777384022 3553 3698 452 3648 3585 3627 3627 3595 4063 4063 4062 4062 4062 4062 4062 4062
141 1777384022 3552 3697 452 3646 3584 3626 3627 3594 4061 4061 4060 4060 4060 4060 4060 4060
142 1777384022 3553 3698 451 3647 3585 3627 3628 3596 4061 4061 4061 4061 4061 4061 4061 4061
143 1777384022 3553 3697 452 3647 3585 3627 3627 3595 4063 4063 4062 4062 4062 4062 4062 4062
144 1777384022 3553 3697 452 3647 3585 3627 3627 3595 4063 4063 4062 4062 4062 4062 4062 4062
145 1777384022 3552 3696 451 3646 3583 3626 3626 3594 4061 4061 4061 4061 4061 4061 4061 4061
146 1777384022 3553 3697 451 3646 3584 3627 3627 3595 4061 4061 4060 4060 4060 4060 4060 4060
147 1777384022 3553 3697 452 3648 3585 3627 3628 3596 4063 4063 4063 4063 4063 4063 4063 4063
148 1777384022 3553 3697 452 3648 3585 3628 3628 3596 4061 4061 4061 4061 4061 4061 4061 4061
149 1777384022 3553 3698 452 3647 3585 3628 3628 3595 4063 4063 4062 4062 4062 4062 4062 4062
150 1777384022 3552 3696 451 3646 3584 3626 3626 3594 4061 4061 4060 4060 4060 4060 4060 4060
151 1777384022 3553 3697 451 3647 3585 3627 3627 3595 4063 4063 4062 4062 4062 4062 4062 4062
152 1777384022 3552 3697 451 3647 3584 3626 3626 3594 4063 4063 4062 4062 4062 4062 4062 4062
153 1777384022 3553 3697 452 3647 3585 3627 3627 3595 4061 4061 4061 4061 4061 4061 4061 4061
154 1777384022 3552 3697 452 3646 3585 3627 3627 3595 4059 4059 4059 4059 4059 4059 4059 4059
155 1777384022 3554 3698 451 3648 3586 3628 3628 3596 4063 4061 4061 4061 4061 4061 4061 4061
156 1777384022 3553 3697 453 3647 3585 3627 3627 3595 4061 4061 4061 4061 4061 4061 4061 4061
157 1777384022 3553 3698 452 3647 3585 3627 3627 3595 4061 4061 4060 4060 4060 4060 4060 4060
158 1777384022 3553 3697 451 3648 3585 3626 3627 3594 4061 4061 4061 4061 4061 4061 4061 4061
159 1777384022 3553 3698 451 3647 3585 3627 3627 3595 4063 4063 4062 4062 4062 4062 4062 4062
160 1777384030 3552 3696 451 3647 3584 3626 3626 3593 4063 4063 4062 4062 4062 4062 4062 4062
161 1777384030 3553 3697 451 3646 3585 3627 3627 3595 4061 4061 4061 4061 4061 4061 4061 4061
162 1777384030 3552 3697 452 3645 3584 3626 3626 3594 4061 4061 4061 4061 4061 4061 4061 4061
163 1777384030 3552 3696 452 3646 3585 3626 3626 3595 4061 4061 4061 4061 4061 4061 4061 4061
164 1777384030 3552 3697 452 3647 3585 3627 3627 3595 4063 4063 4062 4062 4062 4062 4062 4062
165 1777384030 3554 3699 452 3648 3586 3628 3628 3596 4061 4061 4061 4061 4061 4061 4061 4061
166 1777384030 3553 3697 451 3647 3585 3626 3626 3595 4061 4061 4060 4060 4060 4060 4060 4060
167 1777384030 3552 3697 451 3646 3584 3627 3627 3595 4063 4063 4062 4062 4062 4062 4062 4062
168 1777384030 3552 3697 452 3647 3585 3627 3627 3595 4061 4061 4061 4061 4061 4061 4061 4061
169 1777384030 3552 3697 451 3647 3585 3627 3627 3595 4063 4063 4062 4062 4062 4062 4062 4062
170 1777384030 3553 3697 452 3647 3585 3627 3627 3595 4061 4061 4061 4061 4061 4061 4061 4061
171 1777384030 3552 3697 452 3646 3585 3627 3627 3594 4063 4061 4061 4061 4061 4061 4061 4061
172 1777384030 3552 3697 452 3647 3584 3627 3626 3595 4061 4061 4061 4061 4061 4061 4061 4061
173 1777384030 3553 3697 452 3647 3585 3627 3627 3595 4063 4063 4062 4062 4062 4062 4062 4062
174 1777384030 3553 3698 452 3648 3585 3627 3627 3595 4061 4061 4061 4061 4061 4061 4061 4061
175 1777384030 3553 3698 452 3648 3585 3627 3628 3596 4063 4063 4062 4062 4062 4062 4062 4062
176 1777384030 3552 3697 452 3647 3584 3627 3627 3594 4063 4063 4062 4062 4062 4062 4062 4062
177 1777384030 3552 3697 452 3646 3584 3627 3627 3595 4063 4063 4063 4063 4063 4063 4063 4063
178 1777384030 3553 3697 452 3647 3585 3627 3627 3594 4061 4061 4061 4061 4061 4061 4061 4061
179 1777384030 3554 3699 451 3648 3586 3628 3628 3596 4061 4061 4061 4061 4061 4061 4061 4061
180 1777384030 3553 3698 452 3647 3585 3627 3627 3595 4063 4063 4062 4062 4062 4062 4062 4062
181 1777384030 3553 3697 452 3648 3585 3628 3628 3595 4063 4063 4062 4062 4062 4062 4062 4062
182 1777384030 3554 3698 452 3648 3586 3628 3628 3596 4063 4063 4062 4062 4062 4062 4062 4062
183 1777384030 3553 3697 451 3647 3585 3627 3627 3595 4061 4061 4061 4061 4061 4061 4061 4061
184 1777384030 3553 3698 452 3647 3585 3627 3628 3596 4065 4063 4063 4063 4063 4063 4063 4063
185 1777384030 3553 3698 451 3647 3585 3627 3627 3596 4063 4063 4062 4062 4062 4062 4062 4062
186 1777384030 3554 3698 454 3647 3586 3627 3628 3595 4063 4063 4062 4062 4062 4062 4062 4062
187 1777384030 3553 3698 453 3648 3585 3627 3627 3595 4063 4063 4062 4062 4062 4062 4062 4062
188 1777384030 3553 3697 452 3647 3585 3628 3627 3596 4063 4063 4062 4062 4062 4062 4062 4062
189 1777384030 3553 3698 452 3648 3585 3627 3628 3595 4063 4063 4062 4062 4062 4062 4062 4062
190 1777384030 3553 3698 452 3648 3585 3628 3628 3596 4063 4063 4062 4062 4062 4062 4062 4062
191 1777384030 3554 3698 452 3648 3586 3627 3628 3595 4061 4061 4061 4061 4061 4061 4061 4061
192 1777384030 3552 3697 452 3647 3585 3627 3627 3595 4063 4063 4062 4062 4062 4062 4062 4062
193 1777384030 3552 3696 452 3646 3585 3627 3627 3595 4061 4061 4061 4061 4061 4061 4061 4061
194 1777384030 3553 3698 452 3648 3586 3628 3628 3596 4063 4063 4062 4062 4062 4062 4062 4062
195 1777384030 3553 3697 452 3647 3585 3627 3627 3596 4061 4061 4061 4061 4061 4061 4061 4061
196 1777384030 3554 3698 452 3648 3586 3628 3628 3596 4061 4061 4061 4061 4061 4061 4061 4061
197 1777384030 3554 3698 452 3647 3585 3628 3628 3596 4061 4061 4061 4061 4061 4061 4061 4061
198 1777384030 3552 3697 452 3647 3584 3626 3627 3595 4063 4063 4062 4062 4062 4062 4062 4062
199 1777384030 3552 3697 452 3647 3585 3627 3627 3594 4063 4063 4062 4062 4062 4062 4062 4062
200 1777384030 3553 3698 452 3647 3585 3627 3627 3596 4061 4061 4061 4061 4061 4061 4061 4061
201 1777384030 3552 3697 452 3648 3585 3627 3627 3595 4063 4063 4062 4062 4062 4062 4062 4062
202 1777384030 3553 3698 452 3647 3585 3627 3627 3595 4063 4063 4062 4062 4062 4062 4062 4062
203 1777384030 3554 3698 451 3648 3586 3628 3628 3596 4063 4063 4063 4063 4063 4063 4063 4063
204 1777384030 3553 3697 452 3648 3586 3628 3628 3596 4063 4063 4063 4063 4063 4063 4063 4063
205 1777384030 3553 3698 452 3647 3586 3627 3628 3596 4061 4061 4060 4060 4060 4060 4060 4060
206 1777384030 3554 3698 452 3648 3586 3628 3628 3597 4061 4061 4061 4061 4061 4061 4061 4061
207 1777384030 3553 3698 452 3648 3586 3628 3628 3596 4063 4061 4061 4061 4061 4061 4061 4061
208 1777384030 3554 3697 452 3647 3585 3627 3628 3596 4061 4061 4061 4061 4061 4061 4061 4061
209 1777384030 3553 3697 452 3647 3585 3627 3627 3595 4061 4061 4061 4061 4061 4061 4061 4061
210 1777384030 3554 3698 452 3649 3586 3628 3628 3597 4063 4063 4062 4062 4062 4062 4062 4062
211 1777384030 3553 3698 452 3648 3585 3628 3628 3596 4063 4063 4062 4062 4062 4062 4062 4062
212 1777384030 3553 3698 452 3648 3585 3627 3628 3595 4063 4063 4062 4062 4062 4062 4062 4062
213 1777384030 3553 3698 452 3648 3586 3628 3628 3596 4063 4063 4062 4062 4062 4062 4062 4062
214 1777384030 3554 3698 452 3647 3586 3628 3628 3596 4063 4063 4062 4062 4062 4062 4062 4062
215 1777384030 3553 3697 452 3648 3585 3627 3628 3595 4061 4061 4061 4061 4061 4061 4061 4061
216 1777384030 3554 3699 452 3648 3586 3628 3628 3596 4061 4061 4061 4061 4061 4061 4061 4061
217 1777384030 3554 3699 452 3648 3586 3628 3629 3596 4063 4063 4062 4062 4062 4062 4062 4062
218 1777384030 3555 3699 452 3649 3586 3629 3628 3596 4063 4063 4062 4062 4062 4062 4062 4062
219 1777384030 3554 3698 453 3648 3586 3628 3628 3596 4063 4063 4062 4062 4062 4062 4062 4062
220 1777384038 3552 3697 452 3646 3584 3625 3626 3594 4059 4059 4059 4059 4059 4059 4059 4059
221 1777384038 3552 3697 452 3647 3584 3626 3626 3594 4063 4063 4062 4062 4062 4062 4062 4062
222 1777384038 3553 3697 452 3647 3585 3627 3627 3595 4063 4063 4062 4062 4062 4062 4062 4062
223 1777384038 3553 3698 452 3647 3585 3627 3627 3596 4061 4061 4061 4061 4061 4061 4061 4061
224 1777384038 3552 3697 453 3646 3584 3627 3626 3594 4061 4061 4061 4061 4061 4061 4061 4061
225 1777384038 3554 3698 452 3647 3585 3627 3627 3595 4061 4061 4061 4061 4061 4061 4061 4061
226 1777384038 3555 3699 452 3648 3587 3629 3628 3596 4061 4061 4061 4061 4061 4061 4061 4061
227 1777384038 3553 3698 452 3647 3585 3627 3627 3595 4061 4061 4060 4060 4060 4060 4060 4060
228 1777384038 3553 3698 452 3648 3585 3627 3627 3596 4061 4061 4061 4061 4061 4061 4061 4061
229 1777384038 3552 3697 452 3647 3584 3626 3626 3594 4063 4061 4061 4061 4061 4061 4061 4061
230 1777384038 3553 3697 452 3648 3585 3627 3627 3595 4061 4061 4061 4061 4061 4061 4061 4061
231 1777384038 3553 3698 452 3649 3586 3628 3628 3596 4063 4063 4062 4062 4062 4062 4062 4062
232 1777384039 3554 3699 451 3648 3586 3628 3628 3595 4061 4061 4061 4061 4061 4061 4061 4061
233 1777384039 3553 3697 452 3647 3585 3627 3627 3596 4063 4063 4062 4062 4062 4062 4062 4062
234 1777384039 3554 3699 453 3648 3586 3628 3629 3597 4063 4063 4062 4062 4062 4062 4062 4062
235 1777384039 3553 3698 452 3648 3586 3628 3628 3596 4063 4063 4062 4062 4062 4062 4062 4062
236 1777384039 3554 3699 452 3648 3586 3628 3628 3596 4063 4063 4062 4062 4062 4062 4062 4062
237 1777384039 3553 3698 452 3648 3586 3627 3627 3596 4061 4061 4061 4061 4061 4061 4061 4061
238 1777384039 3553 3698 452 3648 3585 3628 3627 3595 4061 4061 4061 4061 4061 4061 4061 4061
239 1777384039 3554 3698 452 3648 3586 3628 3628 3596 4063 4063 4062 4062 4062 4062 4062 4062
240 1777384039 3553 3698 452 3647 3585 3627 3627 3595 4061 4061 4061 4061 4061 4061 4061 4061
241 1777384039 3554 3699 452 3649 3587 3628 3628 3596 4061 4061 4060 4060 4060 4060 4060 4060
242 1777384039 3553 3698 452 3648 3586 3628 3628 3595 4063 4063 4062 4062 4062 4062 4062 4062
243 1777384039 3554 3698 452 3648 3586 3628 3628 3596 4063 4063 4062 4062 4062 4062 4062 4062
244 1777384039 3554 3698 452 3648 3586 3628 3628 3596 4061 4061 4061 4061 4061 4061 4061 4061
245 1777384039 3554 3698 452 3648 3586 3627 3627 3596 4063 4063 4062 4062 4062 4062 4062 4062
246 1777384039 3553 3698 453 3648 3586 3628 3628 3596 4063 4063 4062 4062 4062 4062 4062 4062
247 1777384039 3555 3699 452 3649 3586 3628 3629 3596 4061 4061 4061 4061 4061 4061 4061 4061
248 1777384039 3554 3698 452 3648 3586 3628 3628 3596 4061 4061 4061 4061 4061 4061 4061 4061
249 1777384039 3553 3698 452 3648 3586 3628 3628 3596 4063 4063 4062 4062 4062 4062 4062 4062
250 1777384039 3554 3698 453 3648 3586 3628 3629 3597 4061 4061 4061 4061 4061 4061 4061 4061
251 1777384039 3554 3698 452 3647 3585 3628 3628 3596 4061 4061 4061 4061 4061 4061 4061 4061
252 1777384039 3554 3699 452 3648 3586 3628 3628 3596 4063 4063 4062 4062 4062 4062 4062 4062
253 1777384039 3554 3698 453 3649 3586 3629 3629 3597 4063 4061 4061 4061 4061 4061 4061 4061
254 1777384039 3553 3697 452 3647 3585 3627 3627 3595 4063 4063 4062 4062 4062 4062 4062 4062
255 1777384039 3554 3698 452 3647 3586 3628 3628 3596 4061 4061 4061 4061 4061 4061 4061 4061
256 1777384039 3554 3698 453 3648 3586 3628 3629 3597 4061 4060 4060 4060 4060 4060 4060 4060
257 1777384039 3554 3698 453 3648 3586 3628 3628 3596 4061 4061 4061 4061 4061 4061 4061 4061
258 1777384039 3554 3698 453 3648 3586 3628 3629 3597 4063 4061 4061 4061 4061 4061 4061 4061
259 1777384039 3554 3700 452 3649 3587 3629 3629 3597 4063 4063 4062 4062 4062 4062 4062 4062
260 1777384039 3554 3699 452 3648 3586 3628 3628 3596 4061 4061 4061 4061 4061 4061 4061 4061
261 1777384039 3554 3698 452 3648 3586 3629 3628 3596 4061 4061 4061 4061 4061 4061 4061 4061
262 1777384039 3554 3698 453 3648 3586 3628 3628 3596 4059 4059 4058 4058 4058 4058 4058 4058
263 1777384039 3554 3699 452 3649 3586 3628 3628 3596 4063 4063 4062 4062 4062 4062 4062 4062
264 1777384039 3554 3698 451 3648 3586 3627 3628 3595 4063 4063 4062 4062 4062 4062 4062 4062
265 1777384039 3554 3699 452 3649 3586 3628 3628 3596 4063 4063 4062 4062 4062 4062 4062 4062
266 1777384039 3553 3698 453 3648 3585 3628 3628 3596 4061 4061 4061 4061 4061 4061 4061 4061
267 1777384039 3553 3698 453 3648 3585 3628 3628 3596 4061 4061 4061 4061 4061 4061 4061 4061
268 1777384039 3554 3699 452 3648 3586 3628 3629 3597 4063 4063 4062 4062 4062 4062 4062 4062
269 1777384039 3553 3698 452 3647 3585 3628 3628 3596 4059 4059 4058 4058 4058 4058 4058 4058
270 1777384039 3554 3699 452 3648 3586 3629 3629 3596 4061 4061 4061 4061 4061 4061 4061 4061
271 1777384039 3554 3699 452 3649 3586 3628 3628 3597 4063 4063 4062 4062 4062 4062 4062 4062
272 1777384039 3553 3698 452 3648 3586 3627 3628 3596 4061 4061 4061 4061 4061 4061 4061 4061
273 1777384039 3554 3698 452 3649 3586 3628 3628 3596 4063 4063 4062 4062 4062 4062 4062 4062
274 1777384039 3554 3699 453 3648 3586 3628 3628 3596 4059 4059 4059 4059 4059 4059 4059 4059
275 1777384039 3554 3698 452 3649 3587 3629 3629 3597 4061 4061 4061 4061 4061 4061 4061 4061
276 1777384039 3554 3698 453 3648 3586 3628 3628 3596 4061 4061 4060 4060 4060 4060 4060 4060
277 1777384039 3554 3698 452 3648 3586 3628 3628 3597 4059 4059 4059 4059 4059 4059 4059 4059
278 1777384039 3554 3698 453 3648 3585 3628 3628 3596 4061 4061 4061 4061 4061 4061 4061 4061
279 1777384039 3554 3698 452 3648 3586 3628 3628 3596 4061 4061 4061 4061 4061 4061 4061 4061
280 1777384039 3554 3699 452 3648 3586 3628 3628 3596 4061 4061 4061 4061 4061 4061 4061 4061
281 1777384039 3554 3698 452 3648 3585 3628 3628 3596 4061 4061 4061 4061 4061 4061 4061 4061
282 1777384039 3553 3698 453 3648 3586 3628 3628 3596 4061 4061 4061 4061 4061 4061 4061 4061
283 1777384047 3553 3697 453 3647 3585 3627 3627 3595 4063 4063 4062 4062 4062 4062 4062 4062
284 1777384047 3554 3698 453 3648 3586 3628 3628 3596 4061 4061 4060 4060 4060 4060 4060 4060
285 1777384047 3553 3698 453 3648 3585 3628 3628 3596 4063 4063 4062 4062 4062 4062 4062 4062
286 1777384047 3554 3699 453 3649 3586 3629 3628 3596 4061 4061 4061 4061 4061 4061 4061 4061
287 1777384047 3554 3699 453 3648 3586 3628 3628 3596 4061 4061 4061 4061 4061 4061 4061 4061
288 1777384047 3554 3699 452 3648 3586 3628 3628 3596 4063 4063 4062 4062 4062 4062 4062 4062
289 1777384047 3554 3698 453 3648 3586 3628 3628 3596 4061 4061 4061 4061 4061 4061 4061 4061
290 1777384047 3554 3699 453 3648 3586 3628 3628 3596 4063 4063 4062 4062 4062 4062 4062 4062
291 1777384047 3554 3698 453 3648 3586 3628 3628 3596 4063 4061 4061 4061 4061 4061 4061 4061
292 1777384047 3554 3699 453 3649 3586 3628 3628 3596 4063 4063 4062 4062 4062 4062 4062 4062
293 1777384047 3554 3698 453 3648 3586 3629 3628 3596 4063 4063 4062 4062 4062 4062 4062 4062
294 1777384047 3554 3698 452 3648 3586 3628 3629 3597 4063 4063 4062 4062 4062 4062 4062 4062
295 1777384047 3554 3698 452 3648 3586 3628 3627 3596 4063 4063 4062 4062 4062 4062 4062 4062
296 1777384047 3554 3698 453 3648 3585 3628 3628 3596 4061 4061 4061 4061 4061 4061 4061 4061
297 1777384047 3555 3699 453 3649 3587 3629 3629 3597 4061 4061 4061 4061 4061 4061 4061 4061
298 1777384047 3554 3699 453 3649 3586 3629 3629 3596 4061 4061 4060 4060 4060 4060 4060 4060
299 1777384047 3553 3698 453 3648 3586 3628 3628 3596 4063 4063 4062 4062 4062 4062 4062 4062
300 1777384047 3554 3698 453 3647 3586 3628 3628 3596 4061 4061 4061 4061 4061 4061 4061 4061
301 1777384047 3554 3699 453 3648 3586 3628 3629 3597 4063 4061 4061 4061 4061 4061 4061 4061
302 1777384047 3553 3697 453 3647 3585 3627 3628 3596 4061 4061 4061 4061 4061 4061 4061 4061
303 1777384047 3554 3698 453 3647 3585 3627 3628 3596 4061 4061 4061 4061 4061 4061 4061 4061
304 1777384047 3555 3699 453 3649 3586 3628 3628 3597 4063 4063 4062 4062 4062 4062 4062 4062
305 1777384047 3553 3697 453 3647 3585 3628 3628 3596 4061 4061 4061 4061 4061 4061 4061 4061
306 1777384047 3554 3699 453 3648 3586 3628 3628 3596 4063 4063 4062 4062 4062 4062 4062 4062
307 1777384047 3553 3698 452 3648 3586 3628 3628 3596 4061 4061 4061 4061 4061 4061 4061 4061
308 1777384047 3553 3698 453 3648 3585 3627 3627 3595 4063 4063 4062 4062 4062 4062 4062 4062
309 1777384047 3554 3698 453 3648 3586 3629 3629 3597 4061 4061 4061 4061 4061 4061 4061 4061
310 1777384047 3554 3699 452 3648 3586 3628 3628 3596 4061 4061 4061 4061 4061 4061 4061 4061
311 1777384047 3554 3699 453 3649 3587 3629 3629 3597 4061 4061 4061 4061 4061 4061 4061 4061
312 1777384047 3554 3699 454 3649 3586 3628 3628 3595 4061 4061 4061 4061 4061 4061 4061 4061
313 1777384047 3554 3699 453 3648 3586 3628 3629 3597 4061 4061 4061 4061 4061 4061 4061 4061
314 1777384047 3554 3698 453 3648 3586 3628 3628 3596 4061 4061 4061 4061 4061 4061 4061 4061
315 1777384047 3554 3699 453 3648 3586 3628 3628 3596 4063 4063 4062 4062 4062 4062 4062 4062
316 1777384047 3554 3698 452 3648 3586 3627 3628 3596 4063 4063 4062 4062 4062 4062 4062 4062
317 1777384047 3554 3699 453 3648 3586 3628 3628 3597 4061 4061 4061 4061 4061 4061 4061 4061
318 1777384047 3554 3699 452 3649 3587 3629 3629 3597 4061 4061 4061 4061 4061 4061 4061 4061
319 1777384047 3555 3699 453 3649 3587 3629 3629 3597 4061 4061 4061 4061 4061 4061 4061 4061
320 1777384047 3554 3699 453 3649 3586 3629 3629 3597 4061 4061 4060 4060 4060 4060 4060 4060
321 1777384047 3555 3699 453 3649 3587 3629 3629 3597 4061 4061 4061 4061 4061 4061 4061 4061
322 1777384047 3554 3699 453 3649 3586 3628 3628 3597 4061 4061 4061 4061 4061 4061 4061 4061
323 1777384047 3553 3698 453 3648 3586 3628 3629 3597 4061 4061 4061 4061 4061 4061 4061 4061
324 1777384047 3554 3699 453 3648 3586 3628 3628 3596 4063 4063 4062 4062 4062 4062 4062 4062
325 1777384048 3555 3699 453 3649 3587 3629 3629 3597 4063 4063 4062 4062 4062 4062 4062 4062
326 1777384048 3554 3699 453 3649 3587 3629 3629 3597 4063 4063 4062 4062 4062 4062 4062 4062
327 1777384048 3554 3699 453 3648 3586 3628 3628 3597 4063 4063 4062 4062 4062 4062 4062 4062
328 1777384048 3554 3698 453 3649 3586 3628 3629 3597 4061 4061 4060 4060 4060 4060 4060 4060
329 1777384048 3554 3699 453 3649 3586 3629 3629 3597 4063 4063 4062 4062 4062 4062 4062 4062
330 1777384048 3554 3699 453 3649 3587 3629 3629 3597 4063 4063 4062 4062 4062 4062 4062 4062
331 1777384048 3554 3699 452 3648 3586 3628 3628 3596 4061 4061 4061 4061 4061 4061 4061 4061
332 1777384048 3555 3699 453 3649 3587 3629 3629 3597 4061 4061 4061 4061 4061 4061 4061 4061
333 1777384048 3555 3700 453 3649 3587 3629 3629 3597 4063 4063 4062 4062 4062 4062 4062 4062
334 1777384048 3554 3699 453 3649 3587 3629 3629 3597 4063 4063 4062 4062 4062 4062 4062 4062
335 1777384048 3555 3699 453 3649 3587 3629 3629 3598 4063 4061 4061 4061 4061 4061 4061 4061
336 1777384048 3554 3699 454 3649 3587 3628 3630 3598 4063 4061 4061 4061 4061 4061 4061 4061
337 1777384048 3554 3699 453 3649 3586 3629 3629 3597 4057 4057 4056 4056 4056 4056 4056 4056
338 1777384048 3555 3698 453 3649 3587 3628 3629 3597 4061 4061 4061 4061 4061 4061 4061 4061
339 1777384048 3554 3699 453 3648 3586 3628 3629 3596 4063 4063 4062 4062 4062 4062 4062 4062
340 1777384048 3555 3699 453 3649 3587 3629 3630 3598 4063 4063 4062 4062 4062 4062 4062 4062
341 1777384048 3554 3700 453 3649 3586 3629 3628 3597 4063 4063 4062 4062 4062 4062 4062 4062
342 1777384048 3555 3699 453 3649 3587 3629 3629 3596 4061 4061 4061 4061 4061 4061 4061 4061
343 1777384048 3554 3699 453 3648 3587 3629 3629 3597 4061 4061 4061 4061 4061 4061 4061 4061
344 1777384048 3554 3698 454 3648 3585 3627 3627 3596 4063 4063 4062 4062 4062 4062 4062 4062
345 1777384048 3554 3699 453 3649 3587 3629 3628 3597 4063 4063 4062 4062 4062 4062 4062 4062
346 1777384048 3555 3699 453 3649 3587 3630 3630 3598 4061 4061 4060 4060 4060 4060 4060 4060
347 1777384048 3554 3699 453 3650 3587 3629 3629 3598 4063 4063 4062 4062 4062 4062 4062 4062
348 1777384048 3554 3700 453 3649 3587 3629 3629 3596 4061 4061 4061 4061 4061 4061 4061 4061
349 1777384048 3554 3699 454 3648 3586 3628 3629 3597 4063 4063 4062 4062 4062 4062 4062 4062
350 1777384048 3555 3699 453 3649 3586 3629 3628 3597 4063 4063 4062 4062 4062 4062 4062 4062
351 1777384048 3555 3700 453 3650 3587 3629 3630 3598 4063 4063 4062 4062 4062 4062 4062 4062
352 1777384048 3555 3700 454 3649 3587 3630 3630 3598 4063 4063 4062 4062 4062 4062 4062 4062
353 1777384048 3554 3699 453 3648 3586 3628 3628 3597 4061 4061 4061 4061 4061 4061 4061 4061
354 1777384048 3554 3699 454 3649 3587 3629 3629 3597 4061 4061 4061 4061 4061 4061 4061 4061
355 1777384048 3555 3700 454 3649 3587 3630 3630 3598 4061 4061 4061 4061 4061 4061 4061 4061
356 1777384048 3555 3700 453 3649 3587 3629 3629 3597 4061 4061 4061 4061 4061 4061 4061 4061
357 1777384048 3554 3699 453 3649 3587 3629 3629 3596 4063 4063 4062 4062 4062 4062 4062 4062
358 1777384048 3554 3699 453 3649 3587 3629 3629 3597 4063 4063 4062 4062 4062 4062 4062 4062
359 1777384048 3555 3701 453 3650 3587 3629 3630 3598 4061 4061 4061 4061 4061 4061 4061 4061
360 1777384048 3555 3699 454 3649 3587 3629 3630 3597 4063 4063 4062 4062 4062 4062 4062 4062
361 1777384048 3555 3700 453 3649 3588 3629 3630 3598 4063 4063 4062 4062 4062 4062 4062 4062
362 1777384048 3556 3700 453 3650 3588 3630 3630 3598 4061 4059 4059 4059 4059 4059 4059 4059
363 1777384048 3554 3699 453 3649 3586 3629 3629 3597 4061 4061 4061 4061 4061 4061 4061 4061
364 1777384048 3555 3699 453 3649 3587 3629 3629 3597 4061 4061 4061 4061 4061 4061 4061 4061
365 1777384048 3554 3699 453 3648 3586 3629 3629 3596 4063 4063 4062 4062 4062 4062 4062 4062
366 1777384048 3554 3699 453 3649 3587 3629 3628 3597 4063 4063 4062 4062 4062 4062 4062 4062
367 1777384048 3555 3700 453 3649 3587 3629 3629 3597 4061 4061 4061 4061 4061 4061 4061 4061
368 1777384048 3555 3700 454 3649 3588 3630 3630 3598 4061 4061 4061 4061 4061 4061 4061 4061
369 1777384048 3556 3700 453 3650 3588 3629 3630 3598 4063 4063 4062 4062 4062 4062 4062 4062
370 1777384048 3554 3699 453 3649 3587 3629 3629 3597 4063 4063 4062 4062 4062 4062 4062 4062
371 1777384048 3554 3699 454 3649 3587 3629 3629 3597 4061 4061 4060 4060 4060 4060 4060 4060
372 1777384048 3555 3699 453 3649 3587 3629 3629 3597 4063 4063 4062 4062 4062 4062 4062 4062
373 1777384048 3555 3700 453 3649 3587 3629 3629 3597 4063 4063 4062 4062 4062 4062 4062 4062
374 1777384048 3554 3699 454 3649 3586 3629 3629 3597 4061 4061 4061 4061 4061 4061 4061 4061
375 1777384048 3554 3699 455 3649 3587 3629 3629 3597 4063 4063 4062 4062 4062 4062 4062 4062
376 1777384048 3555 3700 454 3649 3587 3629 3629 3597 4063 4063 4062 4062 4062 4062 4062 4062
377 1777384048 3554 3699 453 3648 3587 3628 3629 3597 4061 4061 4061 4061 4061 4061 4061 4061
378 1777384048 3555 3699 453 3650 3588 3629 3629 3597 4057 4057 4056 4056 4056 4056 4056 4056
379 1777384048 3556 3701 453 3650 3588 3630 3630 3598 4059 4059 4059 4059 4059 4059 4059 4059
380 1777384048 3555 3700 453 3649 3587 3629 3630 3597 4061 4061 4060 4060 4060 4060 4060 4060
381 1777384048 3555 3699 453 3648 3587 3629 3629 3598 4063 4063 4062 4062 4062 4062 4062 4062
382 1777384048 3554 3698 451 3647 3586 3628 3628 3596 4061 4061 4061 4061 4061 4061 4061 4061
383 1777384048 3554 3698 451 3646 3584 3627 3627 3595 4063 4063 4062 4062 4062 4062 4062 4062
384 1777384048 3553 3698 452 3648 3585 3627 3627 3596 4061 4061 4061 4061 4061 4061 4061 4061
385 1777384048 3552 3697 452 3646 3584 3627 3627 3595 4063 4063 4062 4062 4062 4062 4062 4062
386 1777384048 3553 3698 452 3648 3586 3628 3628 3596 4061 4061 4060 4060 4060 4060 4060 4060
387 1777384048 3552 3697 451 3646 3584 3626 3626 3594 4063 4063 4062 4062 4062 4062 4062 4062
388 1777384048 3553 3698 452 3647 3585 3627 3627 3595 4061 4061 4061 4061 4061 4061 4061 4061
389 1777384048 3553 3697 452 3646 3584 3626 3627 3595 4063 4063 4062 4062 4062 4062 4062 4062
390 1777384048 3553 3697 452 3647 3584 3627 3627 3595 4063 4063 4062 4062 4062 4062 4062 4062
391 1777384048 3553 3698 452 3648 3586 3628 3628 3596 4063 4063 4062 4062 4062 4062 4062 4062
392 1777384048 3553 3697 452 3647 3585 3627 3627 3595 4063 4063 4062 4062 4062 4062 4062 4062
393 1777384048 3552 3697 451 3647 3584 3626 3627 3594 4061 4061 4060 4060 4060 4060 4060 4060
394 1777384048 3554 3699 452 3648 3586 3628 3628 3596 4061 4061 4061 4061 4061 4061 4061 4061
395 1777384048 3554 3698 451 3648 3586 3628 3628 3596 4063 4063 4062 4062 4062 4062 4062 4062
396 1777384056 3551 3696 452 3646 3584 3626 3626 3594 4061 4061 4061 4061 4061 4061 4061 4061
397 1777384056 3553 3697 452 3647 3584 3626 3627 3595 4063 4063 4062 4062 4062 4062 4062 4062
398 1777384056 3552 3696 451 3646 3584 3626 3626 3594 4061 4061 4061 4061 4061 4061 4061 4061
399 1777384056 3552 3697 452 3646 3584 3627 3627 3595 4063 4063 4062 4062 4062 4062 4062 4062
400 1777384056 3553 3698 452 3648 3586 3628 3628 3596 4063 4063 4062 4062 4062 4062 4062 4062
401 1777384056 3553 3698 452 3647 3585 3628 3628 3596 4063 4063 4062 4062 4062 4062 4062 4062
402 1777384056 3553 3697 451 3647 3585 3627 3627 3595 4061 4061 4061 4061 4061 4061 4061 4061
403 1777384056 3553 3698 451 3648 3585 3627 3627 3595 4059 4059 4059 4059 4059 4059 4059 4059
404 1777384056 3552 3697 452 3647 3585 3627 3627 3595 4063 4063 4062 4062 4062 4062 4062 4062
405 1777384056 3553 3697 451 3647 3585 3627 3627 3595 4063 4063 4062 4062 4062 4062 4062 4062
406 1777384056 3552 3696 451 3646 3584 3626 3626 3594 4063 4063 4062 4062 4062 4062 4062 4062
407 1777384056 3553 3698 452 3646 3585 3627 3627 3595 4063 4063 4062 4062 4062 4062 4062 4062
408 1777384056 3553 3698 453 3648 3585 3627 3628 3596 4061 4061 4061 4061 4061 4061 4061 4061
409 1777384056 3553 3697 452 3647 3585 3627 3627 3595 4063 4063 4062 4062 4062 4062 4062 4062
410 1777384056 3553 3698 451 3648 3585 3627 3628 3595 4061 4061 4060 4060 4060 4060 4060 4060
411 1777384057 3552 3696 452 3646 3584 3626 3626 3594 4061 4061 4061 4061 4061 4061 4061 4061
412 1777384057 3553 3698 451 3648 3586 3628 3628 3595 4063 4063 4062 4062 4062 4062 4062 4062
413 1777384057 3552 3696 452 3647 3584 3626 3627 3595 4063 4063 4062 4062 4062 4062 4062 4062
414 1777384057 3554 3699 451 3648 3585 3627 3627 3595 4061 4061 4061 4061 4061 4061 4061 4061
415 1777384057 3554 3698 451 3647 3585 3627 3627 3595 4061 4061 4061 4061 4061 4061 4061 4061
416 1777384057 3552 3696 452 3646 3584 3626 3626 3594 4061 4061 4060 4060 4060 4060 4060 4060
417 1777384057 3553 3698 452 3647 3586 3628 3628 3596 4063 4063 4062 4062 4062 4062 4062 4062
418 1777384057 3553 3697 451 3647 3585 3626 3626 3595 4063 4063 4062 4062 4062 4062 4062 4062
419 1777384057 3553 3698 452 3647 3585 3628 3628 3595 4061 4061 4061 4061 4061 4061 4061 4061
420 1777384057 3553 3698 451 3648 3585 3627 3627 3595 4063 4063 4062 4062 4062 4062 4062 4062
421 1777384057 3553 3697 452 3647 3585 3627 3627 3595 4063 4063 4062 4062 4062 4062 4062 4062
422 1777384057 3554 3698 451 3648 3585 3627 3627 3595 4063 4063 4062 4062 4062 4062 4062 4062
423 1777384057 3553 3698 452 3647 3585 3627 3628 3596 4063 4063 4062 4062 4062 4062 4062 4062
424 1777384057 3553 3698 451 3648 3585 3626 3627 3595 4063 4063 4062 4062 4062 4062 4062 4062
425 1777384057 3553 3698 452 3647 3585 3627 3627 3595 4061 4061 4060 4060 4060 4060 4060 4060
426 1777384057 3554 3698 452 3648 3586 3627 3628 3596 4061 4061 4061 4061 4061 4061 4061 4061
427 1777384057 3554 3698 452 3648 3585 3627 3628 3596 4063 4063 4062 4062 4062 4062 4062 4062
428 1777384057 3553 3697 452 3647 3585 3627 3627 3594 4061 4061 4061 4061 4061 4061 4061 4061
429 1777384057 3552 3697 452 3647 3584 3627 3627 3595 4065 4063 4063 4063 4063 4063 4063 4063
430 1777384057 3554 3698 451 3648 3585 3627 3628 3595 4061 4061 4060 4060 4060 4060 4060 4060
431 1777384057 3553 3697 452 3647 3585 3628 3627 3595 4061 4061 4061 4061 4061 4061 4061 4061
432 1777384057 3553 3698 451 3648 3586 3628 3628 3595 4061 4061 4061 4061 4061 4061 4061 4061
433 1777384057 3553 3697 452 3647 3585 3627 3628 3596 4063 4063 4062 4062 4062 4062 4062 4062
434 1777384057 3552 3697 452 3647 3584 3627 3627 3595 4059 4059 4059 4059 4059 4059 4059 4059
435 1777384057 3554 3698 452 3648 3586 3628 3628 3596 4063 4063 4062 4062 4062 4062 4062 4062
436 1777384057 3553 3698 452 3648 3586 3628 3628 3596 4063 4063 4062 4062 4062 4062 4062 4062
437 1777384057 3554 3698 452 3648 3585 3628 3628 3596 4061 4061 4061 4061 4061 4061 4061 4061
438 1777384057 3553 3698 451 3648 3586 3627 3627 3595 4061 4061 4061 4061 4061 4061 4061 4061
439 1777384057 3554 3698 454 3648 3585 3627 3627 3595 4063 4063 4062 4062 4062 4062 4062 4062
440 1777384057 3553 3697 453 3647 3585 3627 3628 3596 4063 4063 4062 4062 4062 4062 4062 4062
441 1777384057 3553 3698 452 3647 3585 3628 3628 3596 4063 4063 4062 4062 4062 4062 4062 4062
442 1777384057 3553 3699 452 3648 3586 3628 3629 3596 4063 4063 4062 4062 4062 4062 4062 4062
443 1777384057 3553 3698 451 3648 3585 3628 3628 3595 4061 4061 4061 4061 4061 4061 4061 4061
444 1777384057 3553 3697 452 3647 3585 3627 3627 3595 4061 4061 4061 4061 4061 4061 4061 4061
445 1777384057 3554 3699 452 3647 3586 3628 3628 3596 4063 4063 4062 4062 4062 4062 4062 4062
446 1777384057 3553 3698 451 3646 3586 3627 3628 3596 4063 4063 4062 4062 4062 4062 4062 4062
447 1777384057 3554 3698 452 3648 3585 3628 3628 3596 4063 4063 4062 4062 4062 4062 4062 4062
448 1777384057 3553 3698 452 3648 3586 3628 3628 3595 4061 4061 4060 4060 4060 4060 4060 4060
449 1777384057 3554 3699 452 3648 3586 3628 3628 3596 4063 4063 4062 4062 4062 4062 4062 4062
450 1777384057 3553 3698 451 3648 3585 3627 3628 3595 4061 4061 4061 4061 4061 4061 4061 4061
451 1777384057 3553 3698 452 3648 3586 3628 3628 3595 4063 4063 4063 4063 4063 4063 4063 4063
452 1777384057 3553 3698 451 3648 3586 3628 3628 3596 4063 4063 4062 4062 4062 4062 4062 4062
453 1777384057 3552 3697 451 3647 3585 3626 3626 3595 4061 4061 4061 4061 4061 4061 4061 4061
454 1777384057 3553 3698 451 3648 3586 3627 3627 3595 4063 4063 4062 4062 4062 4062 4062 4062
455 1777384057 3553 3697 452 3647 3585 3627 3627 3595 4063 4063 4062 4062 4062 4062 4062 4062
456 1777384057 3554 3698 452 3648 3586 3628 3628 3596 4061 4061 4061 4061 4061 4061 4061 4061
457 1777384057 3553 3697 452 3647 3585 3628 3628 3596 4061 4061 4061 4061 4061 4061 4061 4061
458 1777384057 3554 3698 452 3648 3585 3627 3628 3596 4063 4063 4062 4062 4062 4062 4062 4062
459 1777384057 3554 3698 452 3648 3586 3628 3628 3596 4061 4061 4061 4061 4061 4061 4061 4061
460 1777384057 3554 3699 451 3648 3586 3629 3629 3597 4063 4063 4062 4062 4062 4062 4062 4062
461 1777384057 3554 3698 452 3647 3586 3628 3628 3596 4061 4061 4061 4061 4061 4061 4061 4061
462 1777384057 3554 3699 452 3649 3586 3628 3629 3597 4063 4063 4062 4062 4062 4062 4062 4062
463 1777384057 3554 3698 452 3648 3586 3628 3628 3595 4059 4059 4058 4058 4058 4058 4058 4058
464 1777384057 3553 3698 451 3648 3585 3627 3627 3595 4061 4061 4061 4061 4061 4061 4061 4061
465 1777384057 3553 3697 452 3647 3585 3627 3627 3596 4063 4063 4062 4062 4062 4062 4062 4062
466 1777384057 3554 3699 452 3649 3587 3628 3629 3597 4061 4061 4060 4060 4060 4060 4060 4060
467 1777384057 3553 3698 451 3648 3586 3628 3628 3595 4061 4061 4061 4061 4061 4061 4061 4061
468 1777384057 3554 3698 452 3648 3586 3628 3628 3596 4061 4061 4061 4061 4061 4061 4061 4061
469 1777384057 3554 3699 452 3649 3586 3628 3628 3596 4063 4063 4062 4062 4062 4062 4062 4062
470 1777384057 3553 3697 451 3648 3585 3627 3627 3595 4061 4061 4061 4061 4061 4061 4061 4061
471 1777384057 3553 3698 452 3647 3586 3628 3628 3595 4061 4061 4061 4061 4061 4061 4061 4061
472 1777384057 3553 3698 453 3648 3586 3628 3628 3595 4063 4063 4062 4062 4062 4062 4062 4062
473 1777384057 3553 3698 452 3647 3585 3627 3627 3595 4061 4061 4061 4061 4061 4061 4061 4061
474 1777384057 3554 3699 452 3648 3587 3629 3629 3597 4063 4063 4062 4062 4062 4062 4062 4062
475 1777384057 3553 3698 452 3648 3586 3628 3628 3596 4061 4061 4061 4061 4061 4061 4061 4061
476 1777384057 3554 3698 452 3648 3585 3628 3628 3596 4061 4061 4061 4061 4061 4061 4061 4061
477 1777384057 3554 3698 452 3647 3586 3628 3628 3596 4061 4061 4061 4061 4061 4061 4061 4061
478 1777384057 3553 3698 452 3648 3585 3628 3627 3596 4063 4063 4062 4062 4062 4062 4062 4062
479 1777384057 3553 3699 452 3648 3586 3628 3628 3596 4061 4061 4061 4061 4061 4061 4061 4061
480 1777384057 3554 3699 452 3648 3586 3628 3628 3596 4063 4063 4062 4062 4062 4062 4062 4062
481 1777384057 3553 3698 452 3647 3585 3627 3628 3596 4061 4061 4061 4061 4061 4061 4061 4061
482 1777384057 3553 3698 452 3648 3586 3628 3628 3596 4063 4063 4062 4062 4062 4062 4062 4062
483 1777384057 3554 3698 452 3649 3586 3628 3628 3596 4063 4063 4062 4062 4062 4062 4062 4062
484 1777384057 3553 3698 452 3647 3585 3627 3627 3595 4061 4061 4061 4061 4061 4061 4061 4061
485 1777384057 3554 3698 452 3648 3586 3628 3628 3596 4061 4061 4061 4061 4061 4061 4061 4061
486 1777384057 3553 3697 452 3647 3585 3627 3628 3595 4061 4061 4061 4061 4061 4061 4061 4061
487 1777384057 3554 3699 452 3649 3586 3628 3628 3596 4063 4063 4062 4062 4062 4062 4062 4062
488 1777384057 3553 3698 452 3648 3585 3628 3628 3596 4061 4061 4061 4061 4061 4061 4061 4061
489 1777384057 3555 3700 452 3649 3587 3629 3629 3597 4063 4063 4062 4062 4062 4062 4062 4062
490 1777384057 3553 3698 452 3647 3585 3627 3628 3595 4063 4063 4062 4062 4062 4062 4062 4062
491 1777384057 3554 3699 452 3649 3586 3628 3628 3596 4061 4061 4061 4061 4061 4061 4061 4061
492 1777384057 3554 3698 452 3648 3586 3628 3628 3596 4061 4061 4061 4061 4061 4061 4061 4061
493 1777384058 3553 3698 452 3647 3585 3627 3628 3595 4063 4063 4062 4062 4062 4062 4062 4062
494 1777384058 3553 3698 453 3648 3585 3627 3627 3595 4063 4063 4062 4062 4062 4062 4062 4062
495 1777384058 3553 3698 453 3647 3586 3628 3628 3596 4063 4063 4062 4062 4062 4062 4062 4062
496 1777384058 3554 3699 452 3648 3586 3628 3628 3596 4061 4061 4061 4061 4061 4061 4061 4061
497 1777384058 3555 3699 452 3649 3587 3629 3629 3597 4063 4063 4062 4062 4062 4062 4062 4062
498 1777384058 3555 3700 452 3650 3587 3629 3629 3597 4063 4063 4062 4062 4062 4062 4062 4062
499 1777384058 3555 3699 452 3649 3587 3629 3629 3597 4061 4061 4061 4061 4061 4061 4061 4061
500 1777384058 3554 3699 452 3648 3586 3628 3629 3596 4061 4061 4061 4061 4061 4061 4061 4061
501 1777384058 3554 3699 452 3648 3586 3628 3628 3596 4063 4063 4062 4062 4062 4062 4062 4062
502 1777384058 3554 3699 452 3648 3586 3628 3628 3596 4061 4061 4061 4061 4061 4061 4061 4061
503 1777384058 3554 3699 452 3648 3586 3629 3629 3597 4061 4061 4060 4060 4060 4060 4060 4060
504 1777384058 3553 3698 453 3648 3585 3627 3627 3596 4061 4061 4060 4060 4060 4060 4060 4060
505 1777384058 3554 3698 452 3648 3586 3628 3628 3596 4063 4063 4062 4062 4062 4062 4062 4062
506 1777384058 3553 3698 452 3648 3586 3628 3628 3596 4061 4061 4061 4061 4061 4061 4061 4061
507 1777384058 3554 3698 452 3648 3586 3628 3629 3597 4063 4063 4062 4062 4062 4062 4062 4062
508 1777384058 3554 3699 452 3648 3586 3629 3629 3597 4061 4061 4061 4061 4061 4061 4061 4061
509 1777384058 3553 3698 452 3647 3586 3628 3628 3596 4061 4061 4061 4061 4061 4061 4061 4061
510 1777384058 3554 3698 453 3648 3586 3628 3628 3597 4063 4063 4062 4062 4062 4062 4062 4062
511 1777384058 3554 3698 452 3649 3586 3629 3628 3597 4061 4061 4061 4061 4061 4061 4061 4061
512 1777384058 3554 3699 453 3648 3586 3628 3628 3597 4063 4063 4062 4062 4062 4062 4062 4062
513 1777384058 3554 3699 452 3649 3586 3628 3628 3596 4063 4063 4062 4062 4062 4062 4062 4062
514 1777384058 3554 3698 452 3648 3586 3628 3628 3596 4059 4059 4059 4059 4059 4059 4059 4059
515 1777384058 3553 3698 452 3647 3586 3628 3628 3596 4063 4063 4062 4062 4062 4062 4062 4062
516 1777384066 3553 3697 452 3647 3585 3626 3627 3595 4061 4061 4061 4061 4061 4061 4061 4061
517 1777384066 3552 3697 452 3646 3584 3626 3626 3595 4061 4061 4061 4061 4061 4061 4061 4061
518 1777384066 3553 3698 452 3647 3585 3627 3626 3595 4061 4061 4061 4061 4061 4061 4061 4061
519 1777384066 3553 3698 453 3648 3586 3628 3629 3596 4061 4061 4061 4061 4061 4061 4061 4061
520 1777384066 3553 3698 452 3648 3585 3627 3628 3595 4061 4061 4060 4060 4060 4060 4060 4060
521 1777384066 3553 3699 452 3648 3586 3628 3627 3596 4063 4063 4063 4063 4063 4063 4063 4063
522 1777384066 3554 3698 452 3647 3585 3627 3627 3595 4061 4061 4061 4061 4061 4061 4061 4061
523 1777384066 3554 3698 452 3648 3586 3628 3628 3596 4063 4063 4062 4062 4062 4062 4062 4062
524 1777384066 3554 3698 452 3647 3586 3628 3628 3596 4061 4061 4061 4061 4061 4061 4061 4061
525 1777384066 3555 3700 452 3649 3586 3629 3629 3597 4061 4061 4060 4060 4060 4060 4060 4060
526 1777384066 3555 3700 452 3649 3587 3629 3630 3597 4061 4061 4061 4061 4061 4061 4061 4061
527 1777384066 3554 3698 453 3648 3585 3628 3628 3596 4063 4063 4062 4062 4062 4062 4062 4062
528 1777384066 3553 3698 452 3648 3586 3628 3628 3596 4063 4063 4062 4062 4062 4062 4062 4062
529 1777384066 3554 3699 452 3649 3587 3629 3629 3597 4063 4063 4062 4062 4062 4062 4062 4062
530 1777384066 3554 3699 452 3648 3586 3628 3628 3596 4063 4063 4062 4062 4062 4062 4062 4062
531 1777384066 3553 3698 452 3648 3586 3628 3628 3596 4061 4061 4061 4061 4061 4061 4061 4061
532 1777384066 3554 3699 453 3647 3586 3628 3628 3596 4063 4063 4062 4062 4062 4062 4062 4062
533 1777384066 3554 3699 452 3649 3587 3629 3629 3597 4063 4063 4062 4062 4062 4062 4062 4062
534 1777384066 3554 3699 452 3649 3587 3628 3629 3596 4063 4063 4062 4062 4062 4062 4062 4062
535 1777384066 3554 3699 453 3648 3586 3628 3628 3596 4061 4061 4061 4061 4061 4061 4061 4061
536 1777384066 3554 3698 453 3648 3586 3628 3628 3596 4063 4063 4062 4062 4062 4062 4062 4062
537 1777384066 3555 3699 452 3648 3586 3628 3628 3597 4061 4061 4060 4060 4060 4060 4060 4060
538 1777384066 3555 3700 452 3649 3587 3629 3629 3597 4063 4063 4062 4062 4062 4062 4062 4062
539 1777384066 3555 3699 453 3648 3587 3629 3629 3597 4061 4061 4061 4061 4061 4061 4061 4061
540 1777384066 3554 3699 452 3649 3587 3629 3629 3597 4061 4061 4061 4061 4061 4061 4061 4061
541 1777384066 3555 3699 453 3648 3586 3628 3629 3597 4061 4061 4061 4061 4061 4061 4061 4061
542 1777384066 3554 3699 453 3649 3586 3628 3629 3596 4063 4063 4062 4062 4062 4062 4062 4062
543 1777384066 3554 3699 452 3648 3586 3628 3628 3596 4061 4061 4060 4060 4060 4060 4060 4060
544 1777384066 3554 3700 452 3649 3586 3629 3629 3597 4061 4061 4060 4060 4060 4060 4060 4060
545 1777384066 3554 3699 452 3649 3587 3629 3628 3597 4061 4061 4061 4061 4061 4061 4061 4061
546 1777384066 3554 3698 452 3648 3585 3627 3627 3595 4061 4061 4061 4061 4061 4061 4061 4061
547 1777384066 3554 3699 452 3649 3586 3628 3629 3597 4063 4062 4062 4062 4062 4062 4062 4062
548 1777384066 3555 3699 453 3649 3586 3628 3628 3596 4061 4061 4061 4061 4061 4061 4061 4061
549 1777384066 3554 3698 452 3648 3586 3628 3628 3595 4061 4061 4060 4060 4060 4060 4060 4060
550 1777384066 3555 3699 452 3649 3587 3629 3630 3598 4063 4063 4062 4062 4062 4062 4062 4062
551 1777384066 3554 3699 453 3649 3587 3629 3629 3596 4061 4061 4060 4060 4060 4060 4060 4060
552 1777384066 3554 3699 453 3649 3586 3628 3628 3597 4061 4061 4060 4060 4060 4060 4060 4060
553 1777384066 3554 3699 452 3649 3587 3629 3629 3596 4061 4061 4061 4061 4061 4061 4061 4061
554 1777384066 3555 3700 452 3649 3587 3630 3630 3598 4063 4063 4062 4062 4062 4062 4062 4062
555 1777384066 3555 3699 453 3648 3586 3628 3629 3597 4061 4061 4061 4061 4061 4061 4061 4061
556 1777384066 3554 3698 452 3649 3586 3628 3628 3596 4063 4063 4062 4062 4062 4062 4062 4062
557 1777384066 3556 3700 452 3650 3587 3630 3630 3598 4063 4063 4062 4062 4062 4062 4062 4062
558 1777384066 3554 3699 453 3649 3586 3628 3629 3597 4063 4063 4062 4062 4062 4062 4062 4062
559 1777384066 3555 3700 453 3649 3587 3629 3629 3598 4061 4061 4061 4061 4061 4061 4061 4061
560 1777384066 3554 3699 452 3649 3586 3628 3628 3596 4061 4061 4061 4061 4061 4061 4061 4061
561 1777384066 3554 3698 452 3648 3586 3628 3628 3596 4061 4061 4060 4060 4060 4060 4060 4060
562 1777384066 3554 3698 453 3649 3586 3629 3628 3596 4061 4061 4061 4061 4061 4061 4061 4061
563 1777384066 3553 3698 453 3648 3586 3628 3628 3596 4063 4063 4062 4062 4062 4062 4062 4062
564 1777384066 3555 3699 452 3649 3586 3628 3629 3596 4063 4063 4062 4062 4062 4062 4062 4062
565 1777384066 3554 3699 452 3648 3586 3628 3629 3597 4063 4063 4062 4062 4062 4062 4062 4062
566 1777384066 3554 3699 454 3649 3586 3629 3629 3597 4063 4063 4062 4062 4062 4062 4062 4062
567 1777384066 3554 3699 453 3649 3587 3628 3628 3596 4063 4063 4062 4062 4062 4062 4062 4062
568 1777384066 3555 3700 452 3649 3587 3628 3629 3597 4061 4061 4061 4061 4061 4061 4061 4061
569 1777384066 3554 3699 453 3649 3587 3629 3629 3597 4063 4063 4062 4062 4062 4062 4062 4062
570 1777384066 3555 3699 452 3649 3587 3629 3629 3598 4061 4061 4061 4061 4061 4061 4061 4061
571 1777384066 3555 3699 453 3648 3587 3629 3629 3597 4061 4061 4061 4061 4061 4061 4061 4061
572 1777384066 3555 3700 452 3649 3587 3629 3629 3597 4063 4063 4062 4062 4062 4062 4062 4062
573 1777384066 3554 3699 453 3648 3586 3629 3628 3597 4063 4063 4062 4062 4062 4062 4062 4062
574 1777384067 3555 3700 452 3649 3587 3629 3629 3597 4063 4063 4062 4062 4062 4062 4062 4062
575 1777384067 3555 3700 453 3649 3587 3629 3629 3597 4061 4061 4061 4061 4061 4061 4061 4061
576 1777384067 3555 3700 452 3649 3586 3628 3629 3597 4061 4061 4060 4060 4060 4060 4060 4060
577 1777384067 3554 3698 453 3648 3586 3628 3628 3596 4063 4063 4062 4062 4062 4062 4062 4062
578 1777384067 3555 3700 452 3649 3587 3629 3629 3597 4061 4061 4061 4061 4061 4061 4061 4061
579 1777384067 3555 3699 453 3648 3586 3628 3629 3596 4061 4061 4061 4061 4061 4061 4061 4061
580 1777384067 3553 3698 453 3647 3586 3628 3628 3596 4063 4063 4062 4062 4062 4062 4062 4062
581 1777384067 3555 3700 452 3650 3587 3629 3630 3598 4063 4063 4062 4062 4062 4062 4062 4062
582 1777384067 3554 3700 453 3649 3587 3629 3630 3598 4061 4061 4061 4061 4061 4061 4061 4061
583 1777384067 3555 3700 453 3650 3588 3629 3630 3598 4063 4063 4062 4062 4062 4062 4062 4062
584 1777384067 3554 3699 453 3649 3587 3629 3629 3597 4063 4063 4062 4062 4062 4062 4062 4062
585 1777384067 3555 3700 453 3650 3587 3629 3629 3597 4061 4061 4061 4061 4061 4061 4061 4061
586 1777384067 3555 3700 452 3649 3588 3630 3630 3597 4063 4062 4062 4062 4062 4062 4062 4062
587 1777384067 3554 3699 453 3648 3587 3629 3629 3597 4061 4061 4061 4061 4061 4061 4061 4061
588 1777384067 3555 3700 452 3650 3587 3629 3630 3597 4061 4061 4061 4061 4061 4061 4061 4061
589 1777384067 3556 3700 453 3650 3587 1680 1393 3597 4063 4063 4062 4062 4062 4062 4062 4062
590 1777384067 3555 3700 452 3650 3588 3630 3630 3597 4063 4063 4062 4062 4062 4062 4062 4062
591 1777384067 3555 3699 453 3649 3587 3629 3629 3596 4061 4061 4061 4061 4061 4061 4061 4061
592 1777384067 3554 3698 453 3649 3586 3628 3628 3596 4061 4061 4061 4061 4061 4061 4061 4061
593 1777384067 3555 3700 453 3650 3588 3630 3630 3598 4061 4061 4061 4061 4061 4061 4061 4061
594 1777384067 3555 3699 453 3649 3587 3629 3630 3598 4063 4063 4062 4062 4062 4062 4062 4062
595 1777384067 3555 3699 453 3649 3587 3629 3629 3597 4063 4063 4062 4062 4062 4062 4062 4062
596 1777384067 3554 3699 452 3649 3587 3628 3629 3596 4061 4061 4061 4061 4061 4061 4061 4061
597 1777384067 3555 3700 452 3650 3587 3629 3629 3597 4061 4061 4061 4061 4061 4061 4061 4061
598 1777384067 3555 3699 454 3649 3587 3629 3629 3597 4061 4061 4061 4061 4061 4061 4061 4061
599 1777384067 3557 3701 453 3650 3588 3630 3630 3599 4063 4063 4062 4062 4062 4062 4062 4062
600 1777384067 3555 3700 453 3650 3588 3629 3630 3598 4063 4063 4062 4062 4062 4062 4062 4062
601 1777384067 3555 3699 453 3649 3587 3628 3629 3597 4063 4063 4062 4062 4062 4062 4062 4062
602 1777384067 3556 3700 453 3649 3588 3630 3630 3598 4061 4061 4061 4061 4061 4061 4061 4061
603 1777384067 3555 3700 452 3650 3588 3630 3629 3597 4061 4061 4061 4061 4061 4061 4061 4061
604 1777384067 3554 3699 452 3649 3587 3629 3629 3596 4063 4063 4062 4062 4062 4062 4062 4062
605 1777384067 3555 3700 453 3650 3587 3629 3629 3598 4061 4061 4061 4061 4061 4061 4061 4061
606 1777384067 3556 3700 453 3650 3587 3629 3629 3597 4061 4061 4061 4061 4061 4061 4061 4061
607 1777384067 3555 3699 453 3649 3587 3629 3630 3598 4063 4063 4062 4062 4062 4062 4062 4062
608 1777384067 3555 3700 452 3650 3587 3629 3629 3597 4061 4061 4061 4061 4061 4061 4061 4061
609 1777384075 3553 3698 453 3648 3586 3628 3627 3595 4063 4063 4062 4062 4062 4062 4062 4062
610 1777384075 3554 3699 453 3648 3587 3628 3628 3597 4061 4061 4061 4061 4061 4061 4061 4061
611 1777384075 3556 3700 453 3650 3588 3630 3630 3598 4063 4063 4062 4062 4062 4062 4062 4062
612 1777384075 3553 3698 453 3648 3586 3628 3628 3596 4063 4063 4062 4062 4062 4062 4062 4062
613 1777384075 3554 3698 453 3648 3586 3628 3629 3597 4063 4062 4062 4062 4062 4062 4062 4062
614 1777384075 3555 3699 453 3649 3586 3629 3629 3597 4061 4061 4061 4061 4061 4061 4061 4061
615 1777384075 3554 3698 453 3648 3586 3628 3628 3597 4061 4061 4061 4061 4061 4061 4061 4061
616 1777384075 3556 3701 453 3650 3588 3630 3630 3598 4063 4063 4062 4062 4062 4062 4062 4062
617 1777384075 3554 3699 453 3648 3587 3628 3629 3597 4061 4061 4061 4061 4061 4061 4061 4061
618 1777384075 3554 3698 453 3648 3586 3628 3628 3597 4061 4061 4061 4061 4061 4061 4061 4061
619 1777384075 3554 3699 454 3649 3587 3629 3629 3597 4063 4063 4062 4062 4062 4062 4062 4062
620 1777384075 3555 3699 453 3649 3587 3629 3629 3597 4063 4063 4062 4062 4062 4062 4062 4062
621 1777384075 3555 3700 454 3650 3588 3630 3630 3598 4061 4061 4061 4061 4061 4061 4061 4061
622 1777384075 3555 3699 453 3648 3587 3628 3628 3596 4061 4061 4061 4061 4061 4061 4061 4061
623 1777384075 3556 3700 453 3650 3587 3629 3630 3597 4063 4063 4062 4062 4062 4062 4062 4062
624 1777384075 3556 3701 453 3650 3588 3631 3630 3598 4063 4061 4061 4061 4061 4061 4061 4061
625 1777384075 3556 3700 452 3650 3588 3629 3630 3598 4061 4061 4060 4060 4060 4060 4060 4060
626 1777384075 3555 3699 453 3649 3586 3629 3629 3597 4063 4063 4062 4062 4062 4062 4062 4062
627 1777384075 3554 3699 453 3649 3587 3629 3629 3597 4061 4061 4061 4061 4061 4061 4061 4061
628 1777384075 3555 3699 453 3649 3586 3629 3629 3597 4061 4061 4061 4061 4061 4061 4061 4061
629 1777384075 3555 3700 454 3649 3587 3629 3629 3597 4063 4063 4062 4062 4062 4062 4062 4062
630 1777384075 3555 3700 453 3649 3587 3629 3630 3597 4063 4063 4062 4062 4062 4062 4062 4062
631 1777384083 3555 3699 453 3649 3587 3628 3629 3596 4062 4061 4061 4061 4061 4061 4061 4061
632 1777384083 3555 3699 453 3648 3586 3627 3628 3596 4063 4063 4062 4062 4062 4062 4062 4062
633 1777384083 3554 3699 453 3648 3587 3629 3629 3597 4061 4061 4061 4061 4061 4061 4061 4061
634 1777384083 3553 3698 451 3647 3586 3628 3627 3596 4061 4061 4061 4061 4061 4061 4061 4061
635 1777384083 3553 3697 451 3646 3585 3627 3627 3595 4063 4063 4062 4062 4062 4062 4062 4062
636 1777384083 3554 3698 451 3647 3585 3627 3626 3595 4063 4063 4063 4063 4063 4063 4063 4063
637 1777384083 3553 3697 451 3648 3585 3628 3628 3595 4063 4063 4062 4062 4062 4062 4062 4062
638 1777384083 3552 3697 451 3647 3584 3626 3627 3595 4063 4063 4062 4062 4062 4062 4062 4062
639 1777384083 3554 3698 451 3648 3586 3628 3628 3596 4063 4063 4062 4062 4062 4062 4062 4062
640 1777384083 3554 3698 451 3649 3586 3628 3628 3596 4061 4061 4061 4061 4061 4061 4061 4061
641 1777384083 3553 3697 452 3648 3585 3627 3627 3595 4061 4061 4061 4061 4061 4061 4061 4061
642 1777384083 3553 3698 451 3647 3585 3627 3627 3595 4061 4061 4061 4061 4061 4061 4061 4061
643 1777384083 3554 3699 451 3648 3586 3628 3628 3596 4063 4063 4062 4062 4062 4062 4062 4062
644 1777384083 3554 3698 451 3648 3586 3628 3628 3596 4061 4061 4061 4061 4061 4061 4061 4061
645 1777384083 3553 3697 451 3648 3585 3628 3628 3595 4061 4061 4061 4061 4061 4061 4061 4061
646 1777384083 3553 3698 452 3647 3585 3627 3627 3595 4061 4061 4061 4061 4061 4061 4061 4061
647 1777384083 3553 3698 451 3647 3585 3627 3627 3595 4063 4063 4062 4062 4062 4062 4062 4062
648 1777384083 3553 3698 452 3648 3585 3627 3627 3596 4061 4061 4061 4061 4061 4061 4061 4061
649 1777384083 3553 3698 451 3648 3586 3628 3628 3596 4061 4061 4061 4061 4061 4061 4061 4061
650 1777384083 3553 3698 451 3647 3585 3627 3627 3595 4063 4063 4062 4062 4062 4062 4062 4062
651 1777384083 3553 3698 451 3648 3586 3627 3628 3596 4061 4061 4061 4061 4061 4061 4061 4061
652 1777384083 3553 3698 451 3648 3585 3628 3628 3595 4063 4063 4062 4062 4062 4062 4062 4062
653 1777384083 3553 3697 452 3648 3585 3628 3628 3596 4061 4061 4060 4060 4060 4060 4060 4060
654 1777384083 3555 3699 452 3649 3586 3629 3629 3597 4061 4061 4061 4061 4061 4061 4061 4061
655 1777384091 3554 3698 451 3648 3586 3628 3627 3596 4063 4063 4062 4062 4062 4062 4062 4062
656 1777384091 3553 3698 451 3647 3585 3627 3627 3595 4063 4063 4062 4062 4062 4062 4062 4062
657 1777384091 3553 3698 452 3647 3585 3627 3628 3595 4063 4063 4062 4062 4062 4062 4062 4062
658 1777384091 3554 3699 451 3648 3586 3628 3628 3596 4061 4061 4060 4060 4060 4060 4060 4060
659 1777384091 3554 3698 451 3647 3585 3627 3627 3595 4061 4061 4060 4060 4060 4060 4060 4060
660 1777384091 3553 3698 452 3648 3585 3628 3627 3596 4063 4063 4062 4062 4062 4062 4062 4062
661 1777384091 3553 3698 452 3647 3585 3627 3628 3595 4063 4063 4062 4062 4062 4062 4062 4062
662 1777384091 3555 3699 452 3648 3586 3628 3629 3596 4061 4061 4061 4061 4061 4061 4061 4061
663 1777384091 3554 3699 451 3648 3586 3628 3628 3596 4061 4061 4061 4061 4061 4061 4061 4061
664 1777384091 3554 3699 451 3648 3586 3628 3628 3596 4061 4061 4061 4061 4061 4061 4061 4061
665 1777384091 3553 3698 451 3647 3585 3627 3627 3595 4061 4061 4061 4061 4061 4061 4061 4061
666 1777384091 3554 3698 451 3648 3586 3628 3628 3596 4061 4061 4061 4061 4061 4061 4061 4061
667 1777384091 3553 3698 452 3647 3585 3627 3628 3596 4061 4061 4061 4061 4061 4061 4061 4061
668 1777384091 3554 3698 451 3648 3586 3628 3628 3596 4061 4061 4061 4061 4061 4061 4061 4061
669 1777384091 3554 3700 451 3650 2099 3628 3629 3597 4063 4063 4062 4062 4062 4062 4062 4062
670 1777384091 3554 3699 452 3648 3585 3627 3627 3595 4063 4063 4062 4062 4062 4062 4062 4062
671 1777384091 3554 3698 452 3648 3586 3627 3627 3596 4063 4063 4062 4062 4062 4062 4062 4062
672 1777384091 3554 3698 451 3648 3585 3627 3628 3596 4061 4061 4061 4061 4061 4061 4061 4061
673 1777384091 3555 3699 452 3648 3586 3628 3628 3596 4063 4063 4062 4062 4062 4062 4062 4062
674 1777384091 3554 3699 452 3648 3586 3628 3629 3597 4061 4061 4061 4061 4061 4061 4061 4061
675 1777384091 3554 3698 451 3648 3586 3628 3628 3596 4063 4063 4062 4062 4062 4062 4062 4062
676 1777384091 3555 3699 451 3649 3586 3629 3629 3597 4058 4059 4058 4058 4058 4058 4058 4058
677 1777384091 3554 3698 452 3648 3586 3628 3628 3597 4063 4063 4062 4062 4062 4062 4062 4062
678 1777384091 3555 3700 452 3649 3586 3629 3629 3597 4063 4063 4062 4062 4062 4062 4062 4062
679 1777384091 3554 3698 452 3649 3586 3628 3628 3597 4063 4063 4062 4062 4062 4062 4062 4062
680 1777384091 3554 3699 451 3648 3586 3628 3628 3596 4061 4061 4061 4061 4061 4061 4061 4061
681 1777384091 3554 3699 451 3649 3586 3628 3628 3596 4063 4063 4062 4062 4062 4062 4062 4062
682 1777384091 3554 3699 451 3648 3586 3628 3628 3596 4061 4061 4061 4061 4061 4061 4061 4061
683 1777384091 3555 3699 452 3650 3588 3630 3630 3597 4061 4061 4061 4061 4061 4061 4061 4061
684 1777384091 3555 3699 452 3648 3586 3628 3628 3596 4061 4061 4061 4061 4061 4061 4061 4061
685 1777384091 3554 3698 452 3649 3586 3628 3629 3597 4061 4061 4060 4060 4060 4060 4060 4060
686 1777384091 3554 3699 451 3649 3586 3628 3628 3596 4061 4061 4061 4061 4061 4061 4061 4061
687 1777384092 3555 3700 451 3649 3587 3629 3629 3597 4061 4061 4061 4061 4061 4061 4061 4061
688 1777384092 3553 3697 451 3648 3585 3627 3627 3596 4061 4061 4061 4061 4061 4061 4061 4061
689 1777384092 3555 3699 452 3649 3587 3629 3629 3597 4061 4061 4061 4061 4061 4061 4061 4061
690 1777384092 3554 3698 451 3648 3586 3628 3628 3596 4063 4063 4062 4062 4062 4062 4062 4062
691 1777384092 3554 3699 454 3649 3586 3629 3629 3597 4061 4061 4061 4061 4061 4061 4061 4061
692 1777384092 3554 3698 453 3649 3587 3629 3629 3596 4063 4063 4062 4062 4062 4062 4062 4062
693 1777384092 3555 3699 452 3649 3587 3629 3629 3597 4063 4063 4062 4062 4062 4062 4062 4062
694 1777384092 3554 3699 451 3649 3587 3628 3628 3596 4063 4061 4061 4061 4061 4061 4061 4061
695 1777384092 3553 3698 452 3648 3586 3628 3628 3596 4061 4061 4060 4060 4060 4060 4060 4060
696 1777384099 3553 3697 452 3647 3585 3627 3627 3596 4061 4061 4061 4061 4061 4061 4061 4061
697 1777384099 3553 3698 451 3648 3586 3628 3628 3595 4061 4061 4061 4061 4061 4061 4061 4061
698 1777384099 3554 3699 451 3648 3585 3628 3628 3596 4063 4063 4062 4062 4062 4062 4062 4062
699 1777384099 3554 3699 451 3648 3586 3628 3628 3596 4061 4061 4060 4060 4060 4060 4060 4060
700 1777384100 3554 3699 452 3649 3586 3628 3628 3596 4063 4063 4062 4062 4062 4062 4062 4062
701 1777384100 3553 3697 452 3647 3585 3627 3627 3596 4061 4061 4060 4060 4060 4060 4060 4060
702 1777384100 3554 3698 451 3648 3586 3628 3628 3596 4061 4061 4061 4061 4061 4061 4061 4061
703 1777384100 3553 3698 452 3648 3585 3628 3628 3596 4061 4061 4061 4061 4061 4061 4061 4061
704 1777384100 3553 3697 452 3647 3585 3627 3628 3595 4061 4061 4061 4061 4061 4061 4061 4061
705 1777384100 3555 3699 451 3648 3586 3628 3628 3596 4063 4063 4062 4062 4062 4062 4062 4062
706 1777384100 3554 3699 452 3649 3586 3629 3629 3597 4063 4063 4062 4062 4062 4062 4062 4062
707 1777384100 3554 3699 452 3649 3586 3629 3628 3596 4063 4061 4061 4061 4061 4061 4061 4061
708 1777384100 3553 3698 452 3648 3585 3627 3628 3596 4061 4061 4060 4060 4060 4060 4060 4060
709 1777384100 3554 3699 452 3648 3586 3628 3629 3596 4061 4061 4060 4060 4060 4060 4060 4060
710 1777384100 3554 3698 452 3647 3585 3627 3628 3595 4063 4063 4062 4062 4062 4062 4062 4062
711 1777384100 3555 3699 452 3648 3586 3629 3629 3597 4063 4063 4062 4062 4062 4062 4062 4062
712 1777384100 3555 3699 451 3649 3586 3628 3628 3596 4063 4063 4062 4062 4062 4062 4062 4062
713 1777384100 3554 3699 452 3649 3586 3628 3628 3596 4063 4063 4062 4062 4062 4062 4062 4062
714 1777384100 3555 3699 452 3649 3587 3629 3629 3597 4061 4061 4060 4060 4060 4060 4060 4060
715 1777384100 3554 3699 452 3648 3587 3628 3628 3597 4063 4063 4062 4062 4062 4062 4062 4062
716 1777384100 3555 3699 452 3649 3586 3628 3628 3596 4061 4061 4061 4061 4061 4061 4061 4061
717 1777384100 3554 3699 451 3649 3586 3629 3629 3597 4061 4061 4061 4061 4061 4061 4061 4061
718 1777384100 3555 3699 452 3648 3587 3629 3629 3597 4061 4061 4061 4061 4061 4061 4061 4061
719 1777384100 3554 3699 452 3649 3586 3629 3628 3596 4063 4063 4062 4062 4062 4062 4062 4062
720 1777384100 3554 3699 452 3649 3587 3628 3629 3597 4063 4063 4062 4062 4062 4062 4062 4062
721 1777384100 3555 3700 452 3650 3587 3629 3629 3597 4063 4063 4062 4062 4062 4062 4062 4062
722 1777384100 3554 3699 452 3648 3586 3628 3628 3596 4061 4061 4061 4061 4061 4061 4061 4061
723 1777384100 3554 3698 452 3648 3586 3628 3628 3596 4061 4061 4061 4061 4061 4061 4061 4061
724 1777384100 3554 3698 452 3649 3586 3628 3628 3596 4061 4061 4061 4061 4061 4061 4061 4061
725 1777384100 3553 3698 452 3648 3585 3628 3627 3595 4061 4061 4061 4061 4061 4061 4061 4061
726 1777384100 3555 3699 452 3649 3587 3629 3629 3597 4063 4063 4062 4062 4062 4062 4062 4062
727 1777384100 3555 3700 452 3648 3587 3629 3630 3597 4061 4061 4061 4061 4061 4061 4061 4061
728 1777384100 3555 3700 452 3649 3587 3629 3628 3597 4061 4061 4061 4061 4061 4061 4061 4061
729 1777384100 3554 3698 451 3648 3585 3627 3628 3596 4061 4061 4061 4061 4061 4061 4061 4061
730 1777384100 3555 3700 452 3650 3588 3630 3630 3598 4063 4063 4062 4062 4062 4062 4062 4062
731 1777384100 3555 3699 452 3649 3587 3629 3629 3597 4063 4063 4062 4062 4062 4062 4062 4062
732 1777384100 3555 3699 452 3649 3587 3629 3629 3597 4063 4063 4062 4062 4062 4062 4062 4062
733 1777384100 3555 3699 452 3649 3587 3629 3629 3597 4061 4061 4061 4061 4061 4061 4061 4061
734 1777384100 3555 3700 452 3649 3588 3630 3629 1715 4063 4063 4062 4062 4062 4062 4062 4062
735 1777384100 3554 3699 452 3648 3586 3628 3628 3596 4063 4063 4062 4062 4062 4062 4062 4062
736 1777384100 3555 3699 452 3649 3587 3629 3629 3597 4061 4061 4061 4061 4061 4061 4061 4061
737 1777384100 3555 3699 452 3649 3586 3629 3629 3597 4063 4063 4062 4062 4062 4062 4062 4062
738 1777384100 3555 3699 452 3649 3587 3629 3630 3597 4061 4061 4060 4060 4060 4060 4060 4060
739 1777384100 3555 3700 451 3649 3587 3629 3629 3597 4061 4061 4060 4060 4060 4060 4060 4060
740 1777384100 3555 3700 452 3649 3587 3629 3629 3597 4061 4061 4060 4060 4060 4060 4060 4060
741 1777384100 3555 3700 452 3649 3587 1674 3628 3596 4063 4063 4062 4062 4062 4062 4062 4062
742 1777384100 3555 3699 452 3649 3587 3629 3629 3597 4061 4061 4061 4061 4061 4061 4061 4061
743 1777384100 3555 3699 452 3648 3586 3628 3628 3596 4063 4061 4061 4061 4061 4061 4061 4061
744 1777384100 3555 3700 452 3650 3587 3630 3629 3598 4063 4063 4062 4062 4062 4062 4062 4062
745 1777384100 3554 3699 453 3648 3586 3629 3629 3597 4063 4063 4062 4062 4062 4062 4062 4062
746 1777384100 3554 3699 452 3649 3586 3629 3629 3597 4061 4061 4060 4060 4060 4060 4060 4060
747 1777384100 3555 3699 452 3649 3587 3629 3629 3597 4063 4063 4062 4062 4062 4062 4062 4062
748 1777384100 3555 3700 452 3649 3586 3628 3628 3597 4061 4061 4061 4061 4061 4061 4061 4061
749 1777384100 3555 3699 452 3649 3587 3629 3629 3597 4061 4061 4061 4061 4061 4061 4061 4061
750 1777384100 3555 3699 452 3649 3587 3629 3629 3597 4061 4061 4061 4061 4061 4061 4061 4061
751 1777384100 3555 3700 452 3650 3587 3629 3629 3597 4063 4063 4062 4062 4062 4062 4062 4062
752 1777384100 3554 3698 452 3649 3586 3628 3628 3596 4063 4063 4062 4062 4062 4062 4062 4062
753 1777384100 3554 3699 452 3649 3586 3629 3628 3596 4063 4063 4062 4062 4062 4062 4062 4062
754 1777384100 3555 3700 452 3649 3587 3629 3629 3597 4061 4061 4061 4061 4061 4061 4061 4061
755 1777384100 3556 3701 453 3650 3588 3630 3630 3598 4061 4061 4060 4060 4060 4060 4060 4060
756 1777384100 3555 3699 452 3649 3587 3629 3629 3597 4063 4063 4062 4062 4062 4062 4062 4062
757 1777384100 3555 3699 452 3649 3587 3629 3630 3597 4061 4061 4060 4060 4060 4060 4060 4060
758 1777384100 3554 3698 452 3649 3586 3629 3629 3597 4061 4061 4061 4061 4061 4061 4061 4061
759 1777384100 3555 3699 452 3648 3587 3629 3629 3597 4061 4061 4061 4061 4061 4061 4061 4061
760 1777384100 3555 3699 452 3649 3587 3629 3629 3596 4061 4061 4061 4061 4061 4061 4061 4061
761 1777384100 3555 3699 453 3650 3587 3629 3630 3597 4061 4061 4061 4061 4061 4061 4061 4061
762 1777384100 3554 3699 452 3649 3586 3629 3629 3597 4061 4061 4061 4061 4061 4061 4061 4061
763 1777384100 3554 3699 452 3648 3586 3629 3628 3596 4061 4061 4061 4061 4061 4061 4061 4061
764 1777384100 3556 3700 452 3650 3588 3630 3630 3598 4063 4063 4062 4062 4062 4062 4062 4062
765 1777384100 3555 3700 452 3650 3587 3629 3630 3597 4063 4063 4062 4062 4062 4062 4062 4062
766 1777384100 3556 3700 452 3649 3587 3629 3629 3597 4063 4063 4062 4062 4062 4062 4062 4062
767 1777384100 3554 3699 452 3649 3587 3629 3629 3597 4061 4061 4061 4061 4061 4061 4061 4061
768 1777384100 3554 3699 452 3649 3587 3628 3629 3597 4061 4061 4061 4061 4061 4061 4061 4061
769 1777384100 3555 3700 452 3650 3587 3630 3630 3598 4061 4061 4061 4061 4061 4061 4061 4061
770 1777384100 3556 3700 452 3650 3587 3629 3629 3597 4063 4063 4062 4062 4062 4062 4062 4062
771 1777384100 3555 3701 452 3649 3587 3629 3629 3597 4063 4063 4062 4062 4062 4062 4062 4062
772 1777384100 3556 3700 452 3651 3588 3630 3630 3598 4063 4063 4062 4062 4062 4062 4062 4062
773 1777384100 3555 3700 452 3650 3587 3629 3630 3598 4063 4063 4062 4062 4062 4062 4062 4062
774 1777384100 3555 3700 452 3649 3587 3629 3629 3597 4061 4061 4061 4061 4061 4061 4061 4061
775 1777384100 3555 3700 452 3649 3587 3629 3630 3597 4061 4061 4060 4060 4060 4060 4060 4060
776 1777384100 3555 3700 452 3650 3587 3630 3630 3598 4063 4063 4062 4062 4062 4062 4062 4062
777 1777384100 3556 3701 452 3651 3588 3629 3630 3598 4061 4061 4061 4061 4061 4061 4061 4061
778 1777384101 3557 3701 452 3652 3589 3631 3631 3599 4061 4061 4061 4061 4061 4061 4061 4061
779 1777384101 3555 3699 453 3649 3587 3629 3629 3597 4063 4063 4062 4062 4062 4062 4062 4062
780 1777384101 3555 3700 452 3650 3588 3630 3629 3597 4061 4061 4061 4061 4061 4061 4061 4061
781 1777384101 3555 3700 452 3650 3587 3629 3629 3597 4063 4063 4062 4062 4062 4062 4062 4062
782 1777384101 3555 3699 453 3649 3586 3629 3629 3597 4063 4063 4062 4062 4062 4062 4062 4062
783 1777384101 3555 3700 452 3650 3587 3630 3629 3597 4061 4061 4061 4061 4061 4061 4061 4061
784 1777384101 3555 3699 452 3649 3586 3628 3628 3597 4061 4061 4061 4061 4061 4061 4061 4061
785 1777384101 3556 3700 452 3650 3587 3629 3629 3597 4063 4063 4062 4062 4062 4062 4062 4062
786 1777384101 3555 3700 453 3649 3588 3630 3630 3598 4063 4063 4062 4062 4062 4062 4062 4062
787 1777384101 3555 3700 453 3649 3587 3630 3630 3598 4061 4061 4061 4061 4061 4061 4061 4061
788 1777384101 3555 3700 452 3650 3587 3629 3629 3597 4063 4063 4062 4062 4062 4062 4062 4062
789 1777384101 3555 3700 452 3650 3587 3629 3629 3597 4063 4063 4062 4062 4062 4062 4062 4062
790 1777384101 3555 3700 452 3649 3588 3630 3630 3598 4061 4061 4061 4061 4061 4061 4061 4061
791 1777384101 3555 3700 452 3648 3587 3629 3629 3597 4061 4061 4061 4061 4061 4061 4061 4061
792 1777384101 3556 3700 452 3649 3588 3630 3630 3598 4063 4063 4062 4062 4062 4062 4062 4062
793 1777384101 3555 3699 453 3649 3587 3629 3629 3597 4063 4063 4062 4062 4062 4062 4062 4062
794 1777384101 3555 3699 452 3649 3586 3629 3629 3597 4061 4061 4061 4061 4061 4061 4061 4061
795 1777384101 3555 3701 452 3650 3588 3630 3630 3599 4061 4061 4061 4061 4061 4061 4061 4061
796 1777384101 3556 3700 452 3650 3587 3630 3629 3598 4063 4063 4062 4062 4062 4062 4062 4062
797 1777384101 3555 3700 453 3650 3588 3630 3630 3598 4063 4063 4062 4062 4062 4062 4062 4062
798 1777384101 3556 3700 452 3651 3588 3630 3630 3598 4061 4061 4061 4061 4061 4061 4061 4061
799 1777384101 3555 3699 453 3650 3587 3629 3629 3597 4057 4057 4057 4057 4057 4057 4057 4057
800 1777384101 3556 3700 452 3650 3587 3630 3630 3598 4061 4061 4060 4060 4060 4060 4060 4060
801 1777384101 3555 3700 452 3650 3587 3630 3630 3598 4061 4061 4061 4061 4061 4061 4061 4061
802 1777384101 3556 3700 453 3650 3588 3630 3630 3598 4061 4061 4060 4060 4060 4060 4060 4060
803 1777384101 3556 3701 453 3651 3588 3630 3630 3598 4061 4061 4061 4061 4061 4061 4061 4061
804 1777384101 3554 3699 452 3649 3587 3629 3629 3597 4063 4063 4062 4062 4062 4062 4062 4062
805 1777384101 3555 3700 453 3649 3587 3629 3629 3598 4061 4061 4061 4061 4061 4061 4061 4061
806 1777384101 3555 3700 452 3649 3588 3629 3629 3597 4063 4061 4061 4061 4061 4061 4061 4061
807 1777384101 3555 3700 453 3650 3588 3629 3629 3597 4061 4061 4061 4061 4061 4061 4061 4061
808 1777384101 3555 3700 452 3650 3588 3630 3630 3598 4063 4063 4062 4062 4062 4062 4062 4062
809 1777384101 3556 3700 453 3650 3588 3630 3630 3599 4063 4063 4062 4062 4062 4062 4062 4062
810 1777384101 3555 3700 452 3649 3587 3630 3630 3598 4063 4063 4062 4062 4062 4062 4062 4062
811 1777384101 3556 3701 453 3650 3588 3630 3630 3599 4063 4063 4062 4062 4062 4062 4062 4062
812 1777384101 3555 3700 453 3650 3588 3629 3629 3597 4061 4061 4061 4061 4061 4061 4061 4061
813 1777384101 3556 3700 453 3650 3588 3630 3630 3598 4061 4061 4061 4061 4061 4061 4061 4061
814 1777384101 3555 3699 452 3649 3587 3629 3629 3597 4063 4063 4062 4062 4062 4062 4062 4062
815 1777384101 3556 3701 452 3650 3587 3630 3630 3598 4063 4063 4062 4062 4062 4062 4062 4062
816 1777384101 3556 3700 452 3650 3588 3630 3630 3598 4063 4063 4062 4062 4062 4062 4062 4062
817 1777384101 3555 3700 453 3650 3588 3630 3630 3598 4061 4061 4061 4061 4061 4061 4061 4061
818 1777384101 3556 3701 452 3651 3588 3630 3630 3597 4061 4061 4061 4061 4061 4061 4061 4061
819 1777384101 3556 3700 453 3649 3587 3629 3629 3597 4063 4063 4062 4062 4062 4062 4062 4062
820 1777384101 3555 3700 453 3650 3587 3629 3629 3597 4063 4063 4062 4062 4062 4062 4062 4062
821 1777384101 3554 3699 453 3650 3587 3629 3629 3598 4061 4061 4060 4060 4060 4060 4060 4060
822 1777384101 3556 3700 452 3649 3588 3630 3630 3598 4063 4063 4062 4062 4062 4062 4062 4062
823 1777384101 3556 3701 452 3650 3588 3630 3630 3598 4061 4061 4061 4061 4061 4061 4061 4061
824 1777384101 3555 3700 453 3650 3588 3630 3630 3598 4063 4063 4062 4062 4062 4062 4062 4062
825 1777384101 3556 3701 452 3650 3588 3630 3630 3598 4061 4061 4061 4061 4061 4061 4061 4061
826 1777384101 3555 3700 453 3649 3587 3629 3629 3597 4061 4061 4061 4061 4061 4061 4061 4061
827 1777384101 3556 3701 453 3651 3588 3630 3631 3598 4061 4061 4060 4060 4060 4060 4060 4060
828 1777384101 3555 3700 452 3650 3588 3630 3630 3598 4063 4063 4062 4062 4062 4062 4062 4062
829 1777384101 3556 3700 453 3650 3588 3630 3629 3598 4061 4061 4061 4061 4061 4061 4061 4061
830 1777384101 3555 3700 453 3649 3587 3629 3629 3597 4061 4061 4061 4061 4061 4061 4061 4061
831 1777384101 3556 3701 452 3651 3589 3631 3631 3599 4061 4061 4061 4061 4061 4061 4061 4061
832 1777384101 3556 3700 453 3650 3588 3630 3630 3598 4061 4061 4060 4060 4060 4060 4060 4060
833 1777384101 3556 3701 453 3650 3588 3630 3630 3599 4061 4061 4061 4061 4061 4061 4061 4061
834 1777384101 3555 3699 454 3649 3587 3629 3629 3598 4063 4063 4062 4062 4062 4062 4062 4062
835 1777384101 3556 3701 453 3650 3588 3630 3630 3598 4061 4061 4061 4061 4061 4061 4061 4061
836 1777384101 3556 3700 452 3650 3587 3630 3630 3598 4063 4063 4062 4062 4062 4062 4062 4062
837 1777384101 3557 3701 453 3650 3588 3631 3631 3599 4061 4061 4061 4061 4061 4061 4061 4061
838 1777384101 3556 3700 453 3649 3588 3630 3630 3598 4063 4063 4062 4062 4062 4062 4062 4062
839 1777384101 3556 3701 453 3651 3588 3630 3631 3599 4063 4063 4062 4062 4062 4062 4062 4062
840 1777384101 3555 3700 453 3649 3587 3629 3629 3598 4061 4061 4061 4061 4061 4061 4061 4061
841 1777384101 3555 3700 453 3650 3587 3629 3629 3597 4061 4060 4060 4060 4060 4060 4060 4060
842 1777384101 3556 3700 453 3650 3588 3630 3630 3598 4063 4063 4062 4062 4062 4062 4062 4062
843 1777384101 3556 3701 453 3651 3589 3630 3630 3598 4063 4061 4061 4061 4061 4061 4061 4061
844 1777384101 3556 3700 452 3650 3588 3630 3630 3598 4063 4063 4062 4062 4062 4062 4062 4062
845 1777384101 3556 3701 453 3650 3589 3631 3631 3599 4061 4061 4060 4060 4060 4060 4060 4060
846 1777384101 3556 3700 453 3651 3589 3630 3631 3599 4061 4061 4061 4061 4061 4061 4061 4061
847 1777384101 3557 3701 453 3651 3589 3631 3631 3599 4061 4061 4061 4061 4061 4061 4061 4061
848 1777384101 3556 3700 453 3650 3587 3630 3630 3598 4059 4059 4059 4059 4059 4059 4059 4059
849 1777384101 3556 3700 453 3650 3588 3630 3630 3597 4061 4061 4061 4061 4061 4061 4061 4061
850 1777384101 3556 3700 454 3650 3588 3630 3630 3597 4061 4061 4061 4061 4061 4061 4061 4061
851 1777384101 3555 3699 453 3649 3587 3629 3629 3598 4063 4063 4062 4062 4062 4062 4062 4062
852 1777384101 3556 3701 453 3651 3589 3631 3632 3599 4063 4063 4062 4062 4062 4062 4062 4062
853 1777384101 3555 3700 452 3650 3587 3630 3629 3598 4063 4063 4062 4062 4062 4062 4062 4062
854 1777384101 3555 3700 452 3649 3587 3629 3629 3597 4061 4061 4061 4061 4061 4061 4061 4061
855 1777384101 3557 3701 453 3650 3588 1699 3630 3598 4061 4061 4061 4061 4061 4061 4061 4061
856 1777384101 3555 3700 452 3650 3587 3629 3630 3598 4063 4063 4062 4062 4062 4062 4062 4062
857 1777384101 3557 3701 453 3650 3588 1701 3630 3599 4063 4063 4062 4062 4062 4062 4062 4062
858 1777384102 3556 3701 453 3650 3588 3630 3630 3599 4061 4061 4061 4061 4061 4061 4061 4061
859 1777384102 3556 3701 453 3650 3588 3629 3630 3598 4061 4061 4060 4060 4060 4060 4060 4060
860 1777384102 3556 3701 452 3650 3588 3630 3630 3598 4061 4061 4061 4061 4061 4061 4061 4061
861 1777384102 3556 3701 453 3650 3588 3630 3630 3598 4063 4063 4062 4062 4062 4062 4062 4062
862 1777384102 3556 3701 453 3650 3588 3630 3631 3599 4061 4061 4061 4061 4061 4061 4061 4061
863 1777384102 3555 3700 453 3649 3587 3629 3629 3597 4063 4063 4062 4062 4062 4062 4062 4062
864 1777384102 3556 3700 453 3651 3588 3630 3630 3598 4063 4063 4062 4062 4062 4062 4062 4062
865 1777384102 3556 3701 453 3650 3588 3630 3630 3598 4061 4061 4061 4061 4061 4061 4061 4061
866 1777384102 3556 3701 453 3651 3588 3631 3631 3598 4061 4061 4061 4061 4061 4061 4061 4061
867 1777384102 3556 3701 453 3651 3588 3630 3630 3598 4061 4061 4061 4061 4061 4061 4061 4061
868 1777384102 3556 3701 452 3651 3588 3631 3630 3598 4061 4061 4061 4061 4061 4061 4061 4061
869 1777384102 3557 3701 453 3650 3588 3630 3630 3598 4063 4063 4062 4062 4062 4062 4062 4062
870 1777384102 3556 3700 453 3649 3587 3630 3630 3598 4063 4063 4062 4062 4062 4062 4062 4062
871 1777384102 3556 3701 453 3650 3587 3629 3630 3598 4061 4061 4061 4061 4061 4061 4061 4061
872 1777384102 3557 3702 453 3651 3588 3630 3630 3598 4061 4061 4061 4061 4061 4061 4061 4061
873 1777384102 3556 3701 453 3651 3588 3630 3630 3599 4063 4063 4062 4062 4062 4062 4062 4062
874 1777384102 3557 3701 453 3651 3588 3630 3631 3598 4061 4061 4061 4061 4061 4061 4061 4061
875 1777384102 3557 3701 453 3651 3588 3630 3631 3598 4063 4063 4062 4062 4062 4062 4062 4062
876 1777384102 3557 3701 453 3651 3589 3631 3631 3599 4061 4061 4061 4061 4061 4061 4061 4061
877 1777384102 3556 3701 453 3650 3588 3630 3630 3598 4061 4061 4061 4061 4061 4061 4061 4061
878 1777384102 3556 3701 453 3650 3588 3630 3630 3598 4063 4063 4062 4062 4062 4062 4062 4062
879 1777384102 3555 3700 453 3650 3588 3629 3629 3598 4059 4059 4059 4059 4059 4059 4059 4059
880 1777384102 3555 3700 453 3649 3587 3630 3629 3597 4061 4061 4061 4061 4061 4061 4061 4061
881 1777384102 3556 3700 453 3650 3587 3630 3630 3598 4061 4061 4061 4061 4061 4061 4061 4061
882 1777384102 3557 3701 454 3651 3588 3630 3630 3598 4063 4063 4062 4062 4062 4062 4062 4062
883 1777384102 3556 3701 453 3650 3589 3630 3631 3599 4061 4061 4061 4061 4061 4061 4061 4061
884 1777384102 3556 3701 453 3651 3588 3630 3630 3598 4061 4061 4061 4061 4061 4061 4061 4061
885 1777384102 3556 3701 453 3650 3588 3630 3631 3599 4061 4061 4061 4061 4061 4061 4061 4061
886 1777384102 3556 3701 453 3649 3588 3630 3630 3598 4061 4061 4061 4061 4061 4061 4061 4061
887 1777384102 3556 3701 453 3650 3588 3630 3630 3598 4061 4061 4061 4061 4061 4061 4061 4061
888 1777384102 3555 3700 451 3650 3587 3630 3629 3597 4061 4061 4061 4061 4061 4061 4061 4061
889 1777384102 3554 3699 451 3648 3586 3628 3629 3597 4063 4063 4062 4062 4062 4062 4062 4062
890 1777384102 3554 3700 450 3649 3587 3629 3629 3596 4063 4063 4062 4062 4062 4062 4062 4062
891 1777384102 3555 3699 451 3649 3587 3629 3629 3597 4061 4061 4061 4061 4061 4061 4061 4061
892 1777384110 3553 3698 451 3648 3585 3627 3628 3596 4063 4063 4062 4062 4062 4062 4062 4062
893 1777384110 3554 3698 451 3648 3586 3628 3628 3596 4063 4063 4062 4062 4062 4062 4062 4062
894 1777384110 3553 3698 452 3648 3586 3628 3628 3597 4061 4061 4061 4061 4061 4061 4061 4061
895 1777384110 3555 3699 451 3649 3586 3628 3628 3596 4063 4063 4062 4062 4062 4062 4062 4062
896 1777384110 3554 3698 451 3648 3586 3628 3628 3596 4061 4061 4061 4061 4061 4061 4061 4061
897 1777384110 3554 3699 451 3648 3586 3628 3628 3596 4061 4061 4060 4060 4060 4060 4060 4060
898 1777384110 3555 3699 451 3649 3587 3629 3629 3597 4063 4063 4062 4062 4062 4062 4062 4062
899 1777384110 3554 3699 452 3649 3586 3628 3629 3597 4063 4063 4062 4062 4062 4062 4062 4062
900 1777384110 3554 3699 451 3649 3586 3628 3629 3596 4061 4061 4061 4061 4061 4061 4061 4061
901 1777384110 3554 3699 451 3649 3586 3628 3628 3596 4061 4061 4061 4061 4061 4061 4061 4061
902 1777384110 3554 3699 451 3648 3586 3628 3628 3596 4061 4061 4060 4060 4060 4060 4060 4060
903 1777384110 3554 3699 451 3647 3585 3628 3628 3596 4063 4063 4062 4062 4062 4062 4062 4062
904 1777384110 3555 3699 451 3649 3586 3629 3628 3597 4063 4063 4062 4062 4062 4062 4062 4062
905 1777384110 3554 3698 452 3649 3586 3629 3629 3597 4063 4063 4062 4062 4062 4062 4062 4062
906 1777384110 3554 3699 451 3648 3586 3629 3628 3596 4061 4061 4061 4061 4061 4061 4061 4061
907 1777384110 3555 3700 452 3649 3586 3628 3628 3596 4063 4063 4062 4062 4062 4062 4062 4062
908 1777384110 3555 3699 451 3650 3587 3629 3629 3597 4061 4061 4061 4061 4061 4061 4061 4061
909 1777384110 3554 3699 451 3649 3587 3628 3628 3596 4061 4061 4061 4061 4061 4061 4061 4061
910 1777384110 3554 3699 451 3648 3587 3628 3629 3597 4061 4061 4061 4061 4061 4061 4061 4061
911 1777384110 3554 3699 452 3648 3586 3628 3628 3596 4063 4063 4062 4062 4062 4062 4062 4062
912 1777384110 3555 3699 451 3649 3587 3629 3629 3597 4063 4063 4062 4062 4062 4062 4062 4062
913 1777384110 3555 3700 451 3649 3587 3630 3629 3597 4059 4059 4058 4058 4058 4058 4058 4058
914 1777384110 3555 3699 453 3648 3586 3629 3629 3596 4063 4063 4062 4062 4062 4062 4062 4062
915 1777384110 3556 3700 452 3649 3587 3629 3629 3597 4063 4063 4062 4062 4062 4062 4062 4062
916 1777384110 3555 3700 451 3649 3587 3630 3629 3597 4061 4061 4061 4061 4061 4061 4061 4061
917 1777384110 3554 3699 452 3649 3586 3628 3628 3597 4061 4061 4061 4061 4061 4061 4061 4061
918 1777384110 3555 3700 451 3648 3586 3629 3629 3597 4061 4061 4061 4061 4061 4061 4061 4061
919 1777384110 3555 3700 452 3649 3587 3629 3629 3597 4061 4061 4061 4061 4061 4061 4061 4061
920 1777384110 3555 3700 451 3650 3587 3630 3629 3597 4063 4063 4062 4062 4062 4062 4062 4062
921 1777384110 3555 3700 451 3649 3587 3629 3629 3597 4061 4061 4060 4060 4060 4060 4060 4060
922 1777384110 3554 3698 451 3648 3586 3628 3628 3596 4061 4061 4061 4061 4061 4061 4061 4061
923 1777384110 3554 3699 452 3649 3587 3629 3629 3597 4061 4061 4061 4061 4061 4061 4061 4061
924 1777384110 3555 3699 451 3650 3587 3629 3629 3597 4063 4063 4062 4062 4062 4062 4062 4062
925 1777384110 3555 3698 452 3648 3586 3629 3629 3597 4061 4061 4061 4061 4061 4061 4061 4061
926 1777384110 3554 3699 451 3649 3587 3629 3629 3597 4063 4063 4062 4062 4062 4062 4062 4062
927 1777384110 3555 3700 451 3649 3587 3629 3629 3597 4063 4063 4062 4062 4062 4062 4062 4062
928 1777384110 3554 3699 451 3649 3586 3629 3628 3597 4061 4061 4060 4060 4060 4060 4060 4060
929 1777384110 3554 3699 451 3649 3587 3629 3629 3597 4061 4061 4061 4061 4061 4061 4061 4061
930 1777384110 3555 3699 452 3649 3587 3629 3629 3597 4063 4063 4062 4062 4062 4062 4062 4062
931 1777384110 3555 3700 452 3649 3587 3629 3629 3597 4063 4063 4062 4062 4062 4062 4062 4062
932 1777384110 3554 3699 451 3648 3587 3629 3628 3596 4063 4063 4062 4062 4062 4062 4062 4062
933 1777384110 3555 3699 452 3649 3587 3629 3630 3597 4061 4061 4061 4061 4061 4061 4061 4061
934 1777384110 3554 3699 451 3648 3587 3629 3629 3596 4061 4061 4061 4061 4061 4061 4061 4061
935 1777384110 3556 3700 452 3650 3587 3629 3630 3597 4061 4061 4061 4061 4061 4061 4061 4061
936 1777384110 3555 3700 451 3650 3588 3629 3630 3597 4061 4061 4060 4060 4060 4060 4060 4060
937 1777384110 3554 3699 452 3648 3586 3628 3629 3597 4061 4061 4061 4061 4061 4061 4061 4061
938 1777384110 3555 3699 451 3649 3587 3629 3629 3596 4063 4063 4062 4062 4062 4062 4062 4062
939 1777384110 3555 3700 452 3649 3587 3629 3629 3597 4061 4061 4061 4061 4061 4061 4061 4061
940 1777384110 3555 3700 451 3650 3588 3629 3629 3597 4063 4063 4062 4062 4062 4062 4062 4062
941 1777384110 3554 3700 452 3649 3587 3629 3630 3597 4061 4061 4061 4061 4061 4061 4061 4061
942 1777384110 3555 3700 451 3650 3587 3629 3629 3596 4063 4063 4062 4062 4062 4062 4062 4062
943 1777384110 3555 3700 451 3650 3587 3629 3629 3598 4063 4063 4062 4062 4062 4062 4062 4062
944 1777384110 3555 3699 452 3649 3587 3629 3629 3597 4063 4063 4062 4062 4062 4062 4062 4062
945 1777384110 3555 3700 451 3649 3587 3629 3629 3597 4061 4061 4061 4061 4061 4061 4061 4061
946 1777384110 3555 3699 453 3649 3587 3629 3629 3597 4061 4061 4061 4061 4061 4061 4061 4061
947 1777384110 3555 3700 452 3649 3587 3629 3630 3597 4061 4061 4061 4061 4061 4061 4061 4061
948 1777384110 3555 3700 452 3650 3588 3630 3630 3598 4061 4061 4060 4060 4060 4060 4060 4060
949 1777384110 3554 3698 452 3648 3586 3628 3628 3596 4061 4061 4061 4061 4061 4061 4061 4061
950 1777384110 3555 3700 451 3648 3587 3629 3629 3597 4061 4061 4061 4061 4061 4061 4061 4061
951 1777384110 3555 3700 451 3650 3587 3629 3629 3597 4063 4063 4062 4062 4062 4062 4062 4062
952 1777384110 3554 3699 451 3649 3586 3629 3628 3597 4063 4063 4062 4062 4062 4062 4062 4062
953 1777384110 3554 3698 452 3649 3585 3629 3628 3596 4063 4063 4062 4062 4062 4062 4062 4062
954 1777384110 3555 3699 452 3650 3587 3629 3629 3597 4061 4061 4061 4061 4061 4061 4061 4061
955 1777384111 3555 3700 452 3650 3587 3629 3629 3597 4061 4061 4061 4061 4061 4061 4061 4061
956 1777384111 3554 3698 452 3648 3586 3628 3628 3596 4061 4061 4061 4061 4061 4061 4061 4061
957 1777384111 3555 3700 452 3649 3587 3630 3630 3597 4063 4063 4062 4062 4062 4062 4062 4062
958 1777384111 3554 3698 452 3648 3586 3629 3628 3597 4061 4061 4061 4061 4061 4061 4061 4061
959 1777384111 3555 3700 452 3650 3588 3630 3629 3597 4063 4063 4062 4062 4062 4062 4062 4062
960 1777384111 3555 3699 452 3650 3588 3629 3629 3597 4061 4061 4061 4061 4061 4061 4061 4061
961 1777384111 3556 3700 452 3650 3587 3629 3630 3598 4063 4063 4062 4062 4062 4062 4062 4062
962 1777384111 3556 3701 452 3650 3588 3630 3630 3598 4063 4063 4062 4062 4062 4062 4062 4062
963 1777384111 3555 3700 452 3649 3587 3629 3629 3597 4063 4063 4062 4062 4062 4062 4062 4062
964 1777384111 3556 3700 451 3650 3588 3630 3630 3597 4061 4061 4061 4061 4061 4061 4061 4061
965 1777384111 3554 3700 452 3649 3588 3630 3630 3598 4063 4063 4062 4062 4062 4062 4062 4062
966 1777384111 3555 3700 451 3650 3588 3630 3630 3598 4061 4061 4061 4061 4061 4061 4061 4061
967 1777384111 3557 3701 451 3651 3588 3630 3630 3598 4061 4061 4061 4061 4061 4061 4061 4061
968 1777384111 3555 3700 452 3650 3588 3629 3630 3598 4063 4063 4062 4062 4062 4062 4062 4062
969 1777384111 3555 3700 452 3649 3587 3629 3629 3598 4061 4061 4061 4061 4061 4061 4061 4061
970 1777384111 3555 3699 452 3649 3587 3629 3629 3597 4061 4061 4061 4061 4061 4061 4061 4061
971 1777384111 3556 3700 452 3650 3587 3630 3629 3597 4063 4063 4062 4062 4062 4062 4062 4062
972 1777384111 3556 3701 452 3650 3588 3630 3631 3599 4059 4059 4059 4059 4059 4059 4059 4059
973 1777384111 3556 3701 452 3650 3588 3630 3630 3598 4061 4061 4061 4061 4061 4061 4061 4061
974 1777384111 3556 3700 451 3650 3588 3630 3630 3598 4063 4063 4062 4062 4062 4062 4062 4062
975 1777384111 3555 3700 452 3650 3587 3629 3629 3598 4061 4061 4061 4061 4061 4061 4061 4061
976 1777384111 3555 3700 452 3650 3587 3629 3629 3597 4059 4059 4059 4059 4059 4059 4059 4059
977 1777384111 3555 3700 452 3649 3588 3629 3629 3597 4061 4061 4061 4061 4061 4061 4061 4061
978 1777384111 3555 3699 452 3649 3586 3629 3628 3597 4061 4061 4061 4061 4061 4061 4061 4061
979 1777384111 3555 3700 452 3649 3587 3629 3630 3598 4061 4061 4061 4061 4061 4061 4061 4061
980 1777384111 3555 3700 452 3650 3587 3629 3630 3598 4061 4061 4061 4061 4061 4061 4061 4061
981 1777384111 3556 3700 452 3649 3587 3629 3629 3597 4061 4061 4061 4061 4061 4061 4061 4061
982 1777384111 3556 3700 452 3650 3588 3630 3630 3598 4063 4063 4062 4062 4062 4062 4062 4062
983 1777384111 3556 3700 452 3650 3587 3629 3630 3598 4061 4061 4061 4061 4061 4061 4061 4061
984 1777384111 3555 3700 452 3649 3587 3629 3629 3597 4061 4061 4061 4061 4061 4061 4061 4061
985 1777384111 3554 3698 452 3649 3586 3628 3629 3597 4063 4062 4062 4062 4062 4062 4062 4062
986 1777384111 3556 3701 452 3650 3588 3630 3630 3598 4063 4063 4062 4062 4062 4062 4062 4062
987 1777384111 3556 3700 452 3650 3587 3629 3630 3598 4063 4063 4063 4063 4063 4063 4063 4063
988 1777384111 3556 3701 452 3650 3588 3629 3630 3598 4061 4061 4061 4061 4061 4061 4061 4061
989 1777384111 3556 3700 452 3650 3587 3630 3630 3597 4063 4063 4062 4062 4062 4062 4062 4062
990 1777384111 3556 3701 452 3650 3587 3630 3629 3598 4061 4061 4061 4061 4061 4061 4061 4061
991 1777384111 3556 3701 452 3650 3588 3630 3630 3597 4063 4063 4062 4062 4062 4062 4062 4062
992 1777384111 3557 3701 452 3651 3589 3631 3631 3599 4061 4061 4061 4061 4061 4061 4061 4061
993 1777384111 3555 3700 452 3650 3588 3630 3630 3598 4063 4063 4062 4062 4062 4062 4062 4062
994 1777384111 3556 3701 452 3650 3588 3630 3630 3598 4063 4063 4062 4062 4062 4062 4062 4062
995 1777384111 3555 3700 452 3649 3587 3629 3629 3597 4061 4061 4060 4060 4060 4060 4060 4060
996 1777384111 3555 3700 452 3650 3588 3630 3629 3597 4063 4063 4062 4062 4062 4062 4062 4062
997 1777384111 3556 3701 452 3651 3589 3630 3630 3598 4063 4063 4062 4062 4062 4062 4062 4062
998 1777384111 3556 3701 452 3650 3588 3630 3630 3598 4063 4063 4062 4062 4062 4062 4062 4062
999 1777384111 3555 3699 452 3649 3587 3629 3629 3598 4063 4063 4062 4062 4062 4062 4062 4062
1000 1777384111 3555 3699 451 3650 3588 3629 3629 3598 4061 4061 4061 4061 4061 4061 4061 4061
