Número de canal	Impulsos
Canal/#	Impulsos/#

0	0
1	0
2	0
3	0
4	0
5	0
6	0
7	0
8	0
9	0
10	0
11	0
12	0
13	0
14	0
15	0
16	0
17	0
18	0
19	0
20	0
21	0
22	0
23	0
24	0
25	0
26	0
27	0
28	0
29	0
30	0
31	0
32	0
33	0
34	0
35	0
36	0
37	0
38	0
39	0
40	0
41	0
42	0
43	0
44	0
45	0
46	0
47	0
48	0
49	0
50	0
51	0
52	0
53	0
54	0
55	0
56	0
57	0
58	0
59	0
60	0
61	0
62	0
63	0
64	0
65	0
66	0
67	0
68	0
69	0
70	0
71	0
72	0
73	0
74	0
75	0
76	0
77	0
78	0
79	0
80	0
81	0
82	0
83	0
84	0
85	0
86	0
87	0
88	0
89	0
90	0
91	0
92	0
93	0
94	0
95	0
96	0
97	0
98	0
99	0
100	0
101	0
102	0
103	0
104	0
105	0
106	0
107	0
108	0
109	0
110	0
111	0
112	0
113	0
114	0
115	0
116	0
117	0
118	0
119	0
120	0
121	0
122	0
123	0
124	0
125	0
126	0
127	0
128	0
129	0
130	0
131	0
132	0
133	0
134	0
135	0
136	0
137	0
138	0
139	0
140	0
141	0
142	0
143	0
144	0
145	0
146	0
147	0
148	0
149	0
150	0
151	0
152	0
153	0
154	0
155	0
156	0
157	0
158	0
159	0
160	0
161	0
162	7
163	37
164	98
165	224
166	366
167	463
168	552
169	711
170	772
171	839
172	942
173	1007
174	1219
175	1226
176	1419
177	1549
178	1715
179	1843
180	1998
181	2205
182	2416
183	2549
184	2752
185	2934
186	3190
187	3453
188	3636
189	3873
190	4247
191	4436
192	4783
193	4858
194	5127
195	5460
196	5793
197	5928
198	6261
199	6197
200	6583
201	6563
202	6748
203	6875
204	7135
205	7032
206	7011
207	7192
208	7162
209	7106
210	6836
211	6816
212	6567
213	6509
214	6464
215	6219
216	5976
217	5854
218	5647
219	5434
220	5155
221	4877
222	4757
223	4493
224	4186
225	3990
226	3801
227	3664
228	3366
229	3243
230	2945
231	2793
232	2751
233	2601
234	2376
235	2290
236	2234
237	2083
238	2021
239	1816
240	1735
241	1723
242	1667
243	1584
244	1487
245	1409
246	1376
247	1275
248	1316
249	1199
250	1083
251	1145
252	1007
253	1017
254	922
255	876
256	873
257	769
258	762
259	742
260	638
261	584
262	597
263	518
264	489
265	479
266	395
267	398
268	344
269	348
270	307
271	293
272	286
273	237
274	243
275	225
276	175
277	186
278	160
279	170
280	141
281	138
282	146
283	134
284	120
285	119
286	94
287	92
288	111
289	96
290	96
291	94
292	87
293	83
294	86
295	80
296	76
297	93
298	70
299	75
300	88
301	91
302	85
303	79
304	87
305	72
306	91
307	83
308	76
309	75
310	95
311	100
312	78
313	82
314	89
315	87
316	80
317	91
318	77
319	93
320	99
321	94
322	116
323	93
324	84
325	105
326	117
327	89
328	99
329	101
330	89
331	106
332	101
333	108
334	117
335	110
336	115
337	108
338	112
339	102
340	143
341	133
342	116
343	120
344	139
345	129
346	147
347	145
348	134
349	152
350	145
351	152
352	133
353	162
354	153
355	138
356	154
357	160
358	158
359	175
360	180
361	175
362	171
363	161
364	172
365	163
366	181
367	180
368	188
369	175
370	193
371	191
372	205
373	177
374	189
375	190
376	206
377	184
378	232
379	185
380	211
381	214
382	232
383	215
384	209
385	207
386	235
387	203
388	237
389	229
390	227
391	245
392	241
393	224
394	273
395	229
396	233
397	219
398	222
399	247
400	243
401	253
402	239
403	244
404	226
405	229
406	241
407	220
408	195
409	233
410	205
411	220
412	205
413	201
414	192
415	189
416	185
417	199
418	201
419	199
420	185
421	179
422	166
423	176
424	162
425	163
426	169
427	148
428	171
429	157
430	138
431	155
432	134
433	164
434	147
435	147
436	145
437	139
438	128
439	129
440	109
441	122
442	117
443	113
444	108
445	115
446	108
447	103
448	108
449	106
450	121
451	117
452	120
453	101
454	104
455	115
456	117
457	121
458	115
459	124
460	117
461	130
462	127
463	123
464	126
465	122
466	115
467	110
468	118
469	131
470	129
471	129
472	128
473	149
474	121
475	121
476	118
477	126
478	132
479	144
480	158
481	174
482	165
483	157
484	157
485	157
486	137
487	155
488	153
489	164
490	172
491	180
492	164
493	167
494	173
495	182
496	168
497	175
498	178
499	173
500	170
501	188
502	195
503	190
504	181
505	167
506	197
507	188
508	164
509	191
510	165
511	196
512	175
513	186
514	193
515	182
516	195
517	190
518	195
519	170
520	186
521	181
522	189
523	179
524	189
525	181
526	197
527	177
528	181
529	184
530	184
531	205
532	188
533	207
534	211
535	186
536	186
537	191
538	188
539	206
540	205
541	203
542	226
543	195
544	203
545	199
546	214
547	211
548	223
549	220
550	204
551	226
552	212
553	235
554	246
555	216
556	235
557	204
558	243
559	241
560	233
561	263
562	252
563	246
564	230
565	292
566	281
567	258
568	262
569	317
570	288
571	306
572	289
573	310
574	356
575	346
576	369
577	350
578	342
579	399
580	401
581	410
582	400
583	402
584	411
585	457
586	412
587	505
588	485
589	528
590	504
591	534
592	568
593	581
594	593
595	563
596	609
597	688
598	704
599	778
600	704
601	752
602	769
603	773
604	814
605	831
606	875
607	908
608	978
609	961
610	1007
611	985
612	1050
613	1111
614	1059
615	1140
616	1245
617	1195
618	1279
619	1314
620	1315
621	1394
622	1367
623	1422
624	1424
625	1504
626	1466
627	1568
628	1488
629	1635
630	1617
631	1563
632	1583
633	1671
634	1660
635	1703
636	1738
637	1688
638	1648
639	1734
640	1719
641	1772
642	1747
643	1717
644	1751
645	1770
646	1747
647	1770
648	1717
649	1635
650	1602
651	1585
652	1510
653	1522
654	1482
655	1485
656	1496
657	1389
658	1430
659	1348
660	1308
661	1320
662	1299
663	1243
664	1259
665	1103
666	1140
667	1118
668	1060
669	1013
670	916
671	986
672	900
673	857
674	792
675	807
676	770
677	708
678	692
679	654
680	657
681	618
682	584
683	536
684	492
685	472
686	458
687	385
688	393
689	399
690	374
691	351
692	323
693	326
694	284
695	282
696	293
697	251
698	254
699	239
700	215
701	201
702	223
703	179
704	176
705	172
706	179
707	168
708	151
709	129
710	129
711	152
712	143
713	127
714	110
715	132
716	114
717	119
718	115
719	84
720	76
721	96
722	80
723	94
724	78
725	72
726	89
727	85
728	91
729	82
730	71
731	71
732	74
733	87
734	69
735	62
736	67
737	73
738	66
739	75
740	68
741	75
742	74
743	65
744	69
745	68
746	78
747	59
748	64
749	89
750	68
751	75
752	82
753	61
754	57
755	68
756	52
757	68
758	78
759	74
760	71
761	65
762	54
763	70
764	69
765	71
766	67
767	72
768	65
769	63
770	68
771	66
772	58
773	67
774	63
775	70
776	58
777	57
778	62
779	63
780	60
781	72
782	71
783	76
784	57
785	55
786	59
787	68
788	55
789	57
790	55
791	62
792	50
793	69
794	71
795	63
796	62
797	63
798	72
799	57
800	60
801	69
802	72
803	70
804	49
805	69
806	68
807	75
808	77
809	63
810	65
811	69
812	59
813	58
814	61
815	66
816	70
817	67
818	58
819	49
820	49
821	62
822	66
823	40
824	64
825	70
826	59
827	74
828	72
829	75
830	59
831	53
832	65
833	65
834	67
835	67
836	77
837	65
838	60
839	71
840	47
841	74
842	66
843	45
844	87
845	68
846	64
847	62
848	60
849	76
850	62
851	76
852	71
853	66
854	66
855	76
856	59
857	71
858	78
859	65
860	68
861	71
862	61
863	66
864	73
865	65
866	62
867	62
868	68
869	73
870	65
871	67
872	73
873	70
874	78
875	68
876	74
877	73
878	87
879	66
880	77
881	76
882	53
883	67
884	63
885	64
886	67
887	76
888	70
889	85
890	74
891	81
892	72
893	86
894	75
895	64
896	83
897	80
898	74
899	74
900	73
901	79
902	80
903	75
904	75
905	56
906	63
907	72
908	75
909	68
910	84
911	82
912	73
913	85
914	70
915	73
916	65
917	69
918	58
919	87
920	80
921	85
922	89
923	79
924	80
925	75
926	88
927	66
928	77
929	59
930	71
931	89
932	89
933	72
934	73
935	63
936	64
937	73
938	80
939	81
940	79
941	60
942	88
943	82
944	81
945	84
946	74
947	71
948	67
949	67
950	79
951	64
952	84
953	72
954	62
955	66
956	69
957	70
958	71
959	79
960	63
961	83
962	59
963	58
964	69
965	69
966	72
967	73
968	59
969	75
970	68
971	73
972	59
973	77
974	67
975	62
976	71
977	65
978	66
979	68
980	71
981	70
982	59
983	73
984	66
985	64
986	68
987	67
988	80
989	72
990	70
991	54
992	80
993	77
994	64
995	72
996	54
997	57
998	66
999	66
1000	67
1001	65
1002	68
1003	68
1004	64
1005	65
1006	64
1007	73
1008	71
1009	75
1010	67
1011	69
1012	72
1013	65
1014	54
1015	61
1016	64
1017	71
1018	70
1019	53
1020	73
1021	60
1022	59
1023	66
1024	70
1025	76
1026	73
1027	71
1028	64
1029	67
1030	63
1031	74
1032	73
1033	84
1034	69
1035	65
1036	58
1037	73
1038	68
1039	60
1040	70
1041	73
1042	64
1043	61
1044	73
1045	71
1046	60
1047	75
1048	64
1049	66
1050	54
1051	52
1052	72
1053	69
1054	78
1055	57
1056	97
1057	71
1058	65
1059	66
1060	77
1061	59
1062	75
1063	62
1064	78
1065	77
1066	53
1067	56
1068	64
1069	74
1070	80
1071	71
1072	69
1073	59
1074	60
1075	77
1076	75
1077	74
1078	55
1079	49
1080	59
1081	69
1082	63
1083	65
1084	67
1085	86
1086	67
1087	64
1088	61
1089	67
1090	75
1091	60
1092	65
1093	78
1094	56
1095	75
1096	89
1097	64
1098	75
1099	79
1100	69
1101	73
1102	80
1103	61
1104	84
1105	55
1106	64
1107	72
1108	56
1109	69
1110	67
1111	63
1112	76
1113	55
1114	68
1115	49
1116	71
1117	65
1118	77
1119	72
1120	64
1121	79
1122	70
1123	60
1124	71
1125	57
1126	61
1127	69
1128	76
1129	84
1130	60
1131	69
1132	76
1133	77
1134	79
1135	69
1136	80
1137	77
1138	81
1139	74
1140	71
1141	69
1142	58
1143	77
1144	67
1145	65
1146	88
1147	60
1148	85
1149	91
1150	64
1151	82
1152	71
1153	79
1154	83
1155	79
1156	73
1157	68
1158	82
1159	81
1160	89
1161	67
1162	80
1163	74
1164	86
1165	62
1166	79
1167	67
1168	87
1169	90
1170	81
1171	67
1172	85
1173	83
1174	68
1175	62
1176	82
1177	78
1178	78
1179	61
1180	77
1181	77
1182	74
1183	79
1184	73
1185	87
1186	98
1187	95
1188	70
1189	82
1190	80
1191	77
1192	102
1193	80
1194	81
1195	103
1196	64
1197	81
1198	91
1199	95
1200	71
1201	80
1202	88
1203	89
1204	91
1205	83
1206	91
1207	102
1208	85
1209	70
1210	72
1211	98
1212	95
1213	93
1214	78
1215	66
1216	85
1217	84
1218	90
1219	97
1220	94
1221	87
1222	94
1223	75
1224	86
1225	91
1226	91
1227	83
1228	94
1229	76
1230	104
1231	85
1232	88
1233	88
1234	91
1235	88
1236	109
1237	106
1238	104
1239	95
1240	101
1241	92
1242	95
1243	89
1244	98
1245	90
1246	105
1247	88
1248	85
1249	96
1250	73
1251	101
1252	117
1253	99
1254	107
1255	93
1256	84
1257	95
1258	86
1259	113
1260	89
1261	110
1262	96
1263	99
1264	98
1265	110
1266	93
1267	105
1268	108
1269	85
1270	96
1271	106
1272	96
1273	99
1274	107
1275	86
1276	107
1277	116
1278	97
1279	100
1280	90
1281	101
1282	82
1283	94
1284	99
1285	99
1286	91
1287	87
1288	84
1289	97
1290	98
1291	99
1292	93
1293	98
1294	92
1295	94
1296	87
1297	95
1298	112
1299	91
1300	86
1301	98
1302	105
1303	92
1304	92
1305	90
1306	89
1307	110
1308	82
1309	90
1310	85
1311	95
1312	96
1313	83
1314	82
1315	79
1316	85
1317	93
1318	105
1319	96
1320	83
1321	95
1322	119
1323	84
1324	85
1325	92
1326	80
1327	89
1328	97
1329	91
1330	79
1331	93
1332	87
1333	91
1334	90
1335	103
1336	80
1337	73
1338	85
1339	103
1340	89
1341	82
1342	77
1343	101
1344	93
1345	86
1346	89
1347	87
1348	90
1349	87
1350	87
1351	91
1352	73
1353	90
1354	82
1355	88
1356	80
1357	94
1358	86
1359	80
1360	74
1361	90
1362	83
1363	87
1364	81
1365	81
1366	86
1367	85
1368	84
1369	88
1370	100
1371	75
1372	76
1373	97
1374	81
1375	73
1376	77
1377	79
1378	85
1379	73
1380	85
1381	81
1382	99
1383	80
1384	76
1385	79
1386	87
1387	75
1388	80
1389	86
1390	87
1391	80
1392	86
1393	94
1394	68
1395	98
1396	74
1397	94
1398	81
1399	92
1400	73
1401	77
1402	76
1403	70
1404	84
1405	74
1406	82
1407	78
1408	91
1409	100
1410	86
1411	86
1412	86
1413	83
1414	75
1415	93
1416	90
1417	82
1418	71
1419	90
1420	81
1421	72
1422	77
1423	98
1424	83
1425	76
1426	88
1427	79
1428	86
1429	71
1430	83
1431	64
1432	87
1433	82
1434	75
1435	69
1436	78
1437	97
1438	82
1439	77
1440	76
1441	75
1442	76
1443	75
1444	88
1445	83
1446	68
1447	80
1448	80
1449	80
1450	90
1451	81
1452	96
1453	84
1454	77
1455	67
1456	88
1457	77
1458	92
1459	89
1460	84
1461	89
1462	97
1463	71
1464	86
1465	93
1466	73
1467	86
1468	94
1469	85
1470	81
1471	73
1472	88
1473	93
1474	89
1475	88
1476	74
1477	91
1478	83
1479	86
1480	80
1481	72
1482	78
1483	68
1484	71
1485	87
1486	82
1487	65
1488	72
1489	82
1490	100
1491	79
1492	77
1493	91
1494	64
1495	89
1496	81
1497	74
1498	70
1499	83
1500	74
1501	84
1502	81
1503	69
1504	81
1505	91
1506	77
1507	87
1508	84
1509	73
1510	70
1511	78
1512	89
1513	93
1514	88
1515	80
1516	55
1517	61
1518	90
1519	76
1520	75
1521	87
1522	74
1523	72
1524	86
1525	80
1526	66
1527	70
1528	72
1529	74
1530	82
1531	70
1532	72
1533	81
1534	76
1535	71
1536	81
1537	77
1538	71
1539	80
1540	66
1541	87
1542	66
1543	77
1544	79
1545	78
1546	73
1547	64
1548	73
1549	70
1550	65
1551	75
1552	69
1553	70
1554	61
1555	69
1556	79
1557	69
1558	52
1559	68
1560	78
1561	78
1562	75
1563	79
1564	80
1565	54
1566	70
1567	68
1568	57
1569	68
1570	70
1571	69
1572	81
1573	60
1574	68
1575	51
1576	56
1577	76
1578	65
1579	82
1580	70
1581	63
1582	53
1583	54
1584	71
1585	57
1586	77
1587	76
1588	68
1589	68
1590	74
1591	65
1592	50
1593	71
1594	64
1595	58
1596	51
1597	69
1598	53
1599	82
1600	60
1601	54
1602	65
1603	59
1604	59
1605	50
1606	60
1607	47
1608	54
1609	58
1610	60
1611	55
1612	52
1613	63
1614	58
1615	66
1616	46
1617	57
1618	54
1619	63
1620	47
1621	57
1622	62
1623	62
1624	50
1625	60
1626	67
1627	54
1628	47
1629	47
1630	54
1631	47
1632	50
1633	57
1634	57
1635	53
1636	70
1637	54
1638	54
1639	34
1640	51
1641	50
1642	55
1643	60
1644	40
1645	53
1646	39
1647	46
1648	49
1649	59
1650	39
1651	50
1652	64
1653	47
1654	41
1655	55
1656	57
1657	60
1658	57
1659	61
1660	50
1661	53
1662	45
1663	45
1664	37
1665	58
1666	44
1667	48
1668	53
1669	50
1670	45
1671	45
1672	50
1673	45
1674	55
1675	39
1676	34
1677	52
1678	52
1679	48
1680	49
1681	44
1682	48
1683	41
1684	33
1685	55
1686	37
1687	32
1688	45
1689	37
1690	37
1691	33
1692	49
1693	45
1694	46
1695	47
1696	47
1697	55
1698	40
1699	45
1700	40
1701	39
1702	52
1703	38
1704	43
1705	50
1706	41
1707	35
1708	37
1709	39
1710	52
1711	52
1712	50
1713	51
1714	31
1715	50
1716	38
1717	32
1718	53
1719	33
1720	40
1721	38
1722	50
1723	55
1724	46
1725	51
1726	52
1727	42
1728	48
1729	48
1730	50
1731	40
1732	49
1733	49
1734	44
1735	44
1736	53
1737	39
1738	36
1739	55
1740	41
1741	49
1742	52
1743	44
1744	42
1745	43
1746	44
1747	31
1748	40
1749	42
1750	40
1751	45
1752	40
1753	40
1754	36
1755	30
1756	46
1757	34
1758	47
1759	52
1760	48
1761	39
1762	49
1763	39
1764	41
1765	43
1766	37
1767	38
1768	57
1769	33
1770	44
1771	35
1772	45
1773	33
1774	40
1775	38
1776	38
1777	40
1778	41
1779	48
1780	48
1781	47
1782	36
1783	46
1784	51
1785	38
1786	35
1787	31
1788	39
1789	56
1790	35
1791	36
1792	30
1793	47
1794	44
1795	41
1796	36
1797	49
1798	36
1799	34
1800	34
1801	36
1802	33
1803	29
1804	44
1805	42
1806	26
1807	40
1808	41
1809	40
1810	33
1811	43
1812	42
1813	39
1814	33
1815	41
1816	39
1817	52
1818	33
1819	42
1820	32
1821	42
1822	30
1823	39
1824	37
1825	31
1826	37
1827	36
1828	45
1829	36
1830	45
1831	32
1832	39
1833	37
1834	28
1835	40
1836	36
1837	34
1838	36
1839	39
1840	33
1841	45
1842	38
1843	47
1844	42
1845	33
1846	39
1847	27
1848	36
1849	41
1850	42
1851	33
1852	36
1853	31
1854	32
1855	32
1856	38
1857	51
1858	46
1859	44
1860	27
1861	39
1862	34
1863	28
1864	32
1865	35
1866	27
1867	33
1868	40
1869	28
1870	29
1871	33
1872	32
1873	25
1874	30
1875	34
1876	29
1877	37
1878	29
1879	31
1880	26
1881	32
1882	34
1883	33
1884	26
1885	35
1886	30
1887	24
1888	31
1889	28
1890	32
1891	26
1892	31
1893	33
1894	29
1895	22
1896	37
1897	25
1898	29
1899	34
1900	25
1901	32
1902	29
1903	25
1904	24
1905	19
1906	21
1907	21
1908	35
1909	26
1910	34
1911	32
1912	27
1913	25
1914	28
1915	41
1916	34
1917	22
1918	24
1919	26
1920	25
1921	25
1922	29
1923	26
1924	26
1925	24
1926	29
1927	35
1928	22
1929	27
1930	22
1931	21
1932	30
1933	34
1934	23
1935	25
1936	28
1937	32
1938	24
1939	25
1940	26
1941	20
1942	23
1943	31
1944	29
1945	16
1946	35
1947	30
1948	20
1949	22
1950	27
1951	33
1952	30
1953	34
1954	27
1955	22
1956	27
1957	18
1958	22
1959	28
1960	24
1961	21
1962	32
1963	23
1964	36
1965	24
1966	18
1967	18
1968	16
1969	12
1970	28
1971	32
1972	16
1973	27
1974	36
1975	33
1976	27
1977	19
1978	31
1979	27
1980	27
1981	22
1982	25
1983	16
1984	30
1985	27
1986	24
1987	26
1988	16
1989	12
1990	20
1991	16
1992	20
1993	41
1994	18
1995	27
1996	25
1997	27
1998	36
1999	39
2000	20
2001	24
2002	29
2003	23
2004	21
2005	26
2006	28
2007	22
2008	24
2009	18
2010	34
2011	25
2012	23
2013	21
2014	23
2015	20
2016	25
2017	17
2018	15
2019	17
2020	21
2021	17
2022	19
2023	19
2024	28
2025	26
2026	12
2027	28
2028	31
2029	34
2030	30
2031	27
2032	22
2033	29
2034	39
2035	22
2036	27
2037	20
2038	28
2039	27
2040	24
2041	26
2042	34
2043	39
2044	25
2045	30
2046	35
2047	25
2048	20
2049	23
2050	41
2051	34
2052	34
2053	22
2054	26
2055	26
2056	32
2057	29
2058	43
2059	36
2060	36
2061	33
2062	30
2063	26
2064	29
2065	28
2066	28
2067	35
2068	35
2069	37
2070	38
2071	39
2072	38
2073	43
2074	35
2075	32
2076	35
2077	37
2078	37
2079	38
2080	46
2081	34
2082	43
2083	38
2084	38
2085	42
2086	45
2087	38
2088	54
2089	36
2090	54
2091	43
2092	39
2093	44
2094	47
2095	52
2096	36
2097	52
2098	51
2099	54
2100	39
2101	45
2102	51
2103	46
2104	52
2105	46
2106	54
2107	54
2108	56
2109	51
2110	60
2111	38
2112	42
2113	43
2114	42
2115	57
2116	52
2117	70
2118	44
2119	50
2120	54
2121	77
2122	50
2123	55
2124	57
2125	60
2126	64
2127	67
2128	64
2129	54
2130	66
2131	55
2132	79
2133	66
2134	63
2135	63
2136	70
2137	67
2138	58
2139	66
2140	79
2141	88
2142	57
2143	72
2144	73
2145	75
2146	84
2147	87
2148	86
2149	78
2150	57
2151	54
2152	78
2153	78
2154	73
2155	75
2156	70
2157	102
2158	82
2159	84
2160	78
2161	90
2162	71
2163	89
2164	76
2165	76
2166	76
2167	93
2168	98
2169	96
2170	96
2171	76
2172	89
2173	91
2174	95
2175	92
2176	89
2177	94
2178	96
2179	90
2180	92
2181	83
2182	102
2183	75
2184	90
2185	89
2186	102
2187	93
2188	81
2189	106
2190	82
2191	102
2192	91
2193	93
2194	98
2195	96
2196	96
2197	93
2198	107
2199	102
2200	110
2201	102
2202	92
2203	90
2204	101
2205	73
2206	119
2207	96
2208	96
2209	91
2210	111
2211	109
2212	102
2213	116
2214	100
2215	109
2216	96
2217	106
2218	96
2219	115
2220	108
2221	97
2222	98
2223	121
2224	101
2225	104
2226	115
2227	118
2228	103
2229	106
2230	111
2231	107
2232	117
2233	102
2234	109
2235	114
2236	117
2237	112
2238	123
2239	93
2240	104
2241	117
2242	110
2243	100
2244	89
2245	107
2246	111
2247	122
2248	107
2249	124
2250	128
2251	97
2252	108
2253	115
2254	114
2255	127
2256	108
2257	108
2258	107
2259	115
2260	109
2261	119
2262	101
2263	130
2264	102
2265	108
2266	113
2267	130
2268	102
2269	137
2270	99
2271	114
2272	119
2273	118
2274	120
2275	123
2276	109
2277	116
2278	106
2279	111
2280	123
2281	111
2282	109
2283	141
2284	107
2285	121
2286	108
2287	113
2288	105
2289	103
2290	122
2291	121
2292	141
2293	117
2294	111
2295	106
2296	129
2297	128
2298	129
2299	131
2300	130
2301	145
2302	121
2303	124
2304	125
2305	123
2306	119
2307	127
2308	130
2309	117
2310	110
2311	116
2312	134
2313	126
2314	120
2315	115
2316	123
2317	127
2318	124
2319	150
2320	132
2321	123
2322	119
2323	115
2324	139
2325	145
2326	137
2327	123
2328	143
2329	128
2330	135
2331	127
2332	124
2333	135
2334	147
2335	133
2336	157
2337	134
2338	146
2339	153
2340	141
2341	146
2342	127
2343	153
2344	129
2345	133
2346	180
2347	143
2348	142
2349	152
2350	126
2351	155
2352	154
2353	172
2354	152
2355	147
2356	139
2357	170
2358	172
2359	158
2360	167
2361	166
2362	131
2363	168
2364	145
2365	190
2366	167
2367	139
2368	149
2369	148
2370	154
2371	169
2372	170
2373	162
2374	161
2375	130
2376	206
2377	158
2378	179
2379	163
2380	178
2381	160
2382	169
2383	179
2384	207
2385	181
2386	178
2387	177
2388	168
2389	181
2390	156
2391	162
2392	182
2393	170
2394	193
2395	155
2396	184
2397	189
2398	204
2399	206
2400	170
2401	195
2402	185
2403	208
2404	195
2405	186
2406	231
2407	210
2408	171
2409	204
2410	191
2411	193
2412	200
2413	197
2414	206
2415	209
2416	205
2417	184
2418	164
2419	213
2420	195
2421	186
2422	216
2423	174
2424	199
2425	174
2426	179
2427	214
2428	204
2429	185
2430	217
2431	207
2432	216
2433	206
2434	183
2435	217
2436	196
2437	207
2438	185
2439	199
2440	224
2441	166
2442	207
2443	178
2444	213
2445	203
2446	214
2447	192
2448	227
2449	171
2450	198
2451	192
2452	182
2453	212
2454	178
2455	190
2456	207
2457	199
2458	187
2459	183
2460	207
2461	204
2462	195
2463	200
2464	161
2465	181
2466	211
2467	196
2468	173
2469	224
2470	173
2471	180
2472	211
2473	174
2474	171
2475	218
2476	183
2477	179
2478	181
2479	191
2480	194
2481	171
2482	168
2483	154
2484	180
2485	154
2486	171
2487	180
2488	187
2489	157
2490	174
2491	163
2492	182
2493	195
2494	173
2495	184
2496	164
2497	166
2498	185
2499	159
2500	171
2501	169
2502	188
2503	157
2504	174
2505	144
2506	197
2507	163
2508	166
2509	155
2510	145
2511	145
2512	157
2513	155
2514	134
2515	140
2516	153
2517	150
2518	163
2519	155
2520	159
2521	130
2522	131
2523	156
2524	139
2525	150
2526	134
2527	136
2528	153
2529	121
2530	127
2531	115
2532	146
2533	112
2534	145
2535	137
2536	123
2537	115
2538	140
2539	123
2540	118
2541	139
2542	123
2543	109
2544	135
2545	120
2546	120
2547	106
2548	125
2549	102
2550	105
2551	114
2552	108
2553	112
2554	115
2555	102
2556	87
2557	103
2558	109
2559	101
2560	102
2561	81
2562	101
2563	88
2564	114
2565	98
2566	98
2567	93
2568	103
2569	90
2570	100
2571	96
2572	95
2573	92
2574	87
2575	67
2576	96
2577	81
2578	79
2579	94
2580	79
2581	92
2582	70
2583	80
2584	74
2585	68
2586	70
2587	65
2588	76
2589	74
2590	79
2591	70
2592	52
2593	76
2594	57
2595	59
2596	72
2597	63
2598	61
2599	69
2600	79
2601	59
2602	65
2603	63
2604	48
2605	60
2606	55
2607	58
2608	60
2609	56
2610	59
2611	59
2612	52
2613	51
2614	45
2615	45
2616	59
2617	64
2618	56
2619	51
2620	56
2621	55
2622	49
2623	44
2624	57
2625	58
2626	57
2627	49
2628	66
2629	41
2630	42
2631	55
2632	53
2633	56
2634	46
2635	54
2636	41
2637	35
2638	54
2639	56
2640	65
2641	56
2642	48
2643	53
2644	53
2645	55
2646	50
2647	48
2648	58
2649	51
2650	44
2651	61
2652	57
2653	58
2654	52
2655	47
2656	59
2657	64
2658	59
2659	54
2660	62
2661	51
2662	68
2663	45
2664	52
2665	60
2666	61
2667	53
2668	68
2669	50
2670	59
2671	50
2672	64
2673	61
2674	58
2675	71
2676	76
2677	85
2678	75
2679	74
2680	74
2681	81
2682	83
2683	67
2684	69
2685	69
2686	82
2687	95
2688	89
2689	79
2690	96
2691	66
2692	86
2693	90
2694	94
2695	94
2696	93
2697	88
2698	90
2699	99
2700	98
2701	93
2702	115
2703	113
2704	106
2705	112
2706	121
2707	106
2708	123
2709	106
2710	114
2711	110
2712	124
2713	143
2714	122
2715	117
2716	131
2717	151
2718	143
2719	116
2720	145
2721	143
2722	162
2723	149
2724	172
2725	156
2726	139
2727	166
2728	151
2729	161
2730	167
2731	165
2732	163
2733	184
2734	177
2735	170
2736	158
2737	179
2738	164
2739	176
2740	186
2741	165
2742	190
2743	192
2744	206
2745	199
2746	205
2747	219
2748	204
2749	198
2750	208
2751	216
2752	237
2753	231
2754	230
2755	220
2756	207
2757	240
2758	254
2759	232
2760	219
2761	279
2762	234
2763	237
2764	274
2765	237
2766	259
2767	252
2768	265
2769	243
2770	271
2771	281
2772	275
2773	282
2774	277
2775	310
2776	248
2777	292
2778	273
2779	279
2780	322
2781	294
2782	324
2783	276
2784	280
2785	304
2786	291
2787	319
2788	287
2789	292
2790	330
2791	288
2792	313
2793	341
2794	331
2795	335
2796	314
2797	347
2798	342
2799	319
2800	333
2801	374
2802	346
2803	375
2804	344
2805	365
2806	372
2807	369
2808	363
2809	384
2810	346
2811	409
2812	381
2813	397
2814	382
2815	370
2816	372
2817	383
2818	363
2819	385
2820	391
2821	404
2822	373
2823	399
2824	408
2825	359
2826	414
2827	411
2828	392
2829	390
2830	430
2831	391
2832	422
2833	424
2834	391
2835	460
2836	429
2837	420
2838	398
2839	446
2840	424
2841	414
2842	446
2843	440
2844	485
2845	466
2846	424
2847	444
2848	438
2849	414
2850	474
2851	425
2852	415
2853	477
2854	493
2855	432
2856	512
2857	466
2858	477
2859	444
2860	447
2861	480
2862	501
2863	486
2864	477
2865	489
2866	436
2867	477
2868	414
2869	480
2870	464
2871	476
2872	469
2873	445
2874	514
2875	470
2876	481
2877	433
2878	470
2879	486
2880	446
2881	450
2882	456
2883	516
2884	486
2885	486
2886	475
2887	491
2888	454
2889	494
2890	486
2891	470
2892	502
2893	467
2894	477
2895	515
2896	494
2897	467
2898	467
2899	439
2900	471
2901	476
2902	464
2903	507
2904	447
2905	478
2906	447
2907	471
2908	472
2909	492
2910	488
2911	463
2912	472
2913	456
2914	473
2915	427
2916	396
2917	481
2918	460
2919	456
2920	452
2921	422
2922	446
2923	454
2924	461
2925	450
2926	441
2927	456
2928	424
2929	460
2930	438
2931	425
2932	421
2933	430
2934	458
2935	413
2936	468
2937	440
2938	404
2939	442
2940	449
2941	451
2942	417
2943	447
2944	411
2945	391
2946	378
2947	441
2948	410
2949	428
2950	419
2951	432
2952	417
2953	398
2954	408
2955	417
2956	400
2957	357
2958	392
2959	386
2960	354
2961	392
2962	375
2963	404
2964	366
2965	384
2966	347
2967	367
2968	370
2969	374
2970	384
2971	353
2972	342
2973	347
2974	380
2975	323
2976	359
2977	335
2978	330
2979	348
2980	308
2981	357
2982	337
2983	362
2984	319
2985	298
2986	318
2987	319
2988	291
2989	322
2990	336
2991	327
2992	328
2993	306
2994	341
2995	242
2996	276
2997	332
2998	288
2999	290
3000	304
3001	297
3002	293
3003	251
3004	289
3005	277
3006	277
3007	313
3008	280
3009	283
3010	282
3011	254
3012	253
3013	234
3014	242
3015	242
3016	244
3017	246
3018	218
3019	248
3020	237
3021	250
3022	225
3023	247
3024	194
3025	216
3026	244
3027	222
3028	232
3029	195
3030	217
3031	219
3032	208
3033	232
3034	222
3035	238
3036	213
3037	232
3038	214
3039	190
3040	188
3041	204
3042	189
3043	197
3044	199
3045	190
3046	220
3047	179
3048	194
3049	193
3050	178
3051	177
3052	192
3053	184
3054	154
3055	154
3056	198
3057	164
3058	175
3059	155
3060	163
3061	179
3062	161
3063	199
3064	141
3065	150
3066	135
3067	166
3068	168
3069	142
3070	144
3071	142
3072	146
3073	159
3074	142
3075	136
3076	150
3077	114
3078	160
3079	117
3080	122
3081	126
3082	143
3083	116
3084	136
3085	128
3086	122
3087	145
3088	122
3089	125
3090	137
3091	115
3092	109
3093	99
3094	107
3095	115
3096	99
3097	110
3098	121
3099	103
3100	122
3101	96
3102	108
3103	102
3104	119
3105	117
3106	106
3107	112
3108	96
3109	100
3110	98
3111	90
3112	94
3113	92
3114	81
3115	106
3116	91
3117	119
3118	96
3119	95
3120	89
3121	102
3122	103
3123	80
3124	96
3125	82
3126	87
3127	100
3128	87
3129	81
3130	92
3131	84
3132	84
3133	98
3134	97
3135	83
3136	100
3137	83
3138	107
3139	86
3140	79
3141	87
3142	77
3143	73
3144	78
3145	79
3146	93
3147	84
3148	78
3149	75
3150	81
3151	80
3152	85
3153	66
3154	75
3155	75
3156	86
3157	68
3158	80
3159	80
3160	77
3161	85
3162	71
3163	73
3164	79
3165	63
3166	77
3167	64
3168	73
3169	75
3170	76
3171	59
3172	70
3173	56
3174	69
3175	74
3176	68
3177	69
3178	68
3179	68
3180	75
3181	68
3182	60
3183	79
3184	67
3185	61
3186	72
3187	85
3188	61
3189	57
3190	53
3191	61
3192	65
3193	58
3194	59
3195	62
3196	54
3197	61
3198	45
3199	47
3200	50
3201	70
3202	66
3203	52
3204	44
3205	53
3206	45
3207	49
3208	68
3209	57
3210	65
3211	44
3212	60
3213	42
3214	56
3215	46
3216	49
3217	52
3218	51
3219	51
3220	35
3221	53
3222	43
3223	33
3224	38
3225	39
3226	43
3227	32
3228	47
3229	36
3230	51
3231	52
3232	47
3233	46
3234	41
3235	30
3236	36
3237	37
3238	46
3239	38
3240	40
3241	42
3242	43
3243	45
3244	31
3245	36
3246	48
3247	25
3248	36
3249	29
3250	45
3251	50
3252	39
3253	38
3254	41
3255	37
3256	33
3257	38
3258	36
3259	26
3260	41
3261	36
3262	26
3263	34
3264	27
3265	39
3266	40
3267	30
3268	20
3269	37
3270	27
3271	35
3272	28
3273	24
3274	23
3275	24
3276	21
3277	33
3278	29
3279	28
3280	40
3281	27
3282	23
3283	29
3284	34
3285	25
3286	27
3287	32
3288	27
3289	26
3290	20
3291	26
3292	25
3293	24
3294	24
3295	32
3296	18
3297	23
3298	20
3299	20
3300	24
3301	21
3302	18
3303	17
3304	14
3305	16
3306	19
3307	18
3308	16
3309	19
3310	18
3311	16
3312	20
3313	16
3314	25
3315	12
3316	17
3317	22
3318	13
3319	15
3320	11
3321	18
3322	17
3323	15
3324	6
3325	12
3326	11
3327	12
3328	15
3329	11
3330	9
3331	9
3332	21
3333	10
3334	8
3335	12
3336	10
3337	8
3338	11
3339	11
3340	17
3341	16
3342	8
3343	14
3344	13
3345	13
3346	10
3347	11
3348	12
3349	16
3350	8
3351	15
3352	12
3353	15
3354	14
3355	12
3356	13
3357	12
3358	8
3359	8
3360	6
3361	7
3362	5
3363	5
3364	6
3365	16
3366	7
3367	7
3368	8
3369	8
3370	10
3371	8
3372	7
3373	7
3374	4
3375	13
3376	9
3377	6
3378	11
3379	9
3380	4
3381	10
3382	9
3383	12
3384	5
3385	10
3386	10
3387	7
3388	10
3389	3
3390	7
3391	4
3392	12
3393	5
3394	6
3395	5
3396	3
3397	4
3398	5
3399	6
3400	9
3401	2
3402	7
3403	10
3404	4
3405	9
3406	5
3407	9
3408	9
3409	3
3410	5
3411	5
3412	4
3413	8
3414	3
3415	4
3416	4
3417	3
3418	8
3419	12
3420	4
3421	10
3422	8
3423	4
3424	3
3425	1
3426	4
3427	3
3428	4
3429	3
3430	5
3431	7
3432	6
3433	6
3434	3
3435	4
3436	4
3437	9
3438	5
3439	7
3440	4
3441	5
3442	5
3443	3
3444	6
3445	4
3446	2
3447	6
3448	4
3449	4
3450	0
3451	3
3452	1
3453	10
3454	6
3455	0
3456	6
3457	4
3458	6
3459	10
3460	3
3461	7
3462	5
3463	3
3464	2
3465	3
3466	6
3467	1
3468	7
3469	2
3470	4
3471	4
3472	5
3473	4
3474	4
3475	6
3476	5
3477	6
3478	1
3479	8
3480	6
3481	5
3482	6
3483	2
3484	4
3485	2
3486	2
3487	5
3488	3
3489	2
3490	8
3491	5
3492	4
3493	2
3494	4
3495	7
3496	2
3497	3
3498	8
3499	6
3500	3
3501	6
3502	6
3503	7
3504	6
3505	5
3506	4
3507	3
3508	1
3509	6
3510	4
3511	4
3512	7
3513	4
3514	5
3515	0
3516	5
3517	9
3518	6
3519	2
3520	2
3521	4
3522	7
3523	5
3524	1
3525	4
3526	2
3527	5
3528	8
3529	2
3530	6
3531	4
3532	3
3533	1
3534	6
3535	7
3536	5
3537	8
3538	8
3539	2
3540	6
3541	6
3542	4
3543	7
3544	5
3545	5
3546	5
3547	3
3548	4
3549	5
3550	5
3551	12
3552	7
3553	6
3554	2
3555	4
3556	5
3557	4
3558	6
3559	5
3560	4
3561	8
3562	3
3563	4
3564	6
3565	5
3566	3
3567	5
3568	2
3569	4
3570	4
3571	3
3572	4
3573	4
3574	4
3575	7
3576	4
3577	5
3578	8
3579	5
3580	10
3581	2
3582	3
3583	4
3584	1
3585	5
3586	4
3587	4
3588	4
3589	3
3590	5
3591	12
3592	7
3593	9
3594	7
3595	5
3596	5
3597	5
3598	4
3599	6
3600	8
3601	5
3602	7
3603	10
3604	4
3605	3
3606	5
3607	6
3608	5
3609	0
3610	4
3611	8
3612	7
3613	5
3614	5
3615	5
3616	5
3617	7
3618	8
3619	6
3620	2
3621	1
3622	5
3623	4
3624	2
3625	5
3626	6
3627	1
3628	9
3629	8
3630	5
3631	5
3632	8
3633	2
3634	4
3635	2
3636	4
3637	3
3638	5
3639	1
3640	7
3641	8
3642	5
3643	4
3644	6
3645	8
3646	7
3647	4
3648	2
3649	3
3650	4
3651	4
3652	6
3653	5
3654	5
3655	8
3656	2
3657	6
3658	5
3659	3
3660	4
3661	4
3662	4
3663	5
3664	4
3665	5
3666	6
3667	6
3668	1
3669	2
3670	5
3671	5
3672	2
3673	6
3674	5
3675	4
3676	4
3677	3
3678	5
3679	5
3680	6
3681	11
3682	7
3683	5
3684	6
3685	5
3686	6
3687	6
3688	2
3689	4
3690	8
3691	4
3692	6
3693	2
3694	5
3695	5
3696	9
3697	5
3698	3
3699	4
3700	6
3701	2
3702	1
3703	10
3704	7
3705	0
3706	4
3707	5
3708	3
3709	6
3710	8
3711	6
3712	2
3713	4
3714	7
3715	9
3716	6
3717	5
3718	4
3719	5
3720	4
3721	2
3722	4
3723	3
3724	3
3725	5
3726	7
3727	4
3728	3
3729	2
3730	2
3731	8
3732	5
3733	3
3734	4
3735	5
3736	6
3737	5
3738	1
3739	4
3740	7
3741	2
3742	5
3743	1
3744	6
3745	5
3746	4
3747	7
3748	2
3749	2
3750	2
3751	5
3752	4
3753	2
3754	5
3755	2
3756	0
3757	0
3758	3
3759	3
3760	5
3761	3
3762	5
3763	4
3764	2
3765	4
3766	1
3767	0
3768	3
3769	3
3770	3
3771	2
3772	5
3773	2
3774	2
3775	1
3776	3
3777	3
3778	0
3779	5
3780	5
3781	2
3782	4
3783	2
3784	1
3785	4
3786	5
3787	6
3788	3
3789	5
3790	7
3791	1
3792	6
3793	2
3794	5
3795	6
3796	3
3797	5
3798	0
3799	4
3800	3
3801	5
3802	3
3803	4
3804	4
3805	2
3806	2
3807	4
3808	3
3809	3
3810	8
3811	2
3812	2
3813	2
3814	5
3815	2
3816	0
3817	3
3818	3
3819	2
3820	9
3821	3
3822	6
3823	1
3824	5
3825	5
3826	2
3827	1
3828	4
3829	3
3830	6
3831	4
3832	2
3833	2
3834	5
3835	2
3836	4
3837	2
3838	4
3839	2
3840	2
3841	2
3842	2
3843	2
3844	2
3845	6
3846	1
3847	1
3848	2
3849	0
3850	4
3851	2
3852	2
3853	2
3854	0
3855	5
3856	1
3857	3
3858	1
3859	0
3860	2
3861	2
3862	1
3863	1
3864	7
3865	4
3866	1
3867	3
3868	8
3869	3
3870	5
3871	4
3872	2
3873	2
3874	1
3875	4
3876	4
3877	3
3878	6
3879	1
3880	1
3881	2
3882	3
3883	2
3884	3
3885	3
3886	1
3887	3
3888	3
3889	2
3890	1
3891	1
3892	3
3893	3
3894	2
3895	3
3896	4
3897	7
3898	2
3899	2
3900	0
3901	1
3902	0
3903	1
3904	1
3905	3
3906	1
3907	2
3908	1
3909	5
3910	6
3911	2
3912	4
3913	2
3914	1
3915	2
3916	3
3917	5
3918	2
3919	3
3920	3
3921	4
3922	3
3923	6
3924	1
3925	6
3926	4
3927	3
3928	1
3929	2
3930	2
3931	0
3932	0
3933	1
3934	1
3935	2
3936	0
3937	3
3938	0
3939	0
3940	2
3941	4
3942	2
3943	4
3944	1
3945	0
3946	3
3947	2
3948	3
3949	2
3950	1
3951	4
3952	2
3953	4
3954	2
3955	6
3956	2
3957	3
3958	1
3959	5
3960	3
3961	2
3962	2
3963	1
3964	1
3965	2
3966	3
3967	2
3968	1
3969	1
3970	1
3971	1
3972	4
3973	1
3974	1
3975	1
3976	5
3977	2
3978	3
3979	4
3980	4
3981	2
3982	4
3983	5
3984	4
3985	3
3986	2
3987	3
3988	1
3989	2
3990	2
3991	4
3992	1
3993	3
3994	4
3995	2
3996	1
3997	5
3998	3
3999	3
4000	3
4001	3
4002	2
4003	1
4004	2
4005	4
4006	5
4007	1
4008	2
4009	4
4010	5
4011	3
4012	1
4013	3
4014	3
4015	1
4016	3
4017	2
4018	3
4019	2
4020	1
4021	3
4022	2
4023	1
4024	5
4025	3
4026	4
4027	3
4028	3
4029	2
4030	2
4031	2
4032	3
4033	0
4034	3
4035	4
4036	4
4037	1
4038	3
4039	3
4040	1
4041	0
4042	5
4043	1
4044	4
4045	2
4046	2
4047	2
4048	2
4049	6
4050	6
4051	3
4052	2
4053	4
4054	3
4055	3
4056	3
4057	4
4058	2
4059	5
4060	1
4061	2
4062	1
4063	1
4064	4
4065	5
4066	4
4067	2
4068	3
4069	2
4070	4
4071	7
4072	3
4073	2
4074	0
4075	2
4076	3
4077	1
4078	1
4079	3
4080	4
4081	5
4082	1
4083	0
4084	2
4085	4
4086	2
4087	4
4088	2
4089	3
4090	2
4091	0
4092	1
4093	1
4094	1
4095	4
4096	0
4097	6
4098	5
4099	5
4100	5
4101	3
4102	3
4103	4
4104	3
4105	2
4106	4
4107	5
4108	4
4109	2
4110	2
4111	3
4112	1
4113	1
4114	3
4115	1
4116	4
4117	3
4118	4
4119	3
4120	4
4121	6
4122	2
4123	1
4124	3
4125	2
4126	5
4127	3
4128	5
4129	3
4130	1
4131	2
4132	2
4133	2
4134	5
4135	3
4136	3
4137	0
4138	4
4139	2
4140	2
4141	2
4142	2
4143	1
4144	2
4145	3
4146	0
4147	0
4148	4
4149	2
4150	1
4151	4
4152	3
4153	2
4154	2
4155	2
4156	3
4157	4
4158	3
4159	4
4160	1
4161	0
4162	1
4163	8
4164	4
4165	1
4166	2
4167	3
4168	4
4169	3
4170	3
4171	2
4172	2
4173	1
4174	2
4175	0
4176	4
4177	6
4178	1
4179	3
4180	4
4181	6
4182	2
4183	2
4184	3
4185	3
4186	1
4187	1
4188	4
4189	1
4190	2
4191	2
4192	1
4193	2
4194	6
4195	3
4196	2
4197	2
4198	6
4199	1
4200	4
4201	2
4202	3
4203	4
4204	1
4205	2
4206	1
4207	4
4208	2
4209	2
4210	2
4211	2
4212	2
4213	0
4214	5
4215	3
4216	2
4217	4
4218	4
4219	3
4220	5
4221	3
4222	3
4223	3
4224	0
4225	5
4226	3
4227	4
4228	3
4229	3
4230	4
4231	4
4232	4
4233	4
4234	1
4235	2
4236	1
4237	1
4238	1
4239	4
4240	2
4241	6
4242	2
4243	4
4244	3
4245	4
4246	3
4247	3
4248	2
4249	3
4250	3
4251	2
4252	6
4253	2
4254	2
4255	2
4256	3
4257	2
4258	2
4259	0
4260	2
4261	3
4262	2
4263	2
4264	6
4265	2
4266	3
4267	0
4268	3
4269	3
4270	2
4271	2
4272	3
4273	1
4274	2
4275	2
4276	6
4277	2
4278	3
4279	2
4280	1
4281	2
4282	1
4283	4
4284	2
4285	2
4286	1
4287	1
4288	2
4289	4
4290	1
4291	3
4292	2
4293	5
4294	1
4295	2
4296	2
4297	0
4298	6
4299	5
4300	2
4301	3
4302	3
4303	1
4304	2
4305	3
4306	2
4307	2
4308	2
4309	0
4310	2
4311	3
4312	0
4313	2
4314	1
4315	3
4316	4
4317	4
4318	1
4319	3
4320	1
4321	1
4322	2
4323	0
4324	3
4325	4
4326	1
4327	4
4328	1
4329	1
4330	2
4331	5
4332	2
4333	2
4334	2
4335	0
4336	3
4337	3
4338	2
4339	3
4340	4
4341	5
4342	2
4343	2
4344	3
4345	0
4346	1
4347	4
4348	3
4349	1
4350	2
4351	2
4352	0
4353	3
4354	3
4355	0
4356	1
4357	1
4358	4
4359	5
4360	2
4361	3
4362	5
4363	2
4364	2
4365	1
4366	4
4367	1
4368	2
4369	2
4370	3
4371	2
4372	3
4373	3
4374	2
4375	3
4376	5
4377	0
4378	1
4379	2
4380	2
4381	4
4382	0
4383	1
4384	1
4385	3
4386	1
4387	1
4388	1
4389	3
4390	5
4391	4
4392	3
4393	5
4394	2
4395	2
4396	1
4397	1
4398	2
4399	1
4400	4
4401	1
4402	4
4403	4
4404	2
4405	4
4406	0
4407	1
4408	3
4409	0
4410	5
4411	4
4412	3
4413	1
4414	2
4415	2
4416	4
4417	4
4418	1
4419	2
4420	1
4421	1
4422	1
4423	4
4424	1
4425	2
4426	1
4427	0
4428	3
4429	3
4430	1
4431	4
4432	1
4433	0
4434	2
4435	6
4436	0
4437	1
4438	4
4439	1
4440	2
4441	1
4442	2
4443	4
4444	3
4445	1
4446	3
4447	1
4448	0
4449	1
4450	5
4451	2
4452	4
4453	3
4454	1
4455	1
4456	0
4457	0
4458	8
4459	1
4460	2
4461	2
4462	1
4463	1
4464	1
4465	0
4466	0
4467	3
4468	3
4469	2
4470	2
4471	1
4472	5
4473	1
4474	1
4475	0
4476	2
4477	2
4478	2
4479	4
4480	1
4481	1
4482	2
4483	2
4484	5
4485	2
4486	2
4487	2
4488	0
4489	2
4490	1
4491	3
4492	1
4493	2
4494	1
4495	2
4496	2
4497	3
4498	0
4499	0
4500	0
4501	2
4502	1
4503	2
4504	2
4505	1
4506	2
4507	1
4508	1
4509	2
4510	1
4511	1
4512	4
4513	1
4514	1
4515	3
4516	1
4517	3
4518	0
4519	1
4520	4
4521	2
4522	1
4523	3
4524	2
4525	2
4526	3
4527	1
4528	4
4529	1
4530	2
4531	3
4532	2
4533	0
4534	2
4535	3
4536	3
4537	1
4538	1
4539	3
4540	5
4541	1
4542	0
4543	2
4544	5
4545	1
4546	0
4547	1
4548	3
4549	3
4550	3
4551	1
4552	3
4553	2
4554	4
4555	1
4556	2
4557	3
4558	0
4559	0
4560	3
4561	3
4562	2
4563	3
4564	4
4565	2
4566	4
4567	5
4568	4
4569	1
4570	2
4571	1
4572	2
4573	0
4574	1
4575	1
4576	4
4577	3
4578	2
4579	2
4580	5
4581	1
4582	2
4583	0
4584	1
4585	4
4586	1
4587	3
4588	0
4589	1
4590	3
4591	4
4592	2
4593	4
4594	3
4595	2
4596	3
4597	1
4598	2
4599	2
4600	5
4601	1
4602	1
4603	1
4604	0
4605	3
4606	0
4607	4
4608	1
4609	1
4610	3
4611	2
4612	2
4613	3
4614	2
4615	3
4616	3
4617	3
4618	0
4619	4
4620	1
4621	1
4622	2
4623	1
4624	1
4625	2
4626	3
4627	2
4628	1
4629	2
4630	4
4631	2
4632	2
4633	2
4634	2
4635	3
4636	3
4637	2
4638	1
4639	4
4640	0
4641	0
4642	2
4643	2
4644	2
4645	4
4646	3
4647	5
4648	3
4649	0
4650	1
4651	2
4652	4
4653	2
4654	2
4655	1
4656	2
4657	2
4658	2
4659	2
4660	3
4661	1
4662	3
4663	2
4664	4
4665	2
4666	0
4667	3
4668	3
4669	1
4670	4
4671	3
4672	2
4673	3
4674	5
4675	1
4676	1
4677	2
4678	0
4679	3
4680	1
4681	3
4682	2
4683	7
4684	1
4685	2
4686	2
4687	3
4688	1
4689	1
4690	2
4691	3
4692	2
4693	4
4694	1
4695	2
4696	1
4697	1
4698	2
4699	0
4700	3
4701	0
4702	2
4703	1
4704	3
4705	1
4706	3
4707	1
4708	2
4709	1
4710	2
4711	2
4712	1
4713	3
4714	3
4715	1
4716	2
4717	1
4718	3
4719	3
4720	1
4721	1
4722	2
4723	1
4724	3
4725	0
4726	1
4727	2
4728	1
4729	3
4730	5
4731	1
4732	2
4733	2
4734	3
4735	6
4736	3
4737	5
4738	3
4739	4
4740	0
4741	5
4742	2
4743	2
4744	2
4745	0
4746	2
4747	1
4748	1
4749	3
4750	0
4751	1
4752	1
4753	1
4754	1
4755	4
4756	0
4757	4
4758	2
4759	2
4760	3
4761	3
4762	5
4763	3
4764	4
4765	3
4766	5
4767	4
4768	3
4769	2
4770	3
4771	1
4772	3
4773	1
4774	1
4775	3
4776	4
4777	3
4778	1
4779	6
4780	0
4781	2
4782	2
4783	1
4784	2
4785	1
4786	4
4787	4
4788	2
4789	4
4790	1
4791	6
4792	1
4793	2
4794	1
4795	0
4796	0
4797	2
4798	1
4799	2
4800	1
4801	1
4802	0
4803	2
4804	2
4805	2
4806	3
4807	2
4808	2
4809	1
4810	3
4811	2
4812	3
4813	2
4814	2
4815	3
4816	2
4817	1
4818	3
4819	1
4820	1
4821	6
4822	1
4823	5
4824	0
4825	5
4826	4
4827	2
4828	2
4829	1
4830	2
4831	2
4832	1
4833	3
4834	2
4835	5
4836	2
4837	1
4838	1
4839	0
4840	2
4841	1
4842	3
4843	1
4844	3
4845	2
4846	2
4847	2
4848	4
4849	2
4850	1
4851	2
4852	4
4853	1
4854	4
4855	4
4856	4
4857	3
4858	1
4859	2
4860	2
4861	2
4862	2
4863	3
4864	2
4865	1
4866	4
4867	2
4868	5
4869	1
4870	2
4871	1
4872	2
4873	1
4874	2
4875	3
4876	3
4877	2
4878	3
4879	1
4880	3
4881	2
4882	2
4883	3
4884	2
4885	1
4886	5
4887	2
4888	1
4889	1
4890	4
4891	3
4892	2
4893	4
4894	3
4895	1
4896	5
4897	2
4898	3
4899	2
4900	0
4901	1
4902	3
4903	4
4904	2
4905	6
4906	2
4907	3
4908	3
4909	3
4910	2
4911	2
4912	2
4913	2
4914	3
4915	5
4916	0
4917	2
4918	1
4919	3
4920	3
4921	2
4922	2
4923	2
4924	4
4925	0
4926	5
4927	0
4928	3
4929	2
4930	3
4931	1
4932	0
4933	5
4934	1
4935	5
4936	3
4937	5
4938	4
4939	5
4940	3
4941	2
4942	0
4943	2
4944	2
4945	2
4946	1
4947	2
4948	5
4949	4
4950	2
4951	5
4952	2
4953	5
4954	4
4955	2
4956	4
4957	2
4958	1
4959	6
4960	3
4961	2
4962	2
4963	4
4964	2
4965	2
4966	0
4967	4
4968	7
4969	2
4970	2
4971	2
4972	4
4973	3
4974	3
4975	2
4976	0
4977	3
4978	3
4979	1
4980	1
4981	1
4982	2
4983	1
4984	4
4985	1
4986	0
4987	0
4988	3
4989	2
4990	1
4991	4
4992	2
4993	3
4994	5
4995	5
4996	2
4997	2
4998	0
4999	0
5000	0
5001	0
5002	4
5003	2
5004	1
5005	3
5006	1
5007	1
5008	1
5009	2
5010	2
5011	3
5012	2
5013	3
5014	1
5015	3
5016	3
5017	1
5018	4
5019	3
5020	2
5021	0
5022	0
5023	3
5024	1
5025	3
5026	3
5027	2
5028	5
5029	3
5030	0
5031	2
5032	2
5033	2
5034	2
5035	1
5036	2
5037	3
5038	7
5039	1
5040	0
5041	2
5042	2
5043	2
5044	3
5045	2
5046	0
5047	3
5048	1
5049	1
5050	3
5051	4
5052	2
5053	2
5054	1
5055	5
5056	2
5057	3
5058	2
5059	1
5060	1
5061	4
5062	2
5063	1
5064	0
5065	4
5066	2
5067	5
5068	1
5069	2
5070	3
5071	4
5072	1
5073	5
5074	3
5075	4
5076	2
5077	4
5078	0
5079	5
5080	1
5081	0
5082	3
5083	2
5084	3
5085	2
5086	0
5087	4
5088	1
5089	1
5090	2
5091	2
5092	1
5093	0
5094	2
5095	0
5096	2
5097	3
5098	5
5099	3
5100	1
5101	1
5102	1
5103	1
5104	3
5105	1
5106	4
5107	1
5108	2
5109	3
5110	1
5111	4
5112	1
5113	3
5114	3
5115	1
5116	4
5117	4
5118	2
5119	1
5120	0
5121	5
5122	3
5123	3
5124	0
5125	3
5126	0
5127	3
5128	2
5129	2
5130	3
5131	2
5132	3
5133	0
5134	1
5135	0
5136	2
5137	2
5138	3
5139	2
5140	3
5141	1
5142	2
5143	2
5144	0
5145	2
5146	0
5147	1
5148	2
5149	0
5150	2
5151	1
5152	2
5153	1
5154	2
5155	2
5156	3
5157	1
5158	2
5159	3
5160	3
5161	1
5162	5
5163	1
5164	3
5165	3
5166	3
5167	1
5168	4
5169	1
5170	2
5171	2
5172	0
5173	2
5174	3
5175	1
5176	1
5177	1
5178	1
5179	0
5180	2
5181	3
5182	2
5183	1
5184	1
5185	0
5186	0
5187	2
5188	2
5189	1
5190	1
5191	3
5192	0
5193	1
5194	1
5195	2
5196	3
5197	0
5198	4
5199	1
5200	2
5201	1
5202	1
5203	3
5204	3
5205	0
5206	2
5207	1
5208	2
5209	1
5210	2
5211	0
5212	1
5213	3
5214	1
5215	4
5216	1
5217	2
5218	1
5219	2
5220	2
5221	1
5222	0
5223	1
5224	3
5225	0
5226	1
5227	3
5228	2
5229	0
5230	1
5231	3
5232	0
5233	0
5234	3
5235	4
5236	3
5237	2
5238	2
5239	0
5240	0
5241	3
5242	3
5243	1
5244	2
5245	3
5246	1
5247	0
5248	2
5249	0
5250	2
5251	3
5252	2
5253	1
5254	1
5255	1
5256	1
5257	1
5258	3
5259	0
5260	0
5261	0
5262	1
5263	0
5264	1
5265	1
5266	1
5267	0
5268	2
5269	2
5270	3
5271	1
5272	0
5273	1
5274	1
5275	1
5276	2
5277	0
5278	0
5279	0
5280	4
5281	2
5282	3
5283	4
5284	4
5285	0
5286	2
5287	0
5288	1
5289	2
5290	1
5291	0
5292	2
5293	2
5294	2
5295	2
5296	0
5297	2
5298	0
5299	3
5300	0
5301	1
5302	0
5303	2
5304	2
5305	2
5306	4
5307	0
5308	0
5309	2
5310	1
5311	2
5312	3
5313	2
5314	0
5315	1
5316	1
5317	2
5318	3
5319	0
5320	4
5321	0
5322	1
5323	1
5324	2
5325	1
5326	1
5327	3
5328	1
5329	2
5330	0
5331	2
5332	2
5333	2
5334	1
5335	2
5336	1
5337	0
5338	3
5339	1
5340	0
5341	1
5342	1
5343	4
5344	0
5345	3
5346	1
5347	2
5348	3
5349	3
5350	2
5351	2
5352	4
5353	1
5354	2
5355	0
5356	3
5357	1
5358	2
5359	2
5360	1
5361	0
5362	1
5363	1
5364	2
5365	1
5366	2
5367	4
5368	1
5369	1
5370	4
5371	3
5372	1
5373	3
5374	1
5375	3
5376	1
5377	1
5378	1
5379	0
5380	0
5381	1
5382	2
5383	2
5384	4
5385	1
5386	1
5387	2
5388	1
5389	1
5390	1
5391	2
5392	1
5393	3
5394	1
5395	1
5396	3
5397	1
5398	2
5399	0
5400	1
5401	3
5402	1
5403	4
5404	0
5405	0
5406	0
5407	2
5408	1
5409	0
5410	1
5411	0
5412	1
5413	3
5414	0
5415	1
5416	1
5417	0
5418	0
5419	0
5420	3
5421	0
5422	1
5423	2
5424	2
5425	2
5426	0
5427	2
5428	2
5429	0
5430	2
5431	3
5432	0
5433	1
5434	1
5435	3
5436	2
5437	0
5438	1
5439	2
5440	2
5441	1
5442	4
5443	1
5444	2
5445	2
5446	0
5447	1
5448	5
5449	1
5450	2
5451	2
5452	4
5453	1
5454	3
5455	2
5456	2
5457	4
5458	1
5459	2
5460	0
5461	2
5462	1
5463	0
5464	0
5465	0
5466	3
5467	1
5468	1
5469	2
5470	3
5471	0
5472	1
5473	1
5474	2
5475	3
5476	2
5477	0
5478	3
5479	0
5480	1
5481	1
5482	4
5483	2
5484	1
5485	4
5486	3
5487	1
5488	1
5489	3
5490	1
5491	1
5492	2
5493	3
5494	2
5495	1
5496	3
5497	0
5498	3
5499	3
5500	3
5501	1
5502	0
5503	2
5504	0
5505	0
5506	2
5507	0
5508	2
5509	1
5510	0
5511	0
5512	4
5513	1
5514	1
5515	1
5516	2
5517	1
5518	1
5519	2
5520	5
5521	1
5522	2
5523	1
5524	3
5525	0
5526	1
5527	1
5528	1
5529	2
5530	1
5531	1
5532	0
5533	1
5534	0
5535	2
5536	0
5537	4
5538	3
5539	0
5540	3
5541	0
5542	2
5543	2
5544	1
5545	1
5546	1
5547	2
5548	2
5549	0
5550	1
5551	2
5552	2
5553	1
5554	0
5555	2
5556	2
5557	0
5558	4
5559	2
5560	2
5561	1
5562	1
5563	0
5564	2
5565	1
5566	0
5567	0
5568	2
5569	1
5570	0
5571	3
5572	1
5573	1
5574	0
5575	1
5576	1
5577	1
5578	0
5579	2
5580	0
5581	0
5582	2
5583	2
5584	0
5585	1
5586	2
5587	0
5588	2
5589	0
5590	1
5591	1
5592	0
5593	1
5594	1
5595	2
5596	2
5597	1
5598	2
5599	4
5600	0
5601	2
5602	2
5603	2
5604	0
5605	2
5606	0
5607	2
5608	2
5609	1
5610	3
5611	3
5612	1
5613	2
5614	1
5615	0
5616	1
5617	4
5618	2
5619	2
5620	1
5621	1
5622	4
5623	0
5624	1
5625	0
5626	0
5627	0
5628	0
5629	0
5630	1
5631	1
5632	2
5633	2
5634	2
5635	2
5636	1
5637	2
5638	1
5639	0
5640	0
5641	1
5642	2
5643	0
5644	2
5645	2
5646	4
5647	1
5648	0
5649	0
5650	0
5651	0
5652	2
5653	0
5654	0
5655	5
5656	2
5657	1
5658	2
5659	3
5660	2
5661	3
5662	1
5663	1
5664	1
5665	1
5666	1
5667	3
5668	0
5669	1
5670	0
5671	0
5672	2
5673	1
5674	3
5675	1
5676	3
5677	0
5678	2
5679	2
5680	1
5681	2
5682	0
5683	0
5684	0
5685	1
5686	0
5687	2
5688	2
5689	3
5690	0
5691	1
5692	1
5693	0
5694	2
5695	2
5696	0
5697	6
5698	3
5699	0
5700	0
5701	0
5702	2
5703	3
5704	1
5705	0
5706	4
5707	4
5708	0
5709	0
5710	1
5711	0
5712	1
5713	2
5714	0
5715	2
5716	2
5717	3
5718	1
5719	1
5720	2
5721	0
5722	2
5723	1
5724	1
5725	3
5726	3
5727	2
5728	4
5729	0
5730	0
5731	2
5732	0
5733	3
5734	1
5735	4
5736	0
5737	0
5738	0
5739	2
5740	0
5741	2
5742	0
5743	2
5744	2
5745	3
5746	2
5747	1
5748	3
5749	2
5750	2
5751	2
5752	0
5753	2
5754	2
5755	2
5756	2
5757	2
5758	4
5759	0
5760	1
5761	1
5762	3
5763	1
5764	2
5765	1
5766	3
5767	0
5768	0
5769	1
5770	3
5771	1
5772	2
5773	0
5774	1
5775	1
5776	2
5777	0
5778	1
5779	0
5780	1
5781	1
5782	4
5783	2
5784	3
5785	0
5786	0
5787	2
5788	1
5789	0
5790	3
5791	2
5792	2
5793	2
5794	3
5795	2
5796	1
5797	1
5798	0
5799	1
5800	1
5801	2
5802	1
5803	0
5804	1
5805	2
5806	0
5807	1
5808	3
5809	1
5810	2
5811	0
5812	1
5813	0
5814	5
5815	2
5816	1
5817	0
5818	3
5819	0
5820	1
5821	3
5822	1
5823	0
5824	1
5825	1
5826	1
5827	1
5828	2
5829	0
5830	2
5831	0
5832	0
5833	1
5834	1
5835	2
5836	1
5837	2
5838	4
5839	3
5840	0
5841	3
5842	4
5843	1
5844	2
5845	2
5846	0
5847	0
5848	1
5849	0
5850	1
5851	1
5852	2
5853	0
5854	1
5855	3
5856	1
5857	2
5858	1
5859	0
5860	2
5861	3
5862	0
5863	1
5864	1
5865	1
5866	0
5867	0
5868	2
5869	1
5870	2
5871	0
5872	1
5873	0
5874	0
5875	1
5876	2
5877	3
5878	3
5879	3
5880	2
5881	4
5882	2
5883	3
5884	0
5885	2
5886	0
5887	1
5888	1
5889	2
5890	2
5891	2
5892	2
5893	2
5894	1
5895	4
5896	4
5897	2
5898	1
5899	0
5900	1
5901	1
5902	2
5903	0
5904	3
5905	0
5906	1
5907	1
5908	3
5909	0
5910	3
5911	0
5912	1
5913	0
5914	0
5915	1
5916	1
5917	0
5918	3
5919	3
5920	1
5921	2
5922	0
5923	2
5924	1
5925	1
5926	2
5927	1
5928	2
5929	1
5930	1
5931	0
5932	0
5933	1
5934	1
5935	3
5936	3
5937	2
5938	1
5939	0
5940	2
5941	1
5942	0
5943	1
5944	0
5945	0
5946	1
5947	0
5948	0
5949	0
5950	2
5951	2
5952	0
5953	0
5954	2
5955	1
5956	2
5957	2
5958	0
5959	4
5960	0
5961	1
5962	2
5963	1
5964	1
5965	0
5966	2
5967	1
5968	1
5969	2
5970	2
5971	2
5972	0
5973	0
5974	2
5975	3
5976	0
5977	0
5978	2
5979	0
5980	1
5981	3
5982	2
5983	0
5984	1
5985	0
5986	0
5987	0
5988	0
5989	1
5990	2
5991	2
5992	1
5993	1
5994	2
5995	1
5996	2
5997	2
5998	2
5999	1
6000	2
6001	0
6002	3
6003	1
6004	1
6005	1
6006	1
6007	1
6008	1
6009	2
6010	1
6011	0
6012	3
6013	0
6014	1
6015	2
6016	2
6017	0
6018	1
6019	4
6020	1
6021	1
6022	1
6023	2
6024	2
6025	0
6026	1
6027	0
6028	4
6029	3
6030	1
6031	0
6032	0
6033	3
6034	1
6035	2
6036	1
6037	2
6038	0
6039	0
6040	2
6041	1
6042	2
6043	2
6044	2
6045	0
6046	1
6047	1
6048	2
6049	1
6050	3
6051	1
6052	1
6053	0
6054	2
6055	1
6056	0
6057	2
6058	2
6059	1
6060	1
6061	0
6062	2
6063	3
6064	0
6065	2
6066	1
6067	2
6068	2
6069	1
6070	1
6071	0
6072	1
6073	3
6074	4
6075	0
6076	1
6077	0
6078	2
6079	1
6080	1
6081	2
6082	2
6083	1
6084	0
6085	1
6086	4
6087	0
6088	2
6089	1
6090	1
6091	1
6092	2
6093	1
6094	0
6095	1
6096	3
6097	0
6098	2
6099	0
6100	1
6101	0
6102	2
6103	3
6104	2
6105	0
6106	2
6107	2
6108	1
6109	1
6110	3
6111	2
6112	0
6113	0
6114	1
6115	1
6116	2
6117	1
6118	2
6119	4
6120	0
6121	0
6122	5
6123	1
6124	0
6125	3
6126	0
6127	1
6128	0
6129	3
6130	1
6131	1
6132	1
6133	2
6134	2
6135	1
6136	2
6137	0
6138	2
6139	2
6140	3
6141	4
6142	2
6143	1
6144	2
6145	4
6146	4
6147	4
6148	4
6149	0
6150	0
6151	1
6152	4
6153	2
6154	4
6155	0
6156	4
6157	0
6158	2
6159	3
6160	0
6161	2
6162	0
6163	1
6164	2
6165	0
6166	1
6167	1
6168	3
6169	1
6170	1
6171	1
6172	0
6173	1
6174	0
6175	1
6176	2
6177	2
6178	1
6179	3
6180	0
6181	1
6182	0
6183	2
6184	0
6185	3
6186	1
6187	0
6188	0
6189	1
6190	0
6191	1
6192	1
6193	0
6194	2
6195	0
6196	3
6197	1
6198	3
6199	3
6200	0
6201	3
6202	1
6203	1
6204	0
6205	1
6206	1
6207	0
6208	0
6209	1
6210	1
6211	1
6212	1
6213	0
6214	1
6215	0
6216	0
6217	0
6218	0
6219	2
6220	1
6221	2
6222	1
6223	2
6224	3
6225	2
6226	1
6227	0
6228	1
6229	1
6230	1
6231	1
6232	2
6233	3
6234	0
6235	1
6236	0
6237	1
6238	1
6239	4
6240	2
6241	2
6242	0
6243	1
6244	1
6245	1
6246	0
6247	2
6248	1
6249	2
6250	2
6251	3
6252	2
6253	2
6254	1
6255	0
6256	0
6257	0
6258	0
6259	2
6260	2
6261	1
6262	1
6263	1
6264	2
6265	2
6266	0
6267	2
6268	0
6269	3
6270	5
6271	2
6272	2
6273	4
6274	3
6275	0
6276	1
6277	0
6278	1
6279	0
6280	2
6281	0
6282	2
6283	2
6284	0
6285	0
6286	0
6287	1
6288	2
6289	1
6290	1
6291	1
6292	2
6293	3
6294	0
6295	2
6296	0
6297	2
6298	2
6299	2
6300	1
6301	3
6302	2
6303	0
6304	1
6305	5
6306	2
6307	1
6308	1
6309	1
6310	1
6311	1
6312	0
6313	4
6314	3
6315	2
6316	2
6317	1
6318	0
6319	1
6320	1
6321	1
6322	2
6323	1
6324	1
6325	1
6326	0
6327	0
6328	3
6329	0
6330	0
6331	1
6332	2
6333	1
6334	1
6335	0
6336	0
6337	2
6338	2
6339	0
6340	3
6341	0
6342	1
6343	1
6344	0
6345	2
6346	2
6347	1
6348	4
6349	0
6350	1
6351	1
6352	3
6353	3
6354	0
6355	2
6356	4
6357	2
6358	0
6359	1
6360	2
6361	1
6362	1
6363	2
6364	0
6365	0
6366	1
6367	0
6368	2
6369	2
6370	2
6371	1
6372	2
6373	2
6374	1
6375	1
6376	0
6377	0
6378	1
6379	0
6380	0
6381	2
6382	1
6383	3
6384	0
6385	2
6386	3
6387	0
6388	0
6389	1
6390	5
6391	1
6392	2
6393	1
6394	1
6395	1
6396	2
6397	1
6398	2
6399	1
6400	1
6401	1
6402	1
6403	3
6404	2
6405	0
6406	1
6407	1
6408	0
6409	2
6410	0
6411	1
6412	0
6413	1
6414	0
6415	1
6416	4
6417	2
6418	1
6419	0
6420	0
6421	1
6422	1
6423	0
6424	3
6425	1
6426	2
6427	1
6428	0
6429	1
6430	1
6431	3
6432	0
6433	3
6434	0
6435	2
6436	3
6437	1
6438	4
6439	0
6440	1
6441	1
6442	0
6443	0
6444	0
6445	0
6446	1
6447	0
6448	1
6449	0
6450	1
6451	2
6452	3
6453	3
6454	1
6455	2
6456	1
6457	1
6458	2
6459	0
6460	1
6461	2
6462	1
6463	1
6464	2
6465	2
6466	2
6467	1
6468	1
6469	0
6470	2
6471	1
6472	0
6473	1
6474	2
6475	0
6476	0
6477	3
6478	1
6479	1
6480	2
6481	0
6482	2
6483	2
6484	1
6485	1
6486	1
6487	3
6488	2
6489	0
6490	0
6491	1
6492	0
6493	0
6494	1
6495	0
6496	1
6497	1
6498	1
6499	1
6500	1
6501	2
6502	0
6503	0
6504	0
6505	2
6506	1
6507	0
6508	1
6509	1
6510	1
6511	0
6512	2
6513	3
6514	1
6515	1
6516	1
6517	1
6518	2
6519	3
6520	2
6521	1
6522	0
6523	4
6524	0
6525	1
6526	1
6527	1
6528	2
6529	3
6530	2
6531	1
6532	0
6533	2
6534	0
6535	2
6536	0
6537	1
6538	1
6539	0
6540	2
6541	3
6542	0
6543	0
6544	1
6545	0
6546	1
6547	3
6548	0
6549	1
6550	1
6551	0
6552	2
6553	0
6554	0
6555	2
6556	3
6557	2
6558	2
6559	1
6560	1
6561	1
6562	2
6563	2
6564	1
6565	0
6566	2
6567	1
6568	2
6569	0
6570	0
6571	2
6572	0
6573	3
6574	0
6575	1
6576	1
6577	0
6578	3
6579	1
6580	3
6581	2
6582	2
6583	4
6584	4
6585	2
6586	2
6587	1
6588	1
6589	0
6590	1
6591	1
6592	1
6593	0
6594	0
6595	0
6596	0
6597	2
6598	2
6599	1
6600	0
6601	0
6602	4
6603	1
6604	1
6605	0
6606	2
6607	1
6608	2
6609	3
6610	0
6611	1
6612	0
6613	0
6614	1
6615	1
6616	2
6617	1
6618	1
6619	1
6620	2
6621	0
6622	1
6623	1
6624	0
6625	1
6626	0
6627	1
6628	0
6629	2
6630	2
6631	2
6632	0
6633	0
6634	1
6635	1
6636	3
6637	2
6638	2
6639	1
6640	1
6641	3
6642	1
6643	2
6644	3
6645	0
6646	2
6647	2
6648	1
6649	1
6650	1
6651	0
6652	0
6653	1
6654	0
6655	1
6656	0
6657	1
6658	1
6659	1
6660	3
6661	2
6662	3
6663	0
6664	2
6665	1
6666	0
6667	0
6668	1
6669	2
6670	0
6671	0
6672	3
6673	1
6674	1
6675	0
6676	0
6677	0
6678	2
6679	0
6680	3
6681	1
6682	2
6683	2
6684	0
6685	2
6686	4
6687	0
6688	1
6689	2
6690	3
6691	1
6692	1
6693	1
6694	0
6695	3
6696	0
6697	1
6698	1
6699	0
6700	0
6701	0
6702	1
6703	3
6704	1
6705	0
6706	0
6707	1
6708	1
6709	3
6710	1
6711	0
6712	0
6713	1
6714	0
6715	1
6716	2
6717	3
6718	0
6719	2
6720	1
6721	1
6722	2
6723	2
6724	0
6725	0
6726	2
6727	0
6728	2
6729	0
6730	0
6731	2
6732	0
6733	1
6734	2
6735	1
6736	3
6737	1
6738	4
6739	3
6740	0
6741	2
6742	3
6743	0
6744	0
6745	2
6746	0
6747	0
6748	3
6749	4
6750	1
6751	1
6752	2
6753	1
6754	3
6755	2
6756	2
6757	1
6758	1
6759	2
6760	2
6761	2
6762	2
6763	1
6764	1
6765	3
6766	2
6767	3
6768	1
6769	0
6770	0
6771	0
6772	0
6773	0
6774	0
6775	4
6776	0
6777	0
6778	0
6779	2
6780	2
6781	3
6782	0
6783	2
6784	3
6785	2
6786	0
6787	0
6788	0
6789	1
6790	1
6791	2
6792	2
6793	3
6794	0
6795	2
6796	1
6797	0
6798	4
6799	1
6800	1
6801	2
6802	5
6803	0
6804	3
6805	3
6806	2
6807	0
6808	2
6809	0
6810	0
6811	1
6812	3
6813	2
6814	1
6815	1
6816	2
6817	2
6818	2
6819	2
6820	0
6821	1
6822	1
6823	2
6824	1
6825	0
6826	3
6827	0
6828	1
6829	1
6830	0
6831	2
6832	0
6833	2
6834	1
6835	1
6836	1
6837	1
6838	0
6839	1
6840	0
6841	0
6842	1
6843	0
6844	1
6845	0
6846	1
6847	1
6848	2
6849	3
6850	1
6851	3
6852	2
6853	1
6854	3
6855	0
6856	2
6857	1
6858	3
6859	0
6860	1
6861	3
6862	0
6863	2
6864	2
6865	1
6866	2
6867	1
6868	1
6869	2
6870	1
6871	3
6872	1
6873	1
6874	0
6875	3
6876	2
6877	2
6878	0
6879	1
6880	3
6881	1
6882	0
6883	1
6884	2
6885	1
6886	1
6887	0
6888	1
6889	0
6890	1
6891	1
6892	1
6893	0
6894	0
6895	4
6896	0
6897	1
6898	2
6899	2
6900	1
6901	2
6902	0
6903	2
6904	3
6905	0
6906	0
6907	0
6908	0
6909	0
6910	3
6911	2
6912	2
6913	0
6914	3
6915	1
6916	2
6917	1
6918	0
6919	0
6920	1
6921	1
6922	0
6923	3
6924	3
6925	0
6926	2
6927	0
6928	3
6929	0
6930	1
6931	1
6932	0
6933	0
6934	2
6935	2
6936	2
6937	0
6938	0
6939	3
6940	0
6941	0
6942	1
6943	0
6944	2
6945	1
6946	1
6947	0
6948	0
6949	2
6950	2
6951	0
6952	2
6953	3
6954	1
6955	1
6956	2
6957	2
6958	2
6959	0
6960	0
6961	2
6962	0
6963	1
6964	1
6965	1
6966	0
6967	1
6968	1
6969	2
6970	0
6971	0
6972	0
6973	0
6974	2
6975	0
6976	0
6977	1
6978	0
6979	1
6980	2
6981	0
6982	1
6983	0
6984	0
6985	0
6986	0
6987	2
6988	2
6989	1
6990	0
6991	0
6992	1
6993	0
6994	2
6995	1
6996	4
6997	1
6998	2
6999	1
7000	0
7001	2
7002	1
7003	1
7004	1
7005	1
7006	3
7007	2
7008	3
7009	1
7010	0
7011	1
7012	0
7013	0
7014	2
7015	3
7016	3
7017	0
7018	1
7019	1
7020	0
7021	0
7022	2
7023	0
7024	1
7025	0
7026	0
7027	3
7028	1
7029	0
7030	0
7031	1
7032	0
7033	2
7034	1
7035	1
7036	1
7037	1
7038	3
7039	0
7040	0
7041	1
7042	1
7043	0
7044	0
7045	1
7046	2
7047	2
7048	1
7049	2
7050	1
7051	1
7052	1
7053	2
7054	1
7055	3
7056	0
7057	0
7058	0
7059	0
7060	0
7061	2
7062	1
7063	1
7064	0
7065	2
7066	0
7067	3
7068	1
7069	2
7070	2
7071	1
7072	1
7073	0
7074	2
7075	2
7076	1
7077	0
7078	2
7079	1
7080	0
7081	0
7082	0
7083	2
7084	3
7085	0
7086	0
7087	3
7088	0
7089	2
7090	1
7091	1
7092	1
7093	2
7094	2
7095	1
7096	1
7097	0
7098	3
7099	2
7100	0
7101	1
7102	1
7103	0
7104	1
7105	3
7106	2
7107	0
7108	2
7109	2
7110	0
7111	0
7112	0
7113	0
7114	1
7115	1
7116	1
7117	2
7118	1
7119	1
7120	0
7121	0
7122	0
7123	0
7124	1
7125	2
7126	2
7127	0
7128	0
7129	2
7130	1
7131	0
7132	1
7133	1
7134	1
7135	0
7136	2
7137	1
7138	1
7139	0
7140	0
7141	2
7142	2
7143	1
7144	1
7145	0
7146	0
7147	0
7148	1
7149	0
7150	0
7151	1
7152	1
7153	3
7154	0
7155	0
7156	2
7157	1
7158	1
7159	0
7160	0
7161	0
7162	0
7163	2
7164	0
7165	3
7166	1
7167	0
7168	3
7169	0
7170	1
7171	2
7172	1
7173	1
7174	0
7175	1
7176	0
7177	4
7178	0
7179	3
7180	2
7181	0
7182	0
7183	3
7184	1
7185	0
7186	1
7187	0
7188	0
7189	0
7190	0
7191	1
7192	2
7193	0
7194	3
7195	2
7196	0
7197	2
7198	1
7199	0
7200	2
7201	3
7202	3
7203	2
7204	1
7205	1
7206	1
7207	1
7208	1
7209	2
7210	0
7211	2
7212	1
7213	1
7214	2
7215	0
7216	0
7217	1
7218	0
7219	2
7220	0
7221	0
7222	1
7223	0
7224	0
7225	2
7226	1
7227	0
7228	2
7229	1
7230	0
7231	2
7232	3
7233	0
7234	0
7235	1
7236	1
7237	1
7238	1
7239	0
7240	0
7241	0
7242	0
7243	0
7244	0
7245	1
7246	0
7247	1
7248	2
7249	0
7250	0
7251	3
7252	0
7253	0
7254	1
7255	2
7256	1
7257	0
7258	2
7259	1
7260	1
7261	0
7262	1
7263	0
7264	1
7265	0
7266	1
7267	0
7268	2
7269	1
7270	1
7271	0
7272	3
7273	0
7274	1
7275	0
7276	0
7277	0
7278	0
7279	2
7280	1
7281	3
7282	0
7283	0
7284	2
7285	0
7286	1
7287	2
7288	0
7289	0
7290	1
7291	1
7292	2
7293	1
7294	1
7295	3
7296	2
7297	1
7298	1
7299	1
7300	1
7301	1
7302	0
7303	0
7304	3
7305	1
7306	1
7307	0
7308	1
7309	1
7310	1
7311	0
7312	1
7313	2
7314	1
7315	0
7316	1
7317	2
7318	0
7319	1
7320	1
7321	2
7322	1
7323	6
7324	0
7325	0
7326	3
7327	1
7328	1
7329	2
7330	1
7331	2
7332	2
7333	2
7334	0
7335	1
7336	4
7337	0
7338	0
7339	2
7340	1
7341	5
7342	2
7343	1
7344	4
7345	0
7346	0
7347	0
7348	0
7349	0
7350	2
7351	1
7352	0
7353	1
7354	0
7355	4
7356	1
7357	0
7358	0
7359	1
7360	0
7361	0
7362	0
7363	2
7364	4
7365	0
7366	1
7367	1
7368	1
7369	0
7370	2
7371	4
7372	0
7373	0
7374	2
7375	0
7376	1
7377	2
7378	0
7379	2
7380	0
7381	2
7382	0
7383	0
7384	2
7385	2
7386	1
7387	1
7388	1
7389	0
7390	0
7391	1
7392	2
7393	3
7394	0
7395	4
7396	0
7397	2
7398	3
7399	0
7400	0
7401	1
7402	0
7403	1
7404	1
7405	0
7406	2
7407	0
7408	1
7409	3
7410	1
7411	1
7412	1
7413	2
7414	1
7415	1
7416	0
7417	2
7418	0
7419	1
7420	0
7421	1
7422	1
7423	0
7424	0
7425	0
7426	3
7427	1
7428	2
7429	1
7430	0
7431	1
7432	0
7433	1
7434	0
7435	2
7436	1
7437	0
7438	0
7439	1
7440	0
7441	1
7442	4
7443	1
7444	1
7445	1
7446	0
7447	1
7448	0
7449	1
7450	0
7451	0
7452	0
7453	2
7454	1
7455	1
7456	2
7457	0
7458	1
7459	1
7460	0
7461	0
7462	1
7463	2
7464	3
7465	1
7466	0
7467	1
7468	1
7469	1
7470	2
7471	2
7472	2
7473	2
7474	2
7475	1
7476	1
7477	0
7478	0
7479	3
7480	2
7481	1
7482	2
7483	0
7484	3
7485	1
7486	1
7487	3
7488	0
7489	2
7490	2
7491	1
7492	1
7493	0
7494	0
7495	0
7496	1
7497	0
7498	0
7499	3
7500	0
7501	1
7502	2
7503	0
7504	1
7505	4
7506	1
7507	2
7508	0
7509	2
7510	5
7511	0
7512	3
7513	2
7514	0
7515	2
7516	0
7517	1
7518	1
7519	1
7520	0
7521	2
7522	0
7523	0
7524	1
7525	2
7526	1
7527	1
7528	1
7529	1
7530	3
7531	1
7532	2
7533	1
7534	1
7535	1
7536	0
7537	2
7538	1
7539	2
7540	1
7541	2
7542	2
7543	3
7544	1
7545	1
7546	1
7547	0
7548	0
7549	0
7550	0
7551	0
7552	0
7553	0
7554	0
7555	1
7556	0
7557	0
7558	1
7559	0
7560	1
7561	1
7562	0
7563	1
7564	1
7565	1
7566	1
7567	1
7568	3
7569	0
7570	0
7571	1
7572	0
7573	0
7574	2
7575	1
7576	1
7577	1
7578	0
7579	1
7580	2
7581	0
7582	1
7583	1
7584	1
7585	3
7586	1
7587	0
7588	1
7589	3
7590	0
7591	0
7592	1
7593	2
7594	1
7595	0
7596	0
7597	0
7598	1
7599	1
7600	3
7601	1
7602	0
7603	0
7604	0
7605	2
7606	1
7607	0
7608	0
7609	3
7610	1
7611	2
7612	1
7613	2
7614	1
7615	1
7616	0
7617	1
7618	4
7619	0
7620	3
7621	1
7622	3
7623	1
7624	1
7625	1
7626	2
7627	1
7628	0
7629	0
7630	1
7631	2
7632	1
7633	1
7634	0
7635	0
7636	0
7637	3
7638	0
7639	2
7640	1
7641	0
7642	0
7643	1
7644	1
7645	1
7646	2
7647	1
7648	0
7649	0
7650	0
7651	1
7652	3
7653	0
7654	5
7655	0
7656	1
7657	0
7658	0
7659	0
7660	0
7661	0
7662	1
7663	2
7664	2
7665	2
7666	1
7667	1
7668	1
7669	1
7670	0
7671	0
7672	2
7673	1
7674	0
7675	1
7676	2
7677	0
7678	0
7679	1
7680	2
7681	0
7682	0
7683	0
7684	2
7685	1
7686	2
7687	1
7688	1
7689	1
7690	1
7691	2
7692	0
7693	2
7694	1
7695	2
7696	2
7697	0
7698	1
7699	1
7700	1
7701	2
7702	0
7703	0
7704	0
7705	1
7706	6
7707	0
7708	2
7709	1
7710	1
7711	3
7712	2
7713	1
7714	0
7715	0
7716	1
7717	2
7718	0
7719	0
7720	0
7721	2
7722	0
7723	2
7724	3
7725	0
7726	0
7727	1
7728	0
7729	3
7730	0
7731	1
7732	3
7733	3
7734	1
7735	1
7736	1
7737	0
7738	0
7739	1
7740	1
7741	0
7742	0
7743	0
7744	1
7745	4
7746	0
7747	1
7748	1
7749	1
7750	1
7751	1
7752	0
7753	4
7754	0
7755	1
7756	0
7757	1
7758	0
7759	3
7760	1
7761	1
7762	3
7763	2
7764	3
7765	0
7766	4
7767	1
7768	2
7769	2
7770	1
7771	0
7772	2
7773	0
7774	0
7775	0
7776	1
7777	1
7778	1
7779	0
7780	0
7781	1
7782	2
7783	1
7784	0
7785	0
7786	1
7787	1
7788	0
7789	2
7790	1
7791	1
7792	0
7793	0
7794	0
7795	0
7796	1
7797	0
7798	1
7799	1
7800	1
7801	1
7802	0
7803	1
7804	3
7805	1
7806	2
7807	0
7808	3
7809	0
7810	2
7811	0
7812	1
7813	2
7814	2
7815	0
7816	0
7817	2
7818	0
7819	1
7820	0
7821	1
7822	1
7823	1
7824	0
7825	1
7826	2
7827	1
7828	1
7829	0
7830	0
7831	0
7832	2
7833	1
7834	0
7835	0
7836	2
7837	2
7838	1
7839	0
7840	1
7841	1
7842	1
7843	0
7844	1
7845	1
7846	3
7847	1
7848	2
7849	0
7850	0
7851	1
7852	3
7853	1
7854	1
7855	1
7856	0
7857	2
7858	1
7859	1
7860	1
7861	0
7862	2
7863	0
7864	0
7865	0
7866	3
7867	1
7868	0
7869	0
7870	0
7871	0
7872	1
7873	2
7874	2
7875	0
7876	0
7877	1
7878	1
7879	0
7880	0
7881	1
7882	0
7883	0
7884	1
7885	0
7886	1
7887	0
7888	0
7889	1
7890	1
7891	0
7892	1
7893	1
7894	2
7895	0
7896	1
7897	2
7898	2
7899	0
7900	1
7901	1
7902	5
7903	1
7904	2
7905	1
7906	1
7907	3
7908	4
7909	3
7910	1
7911	1
7912	6
7913	0
7914	3
7915	1
7916	1
7917	1
7918	0
7919	2
7920	0
7921	0
7922	0
7923	1
7924	0
7925	2
7926	0
7927	1
7928	2
7929	1
7930	3
7931	1
7932	1
7933	2
7934	2
7935	3
7936	1
7937	0
7938	3
7939	1
7940	1
7941	1
7942	1
7943	1
7944	1
7945	0
7946	1
7947	1
7948	4
7949	1
7950	2
7951	0
7952	0
7953	2
7954	1
7955	2
7956	1
7957	2
7958	1
7959	3
7960	1
7961	3
7962	1
7963	1
7964	0
7965	1
7966	3
7967	1
7968	3
7969	1
7970	0
7971	2
7972	0
7973	0
7974	0
7975	1
7976	1
7977	1
7978	0
7979	1
7980	1
7981	1
7982	1
7983	1
7984	0
7985	5
7986	2
7987	1
7988	1
7989	3
7990	1
7991	0
7992	0
7993	1
7994	1
7995	0
7996	1
7997	0
7998	0
7999	4
8000	2
8001	0
8002	0
8003	1
8004	2
8005	0
8006	1
8007	1
8008	1
8009	2
8010	0
8011	0
8012	1
8013	1
8014	0
8015	1
8016	1
8017	0
8018	1
8019	2
8020	1
8021	0
8022	0
8023	2
8024	0
8025	1
8026	1
8027	0
8028	2
8029	3
8030	0
8031	2
8032	1
8033	2
8034	0
8035	0
8036	2
8037	0
8038	1
8039	1
8040	2
8041	1
8042	2
8043	0
8044	1
8045	1
8046	1
8047	0
8048	0
8049	1
8050	2
8051	1
8052	2
8053	1
8054	0
8055	0
8056	0
8057	0
8058	0
8059	3
8060	1
8061	1
8062	1
8063	3
8064	1
8065	1
8066	0
8067	2
8068	1
8069	2
8070	0
8071	0
8072	1
8073	2
8074	2
8075	0
8076	0
8077	2
8078	2
8079	3
8080	2
8081	1
8082	1
8083	1
8084	2
8085	3
8086	2
8087	1
8088	0
8089	0
8090	1
8091	0
8092	1
8093	0
8094	0
8095	1
8096	1
8097	0
8098	0
8099	1
8100	2
8101	0
8102	0
8103	1
8104	0
8105	0
8106	1
8107	3
8108	0
8109	0
8110	3
8111	0
8112	0
8113	0
8114	2
8115	0
8116	1
8117	1
8118	1
8119	1
8120	1
8121	0
8122	0
8123	0
8124	0
8125	0
8126	0
8127	1
8128	1
8129	0
8130	1
8131	0
8132	1
8133	3
8134	0
8135	1
8136	2
8137	0
8138	0
8139	2
8140	0
8141	2
8142	1
8143	1
8144	3
8145	2
8146	1
8147	1
8148	2
8149	1
8150	0
8151	1
8152	2
8153	2
8154	1
8155	0
8156	0
8157	3
8158	2
8159	1
8160	0
8161	2
8162	0
8163	3
8164	1
8165	1
8166	0
8167	0
8168	2
8169	0
8170	3
8171	2
8172	1
8173	0
8174	2
8175	1
8176	0
8177	0
8178	1
8179	0
8180	1
8181	0
8182	1
8183	2
8184	2
8185	0
8186	1
8187	0
8188	0
8189	1
8190	1
8191	0


