Digitizer
ch.0:  TRUE 	 ch.1:  FALSE 	 DC offset 0: 0 	 DC offset 1: 0 	 act ch:  0 	trig mode:  FALSE 	 rise time:  8 	 trig mean:  8 	 trig thr 0:  30 	 trig thr 1:  10 	gate mode:  FALSE 	 gate width:  3000 	 pre gate:  352 	 holdoff:  3000 	bsln mean:  16 	 bsln thr:  8 	 noflattime:  3008 	GPO:  2 	 coinc:  FALSE 	 coinc time:  0 
PSAU
ch.0:  TRUE 	 ch.1:  FALSE 	 Vset 0:  54.720001 	 Vset 1:  71.000000 	 Gain0:  32 	 Gain1:  32 	 comp0:  FALSE 	 comp1:  FALSE 	 thr0:  -50.000000 	 thr1:  -15.000000 	 width0:  110 	 width1:  110 	 DOUT0:  TRUE 	 DOUT1:  FALSE 	 outputlevel:  NIM 	 coinc:  FALSE 	 coinc time:  20 

Vmon 0:  54.490002 	 Vmon 1:  0.000000 	 Temp 0:  23.900000 	 Temp 1:  21.000000 	 Temp board:  29.500000 
day&time: 02gen02012223

-22996.500	0.000
-22988.500	0.000
-22980.500	0.000
-22972.499	0.000
-22964.499	0.000
-22956.499	0.000
-22948.499	0.000
-22940.499	0.000
-22932.499	0.000
-22924.498	0.000
-22916.498	0.000
-22908.498	0.000
-22900.498	0.000
-22892.498	0.000
-22884.498	0.000
-22876.497	0.000
-22868.497	0.000
-22860.497	0.000
-22852.497	0.000
-22844.497	0.000
-22836.497	0.000
-22828.496	0.000
-22820.496	0.000
-22812.496	0.000
-22804.496	0.000
-22796.496	0.000
-22788.496	0.000
-22780.495	0.000
-22772.495	0.000
-22764.495	0.000
-22756.495	0.000
-22748.495	0.000
-22740.495	0.000
-22732.494	0.000
-22724.494	0.000
-22716.494	0.000
-22708.494	0.000
-22700.494	0.000
-22692.494	0.000
-22684.493	0.000
-22676.493	0.000
-22668.493	0.000
-22660.493	0.000
-22652.493	0.000
-22644.493	0.000
-22636.492	0.000
-22628.492	0.000
-22620.492	0.000
-22612.492	0.000
-22604.492	0.000
-22596.492	0.000
-22588.491	0.000
-22580.491	0.000
-22572.491	0.000
-22564.491	0.000
-22556.491	0.000
-22548.491	0.000
-22540.490	0.000
-22532.490	0.000
-22524.490	0.000
-22516.490	0.000
-22508.490	0.000
-22500.490	0.000
-22492.489	0.000
-22484.489	0.000
-22476.489	0.000
-22468.489	0.000
-22460.489	0.000
-22452.489	0.000
-22444.488	0.000
-22436.488	0.000
-22428.488	0.000
-22420.488	0.000
-22412.488	0.000
-22404.488	0.000
-22396.487	0.000
-22388.487	0.000
-22380.487	0.000
-22372.487	0.000
-22364.487	0.000
-22356.487	0.000
-22348.486	0.000
-22340.486	0.000
-22332.486	0.000
-22324.486	0.000
-22316.486	0.000
-22308.486	0.000
-22300.485	0.000
-22292.485	0.000
-22284.485	0.000
-22276.485	0.000
-22268.485	0.000
-22260.485	0.000
-22252.484	0.000
-22244.484	0.000
-22236.484	0.000
-22228.484	0.000
-22220.484	0.000
-22212.484	0.000
-22204.483	0.000
-22196.483	0.000
-22188.483	0.000
-22180.483	0.000
-22172.483	0.000
-22164.483	0.000
-22156.482	0.000
-22148.482	0.000
-22140.482	0.000
-22132.482	0.000
-22124.482	0.000
-22116.482	0.000
-22108.481	0.000
-22100.481	0.000
-22092.481	0.000
-22084.481	0.000
-22076.481	0.000
-22068.481	0.000
-22060.480	0.000
-22052.480	0.000
-22044.480	0.000
-22036.480	0.000
-22028.480	0.000
-22020.480	0.000
-22012.479	0.000
-22004.479	0.000
-21996.479	0.000
-21988.479	0.000
-21980.479	0.000
-21972.479	0.000
-21964.478	0.000
-21956.478	0.000
-21948.478	0.000
-21940.478	0.000
-21932.478	0.000
-21924.478	0.000
-21916.477	0.000
-21908.477	0.000
-21900.477	0.000
-21892.477	0.000
-21884.477	0.000
-21876.477	0.000
-21868.476	0.000
-21860.476	0.000
-21852.476	0.000
-21844.476	0.000
-21836.476	0.000
-21828.476	0.000
-21820.475	0.000
-21812.475	0.000
-21804.475	0.000
-21796.475	0.000
-21788.475	0.000
-21780.475	0.000
-21772.474	0.000
-21764.474	0.000
-21756.474	0.000
-21748.474	0.000
-21740.474	0.000
-21732.474	0.000
-21724.473	0.000
-21716.473	0.000
-21708.473	0.000
-21700.473	0.000
-21692.473	0.000
-21684.473	0.000
-21676.472	0.000
-21668.472	0.000
-21660.472	0.000
-21652.472	0.000
-21644.472	0.000
-21636.472	0.000
-21628.471	0.000
-21620.471	0.000
-21612.471	0.000
-21604.471	0.000
-21596.471	0.000
-21588.471	0.000
-21580.470	0.000
-21572.470	0.000
-21564.470	0.000
-21556.470	0.000
-21548.470	0.000
-21540.470	0.000
-21532.469	0.000
-21524.469	0.000
-21516.469	0.000
-21508.469	0.000
-21500.469	0.000
-21492.469	0.000
-21484.468	0.000
-21476.468	0.000
-21468.468	0.000
-21460.468	0.000
-21452.468	0.000
-21444.468	0.000
-21436.467	0.000
-21428.467	0.000
-21420.467	0.000
-21412.467	0.000
-21404.467	0.000
-21396.467	0.000
-21388.466	0.000
-21380.466	0.000
-21372.466	0.000
-21364.466	0.000
-21356.466	0.000
-21348.466	0.000
-21340.465	0.000
-21332.465	0.000
-21324.465	0.000
-21316.465	0.000
-21308.465	0.000
-21300.465	0.000
-21292.464	0.000
-21284.464	0.000
-21276.464	0.000
-21268.464	0.000
-21260.464	0.000
-21252.464	0.000
-21244.463	0.000
-21236.463	0.000
-21228.463	0.000
-21220.463	0.000
-21212.463	0.000
-21204.463	0.000
-21196.462	0.000
-21188.462	0.000
-21180.462	0.000
-21172.462	0.000
-21164.462	0.000
-21156.462	0.000
-21148.461	0.000
-21140.461	0.000
-21132.461	0.000
-21124.461	0.000
-21116.461	0.000
-21108.461	0.000
-21100.460	0.000
-21092.460	0.000
-21084.460	0.000
-21076.460	0.000
-21068.460	0.000
-21060.460	0.000
-21052.459	0.000
-21044.459	0.000
-21036.459	0.000
-21028.459	0.000
-21020.459	0.000
-21012.459	1.000
-21004.458	0.000
-20996.458	0.000
-20988.458	0.000
-20980.458	0.000
-20972.458	0.000
-20964.458	0.000
-20956.457	0.000
-20948.457	0.000
-20940.457	0.000
-20932.457	0.000
-20924.457	0.000
-20916.457	0.000
-20908.456	0.000
-20900.456	0.000
-20892.456	0.000
-20884.456	0.000
-20876.456	0.000
-20868.456	0.000
-20860.455	0.000
-20852.455	0.000
-20844.455	0.000
-20836.455	0.000
-20828.455	0.000
-20820.455	0.000
-20812.454	0.000
-20804.454	0.000
-20796.454	0.000
-20788.454	0.000
-20780.454	0.000
-20772.454	0.000
-20764.453	0.000
-20756.453	0.000
-20748.453	0.000
-20740.453	0.000
-20732.453	0.000
-20724.453	0.000
-20716.452	0.000
-20708.452	0.000
-20700.452	0.000
-20692.452	0.000
-20684.452	1.000
-20676.452	0.000
-20668.451	0.000
-20660.451	0.000
-20652.451	0.000
-20644.451	0.000
-20636.451	0.000
-20628.451	0.000
-20620.450	0.000
-20612.450	0.000
-20604.450	0.000
-20596.450	0.000
-20588.450	0.000
-20580.450	0.000
-20572.449	0.000
-20564.449	0.000
-20556.449	0.000
-20548.449	0.000
-20540.449	0.000
-20532.449	0.000
-20524.448	0.000
-20516.448	0.000
-20508.448	0.000
-20500.448	0.000
-20492.448	0.000
-20484.448	0.000
-20476.447	0.000
-20468.447	0.000
-20460.447	0.000
-20452.447	0.000
-20444.447	0.000
-20436.447	0.000
-20428.446	0.000
-20420.446	0.000
-20412.446	0.000
-20404.446	0.000
-20396.446	0.000
-20388.446	0.000
-20380.445	0.000
-20372.445	0.000
-20364.445	0.000
-20356.445	0.000
-20348.445	0.000
-20340.445	0.000
-20332.444	0.000
-20324.444	0.000
-20316.444	0.000
-20308.444	0.000
-20300.444	0.000
-20292.444	0.000
-20284.443	0.000
-20276.443	0.000
-20268.443	0.000
-20260.443	1.000
-20252.443	0.000
-20244.443	0.000
-20236.442	0.000
-20228.442	0.000
-20220.442	0.000
-20212.442	0.000
-20204.442	0.000
-20196.442	0.000
-20188.441	0.000
-20180.441	0.000
-20172.441	0.000
-20164.441	0.000
-20156.441	0.000
-20148.441	0.000
-20140.440	0.000
-20132.440	0.000
-20124.440	0.000
-20116.440	0.000
-20108.440	0.000
-20100.440	1.000
-20092.439	0.000
-20084.439	0.000
-20076.439	0.000
-20068.439	0.000
-20060.439	0.000
-20052.439	0.000
-20044.438	0.000
-20036.438	0.000
-20028.438	0.000
-20020.438	0.000
-20012.438	0.000
-20004.438	0.000
-19996.437	0.000
-19988.437	0.000
-19980.437	0.000
-19972.437	0.000
-19964.437	0.000
-19956.437	0.000
-19948.436	1.000
-19940.436	0.000
-19932.436	0.000
-19924.436	0.000
-19916.436	0.000
-19908.436	0.000
-19900.435	0.000
-19892.435	0.000
-19884.435	0.000
-19876.435	0.000
-19868.435	0.000
-19860.435	0.000
-19852.434	0.000
-19844.434	0.000
-19836.434	0.000
-19828.434	0.000
-19820.434	0.000
-19812.434	0.000
-19804.433	0.000
-19796.433	0.000
-19788.433	0.000
-19780.433	0.000
-19772.433	0.000
-19764.433	1.000
-19756.432	0.000
-19748.432	0.000
-19740.432	0.000
-19732.432	0.000
-19724.432	0.000
-19716.432	0.000
-19708.431	0.000
-19700.431	1.000
-19692.431	0.000
-19684.431	0.000
-19676.431	0.000
-19668.431	0.000
-19660.430	0.000
-19652.430	0.000
-19644.430	0.000
-19636.430	0.000
-19628.430	0.000
-19620.430	0.000
-19612.429	0.000
-19604.429	0.000
-19596.429	0.000
-19588.429	0.000
-19580.429	1.000
-19572.429	0.000
-19564.428	0.000
-19556.428	0.000
-19548.428	0.000
-19540.428	0.000
-19532.428	0.000
-19524.428	0.000
-19516.427	0.000
-19508.427	0.000
-19500.427	0.000
-19492.427	0.000
-19484.427	0.000
-19476.427	0.000
-19468.426	0.000
-19460.426	0.000
-19452.426	0.000
-19444.426	0.000
-19436.426	0.000
-19428.426	0.000
-19420.425	0.000
-19412.425	0.000
-19404.425	0.000
-19396.425	0.000
-19388.425	0.000
-19380.425	0.000
-19372.424	0.000
-19364.424	0.000
-19356.424	0.000
-19348.424	0.000
-19340.424	0.000
-19332.424	0.000
-19324.423	0.000
-19316.423	0.000
-19308.423	0.000
-19300.423	0.000
-19292.423	0.000
-19284.423	0.000
-19276.422	0.000
-19268.422	0.000
-19260.422	0.000
-19252.422	0.000
-19244.422	0.000
-19236.422	0.000
-19228.421	0.000
-19220.421	0.000
-19212.421	0.000
-19204.421	0.000
-19196.421	0.000
-19188.421	0.000
-19180.420	0.000
-19172.420	0.000
-19164.420	0.000
-19156.420	0.000
-19148.420	0.000
-19140.420	0.000
-19132.419	0.000
-19124.419	0.000
-19116.419	0.000
-19108.419	0.000
-19100.419	0.000
-19092.419	0.000
-19084.418	0.000
-19076.418	0.000
-19068.418	0.000
-19060.418	0.000
-19052.418	0.000
-19044.418	0.000
-19036.417	0.000
-19028.417	0.000
-19020.417	0.000
-19012.417	1.000
-19004.417	0.000
-18996.417	0.000
-18988.416	0.000
-18980.416	0.000
-18972.416	0.000
-18964.416	0.000
-18956.416	0.000
-18948.416	0.000
-18940.415	0.000
-18932.415	1.000
-18924.415	0.000
-18916.415	0.000
-18908.415	0.000
-18900.415	0.000
-18892.414	0.000
-18884.414	0.000
-18876.414	0.000
-18868.414	0.000
-18860.414	0.000
-18852.414	0.000
-18844.413	1.000
-18836.413	0.000
-18828.413	0.000
-18820.413	0.000
-18812.413	0.000
-18804.413	0.000
-18796.412	0.000
-18788.412	0.000
-18780.412	0.000
-18772.412	0.000
-18764.412	0.000
-18756.412	0.000
-18748.411	0.000
-18740.411	0.000
-18732.411	0.000
-18724.411	0.000
-18716.411	0.000
-18708.411	0.000
-18700.410	0.000
-18692.410	1.000
-18684.410	0.000
-18676.410	0.000
-18668.410	0.000
-18660.410	0.000
-18652.409	0.000
-18644.409	1.000
-18636.409	1.000
-18628.409	0.000
-18620.409	0.000
-18612.409	0.000
-18604.408	0.000
-18596.408	0.000
-18588.408	0.000
-18580.408	0.000
-18572.408	0.000
-18564.408	0.000
-18556.407	0.000
-18548.407	0.000
-18540.407	0.000
-18532.407	0.000
-18524.407	0.000
-18516.407	0.000
-18508.406	0.000
-18500.406	0.000
-18492.406	0.000
-18484.406	0.000
-18476.406	0.000
-18468.406	1.000
-18460.405	0.000
-18452.405	0.000
-18444.405	0.000
-18436.405	0.000
-18428.405	0.000
-18420.405	0.000
-18412.404	0.000
-18404.404	0.000
-18396.404	0.000
-18388.404	0.000
-18380.404	0.000
-18372.404	0.000
-18364.403	0.000
-18356.403	0.000
-18348.403	0.000
-18340.403	0.000
-18332.403	0.000
-18324.403	0.000
-18316.402	0.000
-18308.402	0.000
-18300.402	0.000
-18292.402	0.000
-18284.402	0.000
-18276.402	0.000
-18268.401	0.000
-18260.401	0.000
-18252.401	0.000
-18244.401	0.000
-18236.401	0.000
-18228.401	0.000
-18220.400	0.000
-18212.400	0.000
-18204.400	0.000
-18196.400	0.000
-18188.400	0.000
-18180.400	0.000
-18172.399	0.000
-18164.399	0.000
-18156.399	0.000
-18148.399	0.000
-18140.399	0.000
-18132.399	0.000
-18124.398	0.000
-18116.398	0.000
-18108.398	0.000
-18100.398	0.000
-18092.398	0.000
-18084.398	0.000
-18076.397	0.000
-18068.397	0.000
-18060.397	1.000
-18052.397	0.000
-18044.397	0.000
-18036.397	1.000
-18028.396	0.000
-18020.396	0.000
-18012.396	1.000
-18004.396	0.000
-17996.396	0.000
-17988.396	0.000
-17980.395	0.000
-17972.395	0.000
-17964.395	0.000
-17956.395	0.000
-17948.395	0.000
-17940.395	0.000
-17932.394	0.000
-17924.394	0.000
-17916.394	0.000
-17908.394	0.000
-17900.394	0.000
-17892.394	0.000
-17884.393	0.000
-17876.393	0.000
-17868.393	0.000
-17860.393	0.000
-17852.393	0.000
-17844.393	0.000
-17836.392	0.000
-17828.392	0.000
-17820.392	0.000
-17812.392	0.000
-17804.392	0.000
-17796.392	0.000
-17788.391	0.000
-17780.391	0.000
-17772.391	0.000
-17764.391	0.000
-17756.391	0.000
-17748.391	0.000
-17740.390	0.000
-17732.390	0.000
-17724.390	0.000
-17716.390	0.000
-17708.390	0.000
-17700.390	0.000
-17692.389	0.000
-17684.389	0.000
-17676.389	0.000
-17668.389	0.000
-17660.389	0.000
-17652.389	0.000
-17644.388	0.000
-17636.388	0.000
-17628.388	0.000
-17620.388	0.000
-17612.388	0.000
-17604.388	1.000
-17596.387	0.000
-17588.387	0.000
-17580.387	0.000
-17572.387	0.000
-17564.387	0.000
-17556.387	0.000
-17548.386	0.000
-17540.386	0.000
-17532.386	0.000
-17524.386	0.000
-17516.386	0.000
-17508.386	0.000
-17500.385	0.000
-17492.385	0.000
-17484.385	0.000
-17476.385	0.000
-17468.385	0.000
-17460.385	0.000
-17452.384	1.000
-17444.384	0.000
-17436.384	0.000
-17428.384	0.000
-17420.384	0.000
-17412.384	0.000
-17404.383	1.000
-17396.383	0.000
-17388.383	0.000
-17380.383	1.000
-17372.383	1.000
-17364.383	0.000
-17356.382	0.000
-17348.382	0.000
-17340.382	0.000
-17332.382	0.000
-17324.382	0.000
-17316.382	0.000
-17308.381	0.000
-17300.381	0.000
-17292.381	0.000
-17284.381	1.000
-17276.381	1.000
-17268.381	0.000
-17260.380	0.000
-17252.380	0.000
-17244.380	0.000
-17236.380	0.000
-17228.380	0.000
-17220.380	0.000
-17212.379	0.000
-17204.379	0.000
-17196.379	0.000
-17188.379	0.000
-17180.379	0.000
-17172.379	0.000
-17164.378	0.000
-17156.378	1.000
-17148.378	0.000
-17140.378	0.000
-17132.378	0.000
-17124.378	1.000
-17116.377	0.000
-17108.377	0.000
-17100.377	0.000
-17092.377	0.000
-17084.377	0.000
-17076.377	0.000
-17068.376	0.000
-17060.376	0.000
-17052.376	0.000
-17044.376	1.000
-17036.376	0.000
-17028.376	0.000
-17020.375	0.000
-17012.375	0.000
-17004.375	0.000
-16996.375	0.000
-16988.375	0.000
-16980.375	0.000
-16972.374	0.000
-16964.374	0.000
-16956.374	0.000
-16948.374	0.000
-16940.374	0.000
-16932.374	0.000
-16924.373	0.000
-16916.373	0.000
-16908.373	0.000
-16900.373	0.000
-16892.373	0.000
-16884.373	0.000
-16876.372	0.000
-16868.372	0.000
-16860.372	0.000
-16852.372	0.000
-16844.372	0.000
-16836.372	0.000
-16828.371	0.000
-16820.371	0.000
-16812.371	1.000
-16804.371	0.000
-16796.371	0.000
-16788.371	0.000
-16780.370	0.000
-16772.370	0.000
-16764.370	1.000
-16756.370	0.000
-16748.370	0.000
-16740.370	0.000
-16732.369	0.000
-16724.369	0.000
-16716.369	0.000
-16708.369	0.000
-16700.369	2.000
-16692.369	0.000
-16684.368	0.000
-16676.368	0.000
-16668.368	0.000
-16660.368	0.000
-16652.368	0.000
-16644.368	1.000
-16636.367	0.000
-16628.367	0.000
-16620.367	0.000
-16612.367	0.000
-16604.367	0.000
-16596.367	0.000
-16588.366	0.000
-16580.366	0.000
-16572.366	0.000
-16564.366	0.000
-16556.366	0.000
-16548.366	0.000
-16540.365	0.000
-16532.365	0.000
-16524.365	0.000
-16516.365	0.000
-16508.365	0.000
-16500.365	0.000
-16492.364	0.000
-16484.364	0.000
-16476.364	0.000
-16468.364	0.000
-16460.364	0.000
-16452.364	0.000
-16444.363	0.000
-16436.363	0.000
-16428.363	0.000
-16420.363	0.000
-16412.363	0.000
-16404.363	0.000
-16396.362	0.000
-16388.362	0.000
-16380.362	1.000
-16372.362	0.000
-16364.362	0.000
-16356.362	0.000
-16348.361	0.000
-16340.361	0.000
-16332.361	0.000
-16324.361	0.000
-16316.361	0.000
-16308.361	0.000
-16300.360	0.000
-16292.360	0.000
-16284.360	0.000
-16276.360	0.000
-16268.360	0.000
-16260.360	0.000
-16252.359	0.000
-16244.359	0.000
-16236.359	0.000
-16228.359	0.000
-16220.359	0.000
-16212.359	0.000
-16204.358	0.000
-16196.358	0.000
-16188.358	0.000
-16180.358	0.000
-16172.358	0.000
-16164.358	0.000
-16156.357	0.000
-16148.357	0.000
-16140.357	0.000
-16132.357	0.000
-16124.357	1.000
-16116.357	0.000
-16108.356	0.000
-16100.356	0.000
-16092.356	0.000
-16084.356	0.000
-16076.356	1.000
-16068.356	0.000
-16060.355	0.000
-16052.355	0.000
-16044.355	0.000
-16036.355	0.000
-16028.355	0.000
-16020.355	0.000
-16012.354	0.000
-16004.354	0.000
-15996.354	0.000
-15988.354	0.000
-15980.354	0.000
-15972.354	0.000
-15964.353	0.000
-15956.353	0.000
-15948.353	0.000
-15940.353	0.000
-15932.353	0.000
-15924.353	0.000
-15916.352	1.000
-15908.352	0.000
-15900.352	0.000
-15892.352	0.000
-15884.352	0.000
-15876.352	0.000
-15868.351	0.000
-15860.351	0.000
-15852.351	0.000
-15844.351	0.000
-15836.351	0.000
-15828.351	0.000
-15820.350	1.000
-15812.350	0.000
-15804.350	0.000
-15796.350	0.000
-15788.350	0.000
-15780.350	1.000
-15772.349	0.000
-15764.349	0.000
-15756.349	0.000
-15748.349	0.000
-15740.349	0.000
-15732.349	0.000
-15724.348	0.000
-15716.348	0.000
-15708.348	0.000
-15700.348	1.000
-15692.348	0.000
-15684.348	0.000
-15676.347	1.000
-15668.347	0.000
-15660.347	0.000
-15652.347	0.000
-15644.347	2.000
-15636.347	0.000
-15628.346	0.000
-15620.346	3.000
-15612.346	1.000
-15604.346	1.000
-15596.346	0.000
-15588.346	0.000
-15580.345	1.000
-15572.345	1.000
-15564.345	1.000
-15556.345	1.000
-15548.345	3.000
-15540.345	1.000
-15532.344	1.000
-15524.344	2.000
-15516.344	1.000
-15508.344	0.000
-15500.344	1.000
-15492.344	1.000
-15484.343	5.000
-15476.343	0.000
-15468.343	1.000
-15460.343	0.000
-15452.343	1.000
-15444.343	1.000
-15436.342	3.000
-15428.342	1.000
-15420.342	3.000
-15412.342	0.000
-15404.342	1.000
-15396.342	3.000
-15388.341	2.000
-15380.341	3.000
-15372.341	1.000
-15364.341	4.000
-15356.341	3.000
-15348.341	2.000
-15340.340	1.000
-15332.340	1.000
-15324.340	0.000
-15316.340	3.000
-15308.340	2.000
-15300.340	2.000
-15292.339	3.000
-15284.339	5.000
-15276.339	3.000
-15268.339	2.000
-15260.339	7.000
-15252.339	1.000
-15244.338	3.000
-15236.338	4.000
-15228.338	4.000
-15220.338	1.000
-15212.338	1.000
-15204.338	9.000
-15196.337	4.000
-15188.337	4.000
-15180.337	7.000
-15172.337	4.000
-15164.337	9.000
-15156.337	7.000
-15148.336	4.000
-15140.336	3.000
-15132.336	5.000
-15124.336	6.000
-15116.336	3.000
-15108.336	8.000
-15100.335	6.000
-15092.335	5.000
-15084.335	6.000
-15076.335	11.000
-15068.335	5.000
-15060.335	6.000
-15052.334	8.000
-15044.334	10.000
-15036.334	10.000
-15028.334	11.000
-15020.334	11.000
-15012.334	8.000
-15004.333	12.000
-14996.333	12.000
-14988.333	12.000
-14980.333	10.000
-14972.333	5.000
-14964.333	13.000
-14956.332	15.000
-14948.332	12.000
-14940.332	11.000
-14932.332	10.000
-14924.332	11.000
-14916.332	16.000
-14908.331	11.000
-14900.331	16.000
-14892.331	20.000
-14884.331	21.000
-14876.331	23.000
-14868.331	19.000
-14860.330	25.000
-14852.330	21.000
-14844.330	16.000
-14836.330	20.000
-14828.330	24.000
-14820.330	14.000
-14812.329	20.000
-14804.329	17.000
-14796.329	17.000
-14788.329	24.000
-14780.329	20.000
-14772.329	25.000
-14764.328	24.000
-14756.328	23.000
-14748.328	23.000
-14740.328	37.000
-14732.328	31.000
-14724.328	38.000
-14716.327	25.000
-14708.327	36.000
-14700.327	44.000
-14692.327	34.000
-14684.327	31.000
-14676.327	29.000
-14668.326	29.000
-14660.326	36.000
-14652.326	31.000
-14644.326	40.000
-14636.326	32.000
-14628.326	36.000
-14620.325	41.000
-14612.325	41.000
-14604.325	35.000
-14596.325	33.000
-14588.325	46.000
-14580.325	34.000
-14572.324	47.000
-14564.324	47.000
-14556.324	42.000
-14548.324	60.000
-14540.324	30.000
-14532.324	41.000
-14524.323	47.000
-14516.323	53.000
-14508.323	53.000
-14500.323	57.000
-14492.323	49.000
-14484.323	49.000
-14476.322	36.000
-14468.322	46.000
-14460.322	60.000
-14452.322	62.000
-14444.322	67.000
-14436.322	62.000
-14428.321	53.000
-14420.321	56.000
-14412.321	61.000
-14404.321	50.000
-14396.321	43.000
-14388.321	55.000
-14380.320	58.000
-14372.320	51.000
-14364.320	52.000
-14356.320	58.000
-14348.320	60.000
-14340.320	68.000
-14332.319	72.000
-14324.319	69.000
-14316.319	56.000
-14308.319	54.000
-14300.319	64.000
-14292.319	64.000
-14284.318	72.000
-14276.318	68.000
-14268.318	58.000
-14260.318	67.000
-14252.318	66.000
-14244.318	65.000
-14236.317	62.000
-14228.317	56.000
-14220.317	77.000
-14212.317	74.000
-14204.317	66.000
-14196.317	59.000
-14188.316	83.000
-14180.316	72.000
-14172.316	60.000
-14164.316	83.000
-14156.316	85.000
-14148.316	85.000
-14140.315	72.000
-14132.315	72.000
-14124.315	80.000
-14116.315	73.000
-14108.315	77.000
-14100.315	92.000
-14092.314	72.000
-14084.314	67.000
-14076.314	81.000
-14068.314	61.000
-14060.314	61.000
-14052.314	73.000
-14044.313	74.000
-14036.313	74.000
-14028.313	73.000
-14020.313	66.000
-14012.313	81.000
-14004.313	84.000
-13996.312	59.000
-13988.312	82.000
-13980.312	83.000
-13972.312	78.000
-13964.312	61.000
-13956.312	69.000
-13948.311	72.000
-13940.311	72.000
-13932.311	70.000
-13924.311	85.000
-13916.311	72.000
-13908.311	68.000
-13900.310	94.000
-13892.310	91.000
-13884.310	73.000
-13876.310	77.000
-13868.310	77.000
-13860.310	79.000
-13852.309	92.000
-13844.309	55.000
-13836.309	89.000
-13828.309	79.000
-13820.309	88.000
-13812.309	77.000
-13804.308	76.000
-13796.308	80.000
-13788.308	62.000
-13780.308	75.000
-13772.308	70.000
-13764.308	78.000
-13756.307	75.000
-13748.307	81.000
-13740.307	97.000
-13732.307	62.000
-13724.307	81.000
-13716.307	63.000
-13708.306	74.000
-13700.306	75.000
-13692.306	76.000
-13684.306	76.000
-13676.306	78.000
-13668.306	70.000
-13660.305	58.000
-13652.305	71.000
-13644.305	74.000
-13636.305	69.000
-13628.305	71.000
-13620.305	72.000
-13612.304	67.000
-13604.304	65.000
-13596.304	53.000
-13588.304	79.000
-13580.304	55.000
-13572.304	62.000
-13564.303	65.000
-13556.303	44.000
-13548.303	59.000
-13540.303	63.000
-13532.303	75.000
-13524.303	76.000
-13516.302	57.000
-13508.302	55.000
-13500.302	51.000
-13492.302	61.000
-13484.302	57.000
-13476.302	61.000
-13468.301	61.000
-13460.301	58.000
-13452.301	61.000
-13444.301	51.000
-13436.301	51.000
-13428.301	68.000
-13420.300	48.000
-13412.300	62.000
-13404.300	42.000
-13396.300	52.000
-13388.300	44.000
-13380.300	44.000
-13372.299	50.000
-13364.299	59.000
-13356.299	43.000
-13348.299	43.000
-13340.299	46.000
-13332.299	48.000
-13324.298	35.000
-13316.298	40.000
-13308.298	45.000
-13300.298	42.000
-13292.298	43.000
-13284.298	50.000
-13276.297	39.000
-13268.297	32.000
-13260.297	50.000
-13252.297	37.000
-13244.297	51.000
-13236.297	42.000
-13228.296	41.000
-13220.296	33.000
-13212.296	34.000
-13204.296	40.000
-13196.296	41.000
-13188.296	38.000
-13180.295	39.000
-13172.295	41.000
-13164.295	43.000
-13156.295	33.000
-13148.295	29.000
-13140.295	32.000
-13132.294	42.000
-13124.294	24.000
-13116.294	32.000
-13108.294	31.000
-13100.294	27.000
-13092.294	32.000
-13084.293	23.000
-13076.293	32.000
-13068.293	37.000
-13060.293	25.000
-13052.293	23.000
-13044.293	27.000
-13036.292	25.000
-13028.292	22.000
-13020.292	15.000
-13012.292	26.000
-13004.292	27.000
-12996.292	33.000
-12988.291	30.000
-12980.291	21.000
-12972.291	35.000
-12964.291	27.000
-12956.291	31.000
-12948.291	29.000
-12940.290	18.000
-12932.290	27.000
-12924.290	21.000
-12916.290	20.000
-12908.290	18.000
-12900.290	25.000
-12892.289	29.000
-12884.289	21.000
-12876.289	18.000
-12868.289	13.000
-12860.289	14.000
-12852.289	16.000
-12844.288	17.000
-12836.288	10.000
-12828.288	15.000
-12820.288	22.000
-12812.288	14.000
-12804.288	15.000
-12796.287	16.000
-12788.287	13.000
-12780.287	14.000
-12772.287	16.000
-12764.287	15.000
-12756.287	16.000
-12748.286	15.000
-12740.286	11.000
-12732.286	17.000
-12724.286	21.000
-12716.286	14.000
-12708.286	12.000
-12700.285	12.000
-12692.285	10.000
-12684.285	16.000
-12676.285	11.000
-12668.285	9.000
-12660.285	15.000
-12652.284	6.000
-12644.284	10.000
-12636.284	12.000
-12628.284	8.000
-12620.284	13.000
-12612.284	12.000
-12604.283	7.000
-12596.283	4.000
-12588.283	12.000
-12580.283	11.000
-12572.283	13.000
-12564.283	13.000
-12556.282	14.000
-12548.282	10.000
-12540.282	11.000
-12532.282	6.000
-12524.282	10.000
-12516.282	9.000
-12508.281	9.000
-12500.281	11.000
-12492.281	4.000
-12484.281	10.000
-12476.281	4.000
-12468.281	7.000
-12460.280	9.000
-12452.280	6.000
-12444.280	9.000
-12436.280	15.000
-12428.280	11.000
-12420.280	3.000
-12412.279	13.000
-12404.279	12.000
-12396.279	10.000
-12388.279	10.000
-12380.279	8.000
-12372.279	13.000
-12364.278	7.000
-12356.278	6.000
-12348.278	8.000
-12340.278	6.000
-12332.278	7.000
-12324.278	9.000
-12316.277	8.000
-12308.277	4.000
-12300.277	4.000
-12292.277	8.000
-12284.277	12.000
-12276.277	6.000
-12268.276	7.000
-12260.276	6.000
-12252.276	4.000
-12244.276	6.000
-12236.276	5.000
-12228.276	7.000
-12220.275	4.000
-12212.275	5.000
-12204.275	6.000
-12196.275	7.000
-12188.275	7.000
-12180.275	4.000
-12172.274	3.000
-12164.274	6.000
-12156.274	1.000
-12148.274	5.000
-12140.274	6.000
-12132.274	2.000
-12124.273	11.000
-12116.273	6.000
-12108.273	2.000
-12100.273	11.000
-12092.273	8.000
-12084.273	6.000
-12076.272	6.000
-12068.272	6.000
-12060.272	8.000
-12052.272	4.000
-12044.272	9.000
-12036.272	6.000
-12028.271	7.000
-12020.271	6.000
-12012.271	7.000
-12004.271	4.000
-11996.271	4.000
-11988.271	7.000
-11980.270	7.000
-11972.270	6.000
-11964.270	5.000
-11956.270	7.000
-11948.270	6.000
-11940.270	4.000
-11932.269	10.000
-11924.269	3.000
-11916.269	4.000
-11908.269	9.000
-11900.269	6.000
-11892.269	3.000
-11884.268	5.000
-11876.268	7.000
-11868.268	1.000
-11860.268	6.000
-11852.268	6.000
-11844.268	6.000
-11836.267	5.000
-11828.267	4.000
-11820.267	9.000
-11812.267	5.000
-11804.267	4.000
-11796.267	12.000
-11788.266	8.000
-11780.266	5.000
-11772.266	2.000
-11764.266	5.000
-11756.266	4.000
-11748.266	8.000
-11740.265	7.000
-11732.265	6.000
-11724.265	9.000
-11716.265	6.000
-11708.265	3.000
-11700.265	7.000
-11692.264	3.000
-11684.264	5.000
-11676.264	13.000
-11668.264	2.000
-11660.264	4.000
-11652.264	3.000
-11644.263	9.000
-11636.263	4.000
-11628.263	4.000
-11620.263	8.000
-11612.263	4.000
-11604.263	6.000
-11596.262	7.000
-11588.262	5.000
-11580.262	2.000
-11572.262	6.000
-11564.262	8.000
-11556.262	4.000
-11548.261	6.000
-11540.261	8.000
-11532.261	6.000
-11524.261	2.000
-11516.261	5.000
-11508.261	5.000
-11500.260	8.000
-11492.260	5.000
-11484.260	6.000
-11476.260	5.000
-11468.260	9.000
-11460.260	6.000
-11452.259	3.000
-11444.259	8.000
-11436.259	7.000
-11428.259	8.000
-11420.259	10.000
-11412.259	6.000
-11404.258	3.000
-11396.258	7.000
-11388.258	9.000
-11380.258	11.000
-11372.258	10.000
-11364.258	5.000
-11356.257	6.000
-11348.257	9.000
-11340.257	9.000
-11332.257	7.000
-11324.257	4.000
-11316.257	8.000
-11308.256	5.000
-11300.256	7.000
-11292.256	4.000
-11284.256	5.000
-11276.256	3.000
-11268.256	6.000
-11260.255	9.000
-11252.255	6.000
-11244.255	8.000
-11236.255	2.000
-11228.255	7.000
-11220.255	10.000
-11212.254	6.000
-11204.254	4.000
-11196.254	3.000
-11188.254	6.000
-11180.254	6.000
-11172.254	11.000
-11164.253	9.000
-11156.253	4.000
-11148.253	4.000
-11140.253	10.000
-11132.253	4.000
-11124.253	13.000
-11116.252	6.000
-11108.252	6.000
-11100.252	6.000
-11092.252	11.000
-11084.252	8.000
-11076.252	12.000
-11068.251	10.000
-11060.251	11.000
-11052.251	13.000
-11044.251	5.000
-11036.251	13.000
-11028.251	12.000
-11020.250	16.000
-11012.250	12.000
-11004.250	10.000
-10996.250	8.000
-10988.250	13.000
-10980.250	6.000
-10972.249	9.000
-10964.249	10.000
-10956.249	9.000
-10948.249	10.000
-10940.249	10.000
-10932.249	7.000
-10924.248	18.000
-10916.248	7.000
-10908.248	7.000
-10900.248	12.000
-10892.248	9.000
-10884.248	15.000
-10876.247	13.000
-10868.247	11.000
-10860.247	12.000
-10852.247	11.000
-10844.247	13.000
-10836.247	9.000
-10828.246	12.000
-10820.246	9.000
-10812.246	10.000
-10804.246	13.000
-10796.246	14.000
-10788.246	5.000
-10780.245	14.000
-10772.245	16.000
-10764.245	12.000
-10756.245	14.000
-10748.245	9.000
-10740.245	16.000
-10732.244	11.000
-10724.244	15.000
-10716.244	12.000
-10708.244	15.000
-10700.244	20.000
-10692.244	21.000
-10684.243	16.000
-10676.243	16.000
-10668.243	14.000
-10660.243	17.000
-10652.243	12.000
-10644.243	11.000
-10636.242	10.000
-10628.242	15.000
-10620.242	16.000
-10612.242	19.000
-10604.242	17.000
-10596.242	23.000
-10588.241	12.000
-10580.241	22.000
-10572.241	17.000
-10564.241	18.000
-10556.241	13.000
-10548.241	21.000
-10540.240	21.000
-10532.240	23.000
-10524.240	15.000
-10516.240	24.000
-10508.240	9.000
-10500.240	23.000
-10492.239	25.000
-10484.239	21.000
-10476.239	13.000
-10468.239	26.000
-10460.239	25.000
-10452.239	15.000
-10444.238	25.000
-10436.238	21.000
-10428.238	23.000
-10420.238	20.000
-10412.238	21.000
-10404.238	27.000
-10396.237	24.000
-10388.237	24.000
-10380.237	15.000
-10372.237	34.000
-10364.237	16.000
-10356.237	21.000
-10348.236	31.000
-10340.236	22.000
-10332.236	27.000
-10324.236	23.000
-10316.236	27.000
-10308.236	30.000
-10300.235	19.000
-10292.235	30.000
-10284.235	27.000
-10276.235	30.000
-10268.235	28.000
-10260.235	26.000
-10252.234	30.000
-10244.234	25.000
-10236.234	29.000
-10228.234	35.000
-10220.234	25.000
-10212.234	34.000
-10204.233	30.000
-10196.233	30.000
-10188.233	41.000
-10180.233	26.000
-10172.233	35.000
-10164.233	31.000
-10156.232	21.000
-10148.232	35.000
-10140.232	34.000
-10132.232	44.000
-10124.232	35.000
-10116.232	38.000
-10108.231	30.000
-10100.231	41.000
-10092.231	30.000
-10084.231	37.000
-10076.231	28.000
-10068.231	35.000
-10060.230	29.000
-10052.230	25.000
-10044.230	35.000
-10036.230	31.000
-10028.230	45.000
-10020.230	23.000
-10012.229	33.000
-10004.229	39.000
-9996.229	35.000
-9988.229	34.000
-9980.229	40.000
-9972.229	39.000
-9964.228	40.000
-9956.228	31.000
-9948.228	36.000
-9940.228	48.000
-9932.228	36.000
-9924.228	31.000
-9916.227	45.000
-9908.227	39.000
-9900.227	40.000
-9892.227	28.000
-9884.227	41.000
-9876.227	45.000
-9868.226	42.000
-9860.226	46.000
-9852.226	35.000
-9844.226	39.000
-9836.226	47.000
-9828.226	36.000
-9820.225	42.000
-9812.225	47.000
-9804.225	48.000
-9796.225	50.000
-9788.225	47.000
-9780.225	44.000
-9772.224	33.000
-9764.224	28.000
-9756.224	53.000
-9748.224	43.000
-9740.224	40.000
-9732.224	46.000
-9724.223	48.000
-9716.223	49.000
-9708.223	46.000
-9700.223	50.000
-9692.223	49.000
-9684.223	36.000
-9676.222	39.000
-9668.222	42.000
-9660.222	54.000
-9652.222	42.000
-9644.222	52.000
-9636.222	66.000
-9628.221	47.000
-9620.221	51.000
-9612.221	53.000
-9604.221	39.000
-9596.221	56.000
-9588.221	41.000
-9580.220	42.000
-9572.220	40.000
-9564.220	50.000
-9556.220	35.000
-9548.220	48.000
-9540.220	49.000
-9532.219	70.000
-9524.219	43.000
-9516.219	41.000
-9508.219	47.000
-9500.219	39.000
-9492.219	35.000
-9484.218	60.000
-9476.218	40.000
-9468.218	46.000
-9460.218	59.000
-9452.218	59.000
-9444.218	43.000
-9436.217	44.000
-9428.217	60.000
-9420.217	58.000
-9412.217	40.000
-9404.217	54.000
-9396.217	49.000
-9388.216	53.000
-9380.216	46.000
-9372.216	47.000
-9364.216	56.000
-9356.216	41.000
-9348.216	48.000
-9340.215	43.000
-9332.215	55.000
-9324.215	55.000
-9316.215	57.000
-9308.215	51.000
-9300.215	51.000
-9292.214	70.000
-9284.214	60.000
-9276.214	54.000
-9268.214	47.000
-9260.214	51.000
-9252.214	61.000
-9244.213	45.000
-9236.213	55.000
-9228.213	68.000
-9220.213	54.000
-9212.213	62.000
-9204.213	39.000
-9196.212	46.000
-9188.212	58.000
-9180.212	63.000
-9172.212	56.000
-9164.212	49.000
-9156.212	40.000
-9148.211	50.000
-9140.211	62.000
-9132.211	43.000
-9124.211	39.000
-9116.211	48.000
-9108.211	56.000
-9100.210	64.000
-9092.210	62.000
-9084.210	54.000
-9076.210	63.000
-9068.210	44.000
-9060.210	54.000
-9052.209	51.000
-9044.209	44.000
-9036.209	54.000
-9028.209	58.000
-9020.209	39.000
-9012.209	60.000
-9004.208	45.000
-8996.208	58.000
-8988.208	55.000
-8980.208	48.000
-8972.208	61.000
-8964.208	47.000
-8956.207	46.000
-8948.207	68.000
-8940.207	62.000
-8932.207	68.000
-8924.207	53.000
-8916.207	56.000
-8908.206	50.000
-8900.206	50.000
-8892.206	53.000
-8884.206	58.000
-8876.206	48.000
-8868.206	49.000
-8860.205	60.000
-8852.205	46.000
-8844.205	47.000
-8836.205	60.000
-8828.205	60.000
-8820.205	39.000
-8812.204	48.000
-8804.204	42.000
-8796.204	58.000
-8788.204	59.000
-8780.204	59.000
-8772.204	55.000
-8764.203	57.000
-8756.203	68.000
-8748.203	58.000
-8740.203	42.000
-8732.203	54.000
-8724.203	52.000
-8716.202	66.000
-8708.202	61.000
-8700.202	61.000
-8692.202	51.000
-8684.202	65.000
-8676.202	51.000
-8668.201	60.000
-8660.201	54.000
-8652.201	60.000
-8644.201	49.000
-8636.201	64.000
-8628.201	49.000
-8620.200	52.000
-8612.200	60.000
-8604.200	54.000
-8596.200	59.000
-8588.200	52.000
-8580.200	56.000
-8572.199	53.000
-8564.199	52.000
-8556.199	56.000
-8548.199	43.000
-8540.199	44.000
-8532.199	39.000
-8524.198	48.000
-8516.198	63.000
-8508.198	46.000
-8500.198	52.000
-8492.198	47.000
-8484.198	56.000
-8476.197	51.000
-8468.197	60.000
-8460.197	62.000
-8452.197	56.000
-8444.197	49.000
-8436.197	49.000
-8428.196	54.000
-8420.196	54.000
-8412.196	75.000
-8404.196	58.000
-8396.196	57.000
-8388.196	58.000
-8380.195	57.000
-8372.195	51.000
-8364.195	43.000
-8356.195	62.000
-8348.195	45.000
-8340.195	65.000
-8332.194	58.000
-8324.194	58.000
-8316.194	59.000
-8308.194	56.000
-8300.194	51.000
-8292.194	38.000
-8284.193	49.000
-8276.193	61.000
-8268.193	43.000
-8260.193	62.000
-8252.193	49.000
-8244.193	52.000
-8236.192	50.000
-8228.192	45.000
-8220.192	70.000
-8212.192	50.000
-8204.192	44.000
-8196.192	58.000
-8188.191	55.000
-8180.191	62.000
-8172.191	50.000
-8164.191	59.000
-8156.191	71.000
-8148.191	47.000
-8140.190	49.000
-8132.190	40.000
-8124.190	67.000
-8116.190	47.000
-8108.190	72.000
-8100.190	73.000
-8092.189	81.000
-8084.189	72.000
-8076.189	62.000
-8068.189	68.000
-8060.189	49.000
-8052.189	50.000
-8044.188	63.000
-8036.188	70.000
-8028.188	70.000
-8020.188	63.000
-8012.188	49.000
-8004.188	62.000
-7996.187	65.000
-7988.187	57.000
-7980.187	57.000
-7972.187	58.000
-7964.187	47.000
-7956.187	57.000
-7948.186	57.000
-7940.186	47.000
-7932.186	71.000
-7924.186	66.000
-7916.186	37.000
-7908.186	64.000
-7900.185	51.000
-7892.185	54.000
-7884.185	64.000
-7876.185	64.000
-7868.185	56.000
-7860.185	61.000
-7852.184	68.000
-7844.184	61.000
-7836.184	58.000
-7828.184	64.000
-7820.184	56.000
-7812.184	68.000
-7804.183	54.000
-7796.183	66.000
-7788.183	68.000
-7780.183	66.000
-7772.183	65.000
-7764.183	59.000
-7756.182	65.000
-7748.182	64.000
-7740.182	56.000
-7732.182	70.000
-7724.182	63.000
-7716.182	59.000
-7708.181	73.000
-7700.181	64.000
-7692.181	70.000
-7684.181	70.000
-7676.181	63.000
-7668.181	63.000
-7660.180	67.000
-7652.180	53.000
-7644.180	65.000
-7636.180	80.000
-7628.180	64.000
-7620.180	58.000
-7612.179	70.000
-7604.179	60.000
-7596.179	63.000
-7588.179	54.000
-7580.179	80.000
-7572.179	74.000
-7564.178	56.000
-7556.178	64.000
-7548.178	63.000
-7540.178	78.000
-7532.178	67.000
-7524.178	54.000
-7516.177	60.000
-7508.177	65.000
-7500.177	55.000
-7492.177	49.000
-7484.177	65.000
-7476.177	61.000
-7468.176	66.000
-7460.176	77.000
-7452.176	61.000
-7444.176	63.000
-7436.176	71.000
-7428.176	60.000
-7420.175	65.000
-7412.175	62.000
-7404.175	83.000
-7396.175	60.000
-7388.175	55.000
-7380.175	68.000
-7372.174	58.000
-7364.174	70.000
-7356.174	58.000
-7348.174	73.000
-7340.174	67.000
-7332.174	65.000
-7324.173	66.000
-7316.173	68.000
-7308.173	55.000
-7300.173	69.000
-7292.173	83.000
-7284.173	65.000
-7276.172	81.000
-7268.172	58.000
-7260.172	56.000
-7252.172	70.000
-7244.172	69.000
-7236.172	71.000
-7228.171	57.000
-7220.171	77.000
-7212.171	78.000
-7204.171	58.000
-7196.171	64.000
-7188.171	77.000
-7180.170	74.000
-7172.170	82.000
-7164.170	79.000
-7156.170	71.000
-7148.170	76.000
-7140.170	73.000
-7132.169	70.000
-7124.169	59.000
-7116.169	65.000
-7108.169	91.000
-7100.169	68.000
-7092.169	73.000
-7084.168	64.000
-7076.168	70.000
-7068.168	65.000
-7060.168	66.000
-7052.168	67.000
-7044.168	62.000
-7036.167	67.000
-7028.167	71.000
-7020.167	55.000
-7012.167	79.000
-7004.167	68.000
-6996.167	68.000
-6988.166	54.000
-6980.166	65.000
-6972.166	63.000
-6964.166	55.000
-6956.166	78.000
-6948.166	73.000
-6940.165	61.000
-6932.165	59.000
-6924.165	62.000
-6916.165	76.000
-6908.165	70.000
-6900.165	51.000
-6892.164	82.000
-6884.164	59.000
-6876.164	59.000
-6868.164	75.000
-6860.164	70.000
-6852.164	69.000
-6844.163	56.000
-6836.163	83.000
-6828.163	78.000
-6820.163	79.000
-6812.163	80.000
-6804.163	64.000
-6796.162	68.000
-6788.162	75.000
-6780.162	80.000
-6772.162	73.000
-6764.162	64.000
-6756.162	70.000
-6748.161	70.000
-6740.161	76.000
-6732.161	86.000
-6724.161	76.000
-6716.161	69.000
-6708.161	70.000
-6700.160	74.000
-6692.160	69.000
-6684.160	75.000
-6676.160	69.000
-6668.160	84.000
-6660.160	78.000
-6652.159	84.000
-6644.159	80.000
-6636.159	86.000
-6628.159	62.000
-6620.159	79.000
-6612.159	74.000
-6604.158	77.000
-6596.158	69.000
-6588.158	65.000
-6580.158	66.000
-6572.158	59.000
-6564.158	69.000
-6556.157	65.000
-6548.157	68.000
-6540.157	61.000
-6532.157	55.000
-6524.157	75.000
-6516.157	80.000
-6508.156	73.000
-6500.156	81.000
-6492.156	84.000
-6484.156	84.000
-6476.156	64.000
-6468.156	86.000
-6460.155	71.000
-6452.155	70.000
-6444.155	68.000
-6436.155	67.000
-6428.155	80.000
-6420.155	66.000
-6412.154	66.000
-6404.154	94.000
-6396.154	72.000
-6388.154	69.000
-6380.154	86.000
-6372.154	71.000
-6364.153	65.000
-6356.153	78.000
-6348.153	66.000
-6340.153	66.000
-6332.153	65.000
-6324.153	71.000
-6316.152	82.000
-6308.152	80.000
-6300.152	70.000
-6292.152	81.000
-6284.152	77.000
-6276.152	78.000
-6268.151	72.000
-6260.151	88.000
-6252.151	79.000
-6244.151	57.000
-6236.151	80.000
-6228.151	71.000
-6220.150	71.000
-6212.150	91.000
-6204.150	88.000
-6196.150	63.000
-6188.150	68.000
-6180.150	72.000
-6172.149	75.000
-6164.149	74.000
-6156.149	70.000
-6148.149	74.000
-6140.149	79.000
-6132.149	70.000
-6124.148	70.000
-6116.148	75.000
-6108.148	63.000
-6100.148	70.000
-6092.148	78.000
-6084.148	83.000
-6076.147	77.000
-6068.147	65.000
-6060.147	77.000
-6052.147	60.000
-6044.147	68.000
-6036.147	80.000
-6028.146	97.000
-6020.146	74.000
-6012.146	78.000
-6004.146	78.000
-5996.146	87.000
-5988.146	65.000
-5980.145	76.000
-5972.145	84.000
-5964.145	78.000
-5956.145	84.000
-5948.145	64.000
-5940.145	81.000
-5932.144	76.000
-5924.144	84.000
-5916.144	95.000
-5908.144	59.000
-5900.144	76.000
-5892.144	84.000
-5884.143	77.000
-5876.143	68.000
-5868.143	84.000
-5860.143	75.000
-5852.143	66.000
-5844.143	73.000
-5836.142	86.000
-5828.142	88.000
-5820.142	87.000
-5812.142	87.000
-5804.142	68.000
-5796.142	90.000
-5788.141	77.000
-5780.141	72.000
-5772.141	89.000
-5764.141	80.000
-5756.141	68.000
-5748.141	78.000
-5740.140	72.000
-5732.140	80.000
-5724.140	75.000
-5716.140	79.000
-5708.140	63.000
-5700.140	74.000
-5692.139	89.000
-5684.139	73.000
-5676.139	63.000
-5668.139	79.000
-5660.139	67.000
-5652.139	93.000
-5644.138	79.000
-5636.138	74.000
-5628.138	74.000
-5620.138	62.000
-5612.138	81.000
-5604.138	92.000
-5596.137	65.000
-5588.137	82.000
-5580.137	92.000
-5572.137	69.000
-5564.137	76.000
-5556.137	68.000
-5548.136	86.000
-5540.136	96.000
-5532.136	81.000
-5524.136	88.000
-5516.136	74.000
-5508.136	80.000
-5500.135	68.000
-5492.135	86.000
-5484.135	92.000
-5476.135	81.000
-5468.135	80.000
-5460.135	74.000
-5452.134	84.000
-5444.134	82.000
-5436.134	75.000
-5428.134	81.000
-5420.134	75.000
-5412.134	92.000
-5404.133	74.000
-5396.133	81.000
-5388.133	73.000
-5380.133	98.000
-5372.133	73.000
-5364.133	87.000
-5356.132	79.000
-5348.132	69.000
-5340.132	75.000
-5332.132	70.000
-5324.132	77.000
-5316.132	68.000
-5308.131	85.000
-5300.131	76.000
-5292.131	61.000
-5284.131	79.000
-5276.131	71.000
-5268.131	90.000
-5260.130	79.000
-5252.130	76.000
-5244.130	75.000
-5236.130	87.000
-5228.130	76.000
-5220.130	84.000
-5212.129	84.000
-5204.129	92.000
-5196.129	82.000
-5188.129	56.000
-5180.129	95.000
-5172.129	64.000
-5164.128	90.000
-5156.128	90.000
-5148.128	80.000
-5140.128	74.000
-5132.128	101.000
-5124.128	94.000
-5116.127	83.000
-5108.127	76.000
-5100.127	96.000
-5092.127	91.000
-5084.127	94.000
-5076.127	86.000
-5068.126	85.000
-5060.126	55.000
-5052.126	97.000
-5044.126	86.000
-5036.126	89.000
-5028.126	81.000
-5020.125	77.000
-5012.125	93.000
-5004.125	82.000
-4996.125	84.000
-4988.125	97.000
-4980.125	98.000
-4972.124	71.000
-4964.124	98.000
-4956.124	83.000
-4948.124	96.000
-4940.124	76.000
-4932.124	96.000
-4924.123	112.000
-4916.123	97.000
-4908.123	85.000
-4900.123	95.000
-4892.123	97.000
-4884.123	96.000
-4876.122	79.000
-4868.122	85.000
-4860.122	98.000
-4852.122	96.000
-4844.122	109.000
-4836.122	101.000
-4828.121	102.000
-4820.121	99.000
-4812.121	95.000
-4804.121	91.000
-4796.121	108.000
-4788.121	95.000
-4780.120	81.000
-4772.120	74.000
-4764.120	82.000
-4756.120	104.000
-4748.120	98.000
-4740.120	80.000
-4732.119	97.000
-4724.119	96.000
-4716.119	105.000
-4708.119	99.000
-4700.119	99.000
-4692.119	91.000
-4684.118	94.000
-4676.118	101.000
-4668.118	83.000
-4660.118	96.000
-4652.118	102.000
-4644.118	101.000
-4636.117	101.000
-4628.117	98.000
-4620.117	110.000
-4612.117	103.000
-4604.117	102.000
-4596.117	119.000
-4588.116	107.000
-4580.116	85.000
-4572.116	94.000
-4564.116	98.000
-4556.116	103.000
-4548.116	101.000
-4540.115	97.000
-4532.115	101.000
-4524.115	108.000
-4516.115	103.000
-4508.115	92.000
-4500.115	114.000
-4492.114	104.000
-4484.114	108.000
-4476.114	121.000
-4468.114	115.000
-4460.114	110.000
-4452.114	113.000
-4444.113	122.000
-4436.113	122.000
-4428.113	111.000
-4420.113	125.000
-4412.113	98.000
-4404.113	133.000
-4396.112	132.000
-4388.112	107.000
-4380.112	97.000
-4372.112	108.000
-4364.112	114.000
-4356.112	98.000
-4348.111	98.000
-4340.111	107.000
-4332.111	116.000
-4324.111	102.000
-4316.111	83.000
-4308.111	110.000
-4300.110	97.000
-4292.110	103.000
-4284.110	115.000
-4276.110	108.000
-4268.110	107.000
-4260.110	108.000
-4252.109	109.000
-4244.109	111.000
-4236.109	115.000
-4228.109	93.000
-4220.109	137.000
-4212.109	105.000
-4204.108	119.000
-4196.108	98.000
-4188.108	108.000
-4180.108	141.000
-4172.108	117.000
-4164.108	117.000
-4156.107	118.000
-4148.107	115.000
-4140.107	105.000
-4132.107	114.000
-4124.107	115.000
-4116.107	120.000
-4108.106	100.000
-4100.106	106.000
-4092.106	120.000
-4084.106	106.000
-4076.106	88.000
-4068.106	124.000
-4060.105	119.000
-4052.105	126.000
-4044.105	112.000
-4036.105	126.000
-4028.105	89.000
-4020.105	113.000
-4012.104	102.000
-4004.104	107.000
-3996.104	109.000
-3988.104	108.000
-3980.104	105.000
-3972.104	126.000
-3964.103	88.000
-3956.103	96.000
-3948.103	106.000
-3940.103	107.000
-3932.103	116.000
-3924.103	120.000
-3916.102	101.000
-3908.102	106.000
-3900.102	94.000
-3892.102	100.000
-3884.102	117.000
-3876.102	96.000
-3868.101	97.000
-3860.101	104.000
-3852.101	93.000
-3844.101	89.000
-3836.101	99.000
-3828.101	100.000
-3820.100	103.000
-3812.100	121.000
-3804.100	92.000
-3796.100	98.000
-3788.100	97.000
-3780.100	116.000
-3772.099	83.000
-3764.099	113.000
-3756.099	111.000
-3748.099	82.000
-3740.099	110.000
-3732.099	93.000
-3724.098	90.000
-3716.098	106.000
-3708.098	94.000
-3700.098	97.000
-3692.098	84.000
-3684.098	106.000
-3676.097	91.000
-3668.097	102.000
-3660.097	92.000
-3652.097	89.000
-3644.097	94.000
-3636.097	97.000
-3628.096	76.000
-3620.096	108.000
-3612.096	81.000
-3604.096	90.000
-3596.096	81.000
-3588.096	67.000
-3580.095	83.000
-3572.095	99.000
-3564.095	87.000
-3556.095	73.000
-3548.095	72.000
-3540.095	70.000
-3532.094	92.000
-3524.094	84.000
-3516.094	76.000
-3508.094	80.000
-3500.094	90.000
-3492.094	77.000
-3484.093	91.000
-3476.093	87.000
-3468.093	77.000
-3460.093	74.000
-3452.093	76.000
-3444.093	89.000
-3436.092	78.000
-3428.092	75.000
-3420.092	91.000
-3412.092	79.000
-3404.092	81.000
-3396.092	71.000
-3388.091	70.000
-3380.091	88.000
-3372.091	87.000
-3364.091	92.000
-3356.091	87.000
-3348.091	98.000
-3340.090	92.000
-3332.090	72.000
-3324.090	84.000
-3316.090	85.000
-3308.090	69.000
-3300.090	62.000
-3292.089	86.000
-3284.089	74.000
-3276.089	74.000
-3268.089	86.000
-3260.089	76.000
-3252.089	79.000
-3244.088	62.000
-3236.088	86.000
-3228.088	83.000
-3220.088	70.000
-3212.088	78.000
-3204.088	74.000
-3196.087	80.000
-3188.087	76.000
-3180.087	68.000
-3172.087	83.000
-3164.087	60.000
-3156.087	102.000
-3148.086	75.000
-3140.086	81.000
-3132.086	63.000
-3124.086	69.000
-3116.086	72.000
-3108.086	73.000
-3100.085	81.000
-3092.085	81.000
-3084.085	87.000
-3076.085	80.000
-3068.085	54.000
-3060.085	79.000
-3052.084	84.000
-3044.084	72.000
-3036.084	72.000
-3028.084	83.000
-3020.084	79.000
-3012.084	95.000
-3004.083	66.000
-2996.083	63.000
-2988.083	61.000
-2980.083	87.000
-2972.083	82.000
-2964.083	80.000
-2956.082	79.000
-2948.082	76.000
-2940.082	83.000
-2932.082	97.000
-2924.082	72.000
-2916.082	94.000
-2908.081	68.000
-2900.081	78.000
-2892.081	93.000
-2884.081	72.000
-2876.081	74.000
-2868.081	85.000
-2860.080	83.000
-2852.080	72.000
-2844.080	77.000
-2836.080	90.000
-2828.080	97.000
-2820.080	69.000
-2812.079	102.000
-2804.079	91.000
-2796.079	77.000
-2788.079	77.000
-2780.079	95.000
-2772.079	73.000
-2764.078	69.000
-2756.078	71.000
-2748.078	80.000
-2740.078	91.000
-2732.078	82.000
-2724.078	87.000
-2716.077	87.000
-2708.077	90.000
-2700.077	66.000
-2692.077	81.000
-2684.077	84.000
-2676.077	92.000
-2668.076	72.000
-2660.076	97.000
-2652.076	65.000
-2644.076	76.000
-2636.076	100.000
-2628.076	83.000
-2620.075	103.000
-2612.075	89.000
-2604.075	97.000
-2596.075	85.000
-2588.075	80.000
-2580.075	91.000
-2572.074	91.000
-2564.074	85.000
-2556.074	87.000
-2548.074	103.000
-2540.074	73.000
-2532.074	82.000
-2524.073	92.000
-2516.073	99.000
-2508.073	80.000
-2500.073	76.000
-2492.073	85.000
-2484.073	92.000
-2476.072	88.000
-2468.072	97.000
-2460.072	92.000
-2452.072	78.000
-2444.072	93.000
-2436.072	91.000
-2428.071	75.000
-2420.071	80.000
-2412.071	77.000
-2404.071	93.000
-2396.071	95.000
-2388.071	93.000
-2380.070	103.000
-2372.070	92.000
-2364.070	78.000
-2356.070	93.000
-2348.070	94.000
-2340.070	83.000
-2332.069	93.000
-2324.069	68.000
-2316.069	73.000
-2308.069	81.000
-2300.069	105.000
-2292.069	84.000
-2284.068	99.000
-2276.068	105.000
-2268.068	76.000
-2260.068	100.000
-2252.068	98.000
-2244.068	91.000
-2236.067	98.000
-2228.067	85.000
-2220.067	79.000
-2212.067	93.000
-2204.067	97.000
-2196.067	91.000
-2188.066	94.000
-2180.066	84.000
-2172.066	85.000
-2164.066	92.000
-2156.066	86.000
-2148.066	79.000
-2140.065	91.000
-2132.065	91.000
-2124.065	114.000
-2116.065	98.000
-2108.065	97.000
-2100.065	86.000
-2092.064	92.000
-2084.064	85.000
-2076.064	97.000
-2068.064	76.000
-2060.064	92.000
-2052.064	83.000
-2044.063	87.000
-2036.063	83.000
-2028.063	114.000
-2020.063	81.000
-2012.063	85.000
-2004.063	94.000
-1996.062	69.000
-1988.062	98.000
-1980.062	88.000
-1972.062	85.000
-1964.062	94.000
-1956.062	88.000
-1948.061	89.000
-1940.061	84.000
-1932.061	86.000
-1924.061	88.000
-1916.061	84.000
-1908.061	80.000
-1900.060	86.000
-1892.060	84.000
-1884.060	92.000
-1876.060	91.000
-1868.060	75.000
-1860.060	80.000
-1852.059	92.000
-1844.059	96.000
-1836.059	91.000
-1828.059	106.000
-1820.059	91.000
-1812.059	86.000
-1804.058	90.000
-1796.058	103.000
-1788.058	84.000
-1780.058	78.000
-1772.058	85.000
-1764.058	100.000
-1756.057	77.000
-1748.057	108.000
-1740.057	87.000
-1732.057	86.000
-1724.057	66.000
-1716.057	96.000
-1708.056	92.000
-1700.056	96.000
-1692.056	80.000
-1684.056	81.000
-1676.056	96.000
-1668.056	82.000
-1660.055	88.000
-1652.055	85.000
-1644.055	83.000
-1636.055	72.000
-1628.055	73.000
-1620.055	80.000
-1612.054	81.000
-1604.054	89.000
-1596.054	92.000
-1588.054	94.000
-1580.054	91.000
-1572.054	83.000
-1564.053	81.000
-1556.053	108.000
-1548.053	85.000
-1540.053	89.000
-1532.053	92.000
-1524.053	89.000
-1516.052	90.000
-1508.052	86.000
-1500.052	85.000
-1492.052	78.000
-1484.052	97.000
-1476.052	78.000
-1468.051	84.000
-1460.051	86.000
-1452.051	79.000
-1444.051	88.000
-1436.051	94.000
-1428.051	96.000
-1420.050	70.000
-1412.050	81.000
-1404.050	97.000
-1396.050	86.000
-1388.050	112.000
-1380.050	75.000
-1372.049	97.000
-1364.049	85.000
-1356.049	98.000
-1348.049	81.000
-1340.049	83.000
-1332.049	107.000
-1324.048	83.000
-1316.048	88.000
-1308.048	86.000
-1300.048	83.000
-1292.048	65.000
-1284.048	84.000
-1276.047	93.000
-1268.047	89.000
-1260.047	99.000
-1252.047	93.000
-1244.047	78.000
-1236.047	103.000
-1228.046	87.000
-1220.046	98.000
-1212.046	87.000
-1204.046	89.000
-1196.046	98.000
-1188.046	88.000
-1180.045	91.000
-1172.045	84.000
-1164.045	89.000
-1156.045	94.000
-1148.045	87.000
-1140.045	79.000
-1132.044	80.000
-1124.044	95.000
-1116.044	93.000
-1108.044	85.000
-1100.044	75.000
-1092.044	90.000
-1084.043	94.000
-1076.043	91.000
-1068.043	81.000
-1060.043	81.000
-1052.043	82.000
-1044.043	79.000
-1036.042	98.000
-1028.042	118.000
-1020.042	57.000
-1012.042	82.000
-1004.042	80.000
-996.042	88.000
-988.041	83.000
-980.041	81.000
-972.041	74.000
-964.041	84.000
-956.041	92.000
-948.041	86.000
-940.040	90.000
-932.040	85.000
-924.040	91.000
-916.040	82.000
-908.040	75.000
-900.040	61.000
-892.039	90.000
-884.039	104.000
-876.039	91.000
-868.039	84.000
-860.039	73.000
-852.039	78.000
-844.038	91.000
-836.038	88.000
-828.038	75.000
-820.038	81.000
-812.038	73.000
-804.038	85.000
-796.037	77.000
-788.037	84.000
-780.037	69.000
-772.037	85.000
-764.037	79.000
-756.037	82.000
-748.036	84.000
-740.036	77.000
-732.036	88.000
-724.036	81.000
-716.036	84.000
-708.036	106.000
-700.035	79.000
-692.035	65.000
-684.035	70.000
-676.035	79.000
-668.035	66.000
-660.035	82.000
-652.034	82.000
-644.034	74.000
-636.034	85.000
-628.034	78.000
-620.034	67.000
-612.034	70.000
-604.033	79.000
-596.033	84.000
-588.033	76.000
-580.033	86.000
-572.033	80.000
-564.033	81.000
-556.032	76.000
-548.032	85.000
-540.032	70.000
-532.032	76.000
-524.032	86.000
-516.032	77.000
-508.031	78.000
-500.031	86.000
-492.031	79.000
-484.031	79.000
-476.031	90.000
-468.031	70.000
-460.030	64.000
-452.030	91.000
-444.030	64.000
-436.030	77.000
-428.030	88.000
-420.030	74.000
-412.029	86.000
-404.029	84.000
-396.029	89.000
-388.029	73.000
-380.029	92.000
-372.029	78.000
-364.028	92.000
-356.028	77.000
-348.028	102.000
-340.028	69.000
-332.028	99.000
-324.028	92.000
-316.027	96.000
-308.027	83.000
-300.027	87.000
-292.027	113.000
-284.027	84.000
-276.027	96.000
-268.026	93.000
-260.026	91.000
-252.026	85.000
-244.026	96.000
-236.026	87.000
-228.026	111.000
-220.025	93.000
-212.025	94.000
-204.025	96.000
-196.025	108.000
-188.025	101.000
-180.025	98.000
-172.024	94.000
-164.024	122.000
-156.024	128.000
-148.024	121.000
-140.024	132.000
-132.024	121.000
-124.023	136.000
-116.023	117.000
-108.023	120.000
-100.023	133.000
-92.023	135.000
-84.023	139.000
-76.022	127.000
-68.022	132.000
-60.022	140.000
-52.022	185.000
-44.022	248.000
-36.022	207.000
-28.021	254.000
-20.021	353.000
-12.021	206.000
-4.021	149.000
3.979	482.000
11.979	151.000
19.980	191.000
27.980	172.000
35.980	169.000
43.980	178.000
51.980	179.000
59.980	179.000
67.981	176.000
75.981	184.000
83.981	177.000
91.981	202.000
99.981	219.000
107.981	175.000
115.982	177.000
123.982	227.000
131.982	208.000
139.982	175.000
147.982	192.000
155.982	207.000
163.983	222.000
171.983	223.000
179.983	231.000
187.983	222.000
195.983	217.000
203.983	232.000
211.984	219.000
219.984	239.000
227.984	253.000
235.984	240.000
243.984	237.000
251.984	239.000
259.985	251.000
267.985	230.000
275.985	251.000
283.985	251.000
291.985	239.000
299.985	251.000
307.986	268.000
315.986	248.000
323.986	262.000
331.986	294.000
339.986	271.000
347.986	243.000
355.987	268.000
363.987	257.000
371.987	249.000
379.987	276.000
387.987	272.000
395.987	303.000
403.988	271.000
411.988	281.000
419.988	284.000
427.988	274.000
435.988	292.000
443.988	270.000
451.989	273.000
459.989	297.000
467.989	265.000
475.989	307.000
483.989	336.000
491.989	273.000
499.990	321.000
507.990	287.000
515.990	310.000
523.990	312.000
531.990	300.000
539.990	279.000
547.991	274.000
555.991	272.000
563.991	313.000
571.991	318.000
579.991	273.000
587.991	299.000
595.992	302.000
603.992	277.000
611.992	322.000
619.992	272.000
627.992	260.000
635.992	297.000
643.993	287.000
651.993	299.000
659.993	306.000
667.993	283.000
675.993	295.000
683.993	301.000
691.994	265.000
699.994	276.000
707.994	283.000
715.994	286.000
723.994	270.000
731.994	254.000
739.995	280.000
747.995	241.000
755.995	280.000
763.995	268.000
771.995	268.000
779.995	245.000
787.996	261.000
795.996	285.000
803.996	270.000
811.996	269.000
819.996	253.000
827.996	245.000
835.997	258.000
843.997	231.000
851.997	227.000
859.997	262.000
867.997	241.000
875.997	237.000
883.998	216.000
891.998	230.000
899.998	237.000
907.998	231.000
915.998	230.000
923.998	216.000
931.999	221.000
939.999	221.000
947.999	233.000
955.999	229.000
963.999	230.000
971.999	207.000
980.000	213.000
988.000	206.000
996.000	188.000
