Digitizer
ch.0:  TRUE 	 ch.1:  FALSE 	 DC offset 0: 0 	 DC offset 1: 0 	 act ch:  0 	trig mode:  FALSE 	 rise time:  8 	 trig mean:  8 	 trig thr 0:  30 	 trig thr 1:  10 	gate mode:  FALSE 	 gate width:  3000 	 pre gate:  352 	 holdoff:  3000 	bsln mean:  16 	 bsln thr:  8 	 noflattime:  3008 	GPO:  2 	 coinc:  FALSE 	 coinc time:  0 
PSAU
ch.0:  TRUE 	 ch.1:  FALSE 	 Vset 0:  54.720001 	 Vset 1:  71.000000 	 Gain0:  32 	 Gain1:  32 	 comp0:  FALSE 	 comp1:  FALSE 	 thr0:  -20.000000 	 thr1:  -15.000000 	 width0:  110 	 width1:  110 	 DOUT0:  TRUE 	 DOUT1:  FALSE 	 outputlevel:  NIM 	 coinc:  FALSE 	 coinc time:  20 

Vmon 0:  54.490002 	 Vmon 1:  0.000000 	 Temp 0:  23.900000 	 Temp 1:  21.000000 	 Temp board:  29.900000 
day&time: 02gen02013033

-22996.500	0.000
-22988.500	0.000
-22980.500	0.000
-22972.499	0.000
-22964.499	0.000
-22956.499	0.000
-22948.499	0.000
-22940.499	0.000
-22932.499	0.000
-22924.498	0.000
-22916.498	0.000
-22908.498	0.000
-22900.498	0.000
-22892.498	0.000
-22884.498	0.000
-22876.497	0.000
-22868.497	0.000
-22860.497	0.000
-22852.497	0.000
-22844.497	0.000
-22836.497	0.000
-22828.496	0.000
-22820.496	0.000
-22812.496	0.000
-22804.496	0.000
-22796.496	0.000
-22788.496	0.000
-22780.495	0.000
-22772.495	0.000
-22764.495	0.000
-22756.495	0.000
-22748.495	0.000
-22740.495	0.000
-22732.494	0.000
-22724.494	0.000
-22716.494	0.000
-22708.494	0.000
-22700.494	0.000
-22692.494	0.000
-22684.493	0.000
-22676.493	0.000
-22668.493	0.000
-22660.493	0.000
-22652.493	0.000
-22644.493	0.000
-22636.492	0.000
-22628.492	0.000
-22620.492	0.000
-22612.492	0.000
-22604.492	0.000
-22596.492	0.000
-22588.491	0.000
-22580.491	0.000
-22572.491	0.000
-22564.491	0.000
-22556.491	0.000
-22548.491	1.000
-22540.490	0.000
-22532.490	0.000
-22524.490	0.000
-22516.490	0.000
-22508.490	0.000
-22500.490	0.000
-22492.489	0.000
-22484.489	0.000
-22476.489	0.000
-22468.489	0.000
-22460.489	0.000
-22452.489	0.000
-22444.488	0.000
-22436.488	0.000
-22428.488	0.000
-22420.488	0.000
-22412.488	0.000
-22404.488	0.000
-22396.487	0.000
-22388.487	0.000
-22380.487	0.000
-22372.487	0.000
-22364.487	0.000
-22356.487	0.000
-22348.486	0.000
-22340.486	0.000
-22332.486	0.000
-22324.486	0.000
-22316.486	0.000
-22308.486	0.000
-22300.485	0.000
-22292.485	0.000
-22284.485	0.000
-22276.485	0.000
-22268.485	0.000
-22260.485	0.000
-22252.484	0.000
-22244.484	0.000
-22236.484	0.000
-22228.484	0.000
-22220.484	0.000
-22212.484	0.000
-22204.483	0.000
-22196.483	0.000
-22188.483	0.000
-22180.483	0.000
-22172.483	0.000
-22164.483	0.000
-22156.482	0.000
-22148.482	0.000
-22140.482	0.000
-22132.482	0.000
-22124.482	0.000
-22116.482	0.000
-22108.481	0.000
-22100.481	0.000
-22092.481	0.000
-22084.481	0.000
-22076.481	0.000
-22068.481	0.000
-22060.480	0.000
-22052.480	0.000
-22044.480	0.000
-22036.480	0.000
-22028.480	1.000
-22020.480	0.000
-22012.479	0.000
-22004.479	0.000
-21996.479	0.000
-21988.479	0.000
-21980.479	0.000
-21972.479	0.000
-21964.478	0.000
-21956.478	0.000
-21948.478	0.000
-21940.478	0.000
-21932.478	0.000
-21924.478	0.000
-21916.477	0.000
-21908.477	1.000
-21900.477	0.000
-21892.477	0.000
-21884.477	0.000
-21876.477	0.000
-21868.476	0.000
-21860.476	0.000
-21852.476	0.000
-21844.476	1.000
-21836.476	0.000
-21828.476	0.000
-21820.475	0.000
-21812.475	0.000
-21804.475	0.000
-21796.475	0.000
-21788.475	0.000
-21780.475	0.000
-21772.474	0.000
-21764.474	0.000
-21756.474	0.000
-21748.474	0.000
-21740.474	0.000
-21732.474	0.000
-21724.473	0.000
-21716.473	0.000
-21708.473	0.000
-21700.473	0.000
-21692.473	0.000
-21684.473	0.000
-21676.472	0.000
-21668.472	0.000
-21660.472	0.000
-21652.472	0.000
-21644.472	0.000
-21636.472	0.000
-21628.471	0.000
-21620.471	0.000
-21612.471	0.000
-21604.471	0.000
-21596.471	0.000
-21588.471	0.000
-21580.470	0.000
-21572.470	0.000
-21564.470	0.000
-21556.470	0.000
-21548.470	0.000
-21540.470	0.000
-21532.469	0.000
-21524.469	0.000
-21516.469	0.000
-21508.469	0.000
-21500.469	0.000
-21492.469	0.000
-21484.468	0.000
-21476.468	0.000
-21468.468	0.000
-21460.468	0.000
-21452.468	0.000
-21444.468	0.000
-21436.467	0.000
-21428.467	0.000
-21420.467	0.000
-21412.467	0.000
-21404.467	0.000
-21396.467	0.000
-21388.466	1.000
-21380.466	0.000
-21372.466	0.000
-21364.466	0.000
-21356.466	0.000
-21348.466	0.000
-21340.465	0.000
-21332.465	0.000
-21324.465	0.000
-21316.465	0.000
-21308.465	1.000
-21300.465	0.000
-21292.464	0.000
-21284.464	0.000
-21276.464	0.000
-21268.464	0.000
-21260.464	0.000
-21252.464	0.000
-21244.463	0.000
-21236.463	0.000
-21228.463	0.000
-21220.463	0.000
-21212.463	0.000
-21204.463	0.000
-21196.462	0.000
-21188.462	0.000
-21180.462	0.000
-21172.462	0.000
-21164.462	0.000
-21156.462	0.000
-21148.461	0.000
-21140.461	0.000
-21132.461	0.000
-21124.461	0.000
-21116.461	0.000
-21108.461	0.000
-21100.460	0.000
-21092.460	0.000
-21084.460	0.000
-21076.460	0.000
-21068.460	0.000
-21060.460	0.000
-21052.459	0.000
-21044.459	0.000
-21036.459	0.000
-21028.459	0.000
-21020.459	0.000
-21012.459	0.000
-21004.458	0.000
-20996.458	0.000
-20988.458	0.000
-20980.458	0.000
-20972.458	0.000
-20964.458	0.000
-20956.457	0.000
-20948.457	0.000
-20940.457	0.000
-20932.457	0.000
-20924.457	0.000
-20916.457	0.000
-20908.456	0.000
-20900.456	0.000
-20892.456	0.000
-20884.456	0.000
-20876.456	0.000
-20868.456	0.000
-20860.455	0.000
-20852.455	0.000
-20844.455	0.000
-20836.455	0.000
-20828.455	0.000
-20820.455	0.000
-20812.454	0.000
-20804.454	0.000
-20796.454	0.000
-20788.454	0.000
-20780.454	0.000
-20772.454	0.000
-20764.453	0.000
-20756.453	0.000
-20748.453	0.000
-20740.453	0.000
-20732.453	0.000
-20724.453	0.000
-20716.452	0.000
-20708.452	0.000
-20700.452	0.000
-20692.452	0.000
-20684.452	0.000
-20676.452	0.000
-20668.451	0.000
-20660.451	0.000
-20652.451	0.000
-20644.451	0.000
-20636.451	0.000
-20628.451	0.000
-20620.450	0.000
-20612.450	0.000
-20604.450	0.000
-20596.450	0.000
-20588.450	0.000
-20580.450	0.000
-20572.449	0.000
-20564.449	1.000
-20556.449	0.000
-20548.449	0.000
-20540.449	0.000
-20532.449	0.000
-20524.448	0.000
-20516.448	0.000
-20508.448	0.000
-20500.448	0.000
-20492.448	0.000
-20484.448	0.000
-20476.447	1.000
-20468.447	0.000
-20460.447	0.000
-20452.447	0.000
-20444.447	0.000
-20436.447	0.000
-20428.446	0.000
-20420.446	0.000
-20412.446	0.000
-20404.446	0.000
-20396.446	0.000
-20388.446	0.000
-20380.445	0.000
-20372.445	1.000
-20364.445	0.000
-20356.445	0.000
-20348.445	0.000
-20340.445	0.000
-20332.444	0.000
-20324.444	0.000
-20316.444	0.000
-20308.444	0.000
-20300.444	0.000
-20292.444	0.000
-20284.443	0.000
-20276.443	0.000
-20268.443	0.000
-20260.443	0.000
-20252.443	0.000
-20244.443	0.000
-20236.442	0.000
-20228.442	0.000
-20220.442	0.000
-20212.442	0.000
-20204.442	0.000
-20196.442	0.000
-20188.441	0.000
-20180.441	1.000
-20172.441	0.000
-20164.441	0.000
-20156.441	0.000
-20148.441	0.000
-20140.440	0.000
-20132.440	0.000
-20124.440	0.000
-20116.440	0.000
-20108.440	0.000
-20100.440	0.000
-20092.439	0.000
-20084.439	0.000
-20076.439	0.000
-20068.439	0.000
-20060.439	0.000
-20052.439	0.000
-20044.438	0.000
-20036.438	0.000
-20028.438	0.000
-20020.438	0.000
-20012.438	0.000
-20004.438	0.000
-19996.437	0.000
-19988.437	1.000
-19980.437	0.000
-19972.437	0.000
-19964.437	0.000
-19956.437	0.000
-19948.436	0.000
-19940.436	0.000
-19932.436	0.000
-19924.436	0.000
-19916.436	0.000
-19908.436	0.000
-19900.435	0.000
-19892.435	0.000
-19884.435	0.000
-19876.435	0.000
-19868.435	0.000
-19860.435	0.000
-19852.434	0.000
-19844.434	0.000
-19836.434	0.000
-19828.434	0.000
-19820.434	0.000
-19812.434	0.000
-19804.433	0.000
-19796.433	0.000
-19788.433	0.000
-19780.433	0.000
-19772.433	0.000
-19764.433	0.000
-19756.432	0.000
-19748.432	0.000
-19740.432	0.000
-19732.432	0.000
-19724.432	0.000
-19716.432	0.000
-19708.431	0.000
-19700.431	0.000
-19692.431	0.000
-19684.431	0.000
-19676.431	0.000
-19668.431	0.000
-19660.430	0.000
-19652.430	0.000
-19644.430	0.000
-19636.430	0.000
-19628.430	0.000
-19620.430	0.000
-19612.429	0.000
-19604.429	1.000
-19596.429	0.000
-19588.429	0.000
-19580.429	0.000
-19572.429	0.000
-19564.428	0.000
-19556.428	0.000
-19548.428	0.000
-19540.428	0.000
-19532.428	1.000
-19524.428	0.000
-19516.427	0.000
-19508.427	0.000
-19500.427	0.000
-19492.427	0.000
-19484.427	0.000
-19476.427	0.000
-19468.426	0.000
-19460.426	0.000
-19452.426	0.000
-19444.426	0.000
-19436.426	0.000
-19428.426	0.000
-19420.425	0.000
-19412.425	0.000
-19404.425	0.000
-19396.425	0.000
-19388.425	1.000
-19380.425	0.000
-19372.424	0.000
-19364.424	0.000
-19356.424	0.000
-19348.424	0.000
-19340.424	0.000
-19332.424	0.000
-19324.423	0.000
-19316.423	0.000
-19308.423	0.000
-19300.423	0.000
-19292.423	0.000
-19284.423	0.000
-19276.422	0.000
-19268.422	0.000
-19260.422	0.000
-19252.422	0.000
-19244.422	0.000
-19236.422	0.000
-19228.421	0.000
-19220.421	0.000
-19212.421	0.000
-19204.421	0.000
-19196.421	0.000
-19188.421	0.000
-19180.420	0.000
-19172.420	0.000
-19164.420	0.000
-19156.420	0.000
-19148.420	0.000
-19140.420	0.000
-19132.419	0.000
-19124.419	0.000
-19116.419	0.000
-19108.419	0.000
-19100.419	0.000
-19092.419	0.000
-19084.418	0.000
-19076.418	0.000
-19068.418	0.000
-19060.418	0.000
-19052.418	0.000
-19044.418	0.000
-19036.417	0.000
-19028.417	0.000
-19020.417	0.000
-19012.417	0.000
-19004.417	0.000
-18996.417	0.000
-18988.416	0.000
-18980.416	0.000
-18972.416	0.000
-18964.416	0.000
-18956.416	0.000
-18948.416	0.000
-18940.415	0.000
-18932.415	0.000
-18924.415	0.000
-18916.415	0.000
-18908.415	0.000
-18900.415	0.000
-18892.414	0.000
-18884.414	0.000
-18876.414	0.000
-18868.414	0.000
-18860.414	0.000
-18852.414	0.000
-18844.413	0.000
-18836.413	0.000
-18828.413	0.000
-18820.413	0.000
-18812.413	0.000
-18804.413	1.000
-18796.412	0.000
-18788.412	0.000
-18780.412	0.000
-18772.412	0.000
-18764.412	0.000
-18756.412	0.000
-18748.411	0.000
-18740.411	0.000
-18732.411	0.000
-18724.411	0.000
-18716.411	0.000
-18708.411	0.000
-18700.410	0.000
-18692.410	0.000
-18684.410	0.000
-18676.410	0.000
-18668.410	1.000
-18660.410	0.000
-18652.409	0.000
-18644.409	0.000
-18636.409	1.000
-18628.409	0.000
-18620.409	1.000
-18612.409	0.000
-18604.408	0.000
-18596.408	0.000
-18588.408	0.000
-18580.408	0.000
-18572.408	0.000
-18564.408	0.000
-18556.407	0.000
-18548.407	0.000
-18540.407	0.000
-18532.407	0.000
-18524.407	0.000
-18516.407	1.000
-18508.406	0.000
-18500.406	0.000
-18492.406	0.000
-18484.406	0.000
-18476.406	0.000
-18468.406	0.000
-18460.405	0.000
-18452.405	0.000
-18444.405	0.000
-18436.405	0.000
-18428.405	0.000
-18420.405	0.000
-18412.404	0.000
-18404.404	0.000
-18396.404	0.000
-18388.404	0.000
-18380.404	0.000
-18372.404	0.000
-18364.403	0.000
-18356.403	0.000
-18348.403	0.000
-18340.403	0.000
-18332.403	0.000
-18324.403	0.000
-18316.402	0.000
-18308.402	0.000
-18300.402	0.000
-18292.402	0.000
-18284.402	0.000
-18276.402	0.000
-18268.401	0.000
-18260.401	0.000
-18252.401	0.000
-18244.401	0.000
-18236.401	0.000
-18228.401	0.000
-18220.400	0.000
-18212.400	0.000
-18204.400	0.000
-18196.400	0.000
-18188.400	0.000
-18180.400	0.000
-18172.399	1.000
-18164.399	0.000
-18156.399	0.000
-18148.399	0.000
-18140.399	0.000
-18132.399	0.000
-18124.398	0.000
-18116.398	0.000
-18108.398	0.000
-18100.398	0.000
-18092.398	0.000
-18084.398	0.000
-18076.397	0.000
-18068.397	0.000
-18060.397	0.000
-18052.397	0.000
-18044.397	0.000
-18036.397	0.000
-18028.396	0.000
-18020.396	0.000
-18012.396	0.000
-18004.396	0.000
-17996.396	0.000
-17988.396	1.000
-17980.395	0.000
-17972.395	0.000
-17964.395	0.000
-17956.395	0.000
-17948.395	0.000
-17940.395	0.000
-17932.394	0.000
-17924.394	0.000
-17916.394	0.000
-17908.394	1.000
-17900.394	0.000
-17892.394	0.000
-17884.393	0.000
-17876.393	0.000
-17868.393	0.000
-17860.393	0.000
-17852.393	0.000
-17844.393	0.000
-17836.392	0.000
-17828.392	0.000
-17820.392	0.000
-17812.392	0.000
-17804.392	0.000
-17796.392	0.000
-17788.391	0.000
-17780.391	0.000
-17772.391	0.000
-17764.391	0.000
-17756.391	1.000
-17748.391	0.000
-17740.390	0.000
-17732.390	1.000
-17724.390	0.000
-17716.390	0.000
-17708.390	0.000
-17700.390	0.000
-17692.389	0.000
-17684.389	0.000
-17676.389	0.000
-17668.389	0.000
-17660.389	0.000
-17652.389	0.000
-17644.388	0.000
-17636.388	1.000
-17628.388	0.000
-17620.388	0.000
-17612.388	0.000
-17604.388	1.000
-17596.387	0.000
-17588.387	0.000
-17580.387	0.000
-17572.387	0.000
-17564.387	1.000
-17556.387	0.000
-17548.386	0.000
-17540.386	0.000
-17532.386	0.000
-17524.386	0.000
-17516.386	0.000
-17508.386	0.000
-17500.385	0.000
-17492.385	0.000
-17484.385	0.000
-17476.385	0.000
-17468.385	0.000
-17460.385	0.000
-17452.384	0.000
-17444.384	1.000
-17436.384	0.000
-17428.384	0.000
-17420.384	0.000
-17412.384	0.000
-17404.383	1.000
-17396.383	0.000
-17388.383	0.000
-17380.383	0.000
-17372.383	0.000
-17364.383	1.000
-17356.382	0.000
-17348.382	0.000
-17340.382	0.000
-17332.382	0.000
-17324.382	0.000
-17316.382	0.000
-17308.381	1.000
-17300.381	0.000
-17292.381	0.000
-17284.381	0.000
-17276.381	0.000
-17268.381	0.000
-17260.380	1.000
-17252.380	0.000
-17244.380	0.000
-17236.380	1.000
-17228.380	0.000
-17220.380	0.000
-17212.379	0.000
-17204.379	0.000
-17196.379	0.000
-17188.379	0.000
-17180.379	0.000
-17172.379	0.000
-17164.378	0.000
-17156.378	0.000
-17148.378	0.000
-17140.378	0.000
-17132.378	0.000
-17124.378	0.000
-17116.377	0.000
-17108.377	0.000
-17100.377	0.000
-17092.377	0.000
-17084.377	0.000
-17076.377	0.000
-17068.376	0.000
-17060.376	0.000
-17052.376	1.000
-17044.376	0.000
-17036.376	0.000
-17028.376	0.000
-17020.375	0.000
-17012.375	0.000
-17004.375	1.000
-16996.375	0.000
-16988.375	0.000
-16980.375	0.000
-16972.374	1.000
-16964.374	0.000
-16956.374	0.000
-16948.374	0.000
-16940.374	0.000
-16932.374	0.000
-16924.373	0.000
-16916.373	0.000
-16908.373	0.000
-16900.373	0.000
-16892.373	1.000
-16884.373	0.000
-16876.372	0.000
-16868.372	0.000
-16860.372	0.000
-16852.372	0.000
-16844.372	0.000
-16836.372	0.000
-16828.371	0.000
-16820.371	0.000
-16812.371	0.000
-16804.371	1.000
-16796.371	0.000
-16788.371	0.000
-16780.370	0.000
-16772.370	0.000
-16764.370	0.000
-16756.370	0.000
-16748.370	0.000
-16740.370	0.000
-16732.369	0.000
-16724.369	0.000
-16716.369	0.000
-16708.369	0.000
-16700.369	0.000
-16692.369	0.000
-16684.368	0.000
-16676.368	0.000
-16668.368	1.000
-16660.368	0.000
-16652.368	0.000
-16644.368	0.000
-16636.367	0.000
-16628.367	0.000
-16620.367	0.000
-16612.367	0.000
-16604.367	0.000
-16596.367	0.000
-16588.366	0.000
-16580.366	0.000
-16572.366	1.000
-16564.366	0.000
-16556.366	0.000
-16548.366	0.000
-16540.365	1.000
-16532.365	0.000
-16524.365	0.000
-16516.365	0.000
-16508.365	0.000
-16500.365	0.000
-16492.364	0.000
-16484.364	1.000
-16476.364	0.000
-16468.364	0.000
-16460.364	0.000
-16452.364	0.000
-16444.363	1.000
-16436.363	1.000
-16428.363	0.000
-16420.363	1.000
-16412.363	0.000
-16404.363	0.000
-16396.362	0.000
-16388.362	0.000
-16380.362	0.000
-16372.362	1.000
-16364.362	0.000
-16356.362	0.000
-16348.361	1.000
-16340.361	0.000
-16332.361	0.000
-16324.361	0.000
-16316.361	1.000
-16308.361	0.000
-16300.360	0.000
-16292.360	1.000
-16284.360	0.000
-16276.360	1.000
-16268.360	0.000
-16260.360	0.000
-16252.359	0.000
-16244.359	0.000
-16236.359	0.000
-16228.359	1.000
-16220.359	0.000
-16212.359	0.000
-16204.358	0.000
-16196.358	0.000
-16188.358	0.000
-16180.358	0.000
-16172.358	3.000
-16164.358	0.000
-16156.357	1.000
-16148.357	0.000
-16140.357	0.000
-16132.357	0.000
-16124.357	2.000
-16116.357	3.000
-16108.356	0.000
-16100.356	0.000
-16092.356	0.000
-16084.356	2.000
-16076.356	1.000
-16068.356	1.000
-16060.355	3.000
-16052.355	0.000
-16044.355	0.000
-16036.355	2.000
-16028.355	1.000
-16020.355	1.000
-16012.354	0.000
-16004.354	2.000
-15996.354	2.000
-15988.354	1.000
-15980.354	3.000
-15972.354	0.000
-15964.353	1.000
-15956.353	1.000
-15948.353	1.000
-15940.353	2.000
-15932.353	3.000
-15924.353	7.000
-15916.352	2.000
-15908.352	3.000
-15900.352	3.000
-15892.352	5.000
-15884.352	1.000
-15876.352	3.000
-15868.351	2.000
-15860.351	5.000
-15852.351	4.000
-15844.351	8.000
-15836.351	5.000
-15828.351	3.000
-15820.350	3.000
-15812.350	4.000
-15804.350	7.000
-15796.350	7.000
-15788.350	3.000
-15780.350	7.000
-15772.349	8.000
-15764.349	4.000
-15756.349	6.000
-15748.349	6.000
-15740.349	2.000
-15732.349	3.000
-15724.348	7.000
-15716.348	10.000
-15708.348	5.000
-15700.348	9.000
-15692.348	4.000
-15684.348	12.000
-15676.347	9.000
-15668.347	12.000
-15660.347	8.000
-15652.347	7.000
-15644.347	2.000
-15636.347	4.000
-15628.346	13.000
-15620.346	13.000
-15612.346	14.000
-15604.346	12.000
-15596.346	13.000
-15588.346	12.000
-15580.345	18.000
-15572.345	16.000
-15564.345	11.000
-15556.345	15.000
-15548.345	8.000
-15540.345	11.000
-15532.344	20.000
-15524.344	21.000
-15516.344	16.000
-15508.344	20.000
-15500.344	19.000
-15492.344	31.000
-15484.343	22.000
-15476.343	16.000
-15468.343	15.000
-15460.343	21.000
-15452.343	11.000
-15444.343	18.000
-15436.342	23.000
-15428.342	25.000
-15420.342	15.000
-15412.342	32.000
-15404.342	23.000
-15396.342	31.000
-15388.341	25.000
-15380.341	33.000
-15372.341	37.000
-15364.341	27.000
-15356.341	30.000
-15348.341	33.000
-15340.340	25.000
-15332.340	43.000
-15324.340	34.000
-15316.340	28.000
-15308.340	32.000
-15300.340	53.000
-15292.339	27.000
-15284.339	42.000
-15276.339	47.000
-15268.339	39.000
-15260.339	43.000
-15252.339	49.000
-15244.338	31.000
-15236.338	42.000
-15228.338	33.000
-15220.338	33.000
-15212.338	44.000
-15204.338	40.000
-15196.337	28.000
-15188.337	43.000
-15180.337	50.000
-15172.337	49.000
-15164.337	45.000
-15156.337	49.000
-15148.336	55.000
-15140.336	58.000
-15132.336	52.000
-15124.336	56.000
-15116.336	53.000
-15108.336	45.000
-15100.335	50.000
-15092.335	54.000
-15084.335	44.000
-15076.335	55.000
-15068.335	61.000
-15060.335	55.000
-15052.334	56.000
-15044.334	64.000
-15036.334	57.000
-15028.334	62.000
-15020.334	68.000
-15012.334	77.000
-15004.333	60.000
-14996.333	75.000
-14988.333	65.000
-14980.333	86.000
-14972.333	77.000
-14964.333	54.000
-14956.332	59.000
-14948.332	78.000
-14940.332	62.000
-14932.332	73.000
-14924.332	71.000
-14916.332	82.000
-14908.331	77.000
-14900.331	79.000
-14892.331	65.000
-14884.331	68.000
-14876.331	93.000
-14868.331	81.000
-14860.330	73.000
-14852.330	64.000
-14844.330	97.000
-14836.330	75.000
-14828.330	86.000
-14820.330	80.000
-14812.329	74.000
-14804.329	73.000
-14796.329	73.000
-14788.329	79.000
-14780.329	79.000
-14772.329	88.000
-14764.328	100.000
-14756.328	76.000
-14748.328	76.000
-14740.328	90.000
-14732.328	93.000
-14724.328	78.000
-14716.327	97.000
-14708.327	95.000
-14700.327	91.000
-14692.327	107.000
-14684.327	92.000
-14676.327	88.000
-14668.326	91.000
-14660.326	108.000
-14652.326	88.000
-14644.326	85.000
-14636.326	103.000
-14628.326	96.000
-14620.325	85.000
-14612.325	101.000
-14604.325	98.000
-14596.325	95.000
-14588.325	83.000
-14580.325	96.000
-14572.324	89.000
-14564.324	85.000
-14556.324	89.000
-14548.324	79.000
-14540.324	116.000
-14532.324	83.000
-14524.323	101.000
-14516.323	87.000
-14508.323	89.000
-14500.323	87.000
-14492.323	89.000
-14484.323	103.000
-14476.322	82.000
-14468.322	92.000
-14460.322	102.000
-14452.322	90.000
-14444.322	80.000
-14436.322	91.000
-14428.321	82.000
-14420.321	96.000
-14412.321	89.000
-14404.321	79.000
-14396.321	89.000
-14388.321	74.000
-14380.320	79.000
-14372.320	101.000
-14364.320	81.000
-14356.320	76.000
-14348.320	83.000
-14340.320	77.000
-14332.319	77.000
-14324.319	68.000
-14316.319	69.000
-14308.319	83.000
-14300.319	82.000
-14292.319	67.000
-14284.318	68.000
-14276.318	95.000
-14268.318	74.000
-14260.318	63.000
-14252.318	75.000
-14244.318	71.000
-14236.317	71.000
-14228.317	73.000
-14220.317	76.000
-14212.317	71.000
-14204.317	64.000
-14196.317	54.000
-14188.316	57.000
-14180.316	86.000
-14172.316	62.000
-14164.316	73.000
-14156.316	75.000
-14148.316	67.000
-14140.315	68.000
-14132.315	46.000
-14124.315	70.000
-14116.315	52.000
-14108.315	44.000
-14100.315	59.000
-14092.314	60.000
-14084.314	66.000
-14076.314	52.000
-14068.314	61.000
-14060.314	70.000
-14052.314	63.000
-14044.313	56.000
-14036.313	57.000
-14028.313	72.000
-14020.313	64.000
-14012.313	51.000
-14004.313	43.000
-13996.312	59.000
-13988.312	45.000
-13980.312	59.000
-13972.312	52.000
-13964.312	48.000
-13956.312	40.000
-13948.311	52.000
-13940.311	47.000
-13932.311	50.000
-13924.311	40.000
-13916.311	49.000
-13908.311	55.000
-13900.310	39.000
-13892.310	42.000
-13884.310	35.000
-13876.310	31.000
-13868.310	28.000
-13860.310	41.000
-13852.309	30.000
-13844.309	46.000
-13836.309	34.000
-13828.309	39.000
-13820.309	45.000
-13812.309	34.000
-13804.308	27.000
-13796.308	39.000
-13788.308	49.000
-13780.308	25.000
-13772.308	28.000
-13764.308	25.000
-13756.307	31.000
-13748.307	36.000
-13740.307	31.000
-13732.307	36.000
-13724.307	30.000
-13716.307	31.000
-13708.306	39.000
-13700.306	20.000
-13692.306	33.000
-13684.306	28.000
-13676.306	34.000
-13668.306	27.000
-13660.305	35.000
-13652.305	25.000
-13644.305	33.000
-13636.305	25.000
-13628.305	24.000
-13620.305	24.000
-13612.304	29.000
-13604.304	25.000
-13596.304	27.000
-13588.304	16.000
-13580.304	18.000
-13572.304	21.000
-13564.303	27.000
-13556.303	16.000
-13548.303	17.000
-13540.303	21.000
-13532.303	25.000
-13524.303	28.000
-13516.302	14.000
-13508.302	12.000
-13500.302	21.000
-13492.302	22.000
-13484.302	14.000
-13476.302	15.000
-13468.301	14.000
-13460.301	14.000
-13452.301	17.000
-13444.301	15.000
-13436.301	15.000
-13428.301	20.000
-13420.300	11.000
-13412.300	17.000
-13404.300	15.000
-13396.300	16.000
-13388.300	11.000
-13380.300	17.000
-13372.299	13.000
-13364.299	17.000
-13356.299	13.000
-13348.299	12.000
-13340.299	20.000
-13332.299	10.000
-13324.298	17.000
-13316.298	8.000
-13308.298	12.000
-13300.298	11.000
-13292.298	11.000
-13284.298	14.000
-13276.297	12.000
-13268.297	9.000
-13260.297	14.000
-13252.297	15.000
-13244.297	12.000
-13236.297	12.000
-13228.296	7.000
-13220.296	13.000
-13212.296	11.000
-13204.296	7.000
-13196.296	13.000
-13188.296	13.000
-13180.295	15.000
-13172.295	12.000
-13164.295	14.000
-13156.295	9.000
-13148.295	7.000
-13140.295	12.000
-13132.294	8.000
-13124.294	13.000
-13116.294	8.000
-13108.294	11.000
-13100.294	16.000
-13092.294	6.000
-13084.293	11.000
-13076.293	10.000
-13068.293	15.000
-13060.293	8.000
-13052.293	10.000
-13044.293	9.000
-13036.292	8.000
-13028.292	8.000
-13020.292	6.000
-13012.292	11.000
-13004.292	4.000
-12996.292	7.000
-12988.291	8.000
-12980.291	9.000
-12972.291	4.000
-12964.291	8.000
-12956.291	8.000
-12948.291	8.000
-12940.290	6.000
-12932.290	5.000
-12924.290	1.000
-12916.290	3.000
-12908.290	6.000
-12900.290	8.000
-12892.289	10.000
-12884.289	13.000
-12876.289	9.000
-12868.289	6.000
-12860.289	8.000
-12852.289	5.000
-12844.288	4.000
-12836.288	9.000
-12828.288	9.000
-12820.288	6.000
-12812.288	6.000
-12804.288	2.000
-12796.287	8.000
-12788.287	6.000
-12780.287	11.000
-12772.287	8.000
-12764.287	4.000
-12756.287	3.000
-12748.286	4.000
-12740.286	8.000
-12732.286	3.000
-12724.286	10.000
-12716.286	6.000
-12708.286	5.000
-12700.285	4.000
-12692.285	7.000
-12684.285	3.000
-12676.285	4.000
-12668.285	7.000
-12660.285	6.000
-12652.284	6.000
-12644.284	7.000
-12636.284	2.000
-12628.284	7.000
-12620.284	2.000
-12612.284	9.000
-12604.283	5.000
-12596.283	3.000
-12588.283	5.000
-12580.283	8.000
-12572.283	4.000
-12564.283	5.000
-12556.282	4.000
-12548.282	9.000
-12540.282	6.000
-12532.282	7.000
-12524.282	10.000
-12516.282	7.000
-12508.281	10.000
-12500.281	7.000
-12492.281	6.000
-12484.281	10.000
-12476.281	6.000
-12468.281	9.000
-12460.280	3.000
-12452.280	9.000
-12444.280	4.000
-12436.280	7.000
-12428.280	4.000
-12420.280	5.000
-12412.279	2.000
-12404.279	9.000
-12396.279	8.000
-12388.279	9.000
-12380.279	6.000
-12372.279	6.000
-12364.278	5.000
-12356.278	8.000
-12348.278	5.000
-12340.278	7.000
-12332.278	6.000
-12324.278	5.000
-12316.277	3.000
-12308.277	5.000
-12300.277	8.000
-12292.277	6.000
-12284.277	1.000
-12276.277	6.000
-12268.276	7.000
-12260.276	8.000
-12252.276	6.000
-12244.276	6.000
-12236.276	4.000
-12228.276	6.000
-12220.275	5.000
-12212.275	6.000
-12204.275	3.000
-12196.275	6.000
-12188.275	10.000
-12180.275	11.000
-12172.274	7.000
-12164.274	2.000
-12156.274	4.000
-12148.274	8.000
-12140.274	9.000
-12132.274	5.000
-12124.273	9.000
-12116.273	6.000
-12108.273	5.000
-12100.273	9.000
-12092.273	4.000
-12084.273	8.000
-12076.272	6.000
-12068.272	6.000
-12060.272	3.000
-12052.272	7.000
-12044.272	9.000
-12036.272	3.000
-12028.271	5.000
-12020.271	7.000
-12012.271	5.000
-12004.271	7.000
-11996.271	6.000
-11988.271	6.000
-11980.270	5.000
-11972.270	7.000
-11964.270	8.000
-11956.270	5.000
-11948.270	7.000
-11940.270	7.000
-11932.269	5.000
-11924.269	7.000
-11916.269	7.000
-11908.269	11.000
-11900.269	5.000
-11892.269	9.000
-11884.268	6.000
-11876.268	12.000
-11868.268	7.000
-11860.268	5.000
-11852.268	9.000
-11844.268	6.000
-11836.267	10.000
-11828.267	7.000
-11820.267	7.000
-11812.267	5.000
-11804.267	9.000
-11796.267	5.000
-11788.266	8.000
-11780.266	8.000
-11772.266	7.000
-11764.266	14.000
-11756.266	7.000
-11748.266	6.000
-11740.265	8.000
-11732.265	5.000
-11724.265	8.000
-11716.265	7.000
-11708.265	1.000
-11700.265	7.000
-11692.264	5.000
-11684.264	6.000
-11676.264	15.000
-11668.264	11.000
-11660.264	4.000
-11652.264	6.000
-11644.263	10.000
-11636.263	9.000
-11628.263	11.000
-11620.263	11.000
-11612.263	7.000
-11604.263	13.000
-11596.262	14.000
-11588.262	8.000
-11580.262	10.000
-11572.262	14.000
-11564.262	13.000
-11556.262	10.000
-11548.261	7.000
-11540.261	9.000
-11532.261	9.000
-11524.261	8.000
-11516.261	11.000
-11508.261	13.000
-11500.260	15.000
-11492.260	12.000
-11484.260	14.000
-11476.260	12.000
-11468.260	9.000
-11460.260	10.000
-11452.259	9.000
-11444.259	14.000
-11436.259	12.000
-11428.259	16.000
-11420.259	15.000
-11412.259	13.000
-11404.258	14.000
-11396.258	10.000
-11388.258	7.000
-11380.258	14.000
-11372.258	19.000
-11364.258	16.000
-11356.257	13.000
-11348.257	11.000
-11340.257	19.000
-11332.257	12.000
-11324.257	19.000
-11316.257	7.000
-11308.256	11.000
-11300.256	16.000
-11292.256	8.000
-11284.256	13.000
-11276.256	19.000
-11268.256	16.000
-11260.255	22.000
-11252.255	18.000
-11244.255	14.000
-11236.255	12.000
-11228.255	11.000
-11220.255	15.000
-11212.254	14.000
-11204.254	19.000
-11196.254	7.000
-11188.254	14.000
-11180.254	16.000
-11172.254	22.000
-11164.253	14.000
-11156.253	22.000
-11148.253	21.000
-11140.253	20.000
-11132.253	24.000
-11124.253	14.000
-11116.252	13.000
-11108.252	25.000
-11100.252	22.000
-11092.252	19.000
-11084.252	22.000
-11076.252	12.000
-11068.251	13.000
-11060.251	25.000
-11052.251	28.000
-11044.251	27.000
-11036.251	21.000
-11028.251	23.000
-11020.250	21.000
-11012.250	20.000
-11004.250	18.000
-10996.250	32.000
-10988.250	31.000
-10980.250	24.000
-10972.249	18.000
-10964.249	29.000
-10956.249	17.000
-10948.249	20.000
-10940.249	28.000
-10932.249	21.000
-10924.248	28.000
-10916.248	18.000
-10908.248	28.000
-10900.248	27.000
-10892.248	35.000
-10884.248	24.000
-10876.247	22.000
-10868.247	25.000
-10860.247	30.000
-10852.247	20.000
-10844.247	26.000
-10836.247	23.000
-10828.246	28.000
-10820.246	26.000
-10812.246	23.000
-10804.246	32.000
-10796.246	24.000
-10788.246	27.000
-10780.245	25.000
-10772.245	25.000
-10764.245	33.000
-10756.245	23.000
-10748.245	33.000
-10740.245	33.000
-10732.244	24.000
-10724.244	27.000
-10716.244	37.000
-10708.244	50.000
-10700.244	33.000
-10692.244	26.000
-10684.243	42.000
-10676.243	43.000
-10668.243	26.000
-10660.243	27.000
-10652.243	42.000
-10644.243	35.000
-10636.242	34.000
-10628.242	41.000
-10620.242	30.000
-10612.242	36.000
-10604.242	47.000
-10596.242	43.000
-10588.241	35.000
-10580.241	42.000
-10572.241	31.000
-10564.241	56.000
-10556.241	48.000
-10548.241	34.000
-10540.240	39.000
-10532.240	38.000
-10524.240	51.000
-10516.240	39.000
-10508.240	40.000
-10500.240	41.000
-10492.239	40.000
-10484.239	33.000
-10476.239	40.000
-10468.239	37.000
-10460.239	52.000
-10452.239	33.000
-10444.238	43.000
-10436.238	39.000
-10428.238	41.000
-10420.238	35.000
-10412.238	43.000
-10404.238	49.000
-10396.237	38.000
-10388.237	48.000
-10380.237	33.000
-10372.237	47.000
-10364.237	49.000
-10356.237	49.000
-10348.236	60.000
-10340.236	46.000
-10332.236	53.000
-10324.236	53.000
-10316.236	47.000
-10308.236	58.000
-10300.235	44.000
-10292.235	44.000
-10284.235	39.000
-10276.235	46.000
-10268.235	54.000
-10260.235	45.000
-10252.234	65.000
-10244.234	37.000
-10236.234	65.000
-10228.234	35.000
-10220.234	54.000
-10212.234	39.000
-10204.233	49.000
-10196.233	48.000
-10188.233	67.000
-10180.233	63.000
-10172.233	48.000
-10164.233	47.000
-10156.232	44.000
-10148.232	49.000
-10140.232	47.000
-10132.232	51.000
-10124.232	49.000
-10116.232	53.000
-10108.231	47.000
-10100.231	44.000
-10092.231	51.000
-10084.231	48.000
-10076.231	49.000
-10068.231	46.000
-10060.230	52.000
-10052.230	51.000
-10044.230	38.000
-10036.230	45.000
-10028.230	50.000
-10020.230	50.000
-10012.229	47.000
-10004.229	43.000
-9996.229	58.000
-9988.229	67.000
-9980.229	60.000
-9972.229	58.000
-9964.228	39.000
-9956.228	48.000
-9948.228	44.000
-9940.228	47.000
-9932.228	56.000
-9924.228	62.000
-9916.227	59.000
-9908.227	42.000
-9900.227	54.000
-9892.227	55.000
-9884.227	63.000
-9876.227	49.000
-9868.226	55.000
-9860.226	54.000
-9852.226	45.000
-9844.226	53.000
-9836.226	54.000
-9828.226	54.000
-9820.225	57.000
-9812.225	41.000
-9804.225	43.000
-9796.225	59.000
-9788.225	43.000
-9780.225	59.000
-9772.224	44.000
-9764.224	54.000
-9756.224	48.000
-9748.224	54.000
-9740.224	54.000
-9732.224	56.000
-9724.223	51.000
-9716.223	54.000
-9708.223	57.000
-9700.223	50.000
-9692.223	50.000
-9684.223	45.000
-9676.222	45.000
-9668.222	52.000
-9660.222	51.000
-9652.222	40.000
-9644.222	54.000
-9636.222	62.000
-9628.221	56.000
-9620.221	53.000
-9612.221	55.000
-9604.221	52.000
-9596.221	54.000
-9588.221	63.000
-9580.220	50.000
-9572.220	57.000
-9564.220	56.000
-9556.220	54.000
-9548.220	56.000
-9540.220	47.000
-9532.219	55.000
-9524.219	55.000
-9516.219	47.000
-9508.219	45.000
-9500.219	67.000
-9492.219	55.000
-9484.218	51.000
-9476.218	49.000
-9468.218	44.000
-9460.218	45.000
-9452.218	60.000
-9444.218	46.000
-9436.217	55.000
-9428.217	59.000
-9420.217	62.000
-9412.217	46.000
-9404.217	57.000
-9396.217	51.000
-9388.216	52.000
-9380.216	60.000
-9372.216	43.000
-9364.216	50.000
-9356.216	49.000
-9348.216	52.000
-9340.215	48.000
-9332.215	52.000
-9324.215	72.000
-9316.215	47.000
-9308.215	46.000
-9300.215	44.000
-9292.214	70.000
-9284.214	71.000
-9276.214	50.000
-9268.214	48.000
-9260.214	50.000
-9252.214	66.000
-9244.213	63.000
-9236.213	45.000
-9228.213	59.000
-9220.213	47.000
-9212.213	53.000
-9204.213	38.000
-9196.212	49.000
-9188.212	47.000
-9180.212	49.000
-9172.212	59.000
-9164.212	41.000
-9156.212	57.000
-9148.211	49.000
-9140.211	49.000
-9132.211	54.000
-9124.211	48.000
-9116.211	61.000
-9108.211	51.000
-9100.210	64.000
-9092.210	56.000
-9084.210	49.000
-9076.210	65.000
-9068.210	62.000
-9060.210	64.000
-9052.209	45.000
-9044.209	58.000
-9036.209	43.000
-9028.209	44.000
-9020.209	40.000
-9012.209	55.000
-9004.208	50.000
-8996.208	61.000
-8988.208	50.000
-8980.208	69.000
-8972.208	56.000
-8964.208	69.000
-8956.207	41.000
-8948.207	47.000
-8940.207	50.000
-8932.207	49.000
-8924.207	46.000
-8916.207	56.000
-8908.206	53.000
-8900.206	40.000
-8892.206	59.000
-8884.206	61.000
-8876.206	57.000
-8868.206	60.000
-8860.205	58.000
-8852.205	68.000
-8844.205	42.000
-8836.205	44.000
-8828.205	50.000
-8820.205	54.000
-8812.204	52.000
-8804.204	55.000
-8796.204	52.000
-8788.204	48.000
-8780.204	65.000
-8772.204	53.000
-8764.203	54.000
-8756.203	59.000
-8748.203	57.000
-8740.203	54.000
-8732.203	51.000
-8724.203	63.000
-8716.202	58.000
-8708.202	53.000
-8700.202	47.000
-8692.202	64.000
-8684.202	64.000
-8676.202	64.000
-8668.201	47.000
-8660.201	57.000
-8652.201	69.000
-8644.201	37.000
-8636.201	77.000
-8628.201	70.000
-8620.200	55.000
-8612.200	49.000
-8604.200	62.000
-8596.200	48.000
-8588.200	57.000
-8580.200	48.000
-8572.199	67.000
-8564.199	60.000
-8556.199	61.000
-8548.199	62.000
-8540.199	71.000
-8532.199	51.000
-8524.198	69.000
-8516.198	51.000
-8508.198	51.000
-8500.198	65.000
-8492.198	61.000
-8484.198	54.000
-8476.197	63.000
-8468.197	53.000
-8460.197	56.000
-8452.197	64.000
-8444.197	55.000
-8436.197	55.000
-8428.196	70.000
-8420.196	65.000
-8412.196	65.000
-8404.196	60.000
-8396.196	53.000
-8388.196	52.000
-8380.195	57.000
-8372.195	57.000
-8364.195	58.000
-8356.195	52.000
-8348.195	66.000
-8340.195	44.000
-8332.194	61.000
-8324.194	64.000
-8316.194	68.000
-8308.194	51.000
-8300.194	54.000
-8292.194	49.000
-8284.193	56.000
-8276.193	48.000
-8268.193	62.000
-8260.193	56.000
-8252.193	63.000
-8244.193	55.000
-8236.192	61.000
-8228.192	56.000
-8220.192	68.000
-8212.192	59.000
-8204.192	58.000
-8196.192	57.000
-8188.191	50.000
-8180.191	59.000
-8172.191	66.000
-8164.191	73.000
-8156.191	52.000
-8148.191	72.000
-8140.190	62.000
-8132.190	62.000
-8124.190	52.000
-8116.190	58.000
-8108.190	61.000
-8100.190	65.000
-8092.189	70.000
-8084.189	57.000
-8076.189	54.000
-8068.189	54.000
-8060.189	61.000
-8052.189	69.000
-8044.188	62.000
-8036.188	56.000
-8028.188	69.000
-8020.188	64.000
-8012.188	67.000
-8004.188	66.000
-7996.187	69.000
-7988.187	63.000
-7980.187	50.000
-7972.187	71.000
-7964.187	61.000
-7956.187	60.000
-7948.186	73.000
-7940.186	77.000
-7932.186	73.000
-7924.186	56.000
-7916.186	58.000
-7908.186	65.000
-7900.185	64.000
-7892.185	74.000
-7884.185	53.000
-7876.185	61.000
-7868.185	77.000
-7860.185	58.000
-7852.184	65.000
-7844.184	62.000
-7836.184	58.000
-7828.184	69.000
-7820.184	70.000
-7812.184	67.000
-7804.183	68.000
-7796.183	66.000
-7788.183	75.000
-7780.183	74.000
-7772.183	62.000
-7764.183	63.000
-7756.182	70.000
-7748.182	78.000
-7740.182	56.000
-7732.182	50.000
-7724.182	66.000
-7716.182	54.000
-7708.181	61.000
-7700.181	67.000
-7692.181	70.000
-7684.181	66.000
-7676.181	73.000
-7668.181	61.000
-7660.180	81.000
-7652.180	69.000
-7644.180	61.000
-7636.180	63.000
-7628.180	76.000
-7620.180	59.000
-7612.179	68.000
-7604.179	66.000
-7596.179	69.000
-7588.179	65.000
-7580.179	68.000
-7572.179	62.000
-7564.178	74.000
-7556.178	59.000
-7548.178	68.000
-7540.178	63.000
-7532.178	71.000
-7524.178	60.000
-7516.177	61.000
-7508.177	75.000
-7500.177	59.000
-7492.177	75.000
-7484.177	61.000
-7476.177	70.000
-7468.176	63.000
-7460.176	64.000
-7452.176	60.000
-7444.176	75.000
-7436.176	68.000
-7428.176	61.000
-7420.175	58.000
-7412.175	78.000
-7404.175	69.000
-7396.175	72.000
-7388.175	73.000
-7380.175	69.000
-7372.174	56.000
-7364.174	69.000
-7356.174	74.000
-7348.174	69.000
-7340.174	59.000
-7332.174	79.000
-7324.173	65.000
-7316.173	55.000
-7308.173	59.000
-7300.173	64.000
-7292.173	74.000
-7284.173	72.000
-7276.172	66.000
-7268.172	66.000
-7260.172	71.000
-7252.172	63.000
-7244.172	86.000
-7236.172	64.000
-7228.171	72.000
-7220.171	66.000
-7212.171	75.000
-7204.171	72.000
-7196.171	82.000
-7188.171	76.000
-7180.170	64.000
-7172.170	78.000
-7164.170	72.000
-7156.170	72.000
-7148.170	66.000
-7140.170	74.000
-7132.169	75.000
-7124.169	67.000
-7116.169	70.000
-7108.169	66.000
-7100.169	69.000
-7092.169	67.000
-7084.168	62.000
-7076.168	70.000
-7068.168	55.000
-7060.168	70.000
-7052.168	60.000
-7044.168	58.000
-7036.167	59.000
-7028.167	70.000
-7020.167	84.000
-7012.167	69.000
-7004.167	70.000
-6996.167	59.000
-6988.166	93.000
-6980.166	66.000
-6972.166	80.000
-6964.166	69.000
-6956.166	74.000
-6948.166	78.000
-6940.165	75.000
-6932.165	78.000
-6924.165	71.000
-6916.165	83.000
-6908.165	66.000
-6900.165	64.000
-6892.164	75.000
-6884.164	78.000
-6876.164	86.000
-6868.164	73.000
-6860.164	78.000
-6852.164	60.000
-6844.163	70.000
-6836.163	80.000
-6828.163	67.000
-6820.163	69.000
-6812.163	63.000
-6804.163	58.000
-6796.162	65.000
-6788.162	64.000
-6780.162	77.000
-6772.162	76.000
-6764.162	77.000
-6756.162	81.000
-6748.161	80.000
-6740.161	72.000
-6732.161	80.000
-6724.161	80.000
-6716.161	84.000
-6708.161	73.000
-6700.160	66.000
-6692.160	66.000
-6684.160	76.000
-6676.160	81.000
-6668.160	81.000
-6660.160	67.000
-6652.159	74.000
-6644.159	67.000
-6636.159	69.000
-6628.159	73.000
-6620.159	80.000
-6612.159	77.000
-6604.158	76.000
-6596.158	56.000
-6588.158	74.000
-6580.158	72.000
-6572.158	79.000
-6564.158	72.000
-6556.157	70.000
-6548.157	71.000
-6540.157	62.000
-6532.157	72.000
-6524.157	72.000
-6516.157	76.000
-6508.156	80.000
-6500.156	71.000
-6492.156	71.000
-6484.156	66.000
-6476.156	74.000
-6468.156	76.000
-6460.155	58.000
-6452.155	68.000
-6444.155	77.000
-6436.155	78.000
-6428.155	91.000
-6420.155	55.000
-6412.154	90.000
-6404.154	66.000
-6396.154	66.000
-6388.154	58.000
-6380.154	63.000
-6372.154	74.000
-6364.153	71.000
-6356.153	73.000
-6348.153	83.000
-6340.153	70.000
-6332.153	72.000
-6324.153	82.000
-6316.152	70.000
-6308.152	83.000
-6300.152	80.000
-6292.152	68.000
-6284.152	86.000
-6276.152	63.000
-6268.151	79.000
-6260.151	72.000
-6252.151	75.000
-6244.151	73.000
-6236.151	75.000
-6228.151	75.000
-6220.150	69.000
-6212.150	81.000
-6204.150	71.000
-6196.150	75.000
-6188.150	69.000
-6180.150	74.000
-6172.149	68.000
-6164.149	67.000
-6156.149	89.000
-6148.149	65.000
-6140.149	80.000
-6132.149	70.000
-6124.148	69.000
-6116.148	83.000
-6108.148	68.000
-6100.148	77.000
-6092.148	80.000
-6084.148	83.000
-6076.147	80.000
-6068.147	91.000
-6060.147	72.000
-6052.147	86.000
-6044.147	62.000
-6036.147	69.000
-6028.146	80.000
-6020.146	85.000
-6012.146	66.000
-6004.146	81.000
-5996.146	78.000
-5988.146	86.000
-5980.145	66.000
-5972.145	95.000
-5964.145	70.000
-5956.145	72.000
-5948.145	74.000
-5940.145	74.000
-5932.144	72.000
-5924.144	70.000
-5916.144	88.000
-5908.144	78.000
-5900.144	79.000
-5892.144	62.000
-5884.143	70.000
-5876.143	80.000
-5868.143	66.000
-5860.143	79.000
-5852.143	77.000
-5844.143	78.000
-5836.142	69.000
-5828.142	89.000
-5820.142	73.000
-5812.142	74.000
-5804.142	88.000
-5796.142	91.000
-5788.141	82.000
-5780.141	71.000
-5772.141	70.000
-5764.141	81.000
-5756.141	84.000
-5748.141	81.000
-5740.140	83.000
-5732.140	81.000
-5724.140	77.000
-5716.140	85.000
-5708.140	85.000
-5700.140	71.000
-5692.139	71.000
-5684.139	74.000
-5676.139	82.000
-5668.139	75.000
-5660.139	82.000
-5652.139	80.000
-5644.138	86.000
-5636.138	82.000
-5628.138	79.000
-5620.138	73.000
-5612.138	101.000
-5604.138	95.000
-5596.137	68.000
-5588.137	82.000
-5580.137	66.000
-5572.137	67.000
-5564.137	82.000
-5556.137	75.000
-5548.136	72.000
-5540.136	86.000
-5532.136	58.000
-5524.136	70.000
-5516.136	79.000
-5508.136	75.000
-5500.135	68.000
-5492.135	84.000
-5484.135	80.000
-5476.135	81.000
-5468.135	85.000
-5460.135	85.000
-5452.134	96.000
-5444.134	92.000
-5436.134	79.000
-5428.134	74.000
-5420.134	89.000
-5412.134	94.000
-5404.133	72.000
-5396.133	70.000
-5388.133	73.000
-5380.133	100.000
-5372.133	71.000
-5364.133	72.000
-5356.132	80.000
-5348.132	96.000
-5340.132	94.000
-5332.132	92.000
-5324.132	84.000
-5316.132	65.000
-5308.131	90.000
-5300.131	90.000
-5292.131	85.000
-5284.131	105.000
-5276.131	81.000
-5268.131	92.000
-5260.130	93.000
-5252.130	92.000
-5244.130	98.000
-5236.130	68.000
-5228.130	89.000
-5220.130	103.000
-5212.129	99.000
-5204.129	84.000
-5196.129	99.000
-5188.129	87.000
-5180.129	88.000
-5172.129	102.000
-5164.128	104.000
-5156.128	91.000
-5148.128	118.000
-5140.128	93.000
-5132.128	104.000
-5124.128	77.000
-5116.127	88.000
-5108.127	107.000
-5100.127	98.000
-5092.127	103.000
-5084.127	109.000
-5076.127	98.000
-5068.126	93.000
-5060.126	101.000
-5052.126	87.000
-5044.126	113.000
-5036.126	98.000
-5028.126	124.000
-5020.125	95.000
-5012.125	114.000
-5004.125	92.000
-4996.125	94.000
-4988.125	97.000
-4980.125	78.000
-4972.124	97.000
-4964.124	95.000
-4956.124	104.000
-4948.124	111.000
-4940.124	109.000
-4932.124	121.000
-4924.123	100.000
-4916.123	112.000
-4908.123	121.000
-4900.123	104.000
-4892.123	104.000
-4884.123	121.000
-4876.122	100.000
-4868.122	95.000
-4860.122	108.000
-4852.122	107.000
-4844.122	91.000
-4836.122	112.000
-4828.121	108.000
-4820.121	89.000
-4812.121	109.000
-4804.121	111.000
-4796.121	113.000
-4788.121	116.000
-4780.120	103.000
-4772.120	116.000
-4764.120	116.000
-4756.120	113.000
-4748.120	121.000
-4740.120	103.000
-4732.119	119.000
-4724.119	116.000
-4716.119	106.000
-4708.119	113.000
-4700.119	123.000
-4692.119	127.000
-4684.118	107.000
-4676.118	120.000
-4668.118	107.000
-4660.118	114.000
-4652.118	105.000
-4644.118	128.000
-4636.117	105.000
-4628.117	94.000
-4620.117	110.000
-4612.117	119.000
-4604.117	109.000
-4596.117	112.000
-4588.116	104.000
-4580.116	97.000
-4572.116	103.000
-4564.116	106.000
-4556.116	106.000
-4548.116	94.000
-4540.115	104.000
-4532.115	103.000
-4524.115	109.000
-4516.115	119.000
-4508.115	125.000
-4500.115	97.000
-4492.114	102.000
-4484.114	103.000
-4476.114	126.000
-4468.114	74.000
-4460.114	101.000
-4452.114	93.000
-4444.113	96.000
-4436.113	94.000
-4428.113	111.000
-4420.113	103.000
-4412.113	106.000
-4404.113	107.000
-4396.112	102.000
-4388.112	77.000
-4380.112	80.000
-4372.112	108.000
-4364.112	80.000
-4356.112	93.000
-4348.111	95.000
-4340.111	84.000
-4332.111	97.000
-4324.111	97.000
-4316.111	89.000
-4308.111	93.000
-4300.110	93.000
-4292.110	91.000
-4284.110	104.000
-4276.110	85.000
-4268.110	93.000
-4260.110	87.000
-4252.109	86.000
-4244.109	85.000
-4236.109	83.000
-4228.109	93.000
-4220.109	86.000
-4212.109	97.000
-4204.108	80.000
-4196.108	96.000
-4188.108	76.000
-4180.108	88.000
-4172.108	106.000
-4164.108	98.000
-4156.107	79.000
-4148.107	96.000
-4140.107	88.000
-4132.107	101.000
-4124.107	78.000
-4116.107	84.000
-4108.106	100.000
-4100.106	85.000
-4092.106	98.000
-4084.106	88.000
-4076.106	95.000
-4068.106	89.000
-4060.105	95.000
-4052.105	98.000
-4044.105	67.000
-4036.105	93.000
-4028.105	89.000
-4020.105	81.000
-4012.104	74.000
-4004.104	86.000
-3996.104	86.000
-3988.104	86.000
-3980.104	87.000
-3972.104	81.000
-3964.103	94.000
-3956.103	100.000
-3948.103	81.000
-3940.103	71.000
-3932.103	93.000
-3924.103	103.000
-3916.102	88.000
-3908.102	72.000
-3900.102	77.000
-3892.102	98.000
-3884.102	90.000
-3876.102	91.000
-3868.101	85.000
-3860.101	94.000
-3852.101	91.000
-3844.101	75.000
-3836.101	91.000
-3828.101	85.000
-3820.100	80.000
-3812.100	77.000
-3804.100	96.000
-3796.100	62.000
-3788.100	82.000
-3780.100	90.000
-3772.099	87.000
-3764.099	82.000
-3756.099	87.000
-3748.099	69.000
-3740.099	97.000
-3732.099	74.000
-3724.098	79.000
-3716.098	76.000
-3708.098	71.000
-3700.098	75.000
-3692.098	78.000
-3684.098	88.000
-3676.097	56.000
-3668.097	67.000
-3660.097	76.000
-3652.097	64.000
-3644.097	96.000
-3636.097	75.000
-3628.096	82.000
-3620.096	65.000
-3612.096	54.000
-3604.096	79.000
-3596.096	70.000
-3588.096	94.000
-3580.095	85.000
-3572.095	83.000
-3564.095	78.000
-3556.095	71.000
-3548.095	98.000
-3540.095	76.000
-3532.094	89.000
-3524.094	73.000
-3516.094	86.000
-3508.094	86.000
-3500.094	100.000
-3492.094	85.000
-3484.093	92.000
-3476.093	86.000
-3468.093	93.000
-3460.093	90.000
-3452.093	83.000
-3444.093	85.000
-3436.092	80.000
-3428.092	69.000
-3420.092	78.000
-3412.092	92.000
-3404.092	84.000
-3396.092	76.000
-3388.091	80.000
-3380.091	88.000
-3372.091	83.000
-3364.091	106.000
-3356.091	92.000
-3348.091	93.000
-3340.090	98.000
-3332.090	73.000
-3324.090	74.000
-3316.090	95.000
-3308.090	87.000
-3300.090	82.000
-3292.089	90.000
-3284.089	72.000
-3276.089	70.000
-3268.089	55.000
-3260.089	93.000
-3252.089	76.000
-3244.088	92.000
-3236.088	84.000
-3228.088	82.000
-3220.088	75.000
-3212.088	87.000
-3204.088	80.000
-3196.087	88.000
-3188.087	99.000
-3180.087	90.000
-3172.087	80.000
-3164.087	81.000
-3156.087	74.000
-3148.086	66.000
-3140.086	82.000
-3132.086	83.000
-3124.086	82.000
-3116.086	80.000
-3108.086	85.000
-3100.085	81.000
-3092.085	87.000
-3084.085	78.000
-3076.085	94.000
-3068.085	84.000
-3060.085	63.000
-3052.084	62.000
-3044.084	95.000
-3036.084	101.000
-3028.084	81.000
-3020.084	80.000
-3012.084	83.000
-3004.083	73.000
-2996.083	98.000
-2988.083	98.000
-2980.083	89.000
-2972.083	85.000
-2964.083	89.000
-2956.082	90.000
-2948.082	67.000
-2940.082	79.000
-2932.082	94.000
-2924.082	80.000
-2916.082	78.000
-2908.081	67.000
-2900.081	85.000
-2892.081	76.000
-2884.081	69.000
-2876.081	88.000
-2868.081	93.000
-2860.080	82.000
-2852.080	83.000
-2844.080	93.000
-2836.080	95.000
-2828.080	85.000
-2820.080	93.000
-2812.079	84.000
-2804.079	88.000
-2796.079	77.000
-2788.079	102.000
-2780.079	96.000
-2772.079	98.000
-2764.078	89.000
-2756.078	92.000
-2748.078	74.000
-2740.078	91.000
-2732.078	100.000
-2724.078	83.000
-2716.077	71.000
-2708.077	87.000
-2700.077	84.000
-2692.077	100.000
-2684.077	89.000
-2676.077	89.000
-2668.076	94.000
-2660.076	75.000
-2652.076	77.000
-2644.076	82.000
-2636.076	75.000
-2628.076	72.000
-2620.075	83.000
-2612.075	82.000
-2604.075	87.000
-2596.075	90.000
-2588.075	110.000
-2580.075	85.000
-2572.074	95.000
-2564.074	81.000
-2556.074	74.000
-2548.074	71.000
-2540.074	83.000
-2532.074	95.000
-2524.073	103.000
-2516.073	93.000
-2508.073	93.000
-2500.073	89.000
-2492.073	95.000
-2484.073	103.000
-2476.072	92.000
-2468.072	75.000
-2460.072	105.000
-2452.072	82.000
-2444.072	89.000
-2436.072	68.000
-2428.071	86.000
-2420.071	87.000
-2412.071	74.000
-2404.071	83.000
-2396.071	92.000
-2388.071	86.000
-2380.070	99.000
-2372.070	97.000
-2364.070	95.000
-2356.070	96.000
-2348.070	103.000
-2340.070	78.000
-2332.069	104.000
-2324.069	66.000
-2316.069	95.000
-2308.069	87.000
-2300.069	112.000
-2292.069	112.000
-2284.068	122.000
-2276.068	102.000
-2268.068	83.000
-2260.068	84.000
-2252.068	93.000
-2244.068	82.000
-2236.067	107.000
-2228.067	115.000
-2220.067	96.000
-2212.067	92.000
-2204.067	106.000
-2196.067	116.000
-2188.066	111.000
-2180.066	103.000
-2172.066	101.000
-2164.066	87.000
-2156.066	108.000
-2148.066	106.000
-2140.065	95.000
-2132.065	117.000
-2124.065	123.000
-2116.065	103.000
-2108.065	96.000
-2100.065	90.000
-2092.064	115.000
-2084.064	102.000
-2076.064	116.000
-2068.064	113.000
-2060.064	131.000
-2052.064	103.000
-2044.063	121.000
-2036.063	115.000
-2028.063	121.000
-2020.063	114.000
-2012.063	101.000
-2004.063	114.000
-1996.062	89.000
-1988.062	103.000
-1980.062	121.000
-1972.062	124.000
-1964.062	115.000
-1956.062	115.000
-1948.061	127.000
-1940.061	120.000
-1932.061	118.000
-1924.061	125.000
-1916.061	128.000
-1908.061	121.000
-1900.060	107.000
-1892.060	132.000
-1884.060	142.000
-1876.060	136.000
-1868.060	129.000
-1860.060	129.000
-1852.059	140.000
-1844.059	116.000
-1836.059	121.000
-1828.059	132.000
-1820.059	137.000
-1812.059	155.000
-1804.058	132.000
-1796.058	129.000
-1788.058	147.000
-1780.058	130.000
-1772.058	161.000
-1764.058	117.000
-1756.057	132.000
-1748.057	156.000
-1740.057	141.000
-1732.057	140.000
-1724.057	156.000
-1716.057	151.000
-1708.056	127.000
-1700.056	157.000
-1692.056	159.000
-1684.056	136.000
-1676.056	173.000
-1668.056	176.000
-1660.055	156.000
-1652.055	162.000
-1644.055	146.000
-1636.055	178.000
-1628.055	162.000
-1620.055	150.000
-1612.054	161.000
-1604.054	168.000
-1596.054	147.000
-1588.054	172.000
-1580.054	178.000
-1572.054	171.000
-1564.053	173.000
-1556.053	168.000
-1548.053	184.000
-1540.053	207.000
-1532.053	156.000
-1524.053	193.000
-1516.052	179.000
-1508.052	169.000
-1500.052	195.000
-1492.052	205.000
-1484.052	204.000
-1476.052	187.000
-1468.051	192.000
-1460.051	200.000
-1452.051	220.000
-1444.051	207.000
-1436.051	227.000
-1428.051	186.000
-1420.050	187.000
-1412.050	211.000
-1404.050	192.000
-1396.050	248.000
-1388.050	210.000
-1380.050	217.000
-1372.049	204.000
-1364.049	244.000
-1356.049	227.000
-1348.049	232.000
-1340.049	221.000
-1332.049	193.000
-1324.048	251.000
-1316.048	259.000
-1308.048	238.000
-1300.048	259.000
-1292.048	256.000
-1284.048	239.000
-1276.047	277.000
-1268.047	275.000
-1260.047	266.000
-1252.047	230.000
-1244.047	282.000
-1236.047	268.000
-1228.046	285.000
-1220.046	246.000
-1212.046	281.000
-1204.046	288.000
-1196.046	330.000
-1188.046	320.000
-1180.045	291.000
-1172.045	332.000
-1164.045	293.000
-1156.045	338.000
-1148.045	319.000
-1140.045	337.000
-1132.044	325.000
-1124.044	367.000
-1116.044	362.000
-1108.044	337.000
-1100.044	342.000
-1092.044	320.000
-1084.043	384.000
-1076.043	410.000
-1068.043	359.000
-1060.043	386.000
-1052.043	399.000
-1044.043	399.000
-1036.042	422.000
-1028.042	474.000
-1020.042	436.000
-1012.042	465.000
-1004.042	457.000
-996.042	470.000
-988.041	494.000
-980.041	513.000
-972.041	509.000
-964.041	525.000
-956.041	541.000
-948.041	531.000
-940.040	584.000
-932.040	612.000
-924.040	658.000
-916.040	612.000
-908.040	627.000
-900.040	697.000
-892.039	657.000
-884.039	644.000
-876.039	666.000
-868.039	751.000
-860.039	726.000
-852.039	801.000
-844.038	811.000
-836.038	817.000
-828.038	834.000
-820.038	863.000
-812.038	839.000
-804.038	823.000
-796.037	867.000
-788.037	832.000
-780.037	914.000
-772.037	889.000
-764.037	856.000
-756.037	955.000
-748.036	923.000
-740.036	956.000
-732.036	948.000
-724.036	989.000
-716.036	965.000
-708.036	995.000
-700.035	994.000
-692.035	949.000
-684.035	1008.000
-676.035	987.000
-668.035	1041.000
-660.035	1015.000
-652.034	1057.000
-644.034	1047.000
-636.034	978.000
-628.034	974.000
-620.034	944.000
-612.034	975.000
-604.033	979.000
-596.033	1026.000
-588.033	969.000
-580.033	977.000
-572.033	945.000
-564.033	938.000
-556.032	966.000
-548.032	927.000
-540.032	925.000
-532.032	865.000
-524.032	966.000
-516.032	836.000
-508.031	845.000
-500.031	856.000
-492.031	867.000
-484.031	775.000
-476.031	801.000
-468.031	794.000
-460.030	761.000
-452.030	794.000
-444.030	715.000
-436.030	719.000
-428.030	675.000
-420.030	655.000
-412.029	695.000
-404.029	671.000
-396.029	652.000
-388.029	606.000
-380.029	657.000
-372.029	593.000
-364.028	578.000
-356.028	580.000
-348.028	569.000
-340.028	519.000
-332.028	496.000
-324.028	525.000
-316.027	516.000
-308.027	466.000
-300.027	502.000
-292.027	438.000
-284.027	466.000
-276.027	419.000
-268.026	411.000
-260.026	387.000
-252.026	398.000
-244.026	378.000
-236.026	358.000
-228.026	361.000
-220.025	381.000
-212.025	333.000
-204.025	344.000
-196.025	337.000
-188.025	302.000
-180.025	279.000
-172.024	318.000
-164.024	289.000
-156.024	308.000
-148.024	287.000
-140.024	307.000
-132.024	292.000
-124.023	307.000
-116.023	300.000
-108.023	252.000
-100.023	290.000
-92.023	304.000
-84.023	287.000
-76.022	268.000
-68.022	276.000
-60.022	274.000
-52.022	291.000
-44.022	306.000
-36.022	343.000
-28.021	553.000
-20.021	847.000
-12.021	1920.000
-4.021	1200.000
3.979	2855.000
11.979	264.000
19.980	280.000
27.980	271.000
35.980	262.000
43.980	273.000
51.980	250.000
59.980	262.000
67.981	292.000
75.981	295.000
83.981	253.000
91.981	239.000
99.981	255.000
107.981	286.000
115.982	234.000
123.982	264.000
131.982	271.000
139.982	287.000
147.982	296.000
155.982	288.000
163.983	257.000
171.983	269.000
179.983	246.000
187.983	279.000
195.983	286.000
203.983	274.000
211.984	261.000
219.984	267.000
227.984	250.000
235.984	252.000
243.984	244.000
251.984	240.000
259.985	243.000
267.985	243.000
275.985	241.000
283.985	234.000
291.985	221.000
299.985	262.000
307.986	214.000
315.986	264.000
323.986	250.000
331.986	239.000
339.986	262.000
347.986	238.000
355.987	242.000
363.987	239.000
371.987	239.000
379.987	260.000
387.987	223.000
395.987	254.000
403.988	231.000
411.988	228.000
419.988	246.000
427.988	225.000
435.988	228.000
443.988	224.000
451.989	233.000
459.989	219.000
467.989	214.000
475.989	206.000
483.989	237.000
491.989	213.000
499.990	237.000
507.990	236.000
515.990	223.000
523.990	232.000
531.990	220.000
539.990	214.000
547.991	241.000
555.991	229.000
563.991	242.000
571.991	237.000
579.991	236.000
587.991	204.000
595.992	214.000
603.992	219.000
611.992	209.000
619.992	248.000
627.992	213.000
635.992	233.000
643.993	243.000
651.993	215.000
659.993	195.000
667.993	183.000
675.993	256.000
683.993	233.000
691.994	217.000
699.994	220.000
707.994	216.000
715.994	204.000
723.994	239.000
731.994	260.000
739.995	219.000
747.995	241.000
755.995	232.000
763.995	229.000
771.995	236.000
779.995	238.000
787.996	224.000
795.996	245.000
803.996	236.000
811.996	244.000
819.996	241.000
827.996	237.000
835.997	246.000
843.997	238.000
851.997	215.000
859.997	221.000
867.997	242.000
875.997	216.000
883.998	222.000
891.998	201.000
899.998	214.000
907.998	209.000
915.998	208.000
923.998	208.000
931.999	229.000
939.999	208.000
947.999	217.000
955.999	220.000
963.999	167.000
971.999	193.000
980.000	192.000
988.000	209.000
996.000	192.000
