Digitizer
ch.0:  TRUE 	 ch.1:  FALSE 	 DC offset 0: 0 	 DC offset 1: 0 	 act ch:  0 	trig mode:  FALSE 	 rise time:  8 	 trig mean:  8 	 trig thr 0:  30 	 trig thr 1:  10 	gate mode:  FALSE 	 gate width:  1200 	 pre gate:  304 	 holdoff:  3000 	bsln mean:  16 	 bsln thr:  8 	 noflattime:  3008 	GPO:  2 	 coinc:  FALSE 	 coinc time:  0 
PSAU
ch.0:  TRUE 	 ch.1:  FALSE 	 Vset 0:  54,720001 	 Vset 1:  71,000000 	 Gain0:  32 	 Gain1:  32 	 comp0:  FALSE 	 comp1:  FALSE 	 thr0:  -15,000000 	 thr1:  -15,000000 	 width0:  110 	 width1:  110 	 DOUT0:  TRUE 	 DOUT1:  FALSE 	 outputlevel:  NIM 	 coinc:  FALSE 	 coinc time:  20 

Vmon 0:  54,490002 	 Vmon 1:  0,000000 	 Temp 0:  23,900000 	 Temp 1:  21,000000 	 Temp board:  29,900000 
day&time: 02gen02011246

-2996,500	0,000
-2988,500	0,000
-2980,500	1,000
-2972,499	1,000
-2964,499	0,000
-2956,499	1,000
-2948,499	1,000
-2940,499	0,000
-2932,499	0,000
-2924,498	0,000
-2916,498	1,000
-2908,498	0,000
-2900,498	0,000
-2892,498	1,000
-2884,498	1,000
-2876,497	0,000
-2868,497	0,000
-2860,497	0,000
-2852,497	1,000
-2844,497	1,000
-2836,497	0,000
-2828,496	0,000
-2820,496	0,000
-2812,496	0,000
-2804,496	1,000
-2796,496	2,000
-2788,496	0,000
-2780,495	2,000
-2772,495	1,000
-2764,495	1,000
-2756,495	1,000
-2748,495	1,000
-2740,495	0,000
-2732,494	0,000
-2724,494	0,000
-2716,494	0,000
-2708,494	2,000
-2700,494	0,000
-2692,494	0,000
-2684,493	0,000
-2676,493	0,000
-2668,493	0,000
-2660,493	1,000
-2652,493	0,000
-2644,493	0,000
-2636,492	1,000
-2628,492	0,000
-2620,492	0,000
-2612,492	0,000
-2604,492	1,000
-2596,492	1,000
-2588,491	0,000
-2580,491	0,000
-2572,491	0,000
-2564,491	1,000
-2556,491	1,000
-2548,491	0,000
-2540,490	1,000
-2532,490	1,000
-2524,490	0,000
-2516,490	1,000
-2508,490	1,000
-2500,490	0,000
-2492,489	1,000
-2484,489	0,000
-2476,489	2,000
-2468,489	0,000
-2460,489	0,000
-2452,489	1,000
-2444,488	0,000
-2436,488	0,000
-2428,488	1,000
-2420,488	0,000
-2412,488	1,000
-2404,488	0,000
-2396,487	1,000
-2388,487	2,000
-2380,487	0,000
-2372,487	1,000
-2364,487	0,000
-2356,487	0,000
-2348,486	1,000
-2340,486	1,000
-2332,486	0,000
-2324,486	0,000
-2316,486	1,000
-2308,486	1,000
-2300,485	0,000
-2292,485	1,000
-2284,485	1,000
-2276,485	2,000
-2268,485	0,000
-2260,485	2,000
-2252,484	2,000
-2244,484	3,000
-2236,484	1,000
-2228,484	1,000
-2220,484	1,000
-2212,484	0,000
-2204,483	0,000
-2196,483	0,000
-2188,483	0,000
-2180,483	1,000
-2172,483	1,000
-2164,483	1,000
-2156,482	0,000
-2148,482	0,000
-2140,482	0,000
-2132,482	0,000
-2124,482	0,000
-2116,482	1,000
-2108,481	0,000
-2100,481	5,000
-2092,481	0,000
-2084,481	0,000
-2076,481	1,000
-2068,481	1,000
-2060,480	0,000
-2052,480	1,000
-2044,480	3,000
-2036,480	3,000
-2028,480	1,000
-2020,480	1,000
-2012,479	1,000
-2004,479	4,000
-1996,479	1,000
-1988,479	0,000
-1980,479	1,000
-1972,479	0,000
-1964,478	1,000
-1956,478	1,000
-1948,478	0,000
-1940,478	1,000
-1932,478	2,000
-1924,478	3,000
-1916,477	3,000
-1908,477	2,000
-1900,477	1,000
-1892,477	3,000
-1884,477	4,000
-1876,477	2,000
-1868,476	3,000
-1860,476	2,000
-1852,476	3,000
-1844,476	5,000
-1836,476	7,000
-1828,476	9,000
-1820,475	11,000
-1812,475	21,000
-1804,475	9,000
-1796,475	27,000
-1788,475	21,000
-1780,475	21,000
-1772,474	26,000
-1764,474	41,000
-1756,474	51,000
-1748,474	51,000
-1740,474	60,000
-1732,474	91,000
-1724,473	102,000
-1716,473	125,000
-1708,473	132,000
-1700,473	166,000
-1692,473	198,000
-1684,473	237,000
-1676,472	254,000
-1668,472	276,000
-1660,472	321,000
-1652,472	431,000
-1644,472	433,000
-1636,472	480,000
-1628,471	588,000
-1620,471	635,000
-1612,471	665,000
-1604,471	714,000
-1596,471	819,000
-1588,471	885,000
-1580,470	1018,000
-1572,470	1148,000
-1564,470	1207,000
-1556,470	1325,000
-1548,470	1369,000
-1540,470	1396,000
-1532,469	1628,000
-1524,469	1661,000
-1516,469	1715,000
-1508,469	1807,000
-1500,469	1894,000
-1492,469	1989,000
-1484,468	1965,000
-1476,468	2161,000
-1468,468	2197,000
-1460,468	2264,000
-1452,468	2270,000
-1444,468	2342,000
-1436,467	2365,000
-1428,467	2504,000
-1420,467	2533,000
-1412,467	2474,000
-1404,467	2507,000
-1396,467	2482,000
-1388,466	2493,000
-1380,466	2470,000
-1372,466	2413,000
-1364,466	2412,000
-1356,466	2328,000
-1348,466	2246,000
-1340,465	2205,000
-1332,465	2180,000
-1324,465	2183,000
-1316,465	2089,000
-1308,465	1936,000
-1300,465	1882,000
-1292,464	1847,000
-1284,464	1701,000
-1276,464	1617,000
-1268,464	1586,000
-1260,464	1402,000
-1252,464	1315,000
-1244,463	1355,000
-1236,463	1212,000
-1228,463	1121,000
-1220,463	1144,000
-1212,463	1008,000
-1204,463	916,000
-1196,462	902,000
-1188,462	804,000
-1180,462	791,000
-1172,462	719,000
-1164,462	668,000
-1156,462	627,000
-1148,461	612,000
-1140,461	597,000
-1132,461	556,000
-1124,461	529,000
-1116,461	521,000
-1108,461	480,000
-1100,460	540,000
-1092,460	530,000
-1084,460	488,000
-1076,460	508,000
-1068,460	499,000
-1060,460	531,000
-1052,459	557,000
-1044,459	539,000
-1036,459	567,000
-1028,459	540,000
-1020,459	612,000
-1012,459	633,000
-1004,458	656,000
-996,458	673,000
-988,458	710,000
-980,458	737,000
-972,458	744,000
-964,458	766,000
-956,457	841,000
-948,457	804,000
-940,457	860,000
-932,457	940,000
-924,457	908,000
-916,457	984,000
-908,456	963,000
-900,456	1021,000
-892,456	1074,000
-884,456	1089,000
-876,456	1080,000
-868,456	1164,000
-860,455	1191,000
-852,455	1178,000
-844,455	1206,000
-836,455	1210,000
-828,455	1225,000
-820,455	1306,000
-812,454	1246,000
-804,454	1334,000
-796,454	1353,000
-788,454	1359,000
-780,454	1457,000
-772,454	1382,000
-764,453	1436,000
-756,453	1442,000
-748,453	1418,000
-740,453	1427,000
-732,453	1532,000
-724,453	1504,000
-716,452	1426,000
-708,452	1454,000
-700,452	1481,000
-692,452	1468,000
-684,452	1496,000
-676,452	1549,000
-668,451	1480,000
-660,451	1498,000
-652,451	1401,000
-644,451	1484,000
-636,451	1544,000
-628,451	1534,000
-620,450	1587,000
-612,450	1576,000
-604,450	1514,000
-596,450	1527,000
-588,450	1579,000
-580,450	1530,000
-572,449	1562,000
-564,449	1527,000
-556,449	1560,000
-548,449	1616,000
-540,449	1569,000
-532,449	1623,000
-524,448	1693,000
-516,448	1679,000
-508,448	1550,000
-500,448	1723,000
-492,448	1763,000
-484,448	1751,000
-476,447	1747,000
-468,447	1763,000
-460,447	1837,000
-452,447	1896,000
-444,447	1860,000
-436,447	1853,000
-428,446	2025,000
-420,446	1951,000
-412,446	1976,000
-404,446	2068,000
-396,446	2095,000
-388,446	2028,000
-380,445	2039,000
-372,445	2074,000
-364,445	2141,000
-356,445	2190,000
-348,445	2194,000
-340,445	2094,000
-332,444	2113,000
-324,444	2113,000
-316,444	2141,000
-308,444	2050,000
-300,444	2075,000
-292,444	1999,000
-284,443	1943,000
-276,443	1965,000
-268,443	1898,000
-260,443	1977,000
-252,443	2038,000
-244,443	1850,000
-236,442	1932,000
-228,442	1837,000
-220,442	1956,000
-212,442	1920,000
-204,442	1914,000
-196,442	1862,000
-188,441	1899,000
-180,441	1921,000
-172,441	1960,000
-164,441	1910,000
-156,441	1983,000
-148,441	1913,000
-140,440	2026,000
-132,440	1981,000
-124,440	1980,000
-116,440	2021,000
-108,440	2035,000
-100,440	2009,000
-92,439	2077,000
-84,439	2084,000
-76,439	2077,000
-68,439	2066,000
-60,439	2077,000
-52,439	2136,000
-44,438	2140,000
-36,438	2191,000
-28,438	2142,000
-20,438	2067,000
-12,438	2125,000
-4,438	2061,000
3,563	2006,000
11,563	2047,000
19,563	2111,000
27,563	1979,000
35,563	1888,000
43,563	1800,000
51,564	1751,000
59,564	1698,000
67,564	1601,000
75,564	1417,000
83,564	1307,000
91,564	1285,000
99,565	1150,000
107,565	1040,000
115,565	909,000
123,565	806,000
131,565	684,000
139,565	622,000
147,566	531,000
155,566	476,000
163,566	390,000
171,566	308,000
179,566	243,000
187,566	205,000
195,567	156,000
203,567	109,000
211,567	103,000
219,567	62,000
227,567	46,000
235,567	32,000
243,568	24,000
251,568	18,000
259,568	9,000
267,568	7,000
275,568	6,000
283,568	2,000
291,569	1,000
299,569	0,000
307,569	1,000
315,569	0,000
323,569	0,000
331,569	0,000
339,570	0,000
347,570	0,000
355,570	0,000
363,570	0,000
371,570	0,000
379,570	0,000
387,571	0,000
395,571	0,000
403,571	0,000
411,571	0,000
419,571	0,000
427,571	0,000
435,572	0,000
443,572	0,000
451,572	0,000
459,572	0,000
467,572	0,000
475,572	0,000
483,573	0,000
491,573	0,000
499,573	0,000
507,573	0,000
515,573	0,000
523,573	0,000
531,574	0,000
539,574	0,000
547,574	0,000
555,574	0,000
563,574	0,000
571,574	0,000
579,575	0,000
587,575	0,000
595,575	0,000
603,575	0,000
611,575	0,000
619,575	0,000
627,576	0,000
635,576	0,000
643,576	0,000
651,576	0,000
659,576	0,000
667,576	0,000
675,577	0,000
683,577	0,000
691,577	0,000
699,577	0,000
707,577	0,000
715,577	0,000
723,578	0,000
731,578	0,000
739,578	0,000
747,578	0,000
755,578	0,000
763,578	0,000
771,579	0,000
779,579	0,000
787,579	0,000
795,579	0,000
803,579	0,000
811,579	0,000
819,580	0,000
827,580	0,000
835,580	0,000
843,580	0,000
851,580	0,000
859,580	0,000
867,581	0,000
875,581	0,000
883,581	0,000
891,581	0,000
899,581	0,000
907,581	0,000
915,582	0,000
923,582	0,000
931,582	0,000
939,582	0,000
947,582	0,000
955,582	0,000
963,583	0,000
971,583	0,000
979,583	0,000
987,583	0,000
995,583	0,000
1003,583	0,000
1011,584	0,000
1019,584	0,000
1027,584	0,000
1035,584	0,000
1043,584	0,000
1051,584	0,000
1059,585	0,000
1067,585	0,000
1075,585	0,000
1083,585	0,000
1091,585	0,000
1099,585	0,000
1107,586	0,000
1115,586	0,000
1123,586	0,000
1131,586	0,000
1139,586	0,000
1147,586	0,000
1155,587	0,000
1163,587	0,000
1171,587	0,000
1179,587	0,000
1187,587	0,000
1195,587	0,000
1203,588	0,000
1211,588	0,000
1219,588	0,000
1227,588	0,000
1235,588	0,000
1243,588	0,000
1251,589	0,000
1259,589	0,000
1267,589	0,000
1275,589	0,000
1283,589	0,000
1291,589	0,000
1299,590	0,000
1307,590	0,000
1315,590	0,000
1323,590	0,000
1331,590	0,000
1339,590	0,000
1347,591	0,000
1355,591	0,000
1363,591	0,000
1371,591	0,000
1379,591	0,000
1387,591	0,000
1395,592	0,000
1403,592	0,000
1411,592	0,000
1419,592	0,000
1427,592	0,000
1435,592	0,000
1443,593	0,000
1451,593	0,000
1459,593	0,000
1467,593	0,000
1475,593	0,000
1483,593	0,000
1491,594	0,000
1499,594	0,000
1507,594	0,000
1515,594	0,000
1523,594	0,000
1531,594	0,000
1539,595	0,000
1547,595	0,000
1555,595	0,000
1563,595	0,000
1571,595	0,000
1579,595	0,000
1587,596	0,000
1595,596	0,000
1603,596	0,000
1611,596	0,000
1619,596	0,000
1627,596	0,000
1635,597	0,000
1643,597	0,000
1651,597	0,000
1659,597	0,000
1667,597	0,000
1675,597	0,000
1683,598	0,000
1691,598	0,000
1699,598	0,000
1707,598	0,000
1715,598	0,000
1723,598	0,000
1731,599	0,000
1739,599	0,000
1747,599	0,000
1755,599	0,000
1763,599	0,000
1771,599	0,000
1779,600	0,000
1787,600	0,000
1795,600	0,000
1803,600	0,000
1811,600	0,000
1819,600	0,000
1827,601	0,000
1835,601	0,000
1843,601	0,000
1851,601	0,000
1859,601	0,000
1867,601	0,000
1875,602	0,000
1883,602	0,000
1891,602	0,000
1899,602	0,000
1907,602	0,000
1915,602	0,000
1923,603	0,000
1931,603	0,000
1939,603	0,000
1947,603	0,000
1955,603	0,000
1963,603	0,000
1971,604	0,000
1979,604	0,000
1987,604	0,000
1995,604	0,000
2003,604	0,000
2011,604	0,000
2019,605	0,000
2027,605	0,000
2035,605	0,000
2043,605	0,000
2051,605	0,000
2059,605	0,000
2067,606	0,000
2075,606	0,000
2083,606	0,000
2091,606	0,000
2099,606	0,000
2107,606	0,000
2115,607	0,000
2123,607	0,000
2131,607	0,000
2139,607	0,000
2147,607	0,000
2155,607	0,000
2163,608	0,000
2171,608	0,000
2179,608	0,000
2187,608	0,000
2195,608	0,000
2203,608	0,000
2211,609	0,000
2219,609	0,000
2227,609	0,000
2235,609	0,000
2243,609	0,000
2251,609	0,000
2259,610	0,000
2267,610	0,000
2275,610	0,000
2283,610	0,000
2291,610	0,000
2299,610	0,000
2307,611	0,000
2315,611	0,000
2323,611	0,000
2331,611	0,000
2339,611	0,000
2347,611	0,000
2355,612	0,000
2363,612	0,000
2371,612	0,000
2379,612	0,000
2387,612	0,000
2395,612	0,000
2403,613	0,000
2411,613	0,000
2419,613	0,000
2427,613	0,000
2435,613	0,000
2443,613	0,000
2451,614	0,000
2459,614	0,000
2467,614	0,000
2475,614	0,000
2483,614	0,000
2491,614	0,000
2499,615	0,000
2507,615	0,000
2515,615	0,000
2523,615	0,000
2531,615	0,000
2539,615	0,000
2547,616	0,000
2555,616	0,000
2563,616	0,000
2571,616	0,000
2579,616	0,000
2587,616	0,000
2595,617	0,000
2603,617	0,000
2611,617	0,000
2619,617	0,000
2627,617	0,000
2635,617	0,000
2643,618	0,000
2651,618	0,000
2659,618	0,000
2667,618	0,000
2675,618	0,000
2683,618	0,000
2691,619	0,000
2699,619	0,000
2707,619	0,000
2715,619	0,000
2723,619	0,000
2731,619	0,000
2739,620	0,000
2747,620	0,000
2755,620	0,000
2763,620	0,000
2771,620	0,000
2779,620	0,000
2787,621	0,000
2795,621	0,000
2803,621	0,000
2811,621	0,000
2819,621	0,000
2827,621	0,000
2835,622	0,000
2843,622	0,000
2851,622	0,000
2859,622	0,000
2867,622	0,000
2875,622	0,000
2883,623	0,000
2891,623	0,000
2899,623	0,000
2907,623	0,000
2915,623	0,000
2923,623	0,000
2931,624	0,000
2939,624	0,000
2947,624	0,000
2955,624	0,000
2963,624	0,000
2971,624	0,000
2979,625	0,000
2987,625	0,000
2995,625	0,000
3003,625	0,000
3011,625	0,000
3019,625	0,000
3027,626	0,000
3035,626	0,000
3043,626	0,000
3051,626	0,000
3059,626	0,000
3067,626	0,000
3075,627	0,000
3083,627	0,000
3091,627	0,000
3099,627	0,000
3107,627	0,000
3115,627	0,000
3123,628	0,000
3131,628	0,000
3139,628	0,000
3147,628	0,000
3155,628	0,000
3163,628	0,000
3171,629	0,000
3179,629	0,000
3187,629	0,000
3195,629	0,000
3203,629	0,000
3211,629	0,000
3219,630	0,000
3227,630	0,000
3235,630	0,000
3243,630	0,000
3251,630	0,000
3259,630	0,000
3267,631	0,000
3275,631	0,000
3283,631	0,000
3291,631	0,000
3299,631	0,000
3307,631	0,000
3315,632	0,000
3323,632	0,000
3331,632	0,000
3339,632	0,000
3347,632	0,000
3355,632	0,000
3363,633	0,000
3371,633	0,000
3379,633	0,000
3387,633	0,000
3395,633	0,000
3403,633	0,000
3411,634	0,000
3419,634	0,000
3427,634	0,000
3435,634	0,000
3443,634	0,000
3451,634	0,000
3459,635	0,000
3467,635	0,000
3475,635	0,000
3483,635	0,000
3491,635	0,000
3499,635	0,000
3507,636	0,000
3515,636	0,000
3523,636	0,000
3531,636	0,000
3539,636	0,000
3547,636	0,000
3555,637	0,000
3563,637	0,000
3571,637	0,000
3579,637	0,000
3587,637	0,000
3595,637	0,000
3603,638	0,000
3611,638	0,000
3619,638	0,000
3627,638	0,000
3635,638	0,000
3643,638	0,000
3651,639	0,000
3659,639	0,000
3667,639	0,000
3675,639	0,000
3683,639	0,000
3691,639	0,000
3699,640	0,000
3707,640	0,000
3715,640	0,000
3723,640	0,000
3731,640	0,000
3739,640	0,000
3747,641	0,000
3755,641	0,000
3763,641	0,000
3771,641	0,000
3779,641	0,000
3787,641	0,000
3795,642	0,000
3803,642	0,000
3811,642	0,000
3819,642	0,000
3827,642	0,000
3835,642	0,000
3843,643	0,000
3851,643	0,000
3859,643	0,000
3867,643	0,000
3875,643	0,000
3883,643	0,000
3891,644	0,000
3899,644	0,000
3907,644	0,000
3915,644	0,000
3923,644	0,000
3931,644	0,000
3939,645	0,000
3947,645	0,000
3955,645	0,000
3963,645	0,000
3971,645	0,000
3979,645	0,000
3987,646	0,000
3995,646	0,000
4003,646	0,000
4011,646	0,000
4019,646	0,000
4027,646	0,000
4035,647	0,000
4043,647	0,000
4051,647	0,000
4059,647	0,000
4067,647	0,000
4075,647	0,000
4083,648	0,000
4091,648	0,000
4099,648	0,000
4107,648	0,000
4115,648	0,000
4123,648	0,000
4131,649	0,000
4139,649	0,000
4147,649	0,000
4155,649	0,000
4163,649	0,000
4171,649	0,000
4179,650	0,000
4187,650	0,000
4195,650	0,000
4203,650	0,000
4211,650	0,000
4219,650	0,000
4227,651	0,000
4235,651	0,000
4243,651	0,000
4251,651	0,000
4259,651	0,000
4267,651	0,000
4275,652	0,000
4283,652	0,000
4291,652	0,000
4299,652	0,000
4307,652	0,000
4315,652	0,000
4323,653	0,000
4331,653	0,000
4339,653	0,000
4347,653	0,000
4355,653	0,000
4363,653	0,000
4371,654	0,000
4379,654	0,000
4387,654	0,000
4395,654	0,000
4403,654	0,000
4411,654	0,000
4419,655	0,000
4427,655	0,000
4435,655	0,000
4443,655	0,000
4451,655	0,000
4459,655	0,000
4467,656	0,000
4475,656	0,000
4483,656	0,000
4491,656	0,000
4499,656	0,000
4507,656	0,000
4515,657	0,000
4523,657	0,000
4531,657	0,000
4539,657	0,000
4547,657	0,000
4555,657	0,000
4563,658	0,000
4571,658	0,000
4579,658	0,000
4587,658	0,000
4595,658	0,000
4603,658	0,000
4611,659	0,000
4619,659	0,000
4627,659	0,000
4635,659	0,000
4643,659	0,000
4651,659	0,000
4659,660	0,000
4667,660	0,000
4675,660	0,000
4683,660	0,000
4691,660	0,000
4699,660	0,000
4707,661	0,000
4715,661	0,000
4723,661	0,000
4731,661	0,000
4739,661	0,000
4747,661	0,000
4755,662	0,000
4763,662	0,000
4771,662	0,000
4779,662	0,000
4787,662	0,000
4795,662	0,000
4803,663	0,000
4811,663	0,000
4819,663	0,000
4827,663	0,000
4835,663	0,000
4843,663	0,000
4851,664	0,000
4859,664	0,000
4867,664	0,000
4875,664	0,000
4883,664	0,000
4891,664	0,000
4899,665	0,000
4907,665	0,000
4915,665	0,000
4923,665	0,000
4931,665	0,000
4939,665	0,000
4947,666	0,000
4955,666	0,000
4963,666	0,000
4971,666	0,000
4979,666	0,000
4987,666	0,000
4995,667	0,000
5003,667	0,000
5011,667	0,000
5019,667	0,000
5027,667	0,000
5035,667	0,000
5043,668	0,000
5051,668	0,000
5059,668	0,000
5067,668	0,000
5075,668	0,000
5083,668	0,000
5091,669	0,000
5099,669	0,000
5107,669	0,000
5115,669	0,000
5123,669	0,000
5131,669	0,000
5139,670	0,000
5147,670	0,000
5155,670	0,000
5163,670	0,000
5171,670	0,000
5179,670	0,000
5187,671	0,000
5195,671	0,000
5203,671	0,000
5211,671	0,000
5219,671	0,000
5227,671	0,000
5235,672	0,000
5243,672	0,000
5251,672	0,000
5259,672	0,000
5267,672	0,000
5275,672	0,000
5283,673	0,000
5291,673	0,000
5299,673	0,000
5307,673	0,000
5315,673	0,000
5323,673	0,000
5331,674	0,000
5339,674	0,000
5347,674	0,000
5355,674	0,000
5363,674	0,000
5371,674	0,000
5379,675	0,000
5387,675	0,000
5395,675	0,000
5403,675	0,000
5411,675	0,000
5419,675	0,000
5427,676	0,000
5435,676	0,000
5443,676	0,000
5451,676	0,000
5459,676	0,000
5467,676	0,000
5475,677	0,000
5483,677	0,000
5491,677	0,000
5499,677	0,000
5507,677	0,000
5515,677	0,000
5523,678	0,000
5531,678	0,000
5539,678	0,000
5547,678	0,000
5555,678	0,000
5563,678	0,000
5571,679	0,000
5579,679	0,000
5587,679	0,000
5595,679	0,000
5603,679	0,000
5611,679	0,000
5619,680	0,000
5627,680	0,000
5635,680	0,000
5643,680	0,000
5651,680	0,000
5659,680	0,000
5667,681	0,000
5675,681	0,000
5683,681	0,000
5691,681	0,000
5699,681	0,000
5707,681	0,000
5715,682	0,000
5723,682	0,000
5731,682	0,000
5739,682	0,000
5747,682	0,000
5755,682	0,000
5763,683	0,000
5771,683	0,000
5779,683	0,000
5787,683	0,000
5795,683	0,000
5803,683	0,000
5811,684	0,000
5819,684	0,000
5827,684	0,000
5835,684	0,000
5843,684	0,000
5851,684	0,000
5859,685	0,000
5867,685	0,000
5875,685	0,000
5883,685	0,000
5891,685	0,000
5899,685	0,000
5907,686	0,000
5915,686	0,000
5923,686	0,000
5931,686	0,000
5939,686	0,000
5947,686	0,000
5955,687	0,000
5963,687	0,000
5971,687	0,000
5979,687	0,000
5987,687	0,000
5995,687	0,000
6003,688	0,000
6011,688	0,000
6019,688	0,000
6027,688	0,000
6035,688	0,000
6043,688	0,000
6051,689	0,000
6059,689	0,000
6067,689	0,000
6075,689	0,000
6083,689	0,000
6091,689	0,000
6099,690	0,000
6107,690	0,000
6115,690	0,000
6123,690	0,000
6131,690	0,000
6139,690	0,000
6147,691	0,000
6155,691	0,000
6163,691	0,000
6171,691	0,000
6179,691	0,000
6187,691	0,000
6195,692	0,000
6203,692	0,000
6211,692	0,000
6219,692	0,000
6227,692	0,000
6235,692	0,000
6243,693	0,000
6251,693	0,000
6259,693	0,000
6267,693	0,000
6275,693	0,000
6283,693	0,000
6291,694	0,000
6299,694	0,000
6307,694	0,000
6315,694	0,000
6323,694	0,000
6331,694	0,000
6339,695	0,000
6347,695	0,000
6355,695	0,000
6363,695	0,000
6371,695	0,000
6379,695	0,000
6387,696	0,000
6395,696	0,000
6403,696	0,000
6411,696	0,000
6419,696	0,000
6427,696	0,000
6435,697	0,000
6443,697	0,000
6451,697	0,000
6459,697	0,000
6467,697	0,000
6475,697	0,000
6483,698	0,000
6491,698	0,000
6499,698	0,000
6507,698	0,000
6515,698	0,000
6523,698	0,000
6531,699	0,000
6539,699	0,000
6547,699	0,000
6555,699	0,000
6563,699	0,000
6571,699	0,000
6579,700	0,000
6587,700	0,000
6595,700	0,000
6603,700	0,000
6611,700	0,000
6619,700	0,000
6627,701	0,000
6635,701	0,000
6643,701	0,000
6651,701	0,000
6659,701	0,000
6667,701	0,000
6675,702	0,000
6683,702	0,000
6691,702	0,000
6699,702	0,000
6707,702	0,000
6715,702	0,000
6723,703	0,000
6731,703	0,000
6739,703	0,000
6747,703	0,000
6755,703	0,000
6763,703	0,000
6771,704	0,000
6779,704	0,000
6787,704	0,000
6795,704	0,000
6803,704	0,000
6811,704	0,000
6819,705	0,000
6827,705	0,000
6835,705	0,000
6843,705	0,000
6851,705	0,000
6859,705	0,000
6867,706	0,000
6875,706	0,000
6883,706	0,000
6891,706	0,000
6899,706	0,000
6907,706	0,000
6915,707	0,000
6923,707	0,000
6931,707	0,000
6939,707	0,000
6947,707	0,000
6955,707	0,000
6963,708	0,000
6971,708	0,000
6979,708	0,000
6987,708	0,000
6995,708	0,000
7003,708	0,000
7011,709	0,000
7019,709	0,000
7027,709	0,000
7035,709	0,000
7043,709	0,000
7051,709	0,000
7059,710	0,000
7067,710	0,000
7075,710	0,000
7083,710	0,000
7091,710	0,000
7099,710	0,000
7107,711	0,000
7115,711	0,000
7123,711	0,000
7131,711	0,000
7139,711	0,000
7147,711	0,000
7155,712	0,000
7163,712	0,000
7171,712	0,000
7179,712	0,000
7187,712	0,000
7195,712	0,000
7203,713	0,000
7211,713	0,000
7219,713	0,000
7227,713	0,000
7235,713	0,000
7243,713	0,000
7251,714	0,000
7259,714	0,000
7267,714	0,000
7275,714	0,000
7283,714	0,000
7291,714	0,000
7299,715	0,000
7307,715	0,000
7315,715	0,000
7323,715	0,000
7331,715	0,000
7339,715	0,000
7347,716	0,000
7355,716	0,000
7363,716	0,000
7371,716	0,000
7379,716	0,000
7387,716	0,000
7395,717	0,000
7403,717	0,000
7411,717	0,000
7419,717	0,000
7427,717	0,000
7435,717	0,000
7443,718	0,000
7451,718	0,000
7459,718	0,000
7467,718	0,000
7475,718	0,000
7483,718	0,000
7491,719	0,000
7499,719	0,000
7507,719	0,000
7515,719	0,000
7523,719	0,000
7531,719	0,000
7539,720	0,000
7547,720	0,000
7555,720	0,000
7563,720	0,000
7571,720	0,000
7579,720	0,000
7587,721	0,000
7595,721	0,000
7603,721	0,000
7611,721	0,000
7619,721	0,000
7627,721	0,000
7635,722	0,000
7643,722	0,000
7651,722	0,000
7659,722	0,000
7667,722	0,000
7675,722	0,000
7683,723	0,000
7691,723	0,000
7699,723	0,000
7707,723	0,000
7715,723	0,000
7723,723	0,000
7731,724	0,000
7739,724	0,000
7747,724	0,000
7755,724	0,000
7763,724	0,000
7771,724	0,000
7779,725	0,000
7787,725	0,000
7795,725	0,000
7803,725	0,000
7811,725	0,000
7819,725	0,000
7827,726	0,000
7835,726	0,000
7843,726	0,000
7851,726	0,000
7859,726	0,000
7867,726	0,000
7875,727	0,000
7883,727	0,000
7891,727	0,000
7899,727	0,000
7907,727	0,000
7915,727	0,000
7923,728	0,000
7931,728	0,000
7939,728	0,000
7947,728	0,000
7955,728	0,000
7963,728	0,000
7971,729	0,000
7979,729	0,000
7987,729	0,000
7995,729	0,000
8003,729	0,000
8011,729	0,000
8019,730	0,000
8027,730	0,000
8035,730	0,000
8043,730	0,000
8051,730	0,000
8059,730	0,000
8067,731	0,000
8075,731	0,000
8083,731	0,000
8091,731	0,000
8099,731	0,000
8107,731	0,000
8115,732	0,000
8123,732	0,000
8131,732	0,000
8139,732	0,000
8147,732	0,000
8155,732	0,000
8163,733	0,000
8171,733	0,000
8179,733	0,000
8187,733	0,000
8195,733	0,000
8203,733	0,000
8211,734	0,000
8219,734	0,000
8227,734	0,000
8235,734	0,000
8243,734	0,000
8251,734	0,000
8259,735	0,000
8267,735	0,000
8275,735	0,000
8283,735	0,000
8291,735	0,000
8299,735	0,000
8307,736	0,000
8315,736	0,000
8323,736	0,000
8331,736	0,000
8339,736	0,000
8347,736	0,000
8355,737	0,000
8363,737	0,000
8371,737	0,000
8379,737	0,000
8387,737	0,000
8395,737	0,000
8403,738	0,000
8411,738	0,000
8419,738	0,000
8427,738	0,000
8435,738	0,000
8443,738	0,000
8451,739	0,000
8459,739	0,000
8467,739	0,000
8475,739	0,000
8483,739	0,000
8491,739	0,000
8499,740	0,000
8507,740	0,000
8515,740	0,000
8523,740	0,000
8531,740	0,000
8539,740	0,000
8547,741	0,000
8555,741	0,000
8563,741	0,000
8571,741	0,000
8579,741	0,000
8587,741	0,000
8595,742	0,000
8603,742	0,000
8611,742	0,000
8619,742	0,000
8627,742	0,000
8635,742	0,000
8643,743	0,000
8651,743	0,000
8659,743	0,000
8667,743	0,000
8675,743	0,000
8683,743	0,000
8691,744	0,000
8699,744	0,000
8707,744	0,000
8715,744	0,000
8723,744	0,000
8731,744	0,000
8739,745	0,000
8747,745	0,000
8755,745	0,000
8763,745	0,000
8771,745	0,000
8779,745	0,000
8787,746	0,000
8795,746	0,000
8803,746	0,000
8811,746	0,000
8819,746	0,000
8827,746	0,000
8835,747	0,000
8843,747	0,000
8851,747	0,000
8859,747	0,000
8867,747	0,000
8875,747	0,000
8883,748	0,000
8891,748	0,000
8899,748	0,000
8907,748	0,000
8915,748	0,000
8923,748	0,000
8931,749	0,000
8939,749	0,000
8947,749	0,000
8955,749	0,000
8963,749	0,000
8971,749	0,000
8979,750	0,000
8987,750	0,000
8995,750	0,000
9003,750	0,000
9011,750	0,000
9019,750	0,000
9027,751	0,000
9035,751	0,000
9043,751	0,000
9051,751	0,000
9059,751	0,000
9067,751	0,000
9075,752	0,000
9083,752	0,000
9091,752	0,000
9099,752	0,000
9107,752	0,000
9115,752	0,000
9123,753	0,000
9131,753	0,000
9139,753	0,000
9147,753	0,000
9155,753	0,000
9163,753	0,000
9171,754	0,000
9179,754	0,000
9187,754	0,000
9195,754	0,000
9203,754	0,000
9211,754	0,000
9219,755	0,000
9227,755	0,000
9235,755	0,000
9243,755	0,000
9251,755	0,000
9259,755	0,000
9267,756	0,000
9275,756	0,000
9283,756	0,000
9291,756	0,000
9299,756	0,000
9307,756	0,000
9315,757	0,000
9323,757	0,000
9331,757	0,000
9339,757	0,000
9347,757	0,000
9355,757	0,000
9363,758	0,000
9371,758	0,000
9379,758	0,000
9387,758	0,000
9395,758	0,000
9403,758	0,000
9411,759	0,000
9419,759	0,000
9427,759	0,000
9435,759	0,000
9443,759	0,000
9451,759	0,000
9459,760	0,000
9467,760	0,000
9475,760	0,000
9483,760	0,000
9491,760	0,000
9499,760	0,000
9507,761	0,000
9515,761	0,000
9523,761	0,000
9531,761	0,000
9539,761	0,000
9547,761	0,000
9555,762	0,000
9563,762	0,000
9571,762	0,000
9579,762	0,000
9587,762	0,000
9595,762	0,000
9603,763	0,000
9611,763	0,000
9619,763	0,000
9627,763	0,000
9635,763	0,000
9643,763	0,000
9651,764	0,000
9659,764	0,000
9667,764	0,000
9675,764	0,000
9683,764	0,000
9691,764	0,000
9699,765	0,000
9707,765	0,000
9715,765	0,000
9723,765	0,000
9731,765	0,000
9739,765	0,000
9747,766	0,000
9755,766	0,000
9763,766	0,000
9771,766	0,000
9779,766	0,000
9787,766	0,000
9795,767	0,000
9803,767	0,000
9811,767	0,000
9819,767	0,000
9827,767	0,000
9835,767	0,000
9843,768	0,000
9851,768	0,000
9859,768	0,000
9867,768	0,000
9875,768	0,000
9883,768	0,000
9891,769	0,000
9899,769	0,000
9907,769	0,000
9915,769	0,000
9923,769	0,000
9931,769	0,000
9939,770	0,000
9947,770	0,000
9955,770	0,000
9963,770	0,000
9971,770	0,000
9979,770	0,000
9987,771	0,000
9995,771	0,000
10003,771	0,000
10011,771	0,000
10019,771	0,000
10027,771	0,000
10035,772	0,000
10043,772	0,000
10051,772	0,000
10059,772	0,000
10067,772	0,000
10075,772	0,000
10083,773	0,000
10091,773	0,000
10099,773	0,000
10107,773	0,000
10115,773	0,000
10123,773	0,000
10131,774	0,000
10139,774	0,000
10147,774	0,000
10155,774	0,000
10163,774	0,000
10171,774	0,000
10179,775	0,000
10187,775	0,000
10195,775	0,000
10203,775	0,000
10211,775	0,000
10219,775	0,000
10227,776	0,000
10235,776	0,000
10243,776	0,000
10251,776	0,000
10259,776	0,000
10267,776	0,000
10275,777	0,000
10283,777	0,000
10291,777	0,000
10299,777	0,000
10307,777	0,000
10315,777	0,000
10323,778	0,000
10331,778	0,000
10339,778	0,000
10347,778	0,000
10355,778	0,000
10363,778	0,000
10371,779	0,000
10379,779	0,000
10387,779	0,000
10395,779	0,000
10403,779	0,000
10411,779	0,000
10419,780	0,000
10427,780	0,000
10435,780	0,000
10443,780	0,000
10451,780	0,000
10459,780	0,000
10467,781	0,000
10475,781	0,000
10483,781	0,000
10491,781	0,000
10499,781	0,000
10507,781	0,000
10515,782	0,000
10523,782	0,000
10531,782	0,000
10539,782	0,000
10547,782	0,000
10555,782	0,000
10563,783	0,000
10571,783	0,000
10579,783	0,000
10587,783	0,000
10595,783	0,000
10603,783	0,000
10611,784	0,000
10619,784	0,000
10627,784	0,000
10635,784	0,000
10643,784	0,000
10651,784	0,000
10659,785	0,000
10667,785	0,000
10675,785	0,000
10683,785	0,000
10691,785	0,000
10699,785	0,000
10707,786	0,000
10715,786	0,000
10723,786	0,000
10731,786	0,000
10739,786	0,000
10747,786	0,000
10755,787	0,000
10763,787	0,000
10771,787	0,000
10779,787	0,000
10787,787	0,000
10795,787	0,000
10803,788	0,000
10811,788	0,000
10819,788	0,000
10827,788	0,000
10835,788	0,000
10843,788	0,000
10851,789	0,000
10859,789	0,000
10867,789	0,000
10875,789	0,000
10883,789	0,000
10891,789	0,000
10899,790	0,000
10907,790	0,000
10915,790	0,000
10923,790	0,000
10931,790	0,000
10939,790	0,000
10947,791	0,000
10955,791	0,000
10963,791	0,000
10971,791	0,000
10979,791	0,000
10987,791	0,000
10995,792	0,000
11003,792	0,000
11011,792	0,000
11019,792	0,000
11027,792	0,000
11035,792	0,000
11043,793	0,000
11051,793	0,000
11059,793	0,000
11067,793	0,000
11075,793	0,000
11083,793	0,000
11091,794	0,000
11099,794	0,000
11107,794	0,000
11115,794	0,000
11123,794	0,000
11131,794	0,000
11139,795	0,000
11147,795	0,000
11155,795	0,000
11163,795	0,000
11171,795	0,000
11179,795	0,000
11187,796	0,000
11195,796	0,000
11203,796	0,000
11211,796	0,000
11219,796	0,000
11227,796	0,000
11235,797	0,000
11243,797	0,000
11251,797	0,000
11259,797	0,000
11267,797	0,000
11275,797	0,000
11283,798	0,000
11291,798	0,000
11299,798	0,000
11307,798	0,000
11315,798	0,000
11323,798	0,000
11331,799	0,000
11339,799	0,000
11347,799	0,000
11355,799	0,000
11363,799	0,000
11371,799	0,000
11379,800	0,000
11387,800	0,000
11395,800	0,000
11403,800	0,000
11411,800	0,000
11419,800	0,000
11427,801	0,000
11435,801	0,000
11443,801	0,000
11451,801	0,000
11459,801	0,000
11467,801	0,000
11475,802	0,000
11483,802	0,000
11491,802	0,000
11499,802	0,000
11507,802	0,000
11515,802	0,000
11523,803	0,000
11531,803	0,000
11539,803	0,000
11547,803	0,000
11555,803	0,000
11563,803	0,000
11571,804	0,000
11579,804	0,000
11587,804	0,000
11595,804	0,000
11603,804	0,000
11611,804	0,000
11619,805	0,000
11627,805	0,000
11635,805	0,000
11643,805	0,000
11651,805	0,000
11659,805	0,000
11667,806	0,000
11675,806	0,000
11683,806	0,000
11691,806	0,000
11699,806	0,000
11707,806	0,000
11715,807	0,000
11723,807	0,000
11731,807	0,000
11739,807	0,000
11747,807	0,000
11755,807	0,000
11763,808	0,000
11771,808	0,000
11779,808	0,000
11787,808	0,000
11795,808	0,000
11803,808	0,000
11811,809	0,000
11819,809	0,000
11827,809	0,000
11835,809	0,000
11843,809	0,000
11851,809	0,000
11859,810	0,000
11867,810	0,000
11875,810	0,000
11883,810	0,000
11891,810	0,000
11899,810	0,000
11907,811	0,000
11915,811	0,000
11923,811	0,000
11931,811	0,000
11939,811	0,000
11947,811	0,000
11955,812	0,000
11963,812	0,000
11971,812	0,000
11979,812	0,000
11987,812	0,000
11995,812	0,000
12003,813	0,000
12011,813	0,000
12019,813	0,000
12027,813	0,000
12035,813	0,000
12043,813	0,000
12051,814	0,000
12059,814	0,000
12067,814	0,000
12075,814	0,000
12083,814	0,000
12091,814	0,000
12099,815	0,000
12107,815	0,000
12115,815	0,000
12123,815	0,000
12131,815	0,000
12139,815	0,000
12147,816	0,000
12155,816	0,000
12163,816	0,000
12171,816	0,000
12179,816	0,000
12187,816	0,000
12195,817	0,000
12203,817	0,000
12211,817	0,000
12219,817	0,000
12227,817	0,000
12235,817	0,000
12243,818	0,000
12251,818	0,000
12259,818	0,000
12267,818	0,000
12275,818	0,000
12283,818	0,000
12291,819	0,000
12299,819	0,000
12307,819	0,000
12315,819	0,000
12323,819	0,000
12331,819	0,000
12339,820	0,000
12347,820	0,000
12355,820	0,000
12363,820	0,000
12371,820	0,000
12379,820	0,000
12387,821	0,000
12395,821	0,000
12403,821	0,000
12411,821	0,000
12419,821	0,000
12427,821	0,000
12435,822	0,000
12443,822	0,000
12451,822	0,000
12459,822	0,000
12467,822	0,000
12475,822	0,000
12483,823	0,000
12491,823	0,000
12499,823	0,000
12507,823	0,000
12515,823	0,000
12523,823	0,000
12531,824	0,000
12539,824	0,000
12547,824	0,000
12555,824	0,000
12563,824	0,000
12571,824	0,000
12579,825	0,000
12587,825	0,000
12595,825	0,000
12603,825	0,000
12611,825	0,000
12619,825	0,000
12627,826	0,000
12635,826	0,000
12643,826	0,000
12651,826	0,000
12659,826	0,000
12667,826	0,000
12675,827	0,000
12683,827	0,000
12691,827	0,000
12699,827	0,000
12707,827	0,000
12715,827	0,000
12723,828	0,000
12731,828	0,000
12739,828	0,000
12747,828	0,000
12755,828	0,000
12763,828	0,000
12771,829	0,000
12779,829	0,000
12787,829	0,000
12795,829	0,000
12803,829	0,000
12811,829	0,000
12819,830	0,000
12827,830	0,000
12835,830	0,000
12843,830	0,000
12851,830	0,000
12859,830	0,000
12867,831	0,000
12875,831	0,000
12883,831	0,000
12891,831	0,000
12899,831	0,000
12907,831	0,000
12915,832	0,000
12923,832	0,000
12931,832	0,000
12939,832	0,000
12947,832	0,000
12955,832	0,000
12963,833	0,000
12971,833	0,000
12979,833	0,000
12987,833	0,000
12995,833	0,000
13003,833	0,000
13011,834	0,000
13019,834	0,000
13027,834	0,000
13035,834	0,000
13043,834	0,000
13051,834	0,000
13059,835	0,000
13067,835	0,000
13075,835	0,000
13083,835	0,000
13091,835	0,000
13099,835	0,000
13107,836	0,000
13115,836	0,000
13123,836	0,000
13131,836	0,000
13139,836	0,000
13147,836	0,000
13155,837	0,000
13163,837	0,000
13171,837	0,000
13179,837	0,000
13187,837	0,000
13195,837	0,000
13203,838	0,000
13211,838	0,000
13219,838	0,000
13227,838	0,000
13235,838	0,000
13243,838	0,000
13251,839	0,000
13259,839	0,000
13267,839	0,000
13275,839	0,000
13283,839	0,000
13291,839	0,000
13299,840	0,000
13307,840	0,000
13315,840	0,000
13323,840	0,000
13331,840	0,000
13339,840	0,000
13347,841	0,000
13355,841	0,000
13363,841	0,000
13371,841	0,000
13379,841	0,000
13387,841	0,000
13395,842	0,000
13403,842	0,000
13411,842	0,000
13419,842	0,000
13427,842	0,000
13435,842	0,000
13443,843	0,000
13451,843	0,000
13459,843	0,000
13467,843	0,000
13475,843	0,000
13483,843	0,000
13491,844	0,000
13499,844	0,000
13507,844	0,000
13515,844	0,000
13523,844	0,000
13531,844	0,000
13539,845	0,000
13547,845	0,000
13555,845	0,000
13563,845	0,000
13571,845	0,000
13579,845	0,000
13587,846	0,000
13595,846	0,000
13603,846	0,000
13611,846	0,000
13619,846	0,000
13627,846	0,000
13635,847	0,000
13643,847	0,000
13651,847	0,000
13659,847	0,000
13667,847	0,000
13675,847	0,000
13683,848	0,000
13691,848	0,000
13699,848	0,000
13707,848	0,000
13715,848	0,000
13723,848	0,000
13731,849	0,000
13739,849	0,000
13747,849	0,000
13755,849	0,000
13763,849	0,000
13771,849	0,000
13779,850	0,000
13787,850	0,000
13795,850	0,000
13803,850	0,000
13811,850	0,000
13819,850	0,000
13827,851	0,000
13835,851	0,000
13843,851	0,000
13851,851	0,000
13859,851	0,000
13867,851	0,000
13875,852	0,000
13883,852	0,000
13891,852	0,000
13899,852	0,000
13907,852	0,000
13915,852	0,000
13923,853	0,000
13931,853	0,000
13939,853	0,000
13947,853	0,000
13955,853	0,000
13963,853	0,000
13971,854	0,000
13979,854	0,000
13987,854	0,000
13995,854	0,000
14003,854	0,000
14011,854	0,000
14019,855	0,000
14027,855	0,000
14035,855	0,000
14043,855	0,000
14051,855	0,000
14059,855	0,000
14067,856	0,000
14075,856	0,000
14083,856	0,000
14091,856	0,000
14099,856	0,000
14107,856	0,000
14115,857	0,000
14123,857	0,000
14131,857	0,000
14139,857	0,000
14147,857	0,000
14155,857	0,000
14163,858	0,000
14171,858	0,000
14179,858	0,000
14187,858	0,000
14195,858	0,000
14203,858	0,000
14211,859	0,000
14219,859	0,000
14227,859	0,000
14235,859	0,000
14243,859	0,000
14251,859	0,000
14259,860	0,000
14267,860	0,000
14275,860	0,000
14283,860	0,000
14291,860	0,000
14299,860	0,000
14307,861	0,000
14315,861	0,000
14323,861	0,000
14331,861	0,000
14339,861	0,000
14347,861	0,000
14355,862	0,000
14363,862	0,000
14371,862	0,000
14379,862	0,000
14387,862	0,000
14395,862	0,000
14403,863	0,000
14411,863	0,000
14419,863	0,000
14427,863	0,000
14435,863	0,000
14443,863	0,000
14451,864	0,000
14459,864	0,000
14467,864	0,000
14475,864	0,000
14483,864	0,000
14491,864	0,000
14499,865	0,000
14507,865	0,000
14515,865	0,000
14523,865	0,000
14531,865	0,000
14539,865	0,000
14547,866	0,000
14555,866	0,000
14563,866	0,000
14571,866	0,000
14579,866	0,000
14587,866	0,000
14595,867	0,000
14603,867	0,000
14611,867	0,000
14619,867	0,000
14627,867	0,000
14635,867	0,000
14643,868	0,000
14651,868	0,000
14659,868	0,000
14667,868	0,000
14675,868	0,000
14683,868	0,000
14691,869	0,000
14699,869	0,000
14707,869	0,000
14715,869	0,000
14723,869	0,000
14731,869	0,000
14739,870	0,000
14747,870	0,000
14755,870	0,000
14763,870	0,000
14771,870	0,000
14779,870	0,000
14787,871	0,000
14795,871	0,000
14803,871	0,000
14811,871	0,000
14819,871	0,000
14827,871	0,000
14835,872	0,000
14843,872	0,000
14851,872	0,000
14859,872	0,000
14867,872	0,000
14875,872	0,000
14883,873	0,000
14891,873	0,000
14899,873	0,000
14907,873	0,000
14915,873	0,000
14923,873	0,000
14931,874	0,000
14939,874	0,000
14947,874	0,000
14955,874	0,000
14963,874	0,000
14971,874	0,000
14979,875	0,000
14987,875	0,000
14995,875	0,000
15003,875	0,000
15011,875	0,000
15019,875	0,000
15027,876	0,000
15035,876	0,000
15043,876	0,000
15051,876	0,000
15059,876	0,000
15067,876	0,000
15075,877	0,000
15083,877	0,000
15091,877	0,000
15099,877	0,000
15107,877	0,000
15115,877	0,000
15123,878	0,000
15131,878	0,000
15139,878	0,000
15147,878	0,000
15155,878	0,000
15163,878	0,000
15171,879	0,000
15179,879	0,000
15187,879	0,000
15195,879	0,000
15203,879	0,000
15211,879	0,000
15219,880	0,000
15227,880	0,000
15235,880	0,000
15243,880	0,000
15251,880	0,000
15259,880	0,000
15267,881	0,000
15275,881	0,000
15283,881	0,000
15291,881	0,000
15299,881	0,000
15307,881	0,000
15315,882	0,000
15323,882	0,000
15331,882	0,000
15339,882	0,000
15347,882	0,000
15355,882	0,000
15363,883	0,000
15371,883	0,000
15379,883	0,000
15387,883	0,000
15395,883	0,000
15403,883	0,000
15411,884	0,000
15419,884	0,000
15427,884	0,000
15435,884	0,000
15443,884	0,000
15451,884	0,000
15459,885	0,000
15467,885	0,000
15475,885	0,000
15483,885	0,000
15491,885	0,000
15499,885	0,000
15507,886	0,000
15515,886	0,000
15523,886	0,000
15531,886	0,000
15539,886	0,000
15547,886	0,000
15555,887	0,000
15563,887	0,000
15571,887	0,000
15579,887	0,000
15587,887	0,000
15595,887	0,000
15603,888	0,000
15611,888	0,000
15619,888	0,000
15627,888	0,000
15635,888	0,000
15643,888	0,000
15651,889	0,000
15659,889	0,000
15667,889	0,000
15675,889	0,000
15683,889	0,000
15691,889	0,000
15699,890	0,000
15707,890	0,000
15715,890	0,000
15723,890	0,000
15731,890	0,000
15739,890	0,000
15747,891	0,000
15755,891	0,000
15763,891	0,000
15771,891	0,000
15779,891	0,000
15787,891	0,000
15795,892	0,000
15803,892	0,000
15811,892	0,000
15819,892	0,000
15827,892	0,000
15835,892	0,000
15843,893	0,000
15851,893	0,000
15859,893	0,000
15867,893	0,000
15875,893	0,000
15883,893	0,000
15891,894	0,000
15899,894	0,000
15907,894	0,000
15915,894	0,000
15923,894	0,000
15931,894	0,000
15939,895	0,000
15947,895	0,000
15955,895	0,000
15963,895	0,000
15971,895	0,000
15979,895	0,000
15987,896	0,000
15995,896	0,000
16003,896	0,000
16011,896	0,000
16019,896	0,000
16027,896	0,000
16035,897	0,000
16043,897	0,000
16051,897	0,000
16059,897	0,000
16067,897	0,000
16075,897	0,000
16083,898	0,000
16091,898	0,000
16099,898	0,000
16107,898	0,000
16115,898	0,000
16123,898	0,000
16131,899	0,000
16139,899	0,000
16147,899	0,000
16155,899	0,000
16163,899	0,000
16171,899	0,000
16179,900	0,000
16187,900	0,000
16195,900	0,000
16203,900	0,000
16211,900	0,000
16219,900	0,000
16227,901	0,000
16235,901	0,000
16243,901	0,000
16251,901	0,000
16259,901	0,000
16267,901	0,000
16275,902	0,000
16283,902	0,000
16291,902	0,000
16299,902	0,000
16307,902	0,000
16315,902	0,000
16323,903	0,000
16331,903	0,000
16339,903	0,000
16347,903	0,000
16355,903	0,000
16363,903	0,000
16371,904	0,000
16379,904	0,000
16387,904	0,000
16395,904	0,000
16403,904	0,000
16411,904	0,000
16419,905	0,000
16427,905	0,000
16435,905	0,000
16443,905	0,000
16451,905	0,000
16459,905	0,000
16467,906	0,000
16475,906	0,000
16483,906	0,000
16491,906	0,000
16499,906	0,000
16507,906	0,000
16515,907	0,000
16523,907	0,000
16531,907	0,000
16539,907	0,000
16547,907	0,000
16555,907	0,000
16563,908	0,000
16571,908	0,000
16579,908	0,000
16587,908	0,000
16595,908	0,000
16603,908	0,000
16611,909	0,000
16619,909	0,000
16627,909	0,000
16635,909	0,000
16643,909	0,000
16651,909	0,000
16659,910	0,000
16667,910	0,000
16675,910	0,000
16683,910	0,000
16691,910	0,000
16699,910	0,000
16707,911	0,000
16715,911	0,000
16723,911	0,000
16731,911	0,000
16739,911	0,000
16747,911	0,000
16755,912	0,000
16763,912	0,000
16771,912	0,000
16779,912	0,000
16787,912	0,000
16795,912	0,000
16803,913	0,000
16811,913	0,000
16819,913	0,000
16827,913	0,000
16835,913	0,000
16843,913	0,000
16851,914	0,000
16859,914	0,000
16867,914	0,000
16875,914	0,000
16883,914	0,000
16891,914	0,000
16899,915	0,000
16907,915	0,000
16915,915	0,000
16923,915	0,000
16931,915	0,000
16939,915	0,000
16947,916	0,000
16955,916	0,000
16963,916	0,000
16971,916	0,000
16979,916	0,000
16987,916	0,000
16995,917	0,000
17003,917	0,000
17011,917	0,000
17019,917	0,000
17027,917	0,000
17035,917	0,000
17043,918	0,000
17051,918	0,000
17059,918	0,000
17067,918	0,000
17075,918	0,000
17083,918	0,000
17091,919	0,000
17099,919	0,000
17107,919	0,000
17115,919	0,000
17123,919	0,000
17131,919	0,000
17139,920	0,000
17147,920	0,000
17155,920	0,000
17163,920	0,000
17171,920	0,000
17179,920	0,000
17187,921	0,000
17195,921	0,000
17203,921	0,000
17211,921	0,000
17219,921	0,000
17227,921	0,000
17235,922	0,000
17243,922	0,000
17251,922	0,000
17259,922	0,000
17267,922	0,000
17275,922	0,000
17283,923	0,000
17291,923	0,000
17299,923	0,000
17307,923	0,000
17315,923	0,000
17323,923	0,000
17331,924	0,000
17339,924	0,000
17347,924	0,000
17355,924	0,000
17363,924	0,000
17371,924	0,000
17379,925	0,000
17387,925	0,000
17395,925	0,000
17403,925	0,000
17411,925	0,000
17419,925	0,000
17427,926	0,000
17435,926	0,000
17443,926	0,000
17451,926	0,000
17459,926	0,000
17467,926	0,000
17475,927	0,000
17483,927	0,000
17491,927	0,000
17499,927	0,000
17507,927	0,000
17515,927	0,000
17523,928	0,000
17531,928	0,000
17539,928	0,000
17547,928	0,000
17555,928	0,000
17563,928	0,000
17571,929	0,000
17579,929	0,000
17587,929	0,000
17595,929	0,000
17603,929	0,000
17611,929	0,000
17619,930	0,000
17627,930	0,000
17635,930	0,000
17643,930	0,000
17651,930	0,000
17659,930	0,000
17667,931	0,000
17675,931	0,000
17683,931	0,000
17691,931	0,000
17699,931	0,000
17707,931	0,000
17715,932	0,000
17723,932	0,000
17731,932	0,000
17739,932	0,000
17747,932	0,000
17755,932	0,000
17763,933	0,000
17771,933	0,000
17779,933	0,000
17787,933	0,000
17795,933	0,000
17803,933	0,000
17811,934	0,000
17819,934	0,000
17827,934	0,000
17835,934	0,000
17843,934	0,000
17851,934	0,000
17859,935	0,000
17867,935	0,000
17875,935	0,000
17883,935	0,000
17891,935	0,000
17899,935	0,000
17907,936	0,000
17915,936	0,000
17923,936	0,000
17931,936	0,000
17939,936	0,000
17947,936	0,000
17955,937	0,000
17963,937	0,000
17971,937	0,000
17979,937	0,000
17987,937	0,000
17995,937	0,000
18003,938	0,000
18011,938	0,000
18019,938	0,000
18027,938	0,000
18035,938	0,000
18043,938	0,000
18051,939	0,000
18059,939	0,000
18067,939	0,000
18075,939	0,000
18083,939	0,000
18091,939	0,000
18099,940	0,000
18107,940	0,000
18115,940	0,000
18123,940	0,000
18131,940	0,000
18139,940	0,000
18147,941	0,000
18155,941	0,000
18163,941	0,000
18171,941	0,000
18179,941	0,000
18187,941	0,000
18195,942	0,000
18203,942	0,000
18211,942	0,000
18219,942	0,000
18227,942	0,000
18235,942	0,000
18243,943	0,000
18251,943	0,000
18259,943	0,000
18267,943	0,000
18275,943	0,000
18283,943	0,000
18291,944	0,000
18299,944	0,000
18307,944	0,000
18315,944	0,000
18323,944	0,000
18331,944	0,000
18339,945	0,000
18347,945	0,000
18355,945	0,000
18363,945	0,000
18371,945	0,000
18379,945	0,000
18387,946	0,000
18395,946	0,000
18403,946	0,000
18411,946	0,000
18419,946	0,000
18427,946	0,000
18435,947	0,000
18443,947	0,000
18451,947	0,000
18459,947	0,000
18467,947	0,000
18475,947	0,000
18483,948	0,000
18491,948	0,000
18499,948	0,000
18507,948	0,000
18515,948	0,000
18523,948	0,000
18531,949	0,000
18539,949	0,000
18547,949	0,000
18555,949	0,000
18563,949	0,000
18571,949	0,000
18579,950	0,000
18587,950	0,000
18595,950	0,000
18603,950	0,000
18611,950	0,000
18619,950	0,000
18627,951	0,000
18635,951	0,000
18643,951	0,000
18651,951	0,000
18659,951	0,000
18667,951	0,000
18675,952	0,000
18683,952	0,000
18691,952	0,000
18699,952	0,000
18707,952	0,000
18715,952	0,000
18723,953	0,000
18731,953	0,000
18739,953	0,000
18747,953	0,000
18755,953	0,000
18763,953	0,000
18771,954	0,000
18779,954	0,000
18787,954	0,000
18795,954	0,000
18803,954	0,000
18811,954	0,000
18819,955	0,000
18827,955	0,000
18835,955	0,000
18843,955	0,000
18851,955	0,000
18859,955	0,000
18867,956	0,000
18875,956	0,000
18883,956	0,000
18891,956	0,000
18899,956	0,000
18907,956	0,000
18915,957	0,000
18923,957	0,000
18931,957	0,000
18939,957	0,000
18947,957	0,000
18955,957	0,000
18963,958	0,000
18971,958	0,000
18979,958	0,000
18987,958	0,000
18995,958	0,000
19003,958	0,000
19011,959	0,000
19019,959	0,000
19027,959	0,000
19035,959	0,000
19043,959	0,000
19051,959	0,000
19059,960	0,000
19067,960	0,000
19075,960	0,000
19083,960	0,000
19091,960	0,000
19099,960	0,000
19107,961	0,000
19115,961	0,000
19123,961	0,000
19131,961	0,000
19139,961	0,000
19147,961	0,000
19155,962	0,000
19163,962	0,000
19171,962	0,000
19179,962	0,000
19187,962	0,000
19195,962	0,000
19203,963	0,000
19211,963	0,000
19219,963	0,000
19227,963	0,000
19235,963	0,000
19243,963	0,000
19251,964	0,000
19259,964	0,000
19267,964	0,000
19275,964	0,000
19283,964	0,000
19291,964	0,000
19299,965	0,000
19307,965	0,000
19315,965	0,000
19323,965	0,000
19331,965	0,000
19339,965	0,000
19347,966	0,000
19355,966	0,000
19363,966	0,000
19371,966	0,000
19379,966	0,000
19387,966	0,000
19395,967	0,000
19403,967	0,000
19411,967	0,000
19419,967	0,000
19427,967	0,000
19435,967	0,000
19443,968	0,000
19451,968	0,000
19459,968	0,000
19467,968	0,000
19475,968	0,000
19483,968	0,000
19491,969	0,000
19499,969	0,000
19507,969	0,000
19515,969	0,000
19523,969	0,000
19531,969	0,000
19539,970	0,000
19547,970	0,000
19555,970	0,000
19563,970	0,000
19571,970	0,000
19579,970	0,000
19587,971	0,000
19595,971	0,000
19603,971	0,000
19611,971	0,000
19619,971	0,000
19627,971	0,000
19635,972	0,000
19643,972	0,000
19651,972	0,000
19659,972	0,000
19667,972	0,000
19675,972	0,000
19683,973	0,000
19691,973	0,000
19699,973	0,000
19707,973	0,000
19715,973	0,000
19723,973	0,000
19731,974	0,000
19739,974	0,000
19747,974	0,000
19755,974	0,000
19763,974	0,000
19771,974	0,000
19779,975	0,000
19787,975	0,000
19795,975	0,000
19803,975	0,000
19811,975	0,000
19819,975	0,000
19827,976	0,000
19835,976	0,000
19843,976	0,000
19851,976	0,000
19859,976	0,000
19867,976	0,000
19875,977	0,000
19883,977	0,000
19891,977	0,000
19899,977	0,000
19907,977	0,000
19915,977	0,000
19923,978	0,000
19931,978	0,000
19939,978	0,000
19947,978	0,000
19955,978	0,000
19963,978	0,000
19971,979	0,000
19979,979	0,000
19987,979	0,000
19995,979	0,000
20003,979	0,000
20011,979	0,000
20019,980	0,000
20027,980	0,000
20035,980	0,000
20043,980	0,000
20051,980	0,000
20059,980	0,000
20067,981	0,000
20075,981	0,000
20083,981	0,000
20091,981	0,000
20099,981	0,000
20107,981	0,000
20115,982	0,000
20123,982	0,000
20131,982	0,000
20139,982	0,000
20147,982	0,000
20155,982	0,000
20163,983	0,000
20171,983	0,000
20179,983	0,000
20187,983	0,000
20195,983	0,000
20203,983	0,000
20211,984	0,000
20219,984	0,000
20227,984	0,000
20235,984	0,000
20243,984	0,000
20251,984	0,000
20259,985	0,000
20267,985	0,000
20275,985	0,000
20283,985	0,000
20291,985	0,000
20299,985	0,000
20307,986	0,000
20315,986	0,000
20323,986	0,000
20331,986	0,000
20339,986	0,000
20347,986	0,000
20355,987	0,000
20363,987	0,000
20371,987	0,000
20379,987	0,000
20387,987	0,000
20395,987	0,000
20403,988	0,000
20411,988	0,000
20419,988	0,000
20427,988	0,000
20435,988	0,000
20443,988	0,000
20451,989	0,000
20459,989	0,000
20467,989	0,000
20475,989	0,000
20483,989	0,000
20491,989	0,000
20499,990	0,000
20507,990	0,000
20515,990	0,000
20523,990	0,000
20531,990	0,000
20539,990	0,000
20547,991	0,000
20555,991	0,000
20563,991	0,000
20571,991	0,000
20579,991	0,000
20587,991	0,000
20595,992	0,000
20603,992	0,000
20611,992	0,000
20619,992	0,000
20627,992	0,000
20635,992	0,000
20643,993	0,000
20651,993	0,000
20659,993	0,000
20667,993	0,000
20675,993	0,000
20683,993	0,000
20691,994	0,000
20699,994	0,000
20707,994	0,000
20715,994	0,000
20723,994	0,000
20731,994	0,000
20739,995	0,000
20747,995	0,000
20755,995	0,000
20763,995	0,000
20771,995	0,000
20779,995	0,000
20787,996	0,000
20795,996	0,000
20803,996	0,000
20811,996	0,000
20819,996	0,000
20827,996	0,000
20835,997	0,000
20843,997	0,000
20851,997	0,000
20859,997	0,000
20867,997	0,000
20875,997	0,000
20883,998	0,000
20891,998	0,000
20899,998	0,000
20907,998	0,000
20915,998	0,000
20923,998	0,000
20931,999	0,000
20939,999	0,000
20947,999	0,000
20955,999	0,000
20963,999	0,000
20971,999	0,000
20980,000	0,000
20988,000	0,000
20996,000	0,000
