Digitizer
ch.0:  TRUE 	 ch.1:  FALSE 	 DC offset 0: 0 	 DC offset 1: 0 	 act ch:  0 	trig mode:  FALSE 	 rise time:  8 	 trig mean:  8 	 trig thr 0:  30 	 trig thr 1:  10 	gate mode:  FALSE 	 gate width:  3000 	 pre gate:  352 	 holdoff:  3000 	bsln mean:  16 	 bsln thr:  8 	 noflattime:  3008 	GPO:  2 	 coinc:  FALSE 	 coinc time:  0 
PSAU
ch.0:  TRUE 	 ch.1:  FALSE 	 Vset 0:  54,720001 	 Vset 1:  71,000000 	 Gain0:  32 	 Gain1:  32 	 comp0:  FALSE 	 comp1:  FALSE 	 thr0:  -60,000000 	 thr1:  -15,000000 	 width0:  110 	 width1:  110 	 DOUT0:  TRUE 	 DOUT1:  FALSE 	 outputlevel:  NIM 	 coinc:  FALSE 	 coinc time:  20 

Vmon 0:  54,490002 	 Vmon 1:  0,000000 	 Temp 0:  23,900000 	 Temp 1:  21,000000 	 Temp board:  29,900000 
day&time: 02gen02012805

-22996,500	0,000
-22988,500	0,000
-22980,500	0,000
-22972,499	0,000
-22964,499	0,000
-22956,499	0,000
-22948,499	0,000
-22940,499	0,000
-22932,499	0,000
-22924,498	0,000
-22916,498	0,000
-22908,498	0,000
-22900,498	0,000
-22892,498	0,000
-22884,498	0,000
-22876,497	0,000
-22868,497	0,000
-22860,497	0,000
-22852,497	0,000
-22844,497	0,000
-22836,497	0,000
-22828,496	0,000
-22820,496	0,000
-22812,496	0,000
-22804,496	0,000
-22796,496	0,000
-22788,496	0,000
-22780,495	0,000
-22772,495	0,000
-22764,495	0,000
-22756,495	0,000
-22748,495	0,000
-22740,495	0,000
-22732,494	0,000
-22724,494	0,000
-22716,494	1,000
-22708,494	0,000
-22700,494	0,000
-22692,494	0,000
-22684,493	0,000
-22676,493	0,000
-22668,493	0,000
-22660,493	0,000
-22652,493	0,000
-22644,493	0,000
-22636,492	0,000
-22628,492	0,000
-22620,492	0,000
-22612,492	0,000
-22604,492	0,000
-22596,492	0,000
-22588,491	0,000
-22580,491	0,000
-22572,491	0,000
-22564,491	0,000
-22556,491	0,000
-22548,491	0,000
-22540,490	0,000
-22532,490	0,000
-22524,490	0,000
-22516,490	0,000
-22508,490	0,000
-22500,490	0,000
-22492,489	0,000
-22484,489	0,000
-22476,489	0,000
-22468,489	0,000
-22460,489	0,000
-22452,489	0,000
-22444,488	0,000
-22436,488	0,000
-22428,488	0,000
-22420,488	0,000
-22412,488	0,000
-22404,488	0,000
-22396,487	0,000
-22388,487	0,000
-22380,487	0,000
-22372,487	0,000
-22364,487	0,000
-22356,487	0,000
-22348,486	0,000
-22340,486	0,000
-22332,486	0,000
-22324,486	0,000
-22316,486	0,000
-22308,486	0,000
-22300,485	0,000
-22292,485	0,000
-22284,485	0,000
-22276,485	0,000
-22268,485	0,000
-22260,485	0,000
-22252,484	0,000
-22244,484	0,000
-22236,484	0,000
-22228,484	0,000
-22220,484	0,000
-22212,484	0,000
-22204,483	0,000
-22196,483	0,000
-22188,483	0,000
-22180,483	0,000
-22172,483	0,000
-22164,483	0,000
-22156,482	0,000
-22148,482	0,000
-22140,482	0,000
-22132,482	0,000
-22124,482	0,000
-22116,482	0,000
-22108,481	0,000
-22100,481	0,000
-22092,481	0,000
-22084,481	0,000
-22076,481	1,000
-22068,481	0,000
-22060,480	0,000
-22052,480	0,000
-22044,480	0,000
-22036,480	0,000
-22028,480	0,000
-22020,480	0,000
-22012,479	0,000
-22004,479	0,000
-21996,479	1,000
-21988,479	0,000
-21980,479	0,000
-21972,479	0,000
-21964,478	0,000
-21956,478	0,000
-21948,478	0,000
-21940,478	0,000
-21932,478	0,000
-21924,478	0,000
-21916,477	0,000
-21908,477	0,000
-21900,477	0,000
-21892,477	1,000
-21884,477	0,000
-21876,477	0,000
-21868,476	0,000
-21860,476	0,000
-21852,476	0,000
-21844,476	0,000
-21836,476	0,000
-21828,476	0,000
-21820,475	0,000
-21812,475	0,000
-21804,475	0,000
-21796,475	0,000
-21788,475	0,000
-21780,475	0,000
-21772,474	0,000
-21764,474	0,000
-21756,474	0,000
-21748,474	0,000
-21740,474	0,000
-21732,474	0,000
-21724,473	0,000
-21716,473	0,000
-21708,473	0,000
-21700,473	0,000
-21692,473	0,000
-21684,473	0,000
-21676,472	0,000
-21668,472	0,000
-21660,472	0,000
-21652,472	0,000
-21644,472	0,000
-21636,472	0,000
-21628,471	0,000
-21620,471	0,000
-21612,471	0,000
-21604,471	0,000
-21596,471	0,000
-21588,471	0,000
-21580,470	0,000
-21572,470	0,000
-21564,470	0,000
-21556,470	0,000
-21548,470	0,000
-21540,470	0,000
-21532,469	0,000
-21524,469	0,000
-21516,469	0,000
-21508,469	0,000
-21500,469	0,000
-21492,469	0,000
-21484,468	0,000
-21476,468	0,000
-21468,468	0,000
-21460,468	0,000
-21452,468	1,000
-21444,468	0,000
-21436,467	0,000
-21428,467	0,000
-21420,467	0,000
-21412,467	0,000
-21404,467	0,000
-21396,467	0,000
-21388,466	0,000
-21380,466	0,000
-21372,466	0,000
-21364,466	0,000
-21356,466	0,000
-21348,466	1,000
-21340,465	0,000
-21332,465	0,000
-21324,465	0,000
-21316,465	0,000
-21308,465	0,000
-21300,465	0,000
-21292,464	0,000
-21284,464	0,000
-21276,464	0,000
-21268,464	0,000
-21260,464	0,000
-21252,464	0,000
-21244,463	0,000
-21236,463	0,000
-21228,463	0,000
-21220,463	0,000
-21212,463	0,000
-21204,463	0,000
-21196,462	0,000
-21188,462	0,000
-21180,462	0,000
-21172,462	0,000
-21164,462	0,000
-21156,462	0,000
-21148,461	0,000
-21140,461	0,000
-21132,461	0,000
-21124,461	0,000
-21116,461	0,000
-21108,461	0,000
-21100,460	0,000
-21092,460	0,000
-21084,460	0,000
-21076,460	0,000
-21068,460	0,000
-21060,460	0,000
-21052,459	0,000
-21044,459	0,000
-21036,459	0,000
-21028,459	0,000
-21020,459	0,000
-21012,459	0,000
-21004,458	0,000
-20996,458	0,000
-20988,458	0,000
-20980,458	0,000
-20972,458	0,000
-20964,458	0,000
-20956,457	0,000
-20948,457	0,000
-20940,457	0,000
-20932,457	0,000
-20924,457	0,000
-20916,457	0,000
-20908,456	0,000
-20900,456	0,000
-20892,456	0,000
-20884,456	0,000
-20876,456	0,000
-20868,456	0,000
-20860,455	0,000
-20852,455	0,000
-20844,455	0,000
-20836,455	0,000
-20828,455	0,000
-20820,455	1,000
-20812,454	0,000
-20804,454	0,000
-20796,454	0,000
-20788,454	0,000
-20780,454	0,000
-20772,454	0,000
-20764,453	0,000
-20756,453	0,000
-20748,453	0,000
-20740,453	0,000
-20732,453	0,000
-20724,453	0,000
-20716,452	0,000
-20708,452	0,000
-20700,452	0,000
-20692,452	0,000
-20684,452	0,000
-20676,452	0,000
-20668,451	0,000
-20660,451	0,000
-20652,451	0,000
-20644,451	0,000
-20636,451	0,000
-20628,451	0,000
-20620,450	0,000
-20612,450	0,000
-20604,450	0,000
-20596,450	1,000
-20588,450	0,000
-20580,450	0,000
-20572,449	0,000
-20564,449	0,000
-20556,449	0,000
-20548,449	0,000
-20540,449	0,000
-20532,449	0,000
-20524,448	0,000
-20516,448	0,000
-20508,448	0,000
-20500,448	0,000
-20492,448	0,000
-20484,448	0,000
-20476,447	0,000
-20468,447	0,000
-20460,447	0,000
-20452,447	0,000
-20444,447	0,000
-20436,447	0,000
-20428,446	0,000
-20420,446	0,000
-20412,446	0,000
-20404,446	0,000
-20396,446	0,000
-20388,446	0,000
-20380,445	0,000
-20372,445	0,000
-20364,445	0,000
-20356,445	0,000
-20348,445	0,000
-20340,445	0,000
-20332,444	1,000
-20324,444	0,000
-20316,444	0,000
-20308,444	0,000
-20300,444	0,000
-20292,444	0,000
-20284,443	0,000
-20276,443	0,000
-20268,443	0,000
-20260,443	1,000
-20252,443	0,000
-20244,443	0,000
-20236,442	0,000
-20228,442	0,000
-20220,442	0,000
-20212,442	0,000
-20204,442	0,000
-20196,442	1,000
-20188,441	0,000
-20180,441	0,000
-20172,441	0,000
-20164,441	0,000
-20156,441	1,000
-20148,441	0,000
-20140,440	0,000
-20132,440	0,000
-20124,440	0,000
-20116,440	0,000
-20108,440	0,000
-20100,440	0,000
-20092,439	0,000
-20084,439	0,000
-20076,439	0,000
-20068,439	0,000
-20060,439	0,000
-20052,439	0,000
-20044,438	0,000
-20036,438	0,000
-20028,438	0,000
-20020,438	0,000
-20012,438	0,000
-20004,438	0,000
-19996,437	0,000
-19988,437	0,000
-19980,437	0,000
-19972,437	0,000
-19964,437	0,000
-19956,437	0,000
-19948,436	0,000
-19940,436	0,000
-19932,436	0,000
-19924,436	0,000
-19916,436	0,000
-19908,436	0,000
-19900,435	0,000
-19892,435	0,000
-19884,435	0,000
-19876,435	0,000
-19868,435	0,000
-19860,435	0,000
-19852,434	0,000
-19844,434	0,000
-19836,434	0,000
-19828,434	1,000
-19820,434	0,000
-19812,434	1,000
-19804,433	0,000
-19796,433	0,000
-19788,433	0,000
-19780,433	0,000
-19772,433	0,000
-19764,433	0,000
-19756,432	0,000
-19748,432	0,000
-19740,432	0,000
-19732,432	0,000
-19724,432	0,000
-19716,432	0,000
-19708,431	0,000
-19700,431	0,000
-19692,431	0,000
-19684,431	0,000
-19676,431	0,000
-19668,431	0,000
-19660,430	0,000
-19652,430	0,000
-19644,430	1,000
-19636,430	0,000
-19628,430	0,000
-19620,430	0,000
-19612,429	0,000
-19604,429	0,000
-19596,429	0,000
-19588,429	0,000
-19580,429	0,000
-19572,429	0,000
-19564,428	0,000
-19556,428	0,000
-19548,428	0,000
-19540,428	0,000
-19532,428	1,000
-19524,428	0,000
-19516,427	0,000
-19508,427	1,000
-19500,427	0,000
-19492,427	0,000
-19484,427	0,000
-19476,427	0,000
-19468,426	0,000
-19460,426	0,000
-19452,426	0,000
-19444,426	0,000
-19436,426	0,000
-19428,426	0,000
-19420,425	0,000
-19412,425	0,000
-19404,425	0,000
-19396,425	0,000
-19388,425	0,000
-19380,425	0,000
-19372,424	0,000
-19364,424	0,000
-19356,424	0,000
-19348,424	0,000
-19340,424	0,000
-19332,424	0,000
-19324,423	0,000
-19316,423	0,000
-19308,423	0,000
-19300,423	0,000
-19292,423	0,000
-19284,423	0,000
-19276,422	0,000
-19268,422	0,000
-19260,422	0,000
-19252,422	0,000
-19244,422	0,000
-19236,422	0,000
-19228,421	0,000
-19220,421	0,000
-19212,421	0,000
-19204,421	0,000
-19196,421	0,000
-19188,421	0,000
-19180,420	0,000
-19172,420	0,000
-19164,420	0,000
-19156,420	0,000
-19148,420	0,000
-19140,420	0,000
-19132,419	0,000
-19124,419	0,000
-19116,419	0,000
-19108,419	0,000
-19100,419	0,000
-19092,419	0,000
-19084,418	0,000
-19076,418	0,000
-19068,418	0,000
-19060,418	0,000
-19052,418	0,000
-19044,418	0,000
-19036,417	0,000
-19028,417	0,000
-19020,417	0,000
-19012,417	0,000
-19004,417	0,000
-18996,417	0,000
-18988,416	0,000
-18980,416	0,000
-18972,416	0,000
-18964,416	0,000
-18956,416	0,000
-18948,416	0,000
-18940,415	0,000
-18932,415	0,000
-18924,415	0,000
-18916,415	0,000
-18908,415	0,000
-18900,415	0,000
-18892,414	0,000
-18884,414	0,000
-18876,414	0,000
-18868,414	0,000
-18860,414	0,000
-18852,414	0,000
-18844,413	0,000
-18836,413	0,000
-18828,413	1,000
-18820,413	0,000
-18812,413	0,000
-18804,413	0,000
-18796,412	0,000
-18788,412	0,000
-18780,412	0,000
-18772,412	0,000
-18764,412	0,000
-18756,412	0,000
-18748,411	0,000
-18740,411	0,000
-18732,411	0,000
-18724,411	0,000
-18716,411	0,000
-18708,411	0,000
-18700,410	0,000
-18692,410	0,000
-18684,410	0,000
-18676,410	0,000
-18668,410	0,000
-18660,410	0,000
-18652,409	0,000
-18644,409	0,000
-18636,409	0,000
-18628,409	0,000
-18620,409	0,000
-18612,409	0,000
-18604,408	0,000
-18596,408	0,000
-18588,408	0,000
-18580,408	0,000
-18572,408	0,000
-18564,408	0,000
-18556,407	0,000
-18548,407	0,000
-18540,407	0,000
-18532,407	0,000
-18524,407	0,000
-18516,407	0,000
-18508,406	0,000
-18500,406	0,000
-18492,406	0,000
-18484,406	0,000
-18476,406	0,000
-18468,406	0,000
-18460,405	0,000
-18452,405	0,000
-18444,405	0,000
-18436,405	0,000
-18428,405	0,000
-18420,405	0,000
-18412,404	1,000
-18404,404	0,000
-18396,404	1,000
-18388,404	0,000
-18380,404	0,000
-18372,404	0,000
-18364,403	0,000
-18356,403	0,000
-18348,403	0,000
-18340,403	0,000
-18332,403	0,000
-18324,403	0,000
-18316,402	0,000
-18308,402	0,000
-18300,402	0,000
-18292,402	0,000
-18284,402	0,000
-18276,402	0,000
-18268,401	1,000
-18260,401	0,000
-18252,401	0,000
-18244,401	0,000
-18236,401	1,000
-18228,401	0,000
-18220,400	0,000
-18212,400	0,000
-18204,400	0,000
-18196,400	0,000
-18188,400	0,000
-18180,400	0,000
-18172,399	0,000
-18164,399	0,000
-18156,399	0,000
-18148,399	1,000
-18140,399	0,000
-18132,399	0,000
-18124,398	0,000
-18116,398	0,000
-18108,398	1,000
-18100,398	0,000
-18092,398	0,000
-18084,398	0,000
-18076,397	0,000
-18068,397	0,000
-18060,397	0,000
-18052,397	0,000
-18044,397	0,000
-18036,397	0,000
-18028,396	0,000
-18020,396	0,000
-18012,396	0,000
-18004,396	1,000
-17996,396	0,000
-17988,396	0,000
-17980,395	0,000
-17972,395	0,000
-17964,395	0,000
-17956,395	0,000
-17948,395	0,000
-17940,395	0,000
-17932,394	1,000
-17924,394	0,000
-17916,394	0,000
-17908,394	0,000
-17900,394	0,000
-17892,394	0,000
-17884,393	0,000
-17876,393	0,000
-17868,393	0,000
-17860,393	0,000
-17852,393	1,000
-17844,393	0,000
-17836,392	0,000
-17828,392	0,000
-17820,392	0,000
-17812,392	0,000
-17804,392	0,000
-17796,392	0,000
-17788,391	0,000
-17780,391	0,000
-17772,391	0,000
-17764,391	0,000
-17756,391	0,000
-17748,391	0,000
-17740,390	0,000
-17732,390	0,000
-17724,390	0,000
-17716,390	0,000
-17708,390	0,000
-17700,390	0,000
-17692,389	0,000
-17684,389	0,000
-17676,389	0,000
-17668,389	0,000
-17660,389	0,000
-17652,389	0,000
-17644,388	1,000
-17636,388	0,000
-17628,388	0,000
-17620,388	0,000
-17612,388	0,000
-17604,388	0,000
-17596,387	0,000
-17588,387	1,000
-17580,387	0,000
-17572,387	0,000
-17564,387	0,000
-17556,387	0,000
-17548,386	0,000
-17540,386	0,000
-17532,386	0,000
-17524,386	0,000
-17516,386	0,000
-17508,386	0,000
-17500,385	0,000
-17492,385	0,000
-17484,385	0,000
-17476,385	0,000
-17468,385	0,000
-17460,385	0,000
-17452,384	1,000
-17444,384	1,000
-17436,384	0,000
-17428,384	0,000
-17420,384	0,000
-17412,384	0,000
-17404,383	0,000
-17396,383	0,000
-17388,383	0,000
-17380,383	1,000
-17372,383	0,000
-17364,383	1,000
-17356,382	0,000
-17348,382	0,000
-17340,382	0,000
-17332,382	0,000
-17324,382	0,000
-17316,382	0,000
-17308,381	0,000
-17300,381	0,000
-17292,381	0,000
-17284,381	0,000
-17276,381	0,000
-17268,381	0,000
-17260,380	0,000
-17252,380	0,000
-17244,380	0,000
-17236,380	0,000
-17228,380	0,000
-17220,380	0,000
-17212,379	0,000
-17204,379	0,000
-17196,379	0,000
-17188,379	0,000
-17180,379	1,000
-17172,379	0,000
-17164,378	0,000
-17156,378	0,000
-17148,378	0,000
-17140,378	0,000
-17132,378	1,000
-17124,378	0,000
-17116,377	0,000
-17108,377	0,000
-17100,377	0,000
-17092,377	0,000
-17084,377	0,000
-17076,377	0,000
-17068,376	0,000
-17060,376	0,000
-17052,376	0,000
-17044,376	0,000
-17036,376	0,000
-17028,376	0,000
-17020,375	0,000
-17012,375	0,000
-17004,375	0,000
-16996,375	0,000
-16988,375	0,000
-16980,375	0,000
-16972,374	0,000
-16964,374	0,000
-16956,374	0,000
-16948,374	1,000
-16940,374	0,000
-16932,374	0,000
-16924,373	1,000
-16916,373	0,000
-16908,373	0,000
-16900,373	0,000
-16892,373	0,000
-16884,373	1,000
-16876,372	0,000
-16868,372	0,000
-16860,372	0,000
-16852,372	0,000
-16844,372	0,000
-16836,372	0,000
-16828,371	0,000
-16820,371	0,000
-16812,371	0,000
-16804,371	0,000
-16796,371	0,000
-16788,371	0,000
-16780,370	0,000
-16772,370	0,000
-16764,370	1,000
-16756,370	0,000
-16748,370	0,000
-16740,370	0,000
-16732,369	0,000
-16724,369	0,000
-16716,369	0,000
-16708,369	0,000
-16700,369	0,000
-16692,369	0,000
-16684,368	1,000
-16676,368	0,000
-16668,368	0,000
-16660,368	0,000
-16652,368	0,000
-16644,368	0,000
-16636,367	0,000
-16628,367	0,000
-16620,367	0,000
-16612,367	0,000
-16604,367	0,000
-16596,367	1,000
-16588,366	0,000
-16580,366	0,000
-16572,366	0,000
-16564,366	0,000
-16556,366	0,000
-16548,366	0,000
-16540,365	1,000
-16532,365	0,000
-16524,365	0,000
-16516,365	0,000
-16508,365	0,000
-16500,365	0,000
-16492,364	0,000
-16484,364	0,000
-16476,364	1,000
-16468,364	0,000
-16460,364	0,000
-16452,364	0,000
-16444,363	0,000
-16436,363	1,000
-16428,363	0,000
-16420,363	0,000
-16412,363	0,000
-16404,363	0,000
-16396,362	0,000
-16388,362	0,000
-16380,362	0,000
-16372,362	0,000
-16364,362	0,000
-16356,362	0,000
-16348,361	0,000
-16340,361	0,000
-16332,361	0,000
-16324,361	2,000
-16316,361	0,000
-16308,361	0,000
-16300,360	0,000
-16292,360	0,000
-16284,360	0,000
-16276,360	0,000
-16268,360	0,000
-16260,360	0,000
-16252,359	0,000
-16244,359	1,000
-16236,359	0,000
-16228,359	0,000
-16220,359	0,000
-16212,359	0,000
-16204,358	0,000
-16196,358	0,000
-16188,358	0,000
-16180,358	1,000
-16172,358	0,000
-16164,358	0,000
-16156,357	0,000
-16148,357	1,000
-16140,357	0,000
-16132,357	0,000
-16124,357	0,000
-16116,357	0,000
-16108,356	0,000
-16100,356	0,000
-16092,356	0,000
-16084,356	1,000
-16076,356	0,000
-16068,356	0,000
-16060,355	0,000
-16052,355	1,000
-16044,355	0,000
-16036,355	1,000
-16028,355	0,000
-16020,355	0,000
-16012,354	0,000
-16004,354	0,000
-15996,354	0,000
-15988,354	0,000
-15980,354	0,000
-15972,354	1,000
-15964,353	0,000
-15956,353	0,000
-15948,353	0,000
-15940,353	0,000
-15932,353	0,000
-15924,353	1,000
-15916,352	1,000
-15908,352	0,000
-15900,352	0,000
-15892,352	0,000
-15884,352	1,000
-15876,352	0,000
-15868,351	0,000
-15860,351	3,000
-15852,351	0,000
-15844,351	2,000
-15836,351	0,000
-15828,351	0,000
-15820,350	0,000
-15812,350	1,000
-15804,350	0,000
-15796,350	0,000
-15788,350	1,000
-15780,350	0,000
-15772,349	1,000
-15764,349	1,000
-15756,349	0,000
-15748,349	0,000
-15740,349	0,000
-15732,349	0,000
-15724,348	0,000
-15716,348	1,000
-15708,348	0,000
-15700,348	1,000
-15692,348	4,000
-15684,348	2,000
-15676,347	0,000
-15668,347	2,000
-15660,347	2,000
-15652,347	0,000
-15644,347	1,000
-15636,347	0,000
-15628,346	2,000
-15620,346	1,000
-15612,346	2,000
-15604,346	3,000
-15596,346	4,000
-15588,346	0,000
-15580,345	2,000
-15572,345	1,000
-15564,345	2,000
-15556,345	1,000
-15548,345	2,000
-15540,345	2,000
-15532,344	1,000
-15524,344	2,000
-15516,344	2,000
-15508,344	4,000
-15500,344	3,000
-15492,344	3,000
-15484,343	1,000
-15476,343	1,000
-15468,343	4,000
-15460,343	3,000
-15452,343	4,000
-15444,343	2,000
-15436,342	6,000
-15428,342	2,000
-15420,342	3,000
-15412,342	4,000
-15404,342	1,000
-15396,342	7,000
-15388,341	5,000
-15380,341	8,000
-15372,341	4,000
-15364,341	6,000
-15356,341	9,000
-15348,341	6,000
-15340,340	7,000
-15332,340	11,000
-15324,340	7,000
-15316,340	7,000
-15308,340	7,000
-15300,340	5,000
-15292,339	7,000
-15284,339	6,000
-15276,339	8,000
-15268,339	3,000
-15260,339	5,000
-15252,339	6,000
-15244,338	16,000
-15236,338	14,000
-15228,338	6,000
-15220,338	11,000
-15212,338	11,000
-15204,338	5,000
-15196,337	13,000
-15188,337	17,000
-15180,337	15,000
-15172,337	10,000
-15164,337	11,000
-15156,337	11,000
-15148,336	8,000
-15140,336	15,000
-15132,336	9,000
-15124,336	14,000
-15116,336	12,000
-15108,336	17,000
-15100,335	26,000
-15092,335	10,000
-15084,335	15,000
-15076,335	8,000
-15068,335	18,000
-15060,335	20,000
-15052,334	11,000
-15044,334	28,000
-15036,334	18,000
-15028,334	15,000
-15020,334	20,000
-15012,334	23,000
-15004,333	15,000
-14996,333	26,000
-14988,333	36,000
-14980,333	27,000
-14972,333	16,000
-14964,333	26,000
-14956,332	23,000
-14948,332	27,000
-14940,332	19,000
-14932,332	28,000
-14924,332	33,000
-14916,332	26,000
-14908,331	39,000
-14900,331	25,000
-14892,331	40,000
-14884,331	28,000
-14876,331	36,000
-14868,331	36,000
-14860,330	37,000
-14852,330	31,000
-14844,330	37,000
-14836,330	33,000
-14828,330	32,000
-14820,330	41,000
-14812,329	37,000
-14804,329	46,000
-14796,329	41,000
-14788,329	41,000
-14780,329	43,000
-14772,329	46,000
-14764,328	43,000
-14756,328	41,000
-14748,328	42,000
-14740,328	42,000
-14732,328	44,000
-14724,328	44,000
-14716,327	41,000
-14708,327	48,000
-14700,327	66,000
-14692,327	46,000
-14684,327	51,000
-14676,327	56,000
-14668,326	58,000
-14660,326	51,000
-14652,326	52,000
-14644,326	54,000
-14636,326	56,000
-14628,326	54,000
-14620,325	49,000
-14612,325	63,000
-14604,325	67,000
-14596,325	60,000
-14588,325	53,000
-14580,325	50,000
-14572,324	57,000
-14564,324	56,000
-14556,324	57,000
-14548,324	56,000
-14540,324	76,000
-14532,324	67,000
-14524,323	68,000
-14516,323	70,000
-14508,323	73,000
-14500,323	85,000
-14492,323	57,000
-14484,323	55,000
-14476,322	63,000
-14468,322	81,000
-14460,322	89,000
-14452,322	82,000
-14444,322	63,000
-14436,322	81,000
-14428,321	62,000
-14420,321	82,000
-14412,321	73,000
-14404,321	81,000
-14396,321	84,000
-14388,321	65,000
-14380,320	73,000
-14372,320	84,000
-14364,320	90,000
-14356,320	80,000
-14348,320	82,000
-14340,320	87,000
-14332,319	101,000
-14324,319	85,000
-14316,319	92,000
-14308,319	70,000
-14300,319	84,000
-14292,319	77,000
-14284,318	100,000
-14276,318	80,000
-14268,318	93,000
-14260,318	83,000
-14252,318	75,000
-14244,318	88,000
-14236,317	108,000
-14228,317	95,000
-14220,317	76,000
-14212,317	72,000
-14204,317	87,000
-14196,317	86,000
-14188,316	85,000
-14180,316	94,000
-14172,316	97,000
-14164,316	98,000
-14156,316	92,000
-14148,316	104,000
-14140,315	79,000
-14132,315	75,000
-14124,315	74,000
-14116,315	92,000
-14108,315	87,000
-14100,315	101,000
-14092,314	84,000
-14084,314	92,000
-14076,314	87,000
-14068,314	90,000
-14060,314	90,000
-14052,314	79,000
-14044,313	86,000
-14036,313	91,000
-14028,313	105,000
-14020,313	95,000
-14012,313	94,000
-14004,313	74,000
-13996,312	75,000
-13988,312	86,000
-13980,312	86,000
-13972,312	94,000
-13964,312	81,000
-13956,312	104,000
-13948,311	83,000
-13940,311	108,000
-13932,311	85,000
-13924,311	85,000
-13916,311	96,000
-13908,311	75,000
-13900,310	79,000
-13892,310	84,000
-13884,310	88,000
-13876,310	98,000
-13868,310	82,000
-13860,310	74,000
-13852,309	94,000
-13844,309	81,000
-13836,309	101,000
-13828,309	91,000
-13820,309	102,000
-13812,309	94,000
-13804,308	96,000
-13796,308	88,000
-13788,308	95,000
-13780,308	87,000
-13772,308	68,000
-13764,308	88,000
-13756,307	89,000
-13748,307	67,000
-13740,307	82,000
-13732,307	82,000
-13724,307	70,000
-13716,307	79,000
-13708,306	77,000
-13700,306	73,000
-13692,306	65,000
-13684,306	74,000
-13676,306	71,000
-13668,306	81,000
-13660,305	67,000
-13652,305	60,000
-13644,305	88,000
-13636,305	69,000
-13628,305	65,000
-13620,305	74,000
-13612,304	84,000
-13604,304	67,000
-13596,304	54,000
-13588,304	60,000
-13580,304	68,000
-13572,304	74,000
-13564,303	52,000
-13556,303	73,000
-13548,303	65,000
-13540,303	64,000
-13532,303	70,000
-13524,303	57,000
-13516,302	59,000
-13508,302	78,000
-13500,302	59,000
-13492,302	55,000
-13484,302	70,000
-13476,302	67,000
-13468,301	61,000
-13460,301	71,000
-13452,301	62,000
-13444,301	48,000
-13436,301	63,000
-13428,301	44,000
-13420,300	42,000
-13412,300	48,000
-13404,300	44,000
-13396,300	51,000
-13388,300	64,000
-13380,300	51,000
-13372,299	45,000
-13364,299	33,000
-13356,299	53,000
-13348,299	50,000
-13340,299	49,000
-13332,299	52,000
-13324,298	44,000
-13316,298	45,000
-13308,298	44,000
-13300,298	45,000
-13292,298	35,000
-13284,298	44,000
-13276,297	35,000
-13268,297	38,000
-13260,297	31,000
-13252,297	45,000
-13244,297	37,000
-13236,297	35,000
-13228,296	33,000
-13220,296	46,000
-13212,296	36,000
-13204,296	30,000
-13196,296	36,000
-13188,296	48,000
-13180,295	36,000
-13172,295	28,000
-13164,295	36,000
-13156,295	34,000
-13148,295	39,000
-13140,295	31,000
-13132,294	33,000
-13124,294	35,000
-13116,294	32,000
-13108,294	35,000
-13100,294	24,000
-13092,294	32,000
-13084,293	31,000
-13076,293	25,000
-13068,293	29,000
-13060,293	23,000
-13052,293	26,000
-13044,293	21,000
-13036,292	29,000
-13028,292	23,000
-13020,292	32,000
-13012,292	22,000
-13004,292	21,000
-12996,292	23,000
-12988,291	26,000
-12980,291	20,000
-12972,291	27,000
-12964,291	22,000
-12956,291	18,000
-12948,291	20,000
-12940,290	21,000
-12932,290	26,000
-12924,290	16,000
-12916,290	27,000
-12908,290	23,000
-12900,290	21,000
-12892,289	24,000
-12884,289	11,000
-12876,289	9,000
-12868,289	25,000
-12860,289	19,000
-12852,289	17,000
-12844,288	17,000
-12836,288	18,000
-12828,288	19,000
-12820,288	18,000
-12812,288	15,000
-12804,288	23,000
-12796,287	13,000
-12788,287	10,000
-12780,287	10,000
-12772,287	16,000
-12764,287	18,000
-12756,287	14,000
-12748,286	12,000
-12740,286	15,000
-12732,286	12,000
-12724,286	24,000
-12716,286	15,000
-12708,286	13,000
-12700,285	14,000
-12692,285	11,000
-12684,285	12,000
-12676,285	16,000
-12668,285	13,000
-12660,285	12,000
-12652,284	6,000
-12644,284	9,000
-12636,284	15,000
-12628,284	15,000
-12620,284	11,000
-12612,284	11,000
-12604,283	13,000
-12596,283	11,000
-12588,283	10,000
-12580,283	13,000
-12572,283	7,000
-12564,283	15,000
-12556,282	1,000
-12548,282	9,000
-12540,282	16,000
-12532,282	13,000
-12524,282	15,000
-12516,282	9,000
-12508,281	11,000
-12500,281	7,000
-12492,281	14,000
-12484,281	13,000
-12476,281	10,000
-12468,281	11,000
-12460,280	9,000
-12452,280	13,000
-12444,280	12,000
-12436,280	5,000
-12428,280	12,000
-12420,280	11,000
-12412,279	8,000
-12404,279	10,000
-12396,279	4,000
-12388,279	11,000
-12380,279	6,000
-12372,279	5,000
-12364,278	6,000
-12356,278	3,000
-12348,278	4,000
-12340,278	8,000
-12332,278	7,000
-12324,278	8,000
-12316,277	9,000
-12308,277	11,000
-12300,277	4,000
-12292,277	8,000
-12284,277	10,000
-12276,277	3,000
-12268,276	11,000
-12260,276	6,000
-12252,276	4,000
-12244,276	8,000
-12236,276	4,000
-12228,276	8,000
-12220,275	4,000
-12212,275	2,000
-12204,275	7,000
-12196,275	3,000
-12188,275	8,000
-12180,275	6,000
-12172,274	9,000
-12164,274	11,000
-12156,274	5,000
-12148,274	10,000
-12140,274	7,000
-12132,274	4,000
-12124,273	9,000
-12116,273	8,000
-12108,273	7,000
-12100,273	5,000
-12092,273	5,000
-12084,273	8,000
-12076,272	4,000
-12068,272	10,000
-12060,272	9,000
-12052,272	7,000
-12044,272	7,000
-12036,272	9,000
-12028,271	5,000
-12020,271	4,000
-12012,271	3,000
-12004,271	12,000
-11996,271	3,000
-11988,271	7,000
-11980,270	11,000
-11972,270	9,000
-11964,270	11,000
-11956,270	4,000
-11948,270	5,000
-11940,270	7,000
-11932,269	5,000
-11924,269	7,000
-11916,269	7,000
-11908,269	7,000
-11900,269	8,000
-11892,269	6,000
-11884,268	5,000
-11876,268	8,000
-11868,268	7,000
-11860,268	8,000
-11852,268	7,000
-11844,268	6,000
-11836,267	7,000
-11828,267	3,000
-11820,267	7,000
-11812,267	7,000
-11804,267	9,000
-11796,267	6,000
-11788,266	9,000
-11780,266	5,000
-11772,266	5,000
-11764,266	5,000
-11756,266	9,000
-11748,266	7,000
-11740,265	8,000
-11732,265	6,000
-11724,265	5,000
-11716,265	10,000
-11708,265	7,000
-11700,265	8,000
-11692,264	10,000
-11684,264	8,000
-11676,264	9,000
-11668,264	9,000
-11660,264	3,000
-11652,264	13,000
-11644,263	7,000
-11636,263	7,000
-11628,263	10,000
-11620,263	5,000
-11612,263	9,000
-11604,263	7,000
-11596,262	6,000
-11588,262	3,000
-11580,262	10,000
-11572,262	9,000
-11564,262	10,000
-11556,262	7,000
-11548,261	11,000
-11540,261	4,000
-11532,261	5,000
-11524,261	7,000
-11516,261	8,000
-11508,261	10,000
-11500,260	10,000
-11492,260	6,000
-11484,260	11,000
-11476,260	4,000
-11468,260	10,000
-11460,260	5,000
-11452,259	11,000
-11444,259	13,000
-11436,259	8,000
-11428,259	11,000
-11420,259	8,000
-11412,259	6,000
-11404,258	10,000
-11396,258	5,000
-11388,258	11,000
-11380,258	8,000
-11372,258	5,000
-11364,258	3,000
-11356,257	4,000
-11348,257	8,000
-11340,257	9,000
-11332,257	14,000
-11324,257	10,000
-11316,257	9,000
-11308,256	10,000
-11300,256	16,000
-11292,256	10,000
-11284,256	16,000
-11276,256	8,000
-11268,256	12,000
-11260,255	6,000
-11252,255	11,000
-11244,255	15,000
-11236,255	7,000
-11228,255	6,000
-11220,255	14,000
-11212,254	13,000
-11204,254	5,000
-11196,254	7,000
-11188,254	7,000
-11180,254	7,000
-11172,254	6,000
-11164,253	8,000
-11156,253	10,000
-11148,253	9,000
-11140,253	13,000
-11132,253	16,000
-11124,253	10,000
-11116,252	9,000
-11108,252	8,000
-11100,252	9,000
-11092,252	16,000
-11084,252	11,000
-11076,252	12,000
-11068,251	11,000
-11060,251	11,000
-11052,251	7,000
-11044,251	9,000
-11036,251	13,000
-11028,251	9,000
-11020,250	10,000
-11012,250	11,000
-11004,250	7,000
-10996,250	9,000
-10988,250	10,000
-10980,250	12,000
-10972,249	16,000
-10964,249	7,000
-10956,249	13,000
-10948,249	15,000
-10940,249	13,000
-10932,249	10,000
-10924,248	19,000
-10916,248	16,000
-10908,248	17,000
-10900,248	8,000
-10892,248	16,000
-10884,248	12,000
-10876,247	13,000
-10868,247	17,000
-10860,247	16,000
-10852,247	11,000
-10844,247	21,000
-10836,247	21,000
-10828,246	9,000
-10820,246	14,000
-10812,246	15,000
-10804,246	18,000
-10796,246	15,000
-10788,246	9,000
-10780,245	17,000
-10772,245	21,000
-10764,245	17,000
-10756,245	19,000
-10748,245	24,000
-10740,245	22,000
-10732,244	26,000
-10724,244	20,000
-10716,244	17,000
-10708,244	18,000
-10700,244	14,000
-10692,244	14,000
-10684,243	13,000
-10676,243	31,000
-10668,243	16,000
-10660,243	21,000
-10652,243	19,000
-10644,243	22,000
-10636,242	23,000
-10628,242	21,000
-10620,242	26,000
-10612,242	25,000
-10604,242	24,000
-10596,242	25,000
-10588,241	21,000
-10580,241	20,000
-10572,241	31,000
-10564,241	21,000
-10556,241	34,000
-10548,241	28,000
-10540,240	20,000
-10532,240	18,000
-10524,240	15,000
-10516,240	30,000
-10508,240	30,000
-10500,240	31,000
-10492,239	24,000
-10484,239	24,000
-10476,239	29,000
-10468,239	31,000
-10460,239	24,000
-10452,239	30,000
-10444,238	34,000
-10436,238	30,000
-10428,238	19,000
-10420,238	30,000
-10412,238	32,000
-10404,238	34,000
-10396,237	21,000
-10388,237	36,000
-10380,237	32,000
-10372,237	37,000
-10364,237	28,000
-10356,237	30,000
-10348,236	29,000
-10340,236	38,000
-10332,236	32,000
-10324,236	34,000
-10316,236	39,000
-10308,236	35,000
-10300,235	36,000
-10292,235	28,000
-10284,235	36,000
-10276,235	32,000
-10268,235	34,000
-10260,235	30,000
-10252,234	43,000
-10244,234	45,000
-10236,234	38,000
-10228,234	41,000
-10220,234	40,000
-10212,234	36,000
-10204,233	43,000
-10196,233	45,000
-10188,233	40,000
-10180,233	38,000
-10172,233	42,000
-10164,233	36,000
-10156,232	42,000
-10148,232	48,000
-10140,232	41,000
-10132,232	46,000
-10124,232	47,000
-10116,232	44,000
-10108,231	35,000
-10100,231	34,000
-10092,231	48,000
-10084,231	27,000
-10076,231	43,000
-10068,231	47,000
-10060,230	52,000
-10052,230	40,000
-10044,230	40,000
-10036,230	65,000
-10028,230	47,000
-10020,230	40,000
-10012,229	40,000
-10004,229	45,000
-9996,229	40,000
-9988,229	41,000
-9980,229	58,000
-9972,229	46,000
-9964,228	42,000
-9956,228	60,000
-9948,228	50,000
-9940,228	49,000
-9932,228	59,000
-9924,228	47,000
-9916,227	59,000
-9908,227	56,000
-9900,227	60,000
-9892,227	35,000
-9884,227	62,000
-9876,227	53,000
-9868,226	45,000
-9860,226	39,000
-9852,226	47,000
-9844,226	52,000
-9836,226	52,000
-9828,226	34,000
-9820,225	49,000
-9812,225	47,000
-9804,225	55,000
-9796,225	48,000
-9788,225	58,000
-9780,225	65,000
-9772,224	51,000
-9764,224	48,000
-9756,224	60,000
-9748,224	60,000
-9740,224	52,000
-9732,224	45,000
-9724,223	52,000
-9716,223	54,000
-9708,223	50,000
-9700,223	52,000
-9692,223	51,000
-9684,223	51,000
-9676,222	52,000
-9668,222	52,000
-9660,222	63,000
-9652,222	64,000
-9644,222	67,000
-9636,222	54,000
-9628,221	62,000
-9620,221	52,000
-9612,221	61,000
-9604,221	53,000
-9596,221	57,000
-9588,221	59,000
-9580,220	53,000
-9572,220	75,000
-9564,220	50,000
-9556,220	58,000
-9548,220	48,000
-9540,220	52,000
-9532,219	67,000
-9524,219	54,000
-9516,219	49,000
-9508,219	52,000
-9500,219	69,000
-9492,219	58,000
-9484,218	54,000
-9476,218	56,000
-9468,218	54,000
-9460,218	66,000
-9452,218	56,000
-9444,218	48,000
-9436,217	50,000
-9428,217	56,000
-9420,217	53,000
-9412,217	57,000
-9404,217	47,000
-9396,217	53,000
-9388,216	55,000
-9380,216	63,000
-9372,216	56,000
-9364,216	64,000
-9356,216	63,000
-9348,216	50,000
-9340,215	62,000
-9332,215	69,000
-9324,215	55,000
-9316,215	68,000
-9308,215	62,000
-9300,215	65,000
-9292,214	71,000
-9284,214	58,000
-9276,214	63,000
-9268,214	56,000
-9260,214	58,000
-9252,214	70,000
-9244,213	60,000
-9236,213	61,000
-9228,213	68,000
-9220,213	77,000
-9212,213	60,000
-9204,213	55,000
-9196,212	64,000
-9188,212	60,000
-9180,212	59,000
-9172,212	59,000
-9164,212	52,000
-9156,212	52,000
-9148,211	60,000
-9140,211	72,000
-9132,211	56,000
-9124,211	65,000
-9116,211	67,000
-9108,211	57,000
-9100,210	62,000
-9092,210	61,000
-9084,210	61,000
-9076,210	61,000
-9068,210	43,000
-9060,210	52,000
-9052,209	57,000
-9044,209	54,000
-9036,209	61,000
-9028,209	63,000
-9020,209	68,000
-9012,209	58,000
-9004,208	53,000
-8996,208	69,000
-8988,208	65,000
-8980,208	77,000
-8972,208	53,000
-8964,208	59,000
-8956,207	52,000
-8948,207	67,000
-8940,207	64,000
-8932,207	68,000
-8924,207	62,000
-8916,207	57,000
-8908,206	63,000
-8900,206	44,000
-8892,206	53,000
-8884,206	61,000
-8876,206	45,000
-8868,206	49,000
-8860,205	69,000
-8852,205	53,000
-8844,205	48,000
-8836,205	62,000
-8828,205	53,000
-8820,205	66,000
-8812,204	65,000
-8804,204	38,000
-8796,204	50,000
-8788,204	74,000
-8780,204	63,000
-8772,204	56,000
-8764,203	70,000
-8756,203	70,000
-8748,203	64,000
-8740,203	59,000
-8732,203	51,000
-8724,203	57,000
-8716,202	63,000
-8708,202	62,000
-8700,202	62,000
-8692,202	66,000
-8684,202	59,000
-8676,202	67,000
-8668,201	46,000
-8660,201	63,000
-8652,201	49,000
-8644,201	60,000
-8636,201	64,000
-8628,201	78,000
-8620,200	62,000
-8612,200	76,000
-8604,200	54,000
-8596,200	61,000
-8588,200	50,000
-8580,200	66,000
-8572,199	64,000
-8564,199	57,000
-8556,199	64,000
-8548,199	63,000
-8540,199	67,000
-8532,199	64,000
-8524,198	58,000
-8516,198	66,000
-8508,198	63,000
-8500,198	69,000
-8492,198	59,000
-8484,198	62,000
-8476,197	50,000
-8468,197	72,000
-8460,197	75,000
-8452,197	67,000
-8444,197	67,000
-8436,197	68,000
-8428,196	67,000
-8420,196	61,000
-8412,196	61,000
-8404,196	66,000
-8396,196	61,000
-8388,196	67,000
-8380,195	61,000
-8372,195	59,000
-8364,195	62,000
-8356,195	66,000
-8348,195	75,000
-8340,195	63,000
-8332,194	62,000
-8324,194	48,000
-8316,194	57,000
-8308,194	69,000
-8300,194	64,000
-8292,194	54,000
-8284,193	64,000
-8276,193	61,000
-8268,193	62,000
-8260,193	62,000
-8252,193	71,000
-8244,193	74,000
-8236,192	58,000
-8228,192	69,000
-8220,192	69,000
-8212,192	70,000
-8204,192	49,000
-8196,192	64,000
-8188,191	58,000
-8180,191	62,000
-8172,191	66,000
-8164,191	65,000
-8156,191	74,000
-8148,191	68,000
-8140,190	61,000
-8132,190	71,000
-8124,190	79,000
-8116,190	59,000
-8108,190	75,000
-8100,190	67,000
-8092,189	79,000
-8084,189	53,000
-8076,189	70,000
-8068,189	81,000
-8060,189	70,000
-8052,189	64,000
-8044,188	67,000
-8036,188	52,000
-8028,188	71,000
-8020,188	71,000
-8012,188	57,000
-8004,188	67,000
-7996,187	73,000
-7988,187	61,000
-7980,187	80,000
-7972,187	79,000
-7964,187	62,000
-7956,187	60,000
-7948,186	72,000
-7940,186	71,000
-7932,186	83,000
-7924,186	59,000
-7916,186	85,000
-7908,186	75,000
-7900,185	76,000
-7892,185	84,000
-7884,185	60,000
-7876,185	79,000
-7868,185	73,000
-7860,185	71,000
-7852,184	82,000
-7844,184	68,000
-7836,184	73,000
-7828,184	61,000
-7820,184	64,000
-7812,184	70,000
-7804,183	76,000
-7796,183	78,000
-7788,183	74,000
-7780,183	78,000
-7772,183	79,000
-7764,183	73,000
-7756,182	59,000
-7748,182	55,000
-7740,182	70,000
-7732,182	70,000
-7724,182	78,000
-7716,182	73,000
-7708,181	68,000
-7700,181	67,000
-7692,181	62,000
-7684,181	73,000
-7676,181	77,000
-7668,181	55,000
-7660,180	54,000
-7652,180	79,000
-7644,180	83,000
-7636,180	81,000
-7628,180	77,000
-7620,180	83,000
-7612,179	57,000
-7604,179	58,000
-7596,179	68,000
-7588,179	68,000
-7580,179	71,000
-7572,179	83,000
-7564,178	67,000
-7556,178	101,000
-7548,178	72,000
-7540,178	71,000
-7532,178	69,000
-7524,178	79,000
-7516,177	78,000
-7508,177	97,000
-7500,177	76,000
-7492,177	71,000
-7484,177	57,000
-7476,177	68,000
-7468,176	79,000
-7460,176	71,000
-7452,176	81,000
-7444,176	75,000
-7436,176	76,000
-7428,176	73,000
-7420,175	79,000
-7412,175	71,000
-7404,175	81,000
-7396,175	61,000
-7388,175	81,000
-7380,175	68,000
-7372,174	76,000
-7364,174	80,000
-7356,174	72,000
-7348,174	73,000
-7340,174	81,000
-7332,174	83,000
-7324,173	79,000
-7316,173	66,000
-7308,173	62,000
-7300,173	70,000
-7292,173	88,000
-7284,173	78,000
-7276,172	86,000
-7268,172	88,000
-7260,172	79,000
-7252,172	82,000
-7244,172	80,000
-7236,172	75,000
-7228,171	75,000
-7220,171	87,000
-7212,171	84,000
-7204,171	82,000
-7196,171	61,000
-7188,171	81,000
-7180,170	80,000
-7172,170	88,000
-7164,170	84,000
-7156,170	78,000
-7148,170	74,000
-7140,170	75,000
-7132,169	84,000
-7124,169	87,000
-7116,169	68,000
-7108,169	93,000
-7100,169	82,000
-7092,169	79,000
-7084,168	87,000
-7076,168	83,000
-7068,168	77,000
-7060,168	86,000
-7052,168	75,000
-7044,168	106,000
-7036,167	97,000
-7028,167	81,000
-7020,167	77,000
-7012,167	60,000
-7004,167	72,000
-6996,167	93,000
-6988,166	66,000
-6980,166	75,000
-6972,166	80,000
-6964,166	86,000
-6956,166	84,000
-6948,166	79,000
-6940,165	74,000
-6932,165	84,000
-6924,165	75,000
-6916,165	74,000
-6908,165	73,000
-6900,165	74,000
-6892,164	87,000
-6884,164	80,000
-6876,164	85,000
-6868,164	75,000
-6860,164	93,000
-6852,164	84,000
-6844,163	67,000
-6836,163	71,000
-6828,163	90,000
-6820,163	82,000
-6812,163	86,000
-6804,163	84,000
-6796,162	99,000
-6788,162	73,000
-6780,162	95,000
-6772,162	71,000
-6764,162	65,000
-6756,162	96,000
-6748,161	89,000
-6740,161	90,000
-6732,161	82,000
-6724,161	84,000
-6716,161	79,000
-6708,161	97,000
-6700,160	81,000
-6692,160	83,000
-6684,160	92,000
-6676,160	108,000
-6668,160	72,000
-6660,160	69,000
-6652,159	78,000
-6644,159	64,000
-6636,159	107,000
-6628,159	78,000
-6620,159	82,000
-6612,159	94,000
-6604,158	93,000
-6596,158	66,000
-6588,158	96,000
-6580,158	96,000
-6572,158	87,000
-6564,158	75,000
-6556,157	80,000
-6548,157	78,000
-6540,157	98,000
-6532,157	94,000
-6524,157	80,000
-6516,157	90,000
-6508,156	74,000
-6500,156	88,000
-6492,156	84,000
-6484,156	86,000
-6476,156	73,000
-6468,156	85,000
-6460,155	78,000
-6452,155	86,000
-6444,155	98,000
-6436,155	81,000
-6428,155	72,000
-6420,155	88,000
-6412,154	87,000
-6404,154	91,000
-6396,154	84,000
-6388,154	74,000
-6380,154	89,000
-6372,154	71,000
-6364,153	81,000
-6356,153	68,000
-6348,153	82,000
-6340,153	91,000
-6332,153	89,000
-6324,153	86,000
-6316,152	74,000
-6308,152	77,000
-6300,152	105,000
-6292,152	92,000
-6284,152	92,000
-6276,152	74,000
-6268,151	74,000
-6260,151	81,000
-6252,151	74,000
-6244,151	85,000
-6236,151	95,000
-6228,151	109,000
-6220,150	76,000
-6212,150	92,000
-6204,150	85,000
-6196,150	85,000
-6188,150	90,000
-6180,150	86,000
-6172,149	93,000
-6164,149	88,000
-6156,149	85,000
-6148,149	89,000
-6140,149	84,000
-6132,149	77,000
-6124,148	86,000
-6116,148	91,000
-6108,148	89,000
-6100,148	81,000
-6092,148	88,000
-6084,148	92,000
-6076,147	86,000
-6068,147	106,000
-6060,147	74,000
-6052,147	89,000
-6044,147	72,000
-6036,147	86,000
-6028,146	82,000
-6020,146	97,000
-6012,146	92,000
-6004,146	94,000
-5996,146	85,000
-5988,146	103,000
-5980,145	87,000
-5972,145	94,000
-5964,145	77,000
-5956,145	98,000
-5948,145	90,000
-5940,145	106,000
-5932,144	98,000
-5924,144	95,000
-5916,144	88,000
-5908,144	96,000
-5900,144	81,000
-5892,144	90,000
-5884,143	103,000
-5876,143	81,000
-5868,143	81,000
-5860,143	75,000
-5852,143	86,000
-5844,143	99,000
-5836,142	88,000
-5828,142	91,000
-5820,142	103,000
-5812,142	96,000
-5804,142	87,000
-5796,142	95,000
-5788,141	71,000
-5780,141	81,000
-5772,141	70,000
-5764,141	81,000
-5756,141	97,000
-5748,141	98,000
-5740,140	83,000
-5732,140	96,000
-5724,140	89,000
-5716,140	99,000
-5708,140	84,000
-5700,140	94,000
-5692,139	100,000
-5684,139	88,000
-5676,139	96,000
-5668,139	109,000
-5660,139	94,000
-5652,139	83,000
-5644,138	78,000
-5636,138	80,000
-5628,138	84,000
-5620,138	101,000
-5612,138	89,000
-5604,138	106,000
-5596,137	88,000
-5588,137	83,000
-5580,137	82,000
-5572,137	84,000
-5564,137	80,000
-5556,137	83,000
-5548,136	100,000
-5540,136	88,000
-5532,136	91,000
-5524,136	83,000
-5516,136	95,000
-5508,136	88,000
-5500,135	96,000
-5492,135	86,000
-5484,135	92,000
-5476,135	66,000
-5468,135	87,000
-5460,135	84,000
-5452,134	90,000
-5444,134	103,000
-5436,134	95,000
-5428,134	89,000
-5420,134	84,000
-5412,134	84,000
-5404,133	89,000
-5396,133	93,000
-5388,133	82,000
-5380,133	96,000
-5372,133	114,000
-5364,133	98,000
-5356,132	99,000
-5348,132	104,000
-5340,132	88,000
-5332,132	104,000
-5324,132	102,000
-5316,132	100,000
-5308,131	103,000
-5300,131	78,000
-5292,131	71,000
-5284,131	74,000
-5276,131	94,000
-5268,131	87,000
-5260,130	70,000
-5252,130	88,000
-5244,130	76,000
-5236,130	87,000
-5228,130	84,000
-5220,130	104,000
-5212,129	102,000
-5204,129	83,000
-5196,129	85,000
-5188,129	110,000
-5180,129	92,000
-5172,129	99,000
-5164,128	89,000
-5156,128	88,000
-5148,128	80,000
-5140,128	94,000
-5132,128	108,000
-5124,128	91,000
-5116,127	92,000
-5108,127	90,000
-5100,127	85,000
-5092,127	103,000
-5084,127	84,000
-5076,127	95,000
-5068,126	96,000
-5060,126	121,000
-5052,126	83,000
-5044,126	92,000
-5036,126	86,000
-5028,126	81,000
-5020,125	108,000
-5012,125	90,000
-5004,125	106,000
-4996,125	95,000
-4988,125	108,000
-4980,125	99,000
-4972,124	101,000
-4964,124	97,000
-4956,124	96,000
-4948,124	102,000
-4940,124	96,000
-4932,124	101,000
-4924,123	82,000
-4916,123	95,000
-4908,123	97,000
-4900,123	76,000
-4892,123	93,000
-4884,123	101,000
-4876,122	93,000
-4868,122	102,000
-4860,122	102,000
-4852,122	95,000
-4844,122	94,000
-4836,122	102,000
-4828,121	102,000
-4820,121	104,000
-4812,121	107,000
-4804,121	92,000
-4796,121	102,000
-4788,121	75,000
-4780,120	108,000
-4772,120	108,000
-4764,120	109,000
-4756,120	101,000
-4748,120	114,000
-4740,120	94,000
-4732,119	103,000
-4724,119	110,000
-4716,119	102,000
-4708,119	127,000
-4700,119	119,000
-4692,119	108,000
-4684,118	108,000
-4676,118	102,000
-4668,118	113,000
-4660,118	117,000
-4652,118	107,000
-4644,118	94,000
-4636,117	106,000
-4628,117	128,000
-4620,117	97,000
-4612,117	111,000
-4604,117	131,000
-4596,117	100,000
-4588,116	90,000
-4580,116	115,000
-4572,116	119,000
-4564,116	102,000
-4556,116	113,000
-4548,116	112,000
-4540,115	126,000
-4532,115	121,000
-4524,115	120,000
-4516,115	100,000
-4508,115	111,000
-4500,115	121,000
-4492,114	114,000
-4484,114	118,000
-4476,114	108,000
-4468,114	116,000
-4460,114	137,000
-4452,114	120,000
-4444,113	105,000
-4436,113	123,000
-4428,113	118,000
-4420,113	115,000
-4412,113	119,000
-4404,113	129,000
-4396,112	128,000
-4388,112	128,000
-4380,112	116,000
-4372,112	119,000
-4364,112	115,000
-4356,112	140,000
-4348,111	136,000
-4340,111	117,000
-4332,111	135,000
-4324,111	132,000
-4316,111	115,000
-4308,111	144,000
-4300,110	132,000
-4292,110	133,000
-4284,110	125,000
-4276,110	122,000
-4268,110	125,000
-4260,110	127,000
-4252,109	143,000
-4244,109	107,000
-4236,109	111,000
-4228,109	126,000
-4220,109	137,000
-4212,109	109,000
-4204,108	125,000
-4196,108	126,000
-4188,108	112,000
-4180,108	119,000
-4172,108	131,000
-4164,108	111,000
-4156,107	112,000
-4148,107	130,000
-4140,107	119,000
-4132,107	134,000
-4124,107	132,000
-4116,107	121,000
-4108,106	122,000
-4100,106	125,000
-4092,106	124,000
-4084,106	125,000
-4076,106	132,000
-4068,106	117,000
-4060,105	140,000
-4052,105	144,000
-4044,105	131,000
-4036,105	121,000
-4028,105	123,000
-4020,105	113,000
-4012,104	141,000
-4004,104	104,000
-3996,104	126,000
-3988,104	117,000
-3980,104	124,000
-3972,104	146,000
-3964,103	117,000
-3956,103	132,000
-3948,103	112,000
-3940,103	111,000
-3932,103	103,000
-3924,103	133,000
-3916,102	140,000
-3908,102	104,000
-3900,102	120,000
-3892,102	118,000
-3884,102	110,000
-3876,102	114,000
-3868,101	113,000
-3860,101	98,000
-3852,101	114,000
-3844,101	103,000
-3836,101	117,000
-3828,101	110,000
-3820,100	115,000
-3812,100	109,000
-3804,100	112,000
-3796,100	113,000
-3788,100	102,000
-3780,100	123,000
-3772,099	112,000
-3764,099	129,000
-3756,099	115,000
-3748,099	118,000
-3740,099	82,000
-3732,099	125,000
-3724,098	113,000
-3716,098	96,000
-3708,098	114,000
-3700,098	107,000
-3692,098	107,000
-3684,098	110,000
-3676,097	114,000
-3668,097	134,000
-3660,097	94,000
-3652,097	104,000
-3644,097	100,000
-3636,097	99,000
-3628,096	104,000
-3620,096	116,000
-3612,096	93,000
-3604,096	111,000
-3596,096	100,000
-3588,096	100,000
-3580,095	84,000
-3572,095	84,000
-3564,095	97,000
-3556,095	107,000
-3548,095	87,000
-3540,095	122,000
-3532,094	103,000
-3524,094	108,000
-3516,094	98,000
-3508,094	106,000
-3500,094	100,000
-3492,094	103,000
-3484,093	98,000
-3476,093	82,000
-3468,093	92,000
-3460,093	91,000
-3452,093	77,000
-3444,093	96,000
-3436,092	103,000
-3428,092	96,000
-3420,092	99,000
-3412,092	108,000
-3404,092	99,000
-3396,092	89,000
-3388,091	75,000
-3380,091	79,000
-3372,091	93,000
-3364,091	96,000
-3356,091	95,000
-3348,091	97,000
-3340,090	109,000
-3332,090	82,000
-3324,090	92,000
-3316,090	97,000
-3308,090	88,000
-3300,090	75,000
-3292,089	100,000
-3284,089	91,000
-3276,089	92,000
-3268,089	82,000
-3260,089	91,000
-3252,089	94,000
-3244,088	104,000
-3236,088	98,000
-3228,088	109,000
-3220,088	88,000
-3212,088	85,000
-3204,088	81,000
-3196,087	91,000
-3188,087	89,000
-3180,087	94,000
-3172,087	77,000
-3164,087	104,000
-3156,087	82,000
-3148,086	81,000
-3140,086	89,000
-3132,086	90,000
-3124,086	91,000
-3116,086	77,000
-3108,086	98,000
-3100,085	83,000
-3092,085	83,000
-3084,085	84,000
-3076,085	85,000
-3068,085	94,000
-3060,085	97,000
-3052,084	91,000
-3044,084	95,000
-3036,084	67,000
-3028,084	85,000
-3020,084	79,000
-3012,084	83,000
-3004,083	95,000
-2996,083	89,000
-2988,083	87,000
-2980,083	95,000
-2972,083	80,000
-2964,083	90,000
-2956,082	76,000
-2948,082	77,000
-2940,082	78,000
-2932,082	90,000
-2924,082	76,000
-2916,082	71,000
-2908,081	77,000
-2900,081	102,000
-2892,081	90,000
-2884,081	87,000
-2876,081	94,000
-2868,081	74,000
-2860,080	90,000
-2852,080	79,000
-2844,080	104,000
-2836,080	94,000
-2828,080	77,000
-2820,080	92,000
-2812,079	87,000
-2804,079	95,000
-2796,079	75,000
-2788,079	97,000
-2780,079	100,000
-2772,079	82,000
-2764,078	88,000
-2756,078	88,000
-2748,078	94,000
-2740,078	82,000
-2732,078	72,000
-2724,078	97,000
-2716,077	87,000
-2708,077	74,000
-2700,077	67,000
-2692,077	78,000
-2684,077	95,000
-2676,077	101,000
-2668,076	73,000
-2660,076	77,000
-2652,076	91,000
-2644,076	81,000
-2636,076	86,000
-2628,076	91,000
-2620,075	83,000
-2612,075	89,000
-2604,075	86,000
-2596,075	90,000
-2588,075	75,000
-2580,075	76,000
-2572,074	81,000
-2564,074	90,000
-2556,074	77,000
-2548,074	82,000
-2540,074	97,000
-2532,074	86,000
-2524,073	97,000
-2516,073	90,000
-2508,073	77,000
-2500,073	80,000
-2492,073	80,000
-2484,073	103,000
-2476,072	86,000
-2468,072	108,000
-2460,072	94,000
-2452,072	84,000
-2444,072	97,000
-2436,072	97,000
-2428,071	87,000
-2420,071	108,000
-2412,071	97,000
-2404,071	88,000
-2396,071	95,000
-2388,071	101,000
-2380,070	84,000
-2372,070	81,000
-2364,070	75,000
-2356,070	97,000
-2348,070	87,000
-2340,070	73,000
-2332,069	78,000
-2324,069	98,000
-2316,069	75,000
-2308,069	99,000
-2300,069	92,000
-2292,069	75,000
-2284,068	83,000
-2276,068	74,000
-2268,068	91,000
-2260,068	89,000
-2252,068	97,000
-2244,068	82,000
-2236,067	84,000
-2228,067	107,000
-2220,067	87,000
-2212,067	93,000
-2204,067	82,000
-2196,067	73,000
-2188,066	78,000
-2180,066	77,000
-2172,066	92,000
-2164,066	76,000
-2156,066	69,000
-2148,066	105,000
-2140,065	77,000
-2132,065	99,000
-2124,065	74,000
-2116,065	70,000
-2108,065	67,000
-2100,065	82,000
-2092,064	101,000
-2084,064	86,000
-2076,064	88,000
-2068,064	87,000
-2060,064	72,000
-2052,064	77,000
-2044,063	68,000
-2036,063	98,000
-2028,063	95,000
-2020,063	83,000
-2012,063	81,000
-2004,063	84,000
-1996,062	83,000
-1988,062	82,000
-1980,062	92,000
-1972,062	86,000
-1964,062	86,000
-1956,062	87,000
-1948,061	97,000
-1940,061	87,000
-1932,061	87,000
-1924,061	89,000
-1916,061	82,000
-1908,061	92,000
-1900,060	68,000
-1892,060	80,000
-1884,060	82,000
-1876,060	83,000
-1868,060	84,000
-1860,060	90,000
-1852,059	75,000
-1844,059	70,000
-1836,059	84,000
-1828,059	87,000
-1820,059	81,000
-1812,059	76,000
-1804,058	81,000
-1796,058	74,000
-1788,058	77,000
-1780,058	99,000
-1772,058	74,000
-1764,058	89,000
-1756,057	81,000
-1748,057	93,000
-1740,057	90,000
-1732,057	75,000
-1724,057	84,000
-1716,057	71,000
-1708,056	91,000
-1700,056	92,000
-1692,056	84,000
-1684,056	72,000
-1676,056	66,000
-1668,056	94,000
-1660,055	86,000
-1652,055	72,000
-1644,055	87,000
-1636,055	84,000
-1628,055	83,000
-1620,055	84,000
-1612,054	88,000
-1604,054	74,000
-1596,054	77,000
-1588,054	70,000
-1580,054	59,000
-1572,054	85,000
-1564,053	88,000
-1556,053	78,000
-1548,053	78,000
-1540,053	100,000
-1532,053	89,000
-1524,053	74,000
-1516,052	80,000
-1508,052	64,000
-1500,052	86,000
-1492,052	78,000
-1484,052	97,000
-1476,052	74,000
-1468,051	95,000
-1460,051	91,000
-1452,051	99,000
-1444,051	80,000
-1436,051	74,000
-1428,051	79,000
-1420,050	73,000
-1412,050	94,000
-1404,050	75,000
-1396,050	75,000
-1388,050	82,000
-1380,050	83,000
-1372,049	78,000
-1364,049	101,000
-1356,049	86,000
-1348,049	91,000
-1340,049	95,000
-1332,049	97,000
-1324,048	111,000
-1316,048	82,000
-1308,048	89,000
-1300,048	71,000
-1292,048	79,000
-1284,048	79,000
-1276,047	78,000
-1268,047	95,000
-1260,047	82,000
-1252,047	90,000
-1244,047	72,000
-1236,047	87,000
-1228,046	94,000
-1220,046	69,000
-1212,046	88,000
-1204,046	100,000
-1196,046	93,000
-1188,046	96,000
-1180,045	82,000
-1172,045	114,000
-1164,045	92,000
-1156,045	88,000
-1148,045	93,000
-1140,045	76,000
-1132,044	77,000
-1124,044	88,000
-1116,044	88,000
-1108,044	78,000
-1100,044	67,000
-1092,044	79,000
-1084,043	93,000
-1076,043	93,000
-1068,043	84,000
-1060,043	83,000
-1052,043	95,000
-1044,043	103,000
-1036,042	111,000
-1028,042	90,000
-1020,042	92,000
-1012,042	86,000
-1004,042	95,000
-996,042	95,000
-988,041	83,000
-980,041	92,000
-972,041	90,000
-964,041	88,000
-956,041	100,000
-948,041	105,000
-940,040	99,000
-932,040	96,000
-924,040	78,000
-916,040	86,000
-908,040	106,000
-900,040	82,000
-892,039	97,000
-884,039	92,000
-876,039	93,000
-868,039	74,000
-860,039	83,000
-852,039	83,000
-844,038	78,000
-836,038	78,000
-828,038	89,000
-820,038	80,000
-812,038	96,000
-804,038	78,000
-796,037	80,000
-788,037	95,000
-780,037	82,000
-772,037	86,000
-764,037	89,000
-756,037	87,000
-748,036	82,000
-740,036	70,000
-732,036	83,000
-724,036	99,000
-716,036	92,000
-708,036	72,000
-700,035	80,000
-692,035	87,000
-684,035	86,000
-676,035	69,000
-668,035	85,000
-660,035	82,000
-652,034	77,000
-644,034	78,000
-636,034	71,000
-628,034	84,000
-620,034	81,000
-612,034	90,000
-604,033	77,000
-596,033	71,000
-588,033	79,000
-580,033	84,000
-572,033	82,000
-564,033	87,000
-556,032	80,000
-548,032	79,000
-540,032	87,000
-532,032	90,000
-524,032	97,000
-516,032	84,000
-508,031	79,000
-500,031	83,000
-492,031	80,000
-484,031	84,000
-476,031	82,000
-468,031	91,000
-460,030	77,000
-452,030	54,000
-444,030	79,000
-436,030	71,000
-428,030	77,000
-420,030	78,000
-412,029	86,000
-404,029	87,000
-396,029	84,000
-388,029	73,000
-380,029	72,000
-372,029	70,000
-364,028	70,000
-356,028	74,000
-348,028	84,000
-340,028	72,000
-332,028	87,000
-324,028	73,000
-316,027	80,000
-308,027	77,000
-300,027	81,000
-292,027	70,000
-284,027	75,000
-276,027	86,000
-268,026	70,000
-260,026	64,000
-252,026	63,000
-244,026	65,000
-236,026	77,000
-228,026	79,000
-220,025	62,000
-212,025	60,000
-204,025	70,000
-196,025	73,000
-188,025	79,000
-180,025	78,000
-172,024	83,000
-164,024	73,000
-156,024	66,000
-148,024	76,000
-140,024	53,000
-132,024	79,000
-124,023	66,000
-116,023	87,000
-108,023	70,000
-100,023	83,000
-92,023	80,000
-84,023	71,000
-76,022	78,000
-68,022	70,000
-60,022	84,000
-52,022	89,000
-44,022	96,000
-36,022	73,000
-28,021	89,000
-20,021	148,000
-12,021	73,000
-4,021	85,000
3,979	135,000
11,979	76,000
19,980	84,000
27,980	74,000
35,980	72,000
43,980	80,000
51,980	79,000
59,980	61,000
67,981	64,000
75,981	70,000
83,981	82,000
91,981	81,000
99,981	82,000
107,981	83,000
115,982	78,000
123,982	95,000
131,982	76,000
139,982	75,000
147,982	64,000
155,982	58,000
163,983	84,000
171,983	89,000
179,983	94,000
187,983	93,000
195,983	86,000
203,983	94,000
211,984	105,000
219,984	88,000
227,984	111,000
235,984	93,000
243,984	93,000
251,984	91,000
259,985	75,000
267,985	101,000
275,985	99,000
283,985	76,000
291,985	102,000
299,985	87,000
307,986	93,000
315,986	101,000
323,986	105,000
331,986	93,000
339,986	108,000
347,986	92,000
355,987	124,000
363,987	94,000
371,987	99,000
379,987	127,000
387,987	88,000
395,987	99,000
403,988	112,000
411,988	93,000
419,988	115,000
427,988	110,000
435,988	107,000
443,988	100,000
451,989	100,000
459,989	123,000
467,989	125,000
475,989	124,000
483,989	122,000
491,989	104,000
499,990	117,000
507,990	140,000
515,990	138,000
523,990	170,000
531,990	137,000
539,990	120,000
547,991	127,000
555,991	139,000
563,991	127,000
571,991	131,000
579,991	133,000
587,991	132,000
595,992	162,000
603,992	151,000
611,992	123,000
619,992	157,000
627,992	147,000
635,992	152,000
643,993	150,000
651,993	150,000
659,993	160,000
667,993	158,000
675,993	143,000
683,993	150,000
691,994	162,000
699,994	153,000
707,994	154,000
715,994	138,000
723,994	169,000
731,994	169,000
739,995	162,000
747,995	134,000
755,995	143,000
763,995	157,000
771,995	171,000
779,995	168,000
787,996	142,000
795,996	160,000
803,996	151,000
811,996	157,000
819,996	160,000
827,996	173,000
835,997	132,000
843,997	148,000
851,997	166,000
859,997	160,000
867,997	138,000
875,997	160,000
883,998	137,000
891,998	170,000
899,998	168,000
907,998	177,000
915,998	179,000
923,998	175,000
931,999	172,000
939,999	181,000
947,999	147,000
955,999	189,000
963,999	152,000
971,999	174,000
980,000	183,000
988,000	172,000
996,000	172,000
