0 11.9403 2.95948
0.1 12.9785 3.17563
0.2 14.0838 3.50003
0.3 15.0136 3.7504
0.4 15.837 3.9942
0.5 17.0197 4.36784
0.6 17.84 4.54048
0.7 18.7688 4.90124
0.8 19.7765 5.16694
0.9 20.3649 5.35003
1 21.319 5.61277
1.1 22.3406 6.00085
1.2 23.1607 6.28239
1.3 23.8192 6.44546
1.4 24.5866 6.74937
1.5 25.45 7.03953
1.6 26.0434 7.1054
1.7 26.8051 7.39962
1.8 27.4974 7.73246
1.9 28.1976 8.14843
2 28.7873 8.25443
2.1 29.4468 8.3875
2.2 30.4814 8.75726
2.3 30.7587 9.13534
2.4 31.5812 9.30665
2.5 32.0255 9.56041
2.6 32.8455 9.78244
2.7 33.4228 9.93631
2.8 33.6447 10.0549
2.9 34.7758 10.4501
3 35.2771 10.7431
3.1 35.7606 11.0379
3.2 36.1016 11.2885
3.3 36.73 11.5915
3.4 37.0901 11.6562
3.5 37.8171 11.9417
3.6 37.9428 12.1483
3.7 38.4891 12.3078
3.8 39.1373 12.4708
3.9 39.6221 12.5633
4 39.9904 12.9734
4.1 40.574 13.4677
4.2 40.8354 13.3488
4.3 41.2039 13.4785
4.4 41.6931 13.8621
4.5 41.8856 13.9614
4.6 42.3854 14.3199
4.7 43.205 14.5565
4.8 43.6533 14.8774
4.9 43.6614 15.0775
5 44.4098 15.3053
5.1 44.2772 15.1879
5.2 44.7302 15.7213
5.3 45.3101 15.9492
5.4 45.7597 15.9469
5.5 45.8475 16.0452
5.6 46.4702 16.5758
5.7 46.6217 16.774
5.8 46.7454 16.5799
5.9 47.534 17.0068
6 47.5822 17.2574
6.1 48.0414 17.1883
6.2 47.852 17.3439
6.3 48.5631 17.7724
6.4 49.0491 18.0613
6.5 49.1911 18.0963
6.6 49.6274 18.5364
6.7 49.8825 18.6539
6.8 50.5798 19.1663
6.9 50.285 19.064
7 50.9362 19.2437
7.1 50.9918 19.2953
7.2 51.1807 19.4989
7.3 51.7716 20.0751
7.4 51.5695 19.7675
7.5 51.7757 20.0985
7.6 52.2884 20.414
7.7 52.4505 20.4893
7.8 52.3125 20.4738
7.9 53.2714 21.147
8 53.0423 21.1274
8.1 53.6116 21.3575
8.2 53.6766 21.6081
8.3 53.8613 21.6137
8.4 53.7699 21.8861
8.5 54.7019 22.1474
8.6 54.2411 21.9236
8.7 54.9195 22.17
8.8 54.8708 22.524
8.9 54.9416 22.4517
9 54.9473 22.5851
9.1 55.7961 23.3057
9.2 55.4037 22.7092
9.3 55.9696 23.1022
9.4 55.7029 23.561
9.5 56.233 23.5877
9.6 56.7326 23.8703
9.7 56.8118 24.1383
9.8 57.2998 24.3043
9.9 56.9639 24.3279
10 57.0266 24.072
