1 21 28 26 1 33 39 275 122 159 20 32 26
2 21 32 30 133 27 1 378 144 24 45 33 26
3 21 33 35 1 35 1 212 113 286 13 32 26
4 21 29 45 1 38 1 326 149 28 8 32 26
5 21 33 32 125 26 5 441 183 27 39 33 26
6 20 28 1 1 21 1 377 168 22 1 32 26
7 21 38 59 71 28 1 214 184 27 34 33 27
8 20 25 1 89 16 91 224 234 550 1 31 26
9 21 27 21 55 31 1 296 1 26 2 32 26
10 21 31 22 1 34 114 215 155 27 15 32 26
11 21 31 39 102 21 29 356 215 29 45 33 26
12 21 33 37 1 26 22 374 152 33 25 32 26
13 21 28 23 138 23 1 287 163 28 29 33 27
14 21 30 21 39 33 1 210 212 30 2 32 26
15 21 37 58 1 37 90 253 254 29 12 32 26
16 21 37 30 90 27 39 250 325 28 27 33 26
17 20 18 1 66 23 32 237 383 24 1 31 26
18 21 35 40 118 25 1 197 249 526 44 33 26
19 20 33 1 1 24 43 2004 320 29 4 32 26
20 21 28 30 133 20 1 156 196 22 28 33 26
21 21 30 28 1 36 41 305 384 284 1 32 26
22 20 32 1 1 25 20 212 251 28 8 32 26
23 21 33 30 1 31 23 251 319 161 7 32 26
24 21 34 42 1 21 71 214 222 27 39 33 26
25 21 33 27 86 19 1 243 218 28 31 33 27
26 21 33 52 1 36 81 210 249 24 12 32 26
27 21 32 35 1 23 1 185 267 20 38 33 26
28 20 21 1 95 17 35 254 197 28 21 32 26
29 20 20 1 1 21 1 215 170 25 1 32 26
30 21 28 20 1 31 24 186 226 286 1 32 26
31 21 29 36 127 24 43 279 274 28 41 33 26
32 21 33 39 1 22 54 224 177 22 14 32 27
33 21 28 12 1 22 1 162 183 229 1 32 26
34 21 33 43 51 19 6 503 180 31 29 33 26
35 21 35 47 1 38 1 135 181 22 31 33 26
36 21 31 23 116 24 33 333 219 29 46 33 26
37 20 24 1 1 24 5 288 277 661 10 32 26
38 20 24 1 103 27 57 216 187 22 12 32 26
39 21 38 55 1 35 61 201 192 639 33 33 26
40 21 37 46 1 37 1 289 315 362 29 33 27
41 20 18 1 163 9 1 250 156 26 1 32 26
42 21 31 45 1 29 60 303 370 22 1 32 26
43 21 32 45 62 34 21 198 227 24 19 32 27
44 21 29 31 1 18 23 258 176 24 16 33 27
45 20 23 1 38 26 12 212 118 763 5 32 26
46 21 28 18 1 34 2 269 150 32 1 32 26
47 21 29 23 1 33 34 247 408 24 1 32 27
48 21 30 1 1 25 1 199 162 21 1 32 26
49 21 29 22 12 22 1 243 187 25 10 32 27
50 20 26 1 1 28 102 222 198 21 1 32 26
51 21 32 29 1 22 1 349 185 30 33 33 27
52 21 28 9 73 26 1 232 295 64 25 33 27
53 21 33 33 1 34 1 159 157 573 1 32 26
54 21 28 6 1 28 5 213 132 283 13 32 27
55 21 38 66 1 42 1 490 518 328 51 33 27
56 20 30 1 19 34 77 329 1 149 1 32 26
57 21 38 53 1 32 88 213 231 26 35 33 27
58 21 35 35 1 24 1 254 158 28 31 33 27
59 20 21 1 82 21 55 247 237 28 1 32 26
60 21 24 1 50 21 6 159 254 21 24 33 27
61 21 30 27 35 23 60 332 150 25 9 33 27
62 21 28 30 1 29 61 288 192 27 21 33 27
63 21 30 31 1 35 74 320 263 23 1 33 27
64 21 33 55 33 38 60 1214 178 267 1 32 27
65 21 34 42 1 17 31 177 338 240 40 33 27
66 21 32 38 1 19 43 285 214 29 33 33 27
67 21 40 69 1 35 44 226 268 588 14 33 27
68 21 35 58 123 35 84 368 334 23 34 33 26
69 21 32 32 32 32 1 423 163 31 5 33 27
70 21 29 37 132 27 67 217 224 27 23 33 27
71 20 20 1 109 19 13 215 159 245 1 32 26
72 21 28 4 1 27 1 191 131 23 13 32 27
73 21 30 21 1 34 60 227 294 27 1 33 27
74 21 33 45 87 35 1 155 396 23 1 32 27
75 21 36 32 1 20 20 307 317 374 48 33 27
76 21 24 11 1 21 55 281 142 22 1 32 27
77 21 27 1 39 19 14 231 294 27 25 32 26
78 21 27 31 1 30 1 189 269 223 1 33 27
79 21 26 5 1 36 20 291 134 26 1 33 27
80 21 33 48 1 32 39 314 371 808 1 33 27
81 21 28 30 135 23 3 319 163 26 35 33 27
82 21 24 1 62 21 14 215 215 26 1 32 26
83 21 42 60 1 35 82 306 181 26 36 33 27
84 21 31 53 1 40 51 315 166 28 35 33 27
85 20 27 1 1 25 58 169 203 1748 1 32 26
86 21 34 23 148 25 52 217 164 25 44 33 27
87 21 25 1 58 26 106 256 131 28 1 32 26
88 21 35 37 1 28 73 171 208 479 38 33 27
89 21 27 1 46 23 21 293 140 32 1 32 26
90 21 34 71 1 39 1 177 150 24 28 33 27
91 21 33 46 1 38 61 297 138 29 1 32 26
92 21 28 11 1 26 66 276 289 27 23 33 27
93 21 26 13 1 27 1 174 203 31 3 32 27
94 21 32 35 150 33 27 196 321 25 29 33 27
95 21 33 16 1 33 45 343 348 29 11 33 27
96 21 22 1 7 25 1 238 227 31 16 32 26
97 21 34 20 1 31 1 165 360 31 9 33 27
98 21 35 47 1 40 39 224 158 29 15 33 27
99 21 24 3 1 21 9 389 149 37 1 32 26
100 21 31 21 1 27 104 174 450 48 1 32 27
101 21 33 52 74 29 58 288 261 369 24 33 27
102 21 29 32 1 27 22 304 501 689 20 32 27
103 21 33 29 14 34 1 225 190 26 29 33 27
104 21 35 50 1 25 1 260 264 40 28 33 27
105 21 31 1 199 21 75 257 273 32 10 32 26
106 21 32 37 1 27 55 366 279 238 1 32 27
107 21 18 1 230 13 1 193 117 309 1 32 26
108 21 36 46 106 23 38 224 116 28 37 33 27
109 21 28 17 88 27 81 176 252 895 15 33 27
110 21 28 1 19 31 37 156 186 302 1 32 26
111 21 31 41 1 35 16 591 896 25 1 33 27
112 21 32 50 1 23 11 261 159 24 32 33 27
113 21 31 37 67 27 25 145 232 24 5 33 27
114 21 28 9 1 35 48 353 169 25 20 33 27
115 21 32 29 1 25 70 347 169 261 21 33 27
116 21 28 8 1 21 24 440 155 25 5 33 27
117 21 33 31 201 18 1 337 169 16 36 33 27
118 21 26 37 1 23 28 368 177 37 7 33 27
119 21 33 40 1 33 1 175 179 25 31 33 27
120 21 23 10 42 22 16 521 238 148 27 33 27
121 21 30 42 11 32 1 586 153 25 16 33 27
122 21 32 48 1 28 6 256 451 29 13 33 27
123 21 27 7 1 21 1 238 203 268 12 32 26
124 21 26 8 1 16 16 199 193 24 15 32 27
125 21 31 22 1 31 82 272 110 33 14 33 27
126 21 28 9 1 32 1 455 255 31 8 32 27
127 21 29 29 174 16 7 285 177 308 38 33 27
128 21 27 7 73 18 67 255 145 34 26 33 27
129 21 30 23 78 33 1 169 257 34 18 33 27
130 21 33 39 87 18 70 191 1 28 34 33 27
131 21 30 1 55 19 51 172 247 900 18 33 27
132 21 29 17 1 26 43 197 153 23 17 33 27
133 21 36 44 1 40 78 255 138 32 15 33 27
134 21 31 22 1 23 31 428 127 27 23 33 27
135 21 31 38 23 30 57 605 15 723 25 33 27
136 21 34 33 79 27 24 255 235 591 39 33 27
137 21 30 13 1 29 1 210 126 25 15 33 27
138 21 32 33 1 37 1 278 220 26 1 32 27
139 21 34 64 1 32 37 357 206 29 31 33 27
140 21 28 1 149 40 38 251 379 22 13 32 27
141 21 27 1 43 25 1 224 180 90 9 32 26
142 21 31 44 1 37 67 329 209 426 1 33 27
143 21 28 34 1 29 1 142 200 821 19 33 27
144 21 32 13 109 21 1 266 325 28 38 33 27
145 21 32 17 1 28 37 314 149 19 1 32 26
146 21 30 29 1 37 30 304 138 26 1 32 27
147 21 25 8 1 21 1 234 139 536 11 33 27
148 21 33 39 140 29 24 317 176 32 42 33 27
149 21 31 34 1 25 42 456 468 25 31 34 27
150 21 27 33 1 27 1 170 183 114 12 33 27
151 21 29 28 1 37 6 277 149 28 1 32 27
152 21 32 18 161 31 59 185 162 419 28 33 27
153 21 36 36 1 21 11 238 224 294 24 33 27
154 20 25 1 24 19 1 268 120 364 6 32 26
155 21 28 6 1 31 1 195 147 253 1 32 26
156 20 23 1 1 21 3 175 663 18 1 31 26
157 21 27 18 220 20 1 291 287 29 44 33 27
158 21 31 24 18 29 41 509 631 26 29 33 27
159 21 29 29 1 26 38 309 187 68 2 32 26
160 21 35 64 1 42 1 489 399 33 14 32 26
161 21 30 8 125 25 1 313 126 27 28 33 27
162 21 39 68 1 27 20 261 184 25 42 33 27
163 21 41 59 1 32 1 352 154 26 38 33 27
164 22 36 54 1 37 1 233 125 35 37 34 27
165 21 33 32 1 35 74 206 257 24 1 33 27
166 21 24 16 1 27 12 304 186 23 1 32 26
167 22 31 41 57 33 67 165 158 31 30 34 28
168 21 35 39 1 37 52 327 195 32 1 32 26
169 22 38 49 129 38 1 390 415 32 44 34 27
170 21 31 42 1 30 6 176 121 25 1 32 26
171 21 29 36 1 29 42 187 186 27 1 32 26
172 22 28 11 19 14 1 277 190 28 33 34 28
173 21 35 46 1 39 34 239 230 655 19 32 27
174 21 33 19 109 30 18 346 150 27 28 33 26
175 21 30 36 1 29 104 300 295 714 10 32 26
176 21 24 26 138 21 1 243 142 31 24 32 26
177 21 29 23 1 31 32 218 212 25 6 32 26
178 21 33 37 1 37 1 172 295 489 7 32 26
179 21 31 16 1 25 9 324 236 458 36 33 27
180 21 34 62 37 30 78 188 200 193 17 32 26
181 21 29 22 1 36 1 672 332 79 1 32 26
182 21 36 46 105 30 1 271 121 38 46 33 26
183 20 29 18 1 24 25 381 126 28 2 32 26
184 21 38 34 91 32 30 171 207 1191 34 33 26
185 21 28 19 55 16 20 549 137 19 29 32 26
186 21 31 37 97 23 23 192 377 153 36 33 26
187 20 20 1 201 16 1 242 207 601 2 32 26
188 21 27 1 128 24 1 169 263 735 22 32 26
189 21 31 23 103 27 58 240 210 385 23 32 26
190 21 29 14 117 26 93 247 149 957 15 32 26
191 20 26 1 273 27 1 193 199 30 23 31 26
192 20 22 1 1 24 25 331 235 27 7 31 26
193 21 28 22 1 39 1 196 285 695 1 32 26
194 21 26 8 49 26 58 263 180 432 13 32 26
195 20 25 1 225 26 11 291 346 21 23 32 26
196 21 31 37 1 29 9 438 187 31 1 32 26
197 21 30 22 12 25 30 441 250 467 21 32 26
198 21 32 40 1 26 1 275 116 24 21 32 26
199 21 35 40 114 26 46 316 270 23 22 32 26
200 20 23 1 142 20 36 378 209 27 8 31 25
201 20 29 1 61 30 1 401 182 23 1 32 26
202 21 32 21 91 21 63 180 659 25 40 33 26
203 20 31 1 1 29 104 212 191 32 1 32 26
204 21 33 32 56 22 32 282 170 21 47 32 26
205 20 14 1 163 15 54 368 164 31 1 31 25
206 21 28 31 61 31 15 335 349 253 5 32 26
207 21 31 25 81 33 77 359 409 25 25 32 26
208 21 33 38 1 28 37 436 1 342 29 32 26
209 21 33 49 1 43 1 476 160 26 1 32 26
210 21 31 51 1 39 1 239 105 27 16 32 26
211 21 30 34 97 26 1 175 136 24 19 32 26
212 20 26 1 85 28 1 140 240 55 1 31 26
213 21 30 38 1 30 1 217 182 31 29 33 26
214 21 27 13 163 16 1 640 385 35 44 33 26
215 21 28 21 1 25 1 197 225 25 28 32 26
216 20 24 1 76 27 31 798 237 20 1 32 26
217 21 28 38 45 33 1 299 210 25 4 32 26
218 21 24 1 1 19 1 395 154 29 28 32 26
219 20 25 1 1 21 75 310 317 18 8 32 26
220 21 22 9 1 29 45 163 168 26 1 32 26
221 21 31 45 1 28 50 284 211 316 17 32 26
222 21 24 6 33 21 54 219 229 244 20 32 26
223 21 28 15 150 14 1 269 254 26 38 33 26
224 20 25 1 1 18 1 107 190 18 1 31 26
225 21 27 26 113 21 13 462 330 434 16 32 26
226 21 30 16 7 26 15 201 499 359 24 32 26
227 21 31 44 1 34 137 190 1 26 16 32 26
228 21 32 31 70 26 15 239 203 21 38 33 26
229 21 35 34 117 21 1 231 143 247 33 33 26
230 21 32 41 1 30 1 231 236 24 35 33 26
231 21 39 67 1 43 1 171 131 278 24 32 26
232 21 27 32 1 26 1 462 231 18 19 32 26
233 21 39 75 1 31 65 544 105 36 23 32 26
234 21 30 21 1 30 77 974 1271 151 1 32 26
235 21 31 20 1 28 46 227 133 24 24 32 26
236 21 34 59 44 32 1 463 584 29 26 32 26
237 21 27 16 126 26 1 328 232 34 6 32 26
238 21 33 68 1 23 62 249 190 28 32 33 26
239 20 27 1 1 20 58 239 278 24 1 31 26
240 20 26 1 69 17 1 294 228 24 1 32 26
241 21 34 31 1 30 50 261 158 21 33 33 26
242 21 31 32 1 42 51 411 365 26 1 32 26
243 21 27 16 67 15 12 199 145 28 28 32 26
244 21 25 15 71 17 1 246 204 18 32 33 26
245 21 27 13 65 24 9 277 219 30 8 32 26
246 20 20 1 102 15 21 218 134 28 1 32 26
247 21 36 44 1 36 1 198 285 1087 5 32 26
248 21 32 31 1 31 29 189 258 1227 29 33 26
249 21 32 28 80 34 61 288 103 504 17 32 27
250 21 28 15 1 27 1 337 166 134 21 32 26
251 20 22 1 1 17 11 332 273 20 8 32 26
252 21 33 27 1 38 1 174 118 31 1 32 26
253 20 24 1 1 27 21 262 284 24 2 32 26
254 20 27 18 137 20 3 179 424 543 11 32 26
255 21 27 12 1 29 1 272 90 31 1 32 26
256 21 32 55 1 35 1 355 242 23 14 32 26
257 20 29 1 1 31 15 376 377 186 1 31 26
258 21 33 49 1 31 14 284 147 18 12 32 26
259 21 25 1 66 33 1 179 112 24 8 32 27
260 20 24 1 220 21 25 358 273 137 11 32 26
261 21 36 42 117 16 42 267 563 33 45 33 27
262 20 26 1 134 11 4 223 406 576 11 32 26
263 21 33 31 89 37 23 292 258 27 22 33 27
264 21 35 55 1 30 88 222 224 31 28 33 27
265 21 32 49 1 23 1 292 160 134 19 33 27
266 21 30 29 1 33 1 219 194 23 1 33 27
267 21 39 54 85 26 90 442 387 32 33 33 27
268 20 23 1 69 19 1 267 300 24 23 32 26
269 21 32 51 1 24 30 405 270 211 40 33 27
270 21 27 22 1 15 1 268 219 26 29 33 27
271 21 28 10 187 14 26 464 148 24 40 33 27
272 21 38 52 1 38 20 282 156 24 37 33 27
273 21 28 36 1 37 73 248 327 684 1 33 27
274 21 29 38 1 22 1 185 108 32 31 33 27
275 21 33 63 1 40 4 293 264 26 9 33 27
276 21 32 26 1 36 39 631 176 32 1 32 27
277 21 32 31 1 38 7 212 188 529 3 33 27
278 21 32 17 56 28 18 694 167 264 18 33 27
279 21 34 47 14 36 8 305 438 26 14 33 27
280 21 37 48 1 37 44 173 222 24 21 33 27
281 21 32 49 1 27 42 311 289 33 5 32 27
282 21 31 26 86 22 1 268 143 27 28 33 27
283 21 31 31 118 22 1 498 185 326 48 33 27
284 21 25 1 154 15 1 631 131 33 4 32 26
285 21 33 24 2 38 1 333 237 25 21 32 27
286 20 25 1 75 18 42 300 160 24 1 32 26
287 21 26 20 38 20 38 323 320 28 29 33 27
288 21 23 1 1 19 28 265 241 26 1 32 26
289 21 22 3 1 14 33 159 284 32 19 32 26
290 21 44 70 1 41 6 293 254 33 35 33 26
291 21 34 41 1 41 43 190 244 718 1 33 27
292 21 27 12 1 29 1 525 246 198 12 32 27
293 21 25 17 25 26 1 222 252 28 29 33 27
294 21 31 36 1 32 6 194 196 28 1 32 27
295 21 37 56 1 37 1 468 137 180 17 33 27
296 21 40 79 1 22 1 218 137 28 47 33 27
297 21 28 2 172 14 17 1110 131 31 16 32 26
298 21 29 32 53 29 1 411 182 129 25 33 27
299 21 30 27 1 39 68 605 349 28 1 32 27
300 20 30 1 71 29 1 191 187 277 34 32 26
301 21 29 48 1 32 30 274 299 27 21 33 27
302 21 28 36 1 34 1 216 240 859 10 32 27
303 21 31 36 76 34 18 205 315 26 30 33 27
304 21 30 45 1 28 1 511 303 29 37 33 27
305 21 25 18 1 34 1 239 167 24 1 32 26
306 21 37 72 1 26 28 263 192 29 29 33 27
307 21 32 43 1 23 47 241 233 236 19 33 27
308 21 37 43 200 27 5 619 164 24 54 33 27
309 20 30 1 193 24 1 211 207 30 43 32 26
310 21 33 42 1 21 31 205 324 18 10 32 27
311 21 25 4 60 31 76 277 179 30 14 33 27
312 21 26 1 136 17 1 529 184 27 45 33 26
313 21 29 26 1 39 33 275 228 16 1 32 27
314 21 37 50 1 14 6 223 215 366 39 33 26
315 21 32 38 1 18 57 247 192 642 52 33 27
316 21 30 16 114 24 1 290 194 24 36 33 26
317 21 29 31 1 34 36 212 135 26 1 32 26
318 21 33 27 119 29 55 300 140 25 28 33 27
319 21 30 32 67 33 1 423 160 25 34 33 27
320 21 35 34 1 26 13 235 291 646 32 33 27
321 21 35 45 1 38 1 228 259 263 36 33 27
322 21 32 37 92 22 58 241 213 34 25 32 26
323 21 28 22 5 28 1 217 227 26 24 33 27
324 21 27 5 1 32 1 442 265 629 8 32 27
325 21 35 42 1 30 1 209 237 317 48 33 27
326 21 33 37 109 25 66 229 166 28 45 33 27
327 21 29 32 48 22 1 218 1 21 8 32 27
328 21 25 33 1 27 1 186 300 25 1 32 26
329 21 24 11 1 21 34 174 137 376 22 32 27
330 21 27 13 9 21 1 218 315 211 8 33 27
331 21 26 11 217 22 25 278 281 499 10 32 27
332 21 37 50 62 37 28 290 214 270 10 32 26
333 21 27 18 71 27 1 275 372 35 35 33 27
334 21 34 37 106 35 3 361 219 289 36 33 27
335 21 23 1 93 22 2 328 189 24 1 32 26
336 21 28 37 1 24 7 496 187 25 14 32 27
337 21 29 35 1 28 68 236 178 22 1 33 27
338 21 26 9 125 10 23 238 352 28 32 33 27
339 21 34 37 1 27 1 160 310 520 15 32 27
340 21 29 18 1 31 82 165 228 23 23 32 27
341 21 30 39 1 25 88 122 242 23 2 33 27
342 21 31 22 1 27 30 284 19 31 20 32 27
343 21 35 24 1 24 113 186 154 813 16 32 27
344 21 36 43 39 37 1 413 220 25 23 32 26
345 20 27 1 60 28 72 447 390 24 17 32 26
346 20 22 1 65 24 101 392 170 28 1 32 26
347 21 40 56 1 40 1 319 130 359 21 33 27
348 21 27 2 1 20 1 287 367 21 25 32 26
349 22 212 219 297 344 449 480 780 841 55 33 27
350 21 29 40 1 31 1 303 173 32 1 32 26
351 21 30 43 19 29 47 238 267 279 26 33 27
352 21 31 28 65 29 1 302 186 299 29 33 27
353 21 28 9 75 18 2 227 300 28 27 33 27
354 21 33 19 1 24 39 212 213 143 29 33 26
355 21 30 19 17 19 1 300 210 24 37 33 26
356 21 28 26 54 31 1 218 142 351 13 32 27
357 21 30 11 1 20 12 258 202 25 30 33 26
358 21 32 45 1 21 8 160 152 285 1 32 26
359 20 33 1 66 26 1 232 222 27 20 32 26
360 21 27 12 139 9 1 518 363 24 36 33 26
361 21 42 80 1 26 61 205 205 356 44 33 26
362 20 22 1 21 24 59 274 196 25 1 32 26
363 20 23 1 63 19 64 401 217 26 1 32 26
364 21 38 43 8 23 39 270 163 21 31 33 26
365 20 23 1 1 16 1 168 340 29 1 32 26
366 20 26 1 1 21 1 295 181 25 5 32 26
367 21 34 55 1 36 30 314 540 257 11 32 26
368 21 35 22 4 24 23 323 179 23 25 32 26
369 20 22 1 1 18 1 249 222 21 1 32 26
370 21 35 47 1 36 1 226 224 220 21 32 26
371 21 26 14 74 24 1 514 183 263 20 32 26
372 21 33 38 169 24 1 316 121 26 33 33 26
373 20 25 1 1 27 1 223 186 334 1 32 26
374 21 36 81 1 39 4 200 226 26 35 33 26
375 21 32 18 64 33 1 300 237 27 18 32 26
376 21 35 46 36 28 64 309 165 24 21 32 26
377 21 28 29 93 15 34 355 277 24 29 33 26
378 21 30 22 26 25 81 288 299 17 10 32 26
379 20 23 1 140 12 14 439 210 28 19 32 26
380 21 29 41 35 28 58 319 196 653 27 33 26
381 21 40 46 91 21 77 240 191 27 48 33 26
382 20 23 2 1 19 1 608 171 414 8 32 26
383 21 34 55 1 29 26 196 248 17 23 32 27
384 21 31 6 158 24 1 357 202 28 36 33 26
385 21 32 36 116 26 31 343 235 25 47 33 26
386 21 28 17 21 16 51 328 238 27 2 32 26
387 21 32 42 1 27 1 402 180 26 31 33 26
388 21 33 43 1 34 75 174 182 152 1 32 26
389 21 28 1 17 16 62 278 452 215 12 32 27
390 20 22 1 150 20 5 944 213 30 12 32 26
391 21 37 39 31 21 58 341 321 531 40 33 27
392 21 30 42 1 34 1 558 268 26 22 32 27
393 21 39 50 81 37 1 250 192 27 40 33 27
394 20 35 1 27 24 65 1531 1036 2005 17 32 26
395 21 31 38 21 38 1 226 153 265 14 33 27
396 21 37 43 1 23 71 222 93 20 26 33 27
397 21 33 50 112 31 17 163 970 277 41 33 27
398 21 34 40 1 37 66 281 182 252 15 33 27
399 21 28 1 120 24 1 370 176 32 24 33 27
400 21 31 16 1 30 72 367 146 631 9 32 27
401 20 27 1 201 10 79 374 235 35 27 32 26
402 21 30 37 1 30 1 191 142 1150 6 33 27
403 21 25 16 1 35 1 300 185 31 1 32 26
404 21 32 6 50 16 1 377 400 25 32 33 26
405 21 31 29 1 25 38 126 137 25 7 32 26
406 20 25 1 112 17 20 311 271 20 2 32 26
407 21 34 25 1 33 1 349 154 22 21 32 26
408 21 33 46 1 33 76 365 370 28 1 32 26
409 21 34 44 1 31 24 219 495 271 20 32 26
410 21 27 1 148 19 1 240 125 26 33 33 26
411 21 30 48 62 19 1 709 593 32 42 33 26
412 21 29 7 1 17 1 304 124 23 24 32 26
413 20 26 1 1 26 14 223 170 348 1 31 26
414 21 28 21 1 32 1 214 98 504 1 32 26
415 21 35 29 1 30 22 299 178 29 10 32 26
416 20 29 1 1 24 28 169 367 25 1 31 25
417 21 31 35 1 31 37 176 242 381 44 33 26
418 21 39 44 1 46 1 269 162 27 16 32 26
419 21 31 38 1 19 49 249 157 26 12 32 26
420 21 32 25 129 31 1 296 329 382 40 33 26
421 21 32 33 36 30 73 244 215 27 6 32 26
422 21 31 26 1 38 1 298 150 22 1 32 26
423 21 35 44 32 29 1 230 215 634 52 32 26
424 20 34 1 85 33 1 196 293 412 1 32 26
425 21 31 25 1 39 59 203 191 25 13 32 26
426 21 27 17 91 24 5 380 143 485 31 33 26
427 21 35 47 1 38 36 217 250 25 20 32 26
428 20 27 1 1 22 43 226 284 18 1 31 26
429 21 30 16 160 18 13 223 596 27 17 32 26
430 21 31 42 1 31 1 235 259 585 5 32 26
431 21 27 22 107 30 1 376 150 22 34 33 26
432 21 28 25 1 34 59 440 230 24 1 32 26
433 21 37 45 1 28 9 255 288 27 33 33 27
434 21 35 29 1 35 41 216 126 29 3 32 27
435 21 31 31 1 31 32 260 237 24 3 32 27
436 21 33 55 1 35 66 174 176 35 17 32 26
437 21 34 29 1 31 1 281 247 384 31 33 27
438 21 28 18 1 23 1 275 297 25 13 32 26
439 21 26 19 1 24 30 318 145 28 1 32 26
440 20 29 1 1 24 68 148 178 221 5 32 26
441 21 25 14 48 26 1 233 261 29 9 32 26
442 21 28 25 1 29 1 284 191 909 12 32 26
443 21 33 32 1 34 1 355 229 27 32 33 26
444 21 41 72 1 39 1 220 211 30 45 33 26
445 21 22 36 1 22 1 182 252 23 2 32 26
446 21 31 37 1 30 1 271 236 225 2 32 26
447 21 28 10 14 23 11 292 144 298 32 32 26
448 21 28 6 1 20 1 186 298 24 25 32 26
449 20 27 7 1 24 68 206 170 30 5 32 26
450 21 36 36 1 37 1 533 316 18 29 33 26
451 20 28 1 1 24 1 364 180 19 9 32 26
452 21 40 60 1 34 107 292 1 35 22 32 26
453 21 38 58 1 38 38 322 176 33 29 33 27
454 21 28 16 1 23 1 258 178 25 18 32 26
455 21 32 38 1 26 43 208 125 16 18 32 27
456 21 30 38 1 39 1 242 218 1292 1 33 27
457 21 33 37 168 35 1 187 182 345 20 32 27
458 21 34 39 1 36 36 205 196 27 31 33 27
459 21 32 21 1 31 113 233 208 35 17 32 26
460 21 35 71 1 31 54 267 244 30 35 33 26
461 21 25 17 121 19 1 712 227 30 28 32 26
462 20 23 1 99 25 1 408 670 236 3 31 26
463 20 21 1 132 19 1 344 231 276 5 32 26
464 21 30 21 13 18 1 191 222 25 27 32 26
465 21 32 54 1 23 60 235 148 432 28 33 27
466 21 29 9 43 18 35 341 145 21 25 32 26
467 20 28 1 25 24 1 164 184 27 5 32 26
468 21 30 14 58 24 14 509 204 27 30 33 26
469 20 37 24 114 19 72 193 1 36 38 32 26
470 21 36 41 1 42 1 247 206 27 1 32 26
471 21 33 35 138 33 1 203 358 20 39 33 26
472 21 28 34 1 32 56 192 182 26 1 32 26
473 21 33 43 172 27 1 239 225 21 36 32 26
474 21 27 13 1 22 1 156 183 177 13 32 26
475 21 27 16 154 16 1 236 288 24 40 32 26
476 21 32 23 107 28 1 277 150 23 33 32 26
477 21 28 14 1 21 1 233 234 224 30 32 26
478 21 31 39 13 29 51 296 244 577 23 32 26
479 21 31 20 31 19 1 1339 349 28 34 32 26
480 20 23 5 1 25 24 381 311 24 3 32 26
481 21 29 21 1 22 42 492 355 1882 24 32 26
482 21 27 39 8 30 1 220 169 24 29 32 26
483 21 29 21 74 24 37 384 209 29 32 32 26
484 20 20 1 236 11 40 1715 160 1338 1 32 26
485 21 27 24 1 18 5 300 171 27 29 32 26
486 21 29 35 1 29 14 208 288 26 25 32 26
487 21 33 20 1 24 21 164 259 277 25 32 26
488 21 33 43 1 32 1 272 107 24 16 32 26
489 21 26 15 146 17 1 241 271 33 33 32 26
490 21 26 19 155 17 1 175 223 751 44 32 26
491 21 32 35 1 37 59 205 180 141 1 32 26
492 20 20 1 246 15 50 166 181 964 8 31 26
493 21 31 15 114 17 10 262 311 25 35 32 26
494 21 35 35 101 21 9 291 497 374 46 33 26
495 20 27 1 110 28 8 213 669 23 11 31 26
496 20 27 1 88 31 1 227 205 33 5 32 26
497 21 31 13 62 28 51 182 239 26 10 32 26
498 21 35 30 86 30 1 258 232 23 23 32 26
499 21 31 37 1 27 88 245 419 540 1 32 26
500 21 25 15 34 33 1 258 270 27 5 32 26
501 20 25 1 80 15 10 236 309 23 14 31 26
502 21 27 16 1 30 11 268 395 29 18 32 26
503 21 30 49 1 27 61 286 242 138 9 32 26
504 21 36 54 1 27 104 209 207 23 24 32 26
505 21 31 31 1 28 1 240 325 25 30 32 26
506 21 32 13 1 23 48 460 194 28 18 32 26
507 21 32 15 95 28 1 124 266 27 8 32 26
508 21 29 19 1 30 1 221 248 26 1 32 26
509 21 31 19 189 17 4 317 244 28 47 32 26
510 21 29 42 1 26 57 160 125 23 1 32 26
511 21 30 22 106 14 22 232 160 25 28 32 26
512 21 34 44 1 26 66 241 147 24 30 33 26
513 21 34 58 1 33 19 206 253 25 8 32 26
514 21 34 39 1 29 67 295 148 31 27 32 26
515 20 18 1 103 9 1 265 238 23 1 31 25
516 21 26 20 1 26 27 453 725 527 8 32 26
517 21 28 33 12 26 1 142 119 542 13 32 26
518 21 34 63 1 31 1 205 157 918 25 32 26
519 20 28 1 204 11 28 317 280 29 40 32 26
520 20 23 5 199 27 24 153 227 568 13 32 26
521 21 28 44 1 15 43 330 110 24 15 32 26
522 20 26 1 113 20 63 358 317 30 1 31 25
523 21 33 51 1 33 8 259 1 26 11 32 26
524 21 27 19 1 26 31 237 177 26 18 32 26
525 21 31 29 1 35 125 178 150 670 1 32 26
526 21 26 9 117 13 1 259 350 23 47 32 26
527 21 32 51 1 38 1 279 227 28 42 32 26
528 21 32 22 151 24 3 201 168 31 40 32 26
529 21 40 52 1 39 1 211 118 21 16 32 26
530 21 27 12 1 21 14 187 122 371 7 32 26
531 21 35 32 1 35 42 196 155 663 14 32 26
532 21 31 41 1 40 1 300 259 28 24 32 26
533 21 32 43 29 36 130 402 179 30 10 32 26
534 21 33 48 1 39 1 412 163 38 1 32 26
535 20 25 1 163 22 22 211 116 24 19 32 26
536 20 28 1 1 19 1 274 219 26 26 32 26
537 21 29 21 1 31 102 450 227 563 11 32 26
538 21 35 37 149 25 1 324 263 22 43 33 26
539 21 32 43 5 22 1 161 151 178 34 32 26
540 20 21 1 62 16 1 245 321 26 13 31 26
541 21 29 28 1 30 47 428 325 240 1 32 26
542 20 22 1 138 14 39 222 210 22 1 31 26
543 20 31 2 30 27 1 215 123 24 18 32 26
544 21 36 42 1 40 15 340 236 25 20 32 26
545 21 34 45 91 23 100 608 278 28 25 32 26
546 21 30 39 1 37 1 548 193 27 1 32 26
547 21 29 24 1 33 1 260 324 521 6 32 26
548 21 45 95 1 42 100 182 265 416 23 32 26
549 21 33 22 34 29 1 148 272 31 20 32 26
550 21 31 24 137 17 1 238 599 433 50 32 26
551 20 23 1 25 23 1 199 355 27 5 31 26
552 21 33 68 1 45 51 248 170 26 1 32 26
553 21 37 74 1 41 1 188 137 20 22 32 26
554 21 36 56 1 33 1 445 537 16 16 32 26
555 21 41 83 1 28 10 316 216 848 34 32 26
556 21 31 29 1 30 85 217 146 22 1 32 26
557 21 31 34 1 37 89 186 293 646 4 32 26
558 21 33 43 1 34 44 302 163 282 21 32 26
559 21 29 37 95 39 1 251 243 31 17 32 26
560 21 31 31 125 19 8 189 334 25 49 33 26
561 21 32 40 1 33 10 195 201 262 18 32 26
562 21 30 30 1 37 1 270 177 32 1 32 26
563 20 24 1 161 13 33 453 261 22 12 32 26
564 20 27 1 1 20 16 137 107 21 12 31 26
565 21 23 10 1 18 4 245 125 30 1 32 26
566 21 25 23 65 21 1 200 130 394 23 32 26
567 21 30 28 71 30 1 210 504 30 1 32 26
568 21 27 16 84 23 1 138 173 19 28 32 26
569 21 33 36 78 20 119 151 371 20 16 32 26
570 20 27 1 129 26 15 285 256 29 5 32 26
571 21 29 31 1 28 74 239 493 82 1 32 26
572 21 37 58 1 31 1 243 160 28 51 32 26
573 20 26 1 8 25 42 309 177 27 9 32 26
574 21 26 16 24 26 1 257 210 451 28 32 26
575 21 32 38 1 32 1 211 275 27 2 32 26
576 21 29 54 13 23 1 183 170 241 24 32 26
577 20 24 1 77 25 1 213 286 312 9 32 26
578 21 34 36 1 28 1 565 177 18 30 33 26
579 21 25 8 151 22 62 232 201 150 26 32 26
580 21 31 39 1 18 31 394 289 31 22 32 26
581 20 27 5 1 29 23 600 341 128 11 32 26
582 21 27 23 1 24 1 343 141 439 16 32 26
583 21 29 21 123 25 31 333 132 22 25 32 26
584 21 35 49 1 19 77 214 149 1040 24 32 26
585 21 31 11 99 21 13 286 145 30 24 32 26
586 21 34 34 1 39 1 297 243 215 7 32 26
587 21 26 28 65 22 1 206 143 25 33 33 26
588 21 28 25 1 24 20 346 162 29 2 32 26
589 21 32 46 1 28 70 251 154 32 20 32 26
590 21 43 72 1 45 130 431 193 35 33 33 26
591 21 36 33 144 21 72 253 185 29 52 33 26
592 21 32 24 153 29 1 403 133 215 32 33 26
593 21 31 32 1 29 80 349 183 31 12 32 26
594 21 31 39 16 24 1 226 248 510 15 32 26
595 21 37 29 107 37 1 200 235 34 31 33 26
596 21 35 39 1 44 1 214 153 686 7 32 26
597 21 34 46 1 35 1 309 165 22 1 32 26
598 21 32 29 1 32 75 491 281 244 15 32 26
599 21 32 20 144 18 22 176 149 26 34 33 26
600 21 30 32 15 27 1 169 247 24 27 33 27
601 21 28 30 1 37 1 257 140 25 1 32 26
602 21 28 28 1 33 17 552 606 82 1 32 26
603 21 35 25 51 27 1 455 355 30 23 32 26
604 21 34 26 1 39 14 410 392 497 1 32 26
605 21 20 1 132 17 19 265 218 26 16 32 26
606 21 34 42 9 28 19 242 261 383 33 33 26
607 20 24 1 1 31 17 220 289 24 1 31 26
608 20 26 1 1 22 60 167 215 27 1 32 26
609 20 26 1 129 24 1 281 156 25 13 32 26
610 21 37 28 77 35 40 203 195 36 36 33 26
611 21 32 8 48 21 54 312 135 25 21 32 26
612 21 31 17 49 32 1 218 202 28 11 32 26
613 21 30 30 14 14 1 274 201 25 16 32 26
614 21 29 28 91 18 1 305 254 29 31 32 26
615 21 34 43 1 29 97 299 192 23 15 32 26
616 21 27 30 81 34 1 412 184 31 32 32 26
617 20 31 34 1 28 1 306 158 23 19 32 26
618 21 36 66 80 36 23 186 276 23 36 33 26
619 21 34 30 1 27 1 196 320 47 33 33 26
620 21 29 11 7 24 47 254 214 27 25 32 26
621 21 40 66 1 44 1 419 192 28 10 32 26
622 21 37 70 1 27 1 217 33 33 33 33 27
623 21 29 1 97 24 1 206 175 20 10 32 26
624 20 28 1 1 26 1 288 208 24 1 32 26
625 21 35 37 1 28 29 202 167 24 15 32 27
626 21 29 4 12 20 36 445 207 28 30 33 27
627 20 21 1 61 17 17 222 197 836 1 32 26
628 21 24 12 1 19 1 269 353 32 3 33 27
629 21 31 26 41 19 44 244 67 19 28 33 27
630 20 21 1 86 3 1 251 173 22 2 32 26
631 21 36 58 1 29 1 275 225 27 42 33 26
632 21 34 33 1 28 101 305 181 242 14 32 26
633 21 38 53 1 45 1 222 271 281 22 32 26
634 21 29 10 20 25 72 249 409 28 24 33 27
635 21 28 23 1 32 32 255 122 24 1 32 26
636 20 22 1 1 17 1 179 183 30 1 31 26
637 21 38 62 1 32 72 273 220 23 23 33 27
638 21 35 78 1 31 1 141 207 177 45 33 27
639 21 35 50 1 33 121 217 136 25 1 33 27
640 21 32 33 1 37 43 313 218 27 1 33 27
641 21 31 25 1 32 1 291 470 17 1 32 26
642 21 23 13 1 28 1 224 113 814 1 32 26
643 21 31 19 130 28 8 189 161 26 32 33 26
644 21 29 15 1 34 28 334 282 31 20 32 26
645 21 35 45 1 35 113 191 247 24 22 32 26
646 21 32 30 67 26 48 260 256 25 28 33 26
647 21 29 18 27 22 68 281 118 28 16 32 26
648 21 37 26 109 30 1 193 135 26 29 32 26
649 21 30 36 76 17 35 212 384 29 32 33 26
650 21 30 25 1 25 37 182 295 335 1 32 26
651 21 30 12 125 17 23 355 172 30 30 33 26
652 20 25 1 80 24 6 210 156 26 4 32 26
653 21 31 30 11 33 1 212 246 28 26 32 26
654 21 36 54 1 30 5 382 166 23 22 32 26
655 21 33 57 1 33 49 373 396 455 17 32 26
656 21 33 25 85 31 1 212 560 30 48 33 26
657 21 28 25 51 26 28 387 154 28 14 32 26
658 21 38 52 1 32 39 281 243 1208 27 33 27
659 21 40 49 1 37 50 273 176 564 29 33 27
660 21 31 40 1 36 1 384 141 28 1 32 26
661 21 31 21 187 20 23 198 151 29 45 33 27
662 21 29 33 1 28 43 311 159 28 11 32 27
663 21 24 28 1 28 36 278 131 802 1 32 26
664 21 37 49 1 27 51 221 227 112 52 33 27
665 21 34 37 1 41 152 208 556 28 1 32 26
666 21 25 26 47 26 1 379 101 281 7 32 27
667 21 29 28 49 33 16 538 493 27 1 32 26
668 21 30 32 1 25 1 282 210 23 14 32 27
669 21 36 46 1 34 1 524 267 26 9 32 26
670 21 31 6 96 17 46 334 302 417 24 33 26
671 21 32 24 75 30 1 327 188 36 20 32 27
672 21 36 56 82 39 58 216 121 25 26 33 27
673 21 32 23 64 30 91 357 196 27 11 32 26
674 21 33 45 1 29 37 263 1 62 28 33 26
675 21 36 47 161 31 1 202 130 25 41 33 27
676 21 32 11 106 34 1 1009 709 28 29 33 26
677 21 35 50 1 45 17 301 158 31 1 32 26
678 21 33 48 1 29 61 300 432 479 22 33 27
679 21 30 1 5 38 40 201 361 27 1 32 26
680 20 17 1 73 15 13 230 237 22 1 32 26
681 20 22 1 134 19 11 303 268 285 8 32 26
682 21 36 44 74 31 1 180 324 24 48 33 27
683 21 29 23 42 27 33 391 150 32 29 33 27
684 21 36 50 1 22 1 214 380 21 46 33 26
685 21 24 1 206 17 21 300 241 20 16 33 27
686 21 24 1 140 23 78 218 113 30 1 32 26
687 21 28 36 1 27 73 251 209 28 1 32 26
688 21 36 51 1 42 1 494 235 168 31 32 26
689 21 31 40 84 26 23 281 163 29 34 33 26
690 21 29 17 113 44 1 178 204 35 20 32 26
691 20 21 1 1 28 1 692 144 22 1 31 26
692 20 23 1 1 28 115 364 155 28 1 32 26
693 21 34 44 132 19 24 248 189 28 48 33 26
694 21 30 9 74 36 1 467 153 27 9 32 26
695 21 33 17 25 22 76 176 113 331 22 32 26
696 21 31 17 40 31 1 346 338 24 21 32 26
697 21 38 62 1 33 48 305 283 24 14 32 26
698 21 30 22 1 33 59 190 595 27 2 32 26
699 21 35 47 83 29 10 382 175 27 36 33 26
700 21 29 33 1 28 8 373 265 31 13 32 26
701 21 25 27 1 24 11 287 214 22 1 32 26
702 21 36 68 1 40 1 1826 1 218 30 33 26
703 21 27 22 1 21 1 301 234 34 17 32 26
704 20 23 1 203 22 10 174 129 29 12 32 26
705 21 40 67 1 37 107 199 226 773 46 33 26
706 21 28 7 108 27 32 435 204 27 34 33 26
707 21 28 39 1 32 23 259 166 21 1 32 26
708 21 28 28 1 26 1 232 248 231 1 32 26
709 21 32 47 66 17 17 395 170 27 43 33 26
710 21 29 31 1 31 1 191 147 28 17 32 26
711 21 21 1 83 24 1 442 409 19 9 32 26
712 21 36 55 14 36 1 217 363 487 32 33 26
713 21 31 44 1 32 45 259 232 25 10 32 26
714 21 32 40 42 24 61 230 274 27 29 33 26
715 21 31 27 1 31 1 307 120 27 18 32 26
716 21 34 42 102 35 1 170 404 331 31 33 26
717 21 31 36 1 31 1 261 193 25 13 32 26
718 21 26 22 1 35 34 227 142 31 1 32 26
719 21 25 2 50 17 41 359 262 34 4 32 26
720 21 31 39 1 33 1 184 246 26 12 32 26
721 21 28 46 31 20 11 185 114 159 28 33 26
722 20 25 1 32 28 1 242 305 23 1 31 26
723 21 24 23 111 21 1 197 206 362 27 32 26
724 21 34 45 1 21 48 429 151 22 34 33 26
725 21 28 31 90 22 1 455 306 28 48 33 26
726 21 29 23 1 28 1 229 89 26 19 32 26
727 21 30 15 1 34 14 245 194 28 1 32 26
728 21 30 41 1 35 64 215 143 239 2 32 26
729 21 30 10 31 26 19 384 288 28 18 32 26
730 21 32 40 133 26 1 154 201 542 39 33 26
731 21 33 38 1 24 11 409 198 24 29 33 26
732 21 31 26 1 13 12 219 221 21 43 33 26
733 20 30 2 1 28 1 348 260 26 1 31 26
734 21 26 31 1 34 1 227 251 285 4 32 26
735 20 28 1 1 33 16 216 183 601 1 31 26
736 21 27 19 169 22 10 492 324 23 27 32 26
737 21 36 42 1 30 78 216 184 25 8 32 26
738 21 30 44 1 32 1 282 216 23 1 32 26
739 21 33 60 34 33 65 254 881 27 27 33 26
740 21 38 66 1 33 70 259 225 20 14 32 26
741 21 33 37 1 31 87 230 152 324 6 32 26
742 21 33 34 1 40 1 386 1 225 8 32 26
743 21 38 47 1 21 16 229 208 32 54 32 26
744 20 32 3 113 28 1 233 322 189 18 32 26
745 20 25 1 67 22 1 684 217 25 13 32 26
746 21 33 13 1 22 1 274 162 28 34 32 26
747 21 25 1 22 20 39 293 168 26 1 32 26
748 20 31 22 49 27 36 328 98 24 40 32 26
749 21 31 57 1 31 1 576 111 20 27 32 26
750 20 29 19 117 25 22 360 218 32 33 32 26
751 21 30 10 71 23 1 257 177 27 32 32 26
752 21 35 36 1 36 25 204 234 20 4 32 26
753 21 33 37 103 20 1 331 320 230 31 32 26
754 20 27 1 1 27 1 346 176 32 1 31 25
755 21 33 36 130 25 1 190 196 413 41 32 26
756 20 24 1 1 19 14 241 124 24 1 31 25
757 21 35 38 35 29 71 262 156 374 1 32 26
758 20 28 1 117 28 1 233 217 173 15 31 26
759 21 33 40 1 35 48 183 173 26 1 32 26
760 20 30 34 1 21 9 295 244 310 23 32 26
761 20 22 1 140 17 1 261 282 26 13 31 26
762 20 32 47 1 29 1 274 184 23 10 32 26
763 21 30 13 76 30 1 243 316 20 28 32 26
764 21 38 57 1 31 1 370 330 167 40 32 26
765 20 26 1 223 26 79 218 139 26 12 31 26
766 21 28 20 32 27 1 316 190 27 28 32 26
767 20 30 29 1 30 87 296 605 344 16 32 26
768 20 20 1 114 25 48 301 227 255 4 32 26
769 21 34 39 1 27 74 580 279 26 29 32 26
770 20 21 1 153 24 1 224 130 28 15 31 26
771 20 28 27 1 31 75 211 215 28 11 32 26
772 21 29 48 1 17 5 2004 1077 72 17 32 26
773 21 33 40 1 21 7 203 338 23 16 32 26
774 20 28 1 55 29 1 262 269 270 10 32 26
775 20 29 1 117 12 1 679 469 39 28 32 26
776 21 33 22 1 30 50 213 318 132 25 32 26
777 21 32 39 1 34 57 148 158 23 1 32 26
778 20 23 7 1 23 7 184 230 304 10 32 26
779 21 38 39 1 38 1 283 302 25 26 32 26
780 21 26 19 95 27 1 220 186 25 26 32 26
781 21 30 29 1 28 82 258 295 367 1 32 26
782 21 33 47 1 35 2 374 431 20 4 32 26
783 21 35 41 1 36 13 207 230 393 1 32 26
784 21 37 49 1 39 68 306 204 29 20 32 26
785 21 28 26 98 29 1 330 321 29 18 32 26
786 21 41 82 1 45 1 200 207 155 44 32 26
787 20 28 1 44 18 63 431 170 24 4 32 26
788 20 23 1 52 13 1 191 166 195 17 31 26
789 20 26 1 15 28 1 300 1 29 1 32 26
790 21 35 65 1 28 46 452 260 25 30 33 26
791 21 34 47 1 39 76 570 140 25 1 32 26
792 20 28 14 1 32 81 279 175 21 8 32 26
793 21 31 37 1 38 147 176 155 21 1 32 26
794 21 33 37 1 34 1 245 276 32 21 32 26
795 20 27 8 1 21 71 696 110 35 12 32 26
796 20 23 1 88 27 1 294 159 25 1 31 26
797 21 34 46 1 27 64 176 508 1061 12 32 26
798 21 34 51 1 26 28 250 126 28 18 32 26
799 21 33 23 1 30 31 212 198 25 1 32 26
800 21 31 48 1 31 12 189 177 400 24 32 26
801 21 35 40 46 34 45 300 468 23 42 33 26
802 20 24 1 57 26 1 231 226 28 1 31 25
803 21 28 19 86 29 1 224 145 29 24 32 26
804 20 26 26 1 23 1 833 1601 33 2 32 26
805 21 32 42 1 34 24 341 267 26 1 32 26
806 21 35 48 1 35 1 329 123 30 29 32 26
807 21 28 9 19 21 17 287 388 148 22 32 26
808 21 39 61 1 32 76 245 160 252 47 33 26
809 21 23 24 65 17 1 249 127 28 30 32 26
810 21 38 63 1 39 1 192 176 22 25 32 26
811 21 34 59 1 41 66 251 160 24 5 32 26
812 21 26 14 12 16 79 212 220 18 19 32 26
813 21 29 19 57 20 61 194 282 21 13 32 26
814 21 27 20 94 24 104 288 1 28 24 32 26
815 21 33 37 37 18 34 190 201 24 42 33 26
816 21 36 35 1 34 15 226 206 31 27 32 26
817 20 16 1 38 8 2 159 310 340 9 32 26
818 21 30 34 5 23 25 242 227 21 23 32 26
819 21 27 1 33 30 21 537 231 33 5 32 26
820 21 41 49 74 30 1 391 300 27 63 33 26
821 21 27 8 1 24 33 297 388 33 14 32 26
822 20 27 1 39 37 17 497 148 256 1 32 26
823 21 33 33 148 28 64 426 555 29 34 33 26
824 21 29 27 79 28 70 197 116 25 24 32 26
825 21 26 20 186 29 40 178 239 24 23 32 26
826 21 29 28 101 25 21 126 268 26 35 33 26
827 21 33 52 1 37 1 198 392 22 11 32 26
828 21 31 41 29 34 1 347 243 29 34 33 26
829 21 23 1 1 23 1 308 192 22 1 32 26
830 21 25 21 33 20 47 306 571 22 16 32 26
831 21 27 13 1 26 19 335 177 27 4 32 26
832 20 29 1 13 23 47 229 234 337 13 32 26
833 21 30 35 100 10 1 248 214 292 52 33 26
834 21 25 9 50 20 1 218 186 24 5 32 26
835 21 39 43 59 28 46 223 54 29 36 33 26
836 21 32 12 51 22 1 437 1 32 27 32 26
837 20 26 1 19 27 40 358 175 56 1 31 26
838 21 29 44 1 25 1 321 211 15 27 32 26
839 21 34 39 1 40 1 159 194 299 4 32 26
840 20 22 1 32 22 1 269 187 26 1 32 26
841 21 31 33 61 27 84 248 159 33 2 32 26
842 20 31 1 1 25 80 302 226 21 1 31 25
843 21 24 21 1 25 1 526 139 23 1 32 26
844 21 31 22 1 26 12 249 115 218 12 32 26
845 21 36 44 1 48 37 239 212 23 7 32 26
846 21 30 41 1 32 46 323 274 390 1 32 26
847 21 32 31 1 29 22 223 115 34 7 32 26
848 21 35 39 1 26 14 191 276 27 16 32 26
849 20 24 3 70 21 67 294 128 31 17 32 26
850 20 27 1 154 20 5 470 285 28 16 32 26
851 20 28 1 123 32 1 270 165 30 1 31 25
852 21 34 55 64 27 87 280 193 175 38 33 26
853 21 32 37 1 31 1 250 122 29 22 32 26
854 20 25 1 1 19 5 223 110 28 3 31 26
855 20 27 1 84 24 73 270 165 27 1 31 25
856 21 35 37 47 23 1 730 201 28 51 32 26
857 21 30 22 75 27 53 432 444 259 20 32 26
858 20 27 15 131 33 1 382 270 28 9 32 26
859 21 24 11 1 26 5 235 194 25 6 32 26
860 21 32 46 1 22 21 196 220 19 41 32 26
861 21 28 16 1 32 40 209 170 29 4 32 26
862 21 34 51 1 32 15 373 199 392 23 32 26
863 21 27 21 1 32 11 677 448 23 1 32 26
864 21 31 32 1 33 1 410 300 20 1 32 26
865 20 21 1 52 16 14 263 144 27 26 32 26
866 21 29 9 1 24 1 223 267 18 8 32 26
867 20 24 1 1 25 52 361 153 30 4 32 26
868 21 29 10 1 26 82 615 297 34 6 32 26
869 20 26 1 33 28 1 261 170 23 1 32 26
870 21 30 33 102 26 1 152 219 29 17 32 26
871 20 26 1 122 29 1 348 236 23 1 31 26
872 21 24 25 1 27 1 262 138 32 7 32 26
873 21 31 17 63 24 26 278 141 32 28 33 26
874 21 32 47 1 40 58 228 127 800 1 32 26
875 21 32 42 10 38 1 414 145 29 12 32 26
876 20 27 1 107 22 1 316 262 19 35 32 26
877 21 31 30 49 20 22 249 169 26 49 33 26
878 20 22 1 71 9 1 141 145 24 22 32 26
879 21 27 10 118 29 58 296 239 34 23 32 26
880 20 24 1 90 32 74 235 138 33 1 31 26
881 21 35 24 30 28 1 199 266 20 34 32 26
882 21 24 13 193 15 1 211 226 22 31 33 26
883 21 30 11 118 28 1 320 154 33 26 32 26
884 21 33 47 68 28 86 197 204 640 13 32 26
885 20 26 1 1 31 1 250 112 489 1 31 26
886 20 26 1 218 25 11 675 147 27 7 32 26
887 21 34 34 132 24 1 337 161 23 36 33 26
888 21 36 46 68 31 36 257 181 32 38 33 26
889 21 30 15 56 29 1 266 365 20 34 33 26
890 21 30 26 1 30 7 238 279 32 11 32 26
891 21 44 87 1 43 104 432 175 27 36 33 26
892 21 38 59 1 32 18 403 250 28 26 32 26
893 21 36 32 129 22 1 282 201 27 31 32 26
894 21 24 22 1 24 53 222 124 28 4 32 26
895 21 28 27 1 32 13 248 217 28 6 32 26
896 21 25 7 105 14 33 189 197 426 24 32 26
897 21 42 60 1 45 89 188 119 399 9 32 26
898 21 29 21 83 13 11 226 140 32 18 32 26
899 20 32 42 1 26 6 235 157 23 27 32 26
900 21 30 8 74 21 38 220 97 31 22 32 26
901 20 22 1 80 8 1 281 227 29 24 32 26
902 21 38 73 1 30 35 95 504 2005 31 33 26
903 21 36 45 106 25 8 174 135 20 45 33 26
904 21 30 17 170 22 1 427 322 22 35 32 26
905 21 33 60 1 31 83 170 159 206 17 32 26
906 21 31 23 128 31 12 445 170 20 36 32 26
907 21 36 63 1 31 1 322 116 28 28 32 26
908 20 35 10 1 25 6 282 219 26 13 32 26
909 21 31 21 98 31 80 654 246 27 22 32 26
910 20 23 8 1 23 30 258 227 948 1 32 26
911 21 32 35 1 36 104 318 154 27 1 32 26
912 21 30 13 1 28 1 221 267 24 27 32 26
913 21 22 19 1 22 1 281 298 407 9 32 26
914 21 28 29 1 40 93 196 176 366 6 32 26
915 21 35 49 1 44 66 296 204 29 1 32 26
916 20 31 1 137 30 1 271 177 26 32 32 26
917 21 29 12 163 27 1 203 277 27 24 32 26
918 21 37 44 1 28 1 221 167 22 20 32 26
919 21 26 10 1 22 3 391 155 25 18 32 26
920 21 34 39 2 33 1 222 133 314 10 32 26
921 21 27 25 71 25 51 307 183 30 25 32 26
922 21 38 53 1 38 1 292 198 34 41 33 26
923 21 34 34 1 39 1 243 172 24 5 32 26
924 21 31 13 101 19 15 166 173 355 39 33 26
925 21 40 60 1 27 59 345 353 453 47 33 26
926 21 35 43 1 28 6 221 157 27 7 32 26
927 21 30 35 1 29 35 166 163 330 25 33 27
928 20 24 1 1 28 1 279 234 22 1 31 26
929 21 26 8 90 16 1 414 360 143 38 33 26
930 21 31 42 131 22 6 369 146 27 43 33 27
931 21 30 25 1 13 29 252 176 29 20 32 26
932 21 29 2 109 30 1 315 146 34 15 33 27
933 21 30 26 1 25 1 520 350 221 3 32 26
934 21 41 74 1 37 1 351 120 30 39 33 26
935 21 29 32 1 30 49 184 241 674 3 32 26
936 20 23 1 116 21 1 227 218 21 16 32 26
937 21 29 41 1 35 3 201 237 31 1 32 26
938 21 29 13 195 27 60 364 428 29 20 32 26
939 21 35 53 1 29 1 224 177 416 37 33 27
940 21 33 37 71 20 1 439 183 27 45 33 26
941 21 28 1 1 21 70 312 165 22 3 32 26
942 21 40 64 1 25 40 308 261 28 39 33 27
943 21 33 33 1 32 7 187 287 30 30 33 27
944 21 31 27 23 36 1 277 191 23 31 33 26
945 21 33 38 1 26 1 485 295 544 11 32 27
946 21 35 71 1 43 1 329 404 83 3 32 26
947 21 27 21 1 30 1 255 185 26 1 32 26
948 21 37 55 1 40 1 184 149 680 35 33 26
949 21 31 27 32 26 73 147 245 338 17 32 26
950 21 30 31 1 23 41 212 246 28 13 32 26
951 21 28 12 29 30 1 308 115 17 18 32 26
952 20 27 1 88 30 46 497 180 321 9 32 26
953 21 33 44 1 34 64 139 240 750 6 32 26
954 21 31 18 132 27 1 294 176 26 32 33 27
955 21 29 39 1 29 33 225 212 31 17 32 27
956 20 24 1 1 26 1 237 198 21 1 31 26
957 21 33 42 27 38 6 597 346 212 27 33 26
958 21 29 42 1 27 5 228 176 655 12 32 27
959 21 34 21 1 36 76 1097 167 29 1 32 26
960 21 34 43 83 22 61 464 123 26 45 33 26
961 21 25 39 14 24 28 188 134 764 21 32 26
962 20 27 1 98 23 40 260 262 24 3 32 26
963 21 31 12 38 26 38 227 1 30 10 32 26
964 21 35 24 14 30 29 223 133 28 32 33 26
965 21 29 42 1 28 34 157 150 233 19 32 26
966 21 35 42 122 15 7 212 208 236 53 33 26
967 21 25 18 63 21 63 409 201 26 18 32 26
968 21 25 10 11 17 5 612 455 252 1 32 26
969 21 27 35 64 21 1 204 396 23 24 32 26
970 21 36 34 133 34 1 185 149 30 35 33 26
971 21 31 18 114 16 2 178 243 23 44 33 26
972 21 29 18 1 31 82 247 113 31 1 32 26
973 21 29 31 140 24 1 253 343 427 57 33 27
974 21 23 1 131 17 1 236 122 156 11 32 27
975 21 32 39 91 23 1 286 279 469 58 33 26
976 21 32 28 1 31 1 362 1 23 18 32 26
977 20 25 1 56 20 1 672 578 21 10 32 26
978 21 37 45 1 21 1 356 231 25 60 33 26
979 21 26 17 1 22 43 319 141 140 15 32 26
980 21 32 32 96 19 37 231 207 500 56 33 26
981 21 40 60 1 28 39 345 161 27 29 33 26
982 21 27 23 159 14 1 248 281 23 40 33 26
983 21 28 8 71 26 1 208 287 261 23 32 26
984 21 33 22 1 27 1 212 198 30 29 33 26
985 21 25 7 1 19 11 209 143 25 16 32 26
986 20 25 1 85 28 49 329 132 79 13 32 26
987 21 34 38 1 27 5 146 154 27 46 33 26
988 21 31 31 1 31 1 285 224 349 8 32 26
989 21 34 43 1 24 5 377 218 27 38 33 26
990 21 33 51 1 38 89 234 356 1022 1 32 26
991 21 35 19 132 31 1 424 164 28 12 32 26
992 21 24 1 133 23 32 240 314 23 25 32 26
993 21 32 34 1 22 36 203 125 583 6 32 26
994 20 32 1 1 37 1 271 310 32 1 32 26
995 21 26 38 31 31 1 187 179 18 1 32 26
996 21 29 25 187 19 1 266 473 24 34 33 26
997 21 34 61 1 38 1 409 134 27 18 32 26
998 21 28 30 1 14 1 314 1 28 26 32 26
999 21 39 66 1 44 96 270 484 248 14 32 27
1000 21 28 27 47 27 1 188 244 24 11 32 26
