1 21 35 31 1 37 2 187 226 117 1 33 27
2 21 31 33 63 21 24 312 195 27 35 33 27
3 21 37 29 1 27 1 211 202 193 16 33 27
4 21 37 65 1 25 87 383 161 24 22 33 27
5 21 18 1 56 22 3 295 143 32 1 32 26
6 21 35 24 32 31 64 266 144 35 28 33 27
7 21 34 37 32 30 6 222 371 27 30 33 27
8 21 29 23 33 34 1 276 252 111 17 33 27
9 21 31 32 28 36 1 301 1 28 22 33 27
10 21 38 55 1 44 58 321 218 430 3 33 27
11 21 40 47 44 37 109 244 215 29 37 33 27
12 21 30 26 1 33 70 180 301 390 1 33 27
13 21 33 22 12 36 49 427 335 25 1 33 27
14 21 27 14 40 25 1 235 168 25 11 33 27
15 21 24 1 39 27 10 448 127 28 3 32 26
16 21 38 50 1 29 40 324 285 22 23 33 27
17 21 31 33 54 35 1 290 190 23 16 33 27
18 21 30 12 28 40 1 267 155 30 3 33 27
19 21 30 39 1 29 87 193 220 554 12 33 27
20 21 27 28 1 18 1 231 257 31 25 33 27
21 21 39 45 1 34 1 394 179 27 27 33 27
22 21 37 23 1 26 99 235 173 29 9 33 27
23 21 41 42 58 31 1 308 183 20 42 33 27
24 21 33 39 1 42 74 265 342 29 1 33 27
25 21 27 1 99 28 29 217 142 26 21 32 26
26 21 28 31 1 40 82 258 240 25 1 33 27
27 21 26 1 90 25 11 439 335 33 13 32 27
28 21 33 25 53 22 1 294 149 33 39 33 27
29 21 28 10 1 25 55 193 328 754 1 33 27
30 21 31 15 1 30 4 333 333 246 17 33 27
31 21 31 54 1 28 22 193 160 25 14 33 27
32 21 32 38 1 30 4 269 226 20 7 33 27
33 21 28 4 64 21 9 328 546 24 38 33 27
34 21 36 57 1 41 1 577 143 25 1 33 27
35 21 38 37 25 25 71 226 147 33 43 33 27
36 21 28 35 24 29 50 244 200 27 28 33 27
37 21 22 1 100 23 1 301 321 29 20 32 26
38 21 20 1 69 16 19 247 155 86 17 32 26
39 21 32 8 43 26 1 263 172 33 37 33 27
40 21 26 1 39 25 1 320 401 752 1 33 27
41 21 21 1 92 17 38 327 130 487 14 32 26
42 21 36 49 26 31 1 296 140 22 25 33 27
43 21 31 39 1 27 63 403 333 24 17 33 27
44 21 31 30 27 30 23 205 200 27 18 33 27
45 21 32 39 42 22 56 261 107 29 38 33 27
46 21 23 1 47 25 1 511 195 28 19 32 26
47 21 36 25 60 25 35 268 158 30 43 33 27
48 21 31 13 33 30 1 270 281 29 10 33 27
49 21 32 41 43 25 44 231 174 124 36 33 27
50 21 26 6 46 18 1 355 453 30 36 33 27
51 21 32 41 38 24 9 545 292 462 27 33 27
52 21 32 40 34 37 27 286 197 25 11 33 27
53 21 33 37 1 33 22 440 210 263 14 33 27
54 21 24 1 22 33 82 512 228 26 7 33 27
55 21 23 18 59 12 5 251 311 291 24 33 27
56 21 27 32 1 28 1 298 577 26 12 33 27
57 21 36 50 1 47 91 227 208 315 1 33 27
58 21 27 36 29 29 33 380 466 23 18 33 27
59 21 36 51 56 32 1 278 181 26 47 33 27
60 21 38 36 66 29 1 245 209 27 34 34 27
61 21 37 29 1 33 72 237 178 33 3 33 27
62 21 28 6 63 10 25 210 211 27 25 33 27
63 21 29 18 1 39 116 149 128 29 1 32 27
64 21 34 35 15 34 58 206 548 21 6 33 27
65 21 30 35 10 23 1 241 452 20 16 33 27
66 21 33 48 28 31 1 346 225 25 33 33 27
67 21 31 16 49 22 61 263 236 30 31 33 27
68 21 33 40 49 31 1 364 361 27 30 33 27
69 21 31 42 1 44 1 235 268 25 1 33 27
70 21 33 71 1 30 1 213 419 25 5 32 27
71 21 26 21 1 32 41 237 159 234 1 32 27
72 21 30 41 1 32 1 166 187 261 1 32 27
73 21 30 19 1 32 9 222 319 28 5 33 27
74 21 32 33 64 23 1 304 322 22 29 33 27
75 21 28 21 46 23 1 383 183 27 18 32 27
76 21 32 45 1 25 11 272 148 23 16 33 27
77 21 32 28 1 37 39 312 189 25 12 33 27
78 21 32 26 49 34 1 317 1 113 14 32 27
79 21 21 4 25 19 1 264 46 28 1 32 27
80 21 29 24 1 20 30 342 152 26 15 33 27
81 21 40 67 56 37 1 191 170 161 42 33 26
82 21 35 30 75 26 1 210 121 24 43 33 27
83 21 34 32 1 34 15 222 250 27 15 33 27
84 21 28 15 13 25 53 268 271 28 13 32 27
85 21 29 27 1 27 1 265 303 1480 1 33 27
86 21 37 38 1 43 81 1002 234 26 11 33 27
87 21 31 25 43 31 28 207 154 27 11 33 27
88 21 29 11 1 33 26 228 252 31 1 33 27
89 21 34 40 50 30 1 200 208 23 30 33 27
90 21 31 43 1 30 58 276 224 29 13 33 27
91 21 36 29 37 39 1 229 173 218 32 33 27
92 21 34 38 1 36 40 1133 613 21 9 33 27
93 21 31 24 1 34 67 537 179 28 3 33 27
94 21 29 10 23 26 2 209 167 401 15 32 27
95 20 25 1 38 26 62 170 219 23 1 32 26
96 21 31 30 17 18 23 180 152 30 29 33 27
97 21 23 24 1 32 25 301 298 335 6 32 27
98 21 29 23 10 39 78 205 218 455 12 33 27
99 20 16 1 45 18 1 373 204 44 8 32 26
100 21 27 14 14 23 34 217 125 28 17 32 26
101 21 30 35 63 38 1 357 303 28 29 33 27
102 21 30 19 17 26 44 428 240 29 18 32 27
103 21 27 13 44 12 1 334 245 20 28 33 27
104 21 22 13 65 15 1 215 181 355 18 32 27
105 21 23 1 41 24 1 112 503 50 17 32 26
106 21 30 48 1 27 1 139 141 134 11 33 27
107 21 32 41 69 31 1 263 360 22 30 33 27
108 21 34 40 45 33 1 712 679 437 25 33 27
109 21 34 48 7 30 38 270 252 507 34 33 27
110 21 29 22 47 22 1 242 153 34 21 32 27
111 21 26 1 51 20 33 208 138 375 12 32 27
112 21 36 52 50 30 8 233 241 33 45 33 27
113 21 31 26 7 26 1 501 185 31 13 33 27
114 21 28 17 33 25 1 287 213 168 12 32 27
115 20 33 1 33 24 49 207 304 22 12 32 26
116 21 42 45 19 41 1 235 160 64 29 33 27
117 21 27 25 1 31 59 497 233 323 1 32 27
118 21 20 5 45 11 7 278 140 21 15 32 27
119 21 34 35 1 36 24 154 520 649 4 33 27
120 21 25 7 68 14 1 303 184 28 29 33 27
121 21 32 33 1 24 10 322 130 28 23 33 27
122 20 23 1 63 34 1 168 159 23 1 32 26
123 21 35 39 1 38 93 274 191 28 24 33 27
124 21 34 40 23 24 1 204 175 31 32 33 27
125 21 30 37 23 31 1 351 194 26 16 33 27
126 21 33 46 1 36 89 337 199 24 11 33 27
127 21 30 1 11 26 1 213 239 25 16 33 27
128 21 21 1 4 19 39 220 202 28 2 33 26
129 21 38 45 18 36 1 197 185 550 33 33 27
130 21 31 20 18 23 1 434 143 26 27 33 27
131 21 30 54 22 30 1 182 231 202 6 33 27
132 21 31 26 1 32 125 172 169 27 27 33 27
133 21 36 26 39 29 17 262 314 30 37 33 27
134 21 28 28 33 28 21 205 168 22 1 33 27
135 21 33 48 1 28 16 337 231 185 16 33 27
136 21 40 87 1 37 15 370 242 20 36 33 27
137 21 29 33 48 18 4 187 153 26 31 33 27
138 21 37 68 1 34 1 299 224 26 41 33 27
139 21 31 23 21 26 3 273 181 26 19 32 27
140 21 28 1 60 19 33 387 820 574 25 33 27
141 21 23 21 18 16 21 254 330 22 1 33 27
142 21 36 43 14 34 89 356 227 26 6 33 27
143 21 28 20 40 20 1 664 1 25 21 32 27
144 21 33 24 1 27 16 234 161 25 5 33 27
145 21 28 22 43 24 1 331 329 24 14 33 27
146 21 35 27 65 15 36 498 201 23 44 33 27
147 21 33 48 1 34 55 253 207 460 15 33 27
148 21 32 32 44 21 1 302 280 27 26 33 27
149 21 27 3 28 24 39 267 409 27 4 32 27
150 21 32 43 1 34 100 179 179 30 1 32 26
151 21 40 58 27 35 80 290 121 25 35 33 27
152 21 32 30 1 27 63 313 234 171 23 33 27
153 21 35 29 8 25 72 388 331 24 26 33 27
154 21 28 19 20 15 8 214 572 814 27 33 27
155 21 35 34 56 32 4 311 195 28 40 33 27
156 21 31 31 84 27 54 264 250 27 41 33 27
157 21 29 35 27 22 43 224 228 23 30 33 27
158 21 24 9 45 20 1 233 167 24 11 32 27
159 21 34 54 1 39 42 286 184 368 6 33 27
160 21 38 33 1 34 1 301 148 31 14 33 27
161 21 24 1 48 22 49 281 212 27 9 33 27
162 21 33 36 28 33 1 164 124 183 19 33 27
163 21 30 28 1 24 68 333 240 25 8 33 27
164 21 29 19 54 23 1 190 181 27 30 33 27
165 21 22 7 54 21 41 202 241 261 15 33 27
166 20 28 1 54 27 49 545 169 21 7 32 26
167 21 36 9 58 30 1 440 319 29 31 33 27
168 21 34 50 16 41 74 193 153 26 12 33 27
169 21 32 28 1 26 41 340 218 698 1 32 27
170 21 26 18 1 22 45 154 152 235 4 33 27
171 21 35 37 1 28 15 189 176 419 13 33 27
172 21 39 40 24 32 5 190 157 29 38 33 27
173 21 35 47 39 32 60 240 216 226 23 33 27
174 21 34 28 5 28 1 364 199 33 16 33 27
175 20 29 1 36 33 1 208 172 33 4 32 26
176 21 29 37 38 22 6 390 140 27 17 33 27
177 21 30 29 35 27 5 414 178 31 24 33 27
178 21 31 25 16 28 23 276 221 697 26 33 27
179 21 42 79 1 33 1 180 267 426 27 33 27
180 21 34 40 17 26 91 225 380 26 39 33 27
181 21 34 30 1 35 1 183 154 37 15 33 27
182 21 25 1 1 40 104 126 396 31 1 32 27
183 21 41 73 1 45 1 184 189 1099 1 32 27
184 21 29 28 13 31 1 270 172 1558 24 33 27
185 21 32 29 1 37 58 241 174 28 1 32 27
186 21 27 1 43 35 1 244 238 19 5 32 26
187 21 27 1 39 19 60 247 186 28 1 32 26
188 21 26 21 35 19 1 287 212 29 6 33 27
189 21 31 12 66 31 1 265 307 22 17 33 27
190 21 33 40 1 44 1 202 209 32 1 33 27
191 21 27 22 33 19 9 175 285 31 6 33 27
192 21 27 22 1 30 5 394 571 25 14 33 27
193 21 30 21 20 33 42 258 366 25 17 33 27
194 21 33 37 1 33 74 252 249 28 18 33 27
195 21 34 38 1 23 1 420 229 28 31 33 27
196 21 33 39 36 35 34 147 167 22 31 33 27
197 20 26 1 109 27 70 296 330 32 21 32 26
198 21 28 16 38 17 1 211 352 319 29 33 27
199 21 31 1 63 28 65 810 297 52 1 32 26
200 21 35 27 54 44 109 303 209 29 14 33 27
201 21 29 11 1 26 21 246 233 21 9 33 27
202 21 31 37 23 33 80 197 132 28 13 33 27
203 21 27 1 42 24 1 296 257 30 22 32 27
204 21 30 27 60 25 1 257 256 28 45 33 27
205 21 32 25 48 25 42 221 303 32 36 33 27
206 21 37 49 1 33 59 561 202 25 23 33 27
207 21 36 33 1 38 64 315 395 30 15 33 27
208 21 34 38 59 19 87 339 288 428 37 33 27
209 21 32 27 1 27 50 217 451 19 9 33 27
210 21 31 26 57 20 13 226 156 23 33 33 27
211 21 31 21 1 27 1 274 165 20 10 33 27
212 21 23 1 33 34 49 268 390 27 8 32 26
213 21 33 46 48 35 64 363 211 25 23 33 27
214 21 26 27 1 26 27 257 202 180 2 33 27
215 21 30 28 68 23 40 273 270 28 33 33 27
216 21 21 1 52 19 22 360 129 30 4 32 26
217 21 25 14 47 18 1 322 158 30 23 33 27
218 21 34 46 26 32 1 219 166 32 26 33 27
219 21 30 1 56 24 37 183 168 274 13 32 26
220 21 26 26 1 35 1 213 379 244 10 33 27
221 21 33 25 52 26 1 234 213 26 32 33 27
222 21 37 54 1 22 51 389 202 35 44 33 27
223 21 37 36 1 34 78 275 231 241 20 33 27
224 21 26 38 1 27 43 315 427 25 6 33 27
225 21 27 18 1 24 17 186 152 248 1 33 27
226 21 32 25 59 21 97 330 361 32 32 33 27
227 21 33 23 83 26 1 221 176 31 38 33 27
228 21 29 7 34 23 1 359 1 42 4 33 27
229 21 34 39 1 27 36 197 198 343 28 33 27
230 21 30 29 1 30 75 350 174 34 1 33 27
231 21 37 50 18 29 1 155 248 434 29 33 27
232 21 27 23 1 31 1 165 466 268 1 33 27
233 21 28 20 38 24 21 308 1 25 15 33 27
234 21 30 29 1 24 20 311 151 27 20 33 27
235 21 46 74 14 42 1 292 305 26 42 33 27
236 21 34 30 1 40 10 212 212 249 1 33 27
237 21 29 19 1 16 30 304 134 32 33 33 27
238 21 29 3 1 31 11 253 249 19 1 33 27
239 21 31 67 1 22 27 227 192 232 20 33 27
240 21 31 18 42 17 1 189 289 31 32 33 27
241 21 32 35 58 15 1 265 333 29 51 33 27
242 21 26 13 77 20 20 230 185 32 23 33 27
243 21 30 29 1 28 59 169 248 625 1 32 27
244 21 32 24 32 35 98 201 163 222 20 33 27
245 21 28 1 55 23 18 284 206 360 18 33 27
246 21 32 35 10 32 76 208 158 27 3 33 27
247 21 39 65 1 29 53 281 134 31 37 34 27
248 21 31 38 18 36 3 262 283 31 16 33 27
249 21 29 1 64 21 1 200 185 274 16 32 27
250 21 34 37 8 28 1 171 146 505 23 33 27
251 21 29 19 43 17 1 193 145 23 35 33 27
252 21 32 38 33 23 36 359 152 27 31 33 27
253 21 36 52 70 29 1 202 169 409 54 33 27
254 21 32 11 1 28 68 432 224 27 12 33 27
255 21 35 52 1 20 60 299 194 27 35 34 27
256 21 32 18 64 18 25 292 308 29 42 33 27
257 21 24 1 33 21 17 239 127 381 20 33 27
258 21 27 1 19 24 3 341 237 23 7 32 26
259 21 32 24 1 31 82 230 186 281 12 33 27
260 21 29 17 12 23 79 219 206 28 11 33 27
261 21 28 4 50 13 1 227 139 27 36 33 27
262 21 29 35 1 38 62 237 238 25 1 33 27
263 21 19 1 34 25 18 361 213 26 1 32 26
264 21 28 1 38 38 1 227 207 30 17 32 26
265 21 30 27 21 27 1 268 115 32 27 33 27
266 21 33 37 1 28 29 114 210 31 35 33 27
267 21 18 1 53 24 1 200 1 24 1 32 26
268 21 26 1 49 20 41 244 248 21 10 32 27
269 21 32 21 23 37 1 370 156 24 9 33 27
270 21 35 34 56 23 1 211 227 30 50 33 27
271 21 31 38 69 27 32 291 216 26 49 33 27
272 21 42 85 1 37 80 139 226 21 42 33 27
273 21 32 23 1 30 118 234 115 32 4 33 27
274 21 31 53 1 23 8 226 241 276 15 33 27
275 21 36 30 1 29 1 250 117 31 27 33 27
276 21 27 1 17 22 56 185 261 24 1 32 26
277 21 24 20 56 34 1 233 186 25 23 33 27
278 21 31 2 55 42 1 258 170 28 9 33 27
279 21 30 43 29 34 111 176 199 19 21 33 27
280 21 36 50 28 34 1 281 311 383 43 33 27
281 21 32 44 1 35 20 302 262 30 1 33 27
282 21 29 28 1 35 6 205 158 354 1 32 26
283 21 31 21 23 38 1 364 191 23 1 33 27
284 21 22 1 51 8 20 246 194 524 22 32 27
285 20 23 1 79 23 1 193 146 256 1 32 26
286 21 30 43 1 26 48 202 200 928 18 32 27
287 21 25 12 61 24 27 247 155 36 17 33 27
288 21 28 1 55 32 16 293 406 17 9 32 27
289 21 29 11 9 29 58 247 241 216 12 33 27
290 21 23 9 47 20 27 280 189 23 16 33 27
291 21 30 32 1 32 1 138 388 26 1 33 27
292 21 22 1 87 26 16 253 305 214 11 32 26
293 21 31 42 59 29 1 278 139 25 45 33 27
294 21 26 12 1 23 23 219 198 28 1 33 27
295 21 33 44 1 33 72 276 285 29 1 33 27
296 21 30 22 1 29 20 374 311 26 21 33 27
297 21 20 1 51 21 25 371 140 27 1 32 26
298 21 35 44 1 41 19 238 260 28 12 33 27
299 21 30 12 88 23 1 273 166 351 39 33 27
300 21 21 1 82 22 1 301 338 29 30 33 26
301 21 19 1 86 35 90 326 730 26 1 32 26
302 21 29 31 53 37 101 504 188 30 18 33 27
303 21 30 39 67 27 23 418 169 23 38 33 27
304 21 32 20 48 22 1 222 243 209 40 33 27
305 21 27 25 67 10 1 226 164 574 40 33 27
306 21 39 29 1 29 1 253 127 30 24 33 27
307 21 27 1 29 23 43 351 289 436 18 32 26
308 21 29 33 15 32 1 249 154 26 8 33 27
309 21 27 16 63 27 1 246 262 25 28 33 27
310 21 24 1 28 16 58 267 164 21 23 33 27
311 21 45 79 1 44 57 269 131 397 40 33 27
312 21 37 54 1 45 1 202 104 25 1 33 27
313 21 33 33 1 33 46 269 175 31 8 33 27
314 21 32 19 29 21 15 186 133 23 33 33 27
315 21 29 29 1 31 1 137 387 33 10 33 27
316 21 30 16 56 17 1 2004 172 81 44 33 27
317 21 33 49 1 31 1 268 296 25 29 33 27
318 21 30 26 47 15 55 359 155 23 42 33 27
319 21 31 43 1 40 1 236 188 29 22 33 27
320 21 34 44 13 25 37 113 225 27 16 33 27
321 21 36 40 81 26 1 192 204 27 40 33 27
322 21 27 33 1 27 65 661 639 267 4 33 27
323 21 34 34 9 26 1 194 180 24 19 33 27
324 21 21 1 38 17 1 640 248 29 3 32 26
325 21 19 13 1 10 6 253 300 21 1 33 27
326 21 31 32 55 29 1 217 200 27 26 33 27
327 21 32 42 25 39 1 253 183 291 19 33 27
328 21 36 47 1 35 25 328 126 26 29 33 27
329 21 42 54 1 31 1 228 191 284 43 34 27
330 21 35 46 34 34 57 351 227 21 26 33 27
331 21 30 28 25 21 91 318 165 32 8 33 27
332 21 24 18 6 27 1 482 161 22 13 33 27
333 21 23 1 91 23 1 367 174 26 34 33 26
334 21 33 35 9 20 51 199 282 320 27 33 27
335 21 35 43 39 33 58 648 2005 2005 26 33 27
336 21 32 26 1 28 32 374 284 27 13 33 27
337 21 23 1 50 16 6 209 272 25 23 33 27
338 21 24 8 32 7 1 243 176 362 15 33 27
339 22 34 44 7 32 1 615 501 30 11 33 27
340 21 36 60 38 31 98 276 298 28 32 33 27
341 21 31 40 1 33 10 337 137 28 33 33 27
342 21 35 48 1 40 147 256 316 210 11 33 27
343 21 32 34 1 32 84 173 170 351 20 33 27
344 21 33 57 58 34 1 181 275 321 27 33 27
345 21 28 21 55 22 1 485 575 1938 30 33 27
346 21 37 33 1 26 57 137 198 26 17 33 27
347 21 27 21 1 28 52 696 438 131 1 33 27
348 21 21 1 31 16 24 246 169 516 8 33 27
349 21 32 42 8 19 1 664 237 33 30 33 27
350 21 31 32 1 39 121 273 129 25 1 33 27
351 21 16 1 73 14 1 419 1 39 1 32 26
352 21 29 26 17 30 56 267 195 28 8 33 27
353 21 24 6 1 22 1 184 159 27 12 33 27
354 21 39 42 12 29 66 300 186 29 40 33 27
355 21 31 25 27 34 1 181 186 880 11 33 27
356 21 39 42 38 30 26 338 234 21 40 34 27
357 21 39 61 1 40 65 274 144 23 11 33 27
358 21 39 63 1 36 58 360 135 23 17 33 27
359 21 37 39 63 27 49 199 167 170 41 33 27
360 21 33 29 24 35 23 322 203 507 13 33 27
361 21 30 33 16 24 41 355 174 25 13 33 27
362 21 32 33 46 35 1 266 261 144 15 33 27
363 21 31 25 51 21 44 208 282 385 30 33 27
364 21 32 17 55 33 22 346 293 26 29 33 27
365 20 21 1 45 21 12 309 610 633 1 32 26
366 21 17 1 32 22 7 366 182 32 1 32 26
367 21 29 1 20 20 97 407 293 26 1 32 26
368 21 26 13 50 22 31 219 211 143 7 33 27
369 21 39 60 1 38 95 225 192 26 1 33 27
370 21 29 33 59 30 1 215 187 22 26 33 27
371 21 35 18 55 24 1 1488 960 29 43 33 27
372 21 29 17 63 15 12 192 1 34 25 33 27
373 21 39 67 14 33 25 263 253 26 40 33 27
374 21 36 42 1 30 64 330 234 28 28 33 27
375 21 29 11 64 15 22 442 227 30 41 33 27
376 21 34 31 36 31 1 210 138 268 27 33 27
377 21 26 1 54 27 64 391 174 42 1 32 26
378 21 31 12 36 22 23 218 270 25 18 33 27
379 21 28 10 45 28 44 799 363 668 14 33 27
380 21 16 1 65 14 16 298 161 23 1 32 26
381 21 34 31 48 31 1 389 207 23 46 33 27
382 21 37 34 15 31 68 289 176 20 31 33 27
383 21 28 7 55 25 1 293 201 25 19 33 27
384 21 39 35 74 30 54 235 229 823 41 34 27
385 21 32 30 22 32 1 206 1 181 19 33 27
386 21 29 34 44 22 1 227 342 31 43 33 27
387 21 32 43 1 36 1 325 172 30 25 33 27
388 21 32 34 1 25 30 217 137 27 27 33 27
389 21 34 49 1 32 1 150 133 321 18 33 27
390 21 32 22 1 25 1 239 150 31 28 33 27
391 21 36 59 45 23 11 260 153 23 53 34 27
392 21 30 34 27 21 51 304 301 515 24 33 27
393 21 31 42 39 25 38 295 174 27 24 33 27
394 21 33 26 19 26 43 226 241 316 27 33 27
395 21 40 65 1 32 112 295 187 424 42 33 27
396 21 35 51 1 35 17 306 589 207 12 33 27
397 21 34 52 1 41 16 187 316 448 1 33 27
398 21 30 15 37 18 24 354 194 521 29 33 27
399 21 41 50 1 31 77 203 182 787 38 33 27
400 21 31 13 65 13 34 251 161 34 52 33 27
401 21 39 51 6 34 69 232 198 30 31 33 27
402 21 31 22 1 42 29 538 407 33 1 33 27
403 21 31 1 24 42 1 205 159 143 1 32 26
404 21 31 30 1 26 1 278 1 31 1 33 27
405 21 36 48 32 31 1 262 212 28 28 33 27
406 21 32 1 20 30 78 367 158 32 1 32 26
407 21 30 30 44 24 33 182 246 307 17 33 27
408 22 29 43 33 15 6 667 166 20 15 33 27
409 21 27 1 55 21 1 297 227 29 12 32 27
410 21 38 68 1 40 42 234 255 21 27 33 27
411 21 33 34 1 38 1 479 289 30 7 33 27
412 21 32 26 1 33 104 204 219 368 1 33 27
413 21 34 59 1 39 20 222 182 203 18 33 27
414 21 30 22 37 27 1 383 302 22 28 33 27
415 21 29 19 23 28 69 360 289 28 28 33 27
416 21 30 23 67 21 117 315 1 29 32 33 27
417 21 34 34 39 27 14 195 154 296 10 33 27
418 21 30 34 1 32 27 144 217 30 1 33 27
419 21 27 20 1 36 95 558 294 246 1 33 27
420 21 28 5 3 29 1 283 208 27 3 33 27
421 21 28 50 1 31 1 443 105 16 23 33 27
422 21 36 50 1 39 76 447 248 31 15 33 27
423 21 34 36 35 19 31 308 203 25 23 33 27
424 21 35 30 1 29 1 284 242 31 24 33 27
425 21 25 1 1 30 34 325 176 552 1 33 27
426 21 33 26 68 24 9 240 156 26 26 33 27
427 21 26 1 68 30 25 303 209 228 13 32 26
428 21 21 1 67 23 1 207 70 35 1 32 26
429 21 33 37 1 38 1 334 290 32 3 33 27
430 21 32 38 1 41 90 182 258 26 1 33 27
431 21 40 45 22 46 1 192 201 29 25 33 27
432 21 34 24 1 43 1 226 119 31 1 33 27
433 21 36 37 25 20 1 232 180 30 23 33 27
434 21 32 32 17 25 24 156 257 19 26 33 27
435 21 32 30 38 25 1 212 360 29 27 33 27
436 21 32 39 27 33 2 264 263 31 26 33 27
437 21 34 41 24 32 1 206 164 31 43 33 27
438 21 37 49 1 40 58 235 237 527 16 33 27
439 21 28 24 55 22 1 292 326 17 34 33 27
440 21 27 28 1 23 23 238 120 509 14 33 27
441 21 33 29 11 19 30 427 184 29 24 33 27
442 21 36 1 59 39 48 379 132 26 10 33 27
443 21 27 1 41 32 1 320 62 30 3 32 27
444 21 41 41 3 34 13 277 254 755 24 33 27
445 21 27 21 39 41 4 277 319 23 4 33 27
446 21 43 45 41 38 1 410 255 28 38 33 27
447 21 32 31 1 29 48 301 165 28 28 33 27
448 22 33 22 6 17 1 170 198 175 21 33 27
449 21 25 19 9 17 8 182 130 24 11 33 27
450 21 36 42 47 36 1 287 289 551 23 33 27
451 21 29 24 49 18 28 191 287 28 13 33 27
452 22 29 38 1 24 1 306 347 22 30 34 27
453 22 38 28 20 39 44 218 109 25 1 33 27
454 21 39 49 1 29 88 243 229 257 31 33 27
455 21 25 1 56 18 18 290 257 29 19 32 27
456 21 20 1 44 18 1 175 247 18 1 33 27
457 21 36 44 45 38 46 254 226 30 22 33 27
458 21 19 1 37 27 1 232 214 137 1 32 26
459 22 29 25 1 36 77 152 95 26 1 33 27
460 21 35 37 27 32 104 314 295 24 20 33 27
461 21 27 37 1 20 26 179 420 942 12 33 27
462 21 29 24 32 18 39 237 264 21 22 33 27
463 21 27 7 35 20 73 353 144 34 18 33 27
464 21 26 22 32 23 77 173 304 28 20 33 27
465 21 42 53 44 27 35 259 206 28 50 33 27
466 21 23 1 25 23 10 189 152 22 1 33 27
467 21 37 36 1 43 93 294 270 258 1 33 27
468 21 30 18 65 27 93 203 113 35 25 33 27
469 21 34 29 1 39 1 173 168 28 1 33 27
470 21 25 1 30 17 3 238 215 435 1 32 26
471 21 43 57 61 30 98 296 191 22 53 33 27
472 21 36 49 1 44 72 291 272 32 1 33 27
473 21 36 27 52 38 1 268 272 238 26 33 27
474 21 27 14 1 36 1 278 313 25 1 33 27
475 21 29 35 9 25 52 379 146 219 11 33 27
476 21 34 60 1 39 36 211 136 22 18 33 27
477 21 24 11 35 18 2 281 120 26 29 33 27
478 21 32 24 1 29 13 462 195 35 35 33 27
479 21 32 37 1 27 14 242 197 148 31 33 27
480 21 27 30 29 38 30 330 1 140 7 33 27
481 21 34 43 1 19 38 367 176 31 18 33 27
482 21 31 4 41 23 29 350 185 25 24 33 27
483 21 38 44 35 38 8 252 202 30 35 34 27
484 22 29 9 16 23 22 262 189 29 11 33 27
485 21 31 1 33 26 33 211 140 157 14 33 27
486 21 38 52 1 32 90 377 238 29 20 33 27
487 21 27 37 40 26 15 373 180 25 16 33 27
488 21 38 57 1 37 1 180 150 22 28 33 27
489 21 32 46 1 26 1 324 230 118 43 34 27
490 21 35 42 58 24 42 231 128 27 44 34 27
491 22 33 26 33 30 66 237 365 32 8 33 27
492 21 29 27 39 25 1 183 215 375 32 33 27
493 21 33 41 1 32 1 232 72 64 16 33 27
494 21 39 49 1 41 3 277 330 33 18 33 27
495 21 32 30 23 31 54 219 351 31 36 33 27
496 21 36 47 1 44 1 284 282 22 20 33 27
497 21 31 26 13 35 28 317 237 181 1 33 27
498 21 29 26 14 33 24 244 240 24 1 33 27
499 21 41 50 1 31 59 254 265 41 26 33 27
500 21 31 27 81 23 1 209 169 25 54 33 27
501 21 24 9 20 21 17 214 276 276 1 33 27
502 21 28 30 1 37 44 498 164 25 1 33 27
503 21 33 27 11 25 31 263 298 29 2 33 27
504 21 30 15 34 24 44 771 746 710 28 33 27
505 21 36 52 25 34 1 207 1 30 35 33 27
506 21 30 16 51 17 33 319 243 24 33 33 27
507 21 34 47 1 27 4 232 129 181 33 33 27
508 21 29 10 74 30 1 308 188 24 31 33 27
509 21 32 38 2 31 15 567 203 27 13 33 27
510 21 34 40 1 25 40 444 125 25 5 33 27
511 21 30 39 1 25 7 207 202 30 39 33 27
512 21 24 1 32 24 1 190 200 717 15 33 27
513 21 30 12 14 34 1 314 110 33 4 33 27
514 21 36 57 17 22 80 218 167 30 39 33 27
515 21 30 32 35 30 67 165 167 209 33 33 27
516 21 28 29 24 25 1 292 154 24 14 33 27
517 21 26 1 33 23 51 167 176 26 1 32 26
518 21 32 53 55 28 1 198 211 30 45 33 27
519 21 26 10 51 25 1 346 127 24 15 33 27
520 21 32 25 58 16 78 709 1517 797 33 33 27
521 21 31 33 50 23 2 225 174 321 33 33 27
522 21 27 1 38 23 1 149 157 254 1 32 26
523 21 35 21 53 23 17 277 261 1245 52 33 27
524 22 29 36 1 37 1 200 532 282 15 33 27
525 22 31 31 62 23 22 163 276 32 42 34 27
526 21 26 1 33 32 33 167 645 301 1 33 27
527 21 30 23 7 27 1 251 941 419 32 33 27
528 21 35 42 29 21 1 331 183 27 28 33 27
529 21 39 73 1 33 61 387 244 21 40 33 27
530 21 30 24 20 26 9 244 352 468 9 33 27
531 21 37 47 20 40 73 309 163 813 13 33 27
532 21 29 24 20 25 35 378 440 268 28 33 27
533 21 29 12 52 23 1 213 240 33 29 33 27
534 21 32 38 1 24 43 165 155 167 5 33 27
535 21 35 56 1 38 3 242 189 26 19 33 27
536 21 20 1 55 13 1 164 390 193 9 32 26
537 21 27 34 1 25 1 243 120 327 7 33 27
538 21 29 29 1 21 57 216 174 726 8 33 27
539 21 34 41 1 29 19 268 189 25 32 33 27
540 21 32 29 28 19 57 418 171 28 32 33 27
541 21 37 67 1 21 66 189 370 457 35 33 27
542 21 22 1 64 27 22 194 131 653 6 32 26
543 21 32 38 1 44 1 297 210 377 6 33 27
544 21 30 3 41 30 35 192 206 32 28 33 27
545 21 36 55 8 37 1 167 250 31 38 33 27
546 21 27 4 28 37 1 206 124 33 1 33 27
547 21 30 27 19 17 14 222 179 196 30 33 27
548 21 30 24 39 24 1 277 297 19 33 33 27
549 21 23 1 99 21 1 226 151 26 24 32 26
550 21 31 24 16 33 1 281 390 159 23 33 27
551 21 34 43 1 35 61 286 246 31 23 33 27
552 21 29 35 55 25 32 195 510 369 24 33 27
553 21 29 9 49 16 24 265 142 27 24 33 27
554 21 36 67 1 45 1 277 204 26 29 33 27
555 21 31 22 5 22 95 355 247 22 17 33 27
556 21 42 37 1 25 97 206 238 221 41 33 27
557 21 32 41 35 34 1 249 146 29 18 33 27
558 21 27 29 1 30 1 267 431 32 21 33 27
559 21 27 19 1 30 38 316 195 177 2 33 27
560 21 19 1 30 20 9 222 184 20 13 32 26
561 21 29 18 1 28 48 307 197 23 10 33 27
562 21 35 35 1 30 11 254 109 31 25 33 27
563 21 24 1 82 16 27 240 161 28 1 32 26
564 21 42 63 24 28 74 464 221 38 49 33 27
565 21 36 43 1 46 1 331 171 24 1 33 27
566 21 31 39 1 28 74 239 187 728 17 33 27
567 21 29 36 1 28 5 193 1 32 17 33 27
568 21 30 31 16 28 42 225 174 29 9 33 27
569 21 41 64 1 32 90 227 564 781 33 33 27
570 21 29 25 1 31 1 192 463 547 4 33 27
571 21 26 32 22 26 17 270 201 23 15 33 27
572 21 29 35 18 20 8 188 188 27 27 33 27
573 21 36 45 1 42 35 236 210 25 1 33 27
574 21 39 43 34 37 116 207 299 29 14 33 27
575 21 23 1 57 22 55 183 196 480 1 32 26
576 21 33 38 53 30 40 206 237 27 35 33 27
577 21 33 21 96 24 54 211 227 238 33 33 27
578 21 40 62 1 35 10 332 251 34 21 33 27
579 21 30 34 32 25 1 218 148 24 21 33 27
580 21 36 26 21 30 28 264 158 19 26 33 27
581 21 36 46 1 31 73 578 315 30 36 33 27
582 21 33 42 1 23 38 271 172 393 24 33 27
583 21 30 1 48 31 109 265 276 20 1 32 26
584 21 34 30 30 27 47 436 232 25 27 33 27
585 21 43 61 1 33 41 340 236 554 26 33 27
586 21 25 19 30 25 1 346 276 31 15 33 27
587 21 28 22 34 37 1 614 370 29 13 33 27
588 21 36 39 7 28 22 206 119 435 26 33 27
589 21 34 59 1 40 100 265 231 202 11 33 27
590 21 35 47 11 28 27 187 124 30 28 33 27
591 21 43 92 1 37 1 254 278 439 33 33 27
592 21 21 1 83 22 1 224 111 627 2 32 26
593 21 28 22 65 22 1 321 261 20 22 33 27
594 21 34 41 1 35 64 299 176 412 11 33 27
595 21 28 27 1 29 25 309 184 22 1 32 27
596 21 29 13 25 27 17 508 386 24 3 33 27
597 21 29 1 17 24 10 348 170 26 11 32 26
598 21 34 27 42 23 34 165 245 551 25 33 27
599 21 30 38 19 45 1 379 226 23 14 33 27
600 21 32 25 1 33 32 812 200 25 1 33 27
601 21 33 54 1 32 45 268 186 25 1 32 27
602 21 35 33 24 34 94 477 377 25 18 33 27
603 21 27 22 42 26 30 225 154 18 13 33 27
604 21 37 45 1 31 1 229 132 29 35 33 27
605 21 33 41 1 36 1 168 140 93 1 33 27
606 21 33 51 39 36 89 316 115 20 17 33 27
607 21 29 13 37 19 16 422 185 31 37 33 27
608 21 35 31 17 27 80 217 316 24 32 33 27
609 21 21 1 9 20 1 459 188 28 14 32 27
610 21 30 28 40 27 1 468 189 29 36 33 27
611 21 31 46 1 36 1 241 160 26 2 33 27
612 21 40 92 1 35 1 353 284 30 31 33 27
613 21 37 47 1 26 1 238 137 22 23 33 27
614 21 37 47 1 22 1 355 291 448 53 33 27
615 21 38 59 1 32 27 509 262 24 24 33 27
616 21 34 40 1 39 14 371 329 21 1 33 27
617 21 26 16 14 37 1 188 131 23 1 33 27
618 21 26 10 24 29 40 422 144 26 19 33 27
619 21 36 42 1 32 1 254 267 148 39 33 27
620 21 40 61 1 29 47 193 144 405 29 33 27
621 21 38 64 1 33 1 661 131 21 33 33 27
622 21 36 27 25 32 76 435 119 22 21 33 27
623 21 26 28 62 19 1 251 191 19 34 33 27
624 21 33 40 32 24 73 335 264 29 48 33 27
625 21 31 20 13 22 8 446 197 31 25 33 27
626 21 32 3 37 24 6 293 127 179 6 33 27
627 21 29 10 38 29 9 284 270 253 10 33 27
628 21 30 34 3 24 91 280 144 25 26 33 27
629 21 27 1 14 23 80 1279 724 1688 15 32 27
630 21 35 32 72 25 1 308 337 24 49 33 27
631 21 37 32 84 25 45 320 198 618 45 33 27
632 21 29 36 15 33 1 141 219 29 29 33 27
633 21 30 43 25 27 1 277 121 26 25 33 27
634 21 39 42 24 35 1 496 315 22 36 33 27
635 21 32 12 58 32 56 425 1 34 6 33 27
636 21 33 52 1 41 55 389 250 25 18 33 27
637 21 31 34 47 32 1 206 243 29 12 33 27
638 21 31 27 8 29 17 404 2005 63 25 33 27
639 21 28 23 59 26 74 274 184 49 19 33 27
640 21 27 17 84 26 1 363 233 22 19 33 27
641 21 35 39 77 31 36 279 250 24 43 34 27
642 21 36 38 3 16 29 266 1 34 41 33 27
643 21 39 43 1 35 1 382 498 268 38 33 27
644 21 28 25 1 31 1 620 190 26 1 33 27
645 21 36 37 70 23 79 373 157 30 45 33 27
646 21 31 31 1 38 1 492 142 29 1 33 27
647 21 37 48 12 32 1 292 268 28 18 33 27
648 21 34 30 1 27 98 330 397 34 30 33 27
649 21 37 36 58 30 62 272 168 28 25 33 27
650 21 34 46 1 30 73 200 245 359 18 33 27
651 21 32 33 61 36 1 226 148 22 27 33 27
652 21 33 40 8 31 41 247 225 26 15 33 27
653 21 30 31 17 30 1 259 207 525 9 33 27
654 22 42 71 1 37 43 323 182 23 46 34 28
655 21 25 1 41 19 54 327 169 33 2 33 27
656 21 29 1 56 24 86 273 233 20 1 32 26
657 21 38 31 61 30 70 336 256 27 37 34 27
658 21 29 22 6 33 69 251 198 32 1 33 27
659 21 30 18 48 24 33 182 504 312 26 33 27
660 21 31 36 18 31 34 234 177 28 21 33 27
661 21 34 1 48 34 1 296 191 189 20 33 27
662 21 36 59 1 34 75 355 176 312 31 33 27
663 21 35 29 26 23 1 547 145 215 28 33 27
664 21 23 7 17 20 8 223 254 1160 23 33 27
665 22 30 37 26 16 1 216 328 260 33 34 27
666 22 35 33 31 25 34 192 211 296 28 33 27
667 21 35 47 1 30 69 242 116 27 15 33 27
668 22 33 32 43 24 99 225 141 24 20 33 27
669 21 24 1 68 23 1 504 295 31 14 33 27
670 21 22 1 29 30 44 404 168 31 1 32 27
671 21 35 47 1 28 1 209 284 21 29 33 27
672 21 25 1 23 19 25 322 632 36 14 33 27
673 21 35 60 1 29 1 258 244 30 17 33 27
674 21 37 36 53 28 1 256 220 488 36 33 27
675 21 31 6 33 35 1 274 186 333 8 33 27
676 21 35 56 1 32 76 260 161 20 12 33 27
677 21 28 33 1 23 15 348 167 25 22 33 27
678 21 29 23 61 11 1 383 142 30 33 33 27
679 21 34 31 13 27 23 160 274 425 28 33 27
680 21 35 30 42 15 42 217 277 249 23 33 27
681 22 36 38 71 33 1 553 280 24 42 33 27
682 21 31 18 80 18 57 197 272 30 35 33 27
683 21 32 34 27 37 1 1686 2004 59 17 33 27
684 21 27 4 49 23 66 284 243 35 23 33 27
685 21 32 34 16 33 80 149 195 23 1 33 27
686 21 26 19 1 23 1 484 308 316 12 33 27
687 21 30 23 1 34 69 222 269 31 29 33 27
688 21 28 15 31 33 1 140 153 374 5 33 27
689 21 21 1 94 15 35 243 207 23 17 33 27
690 21 39 88 1 30 19 581 504 200 42 34 27
691 21 30 21 48 22 14 234 160 25 22 33 27
692 21 31 35 22 17 19 592 212 659 19 33 27
693 22 27 16 77 24 38 227 149 28 37 34 27
694 22 37 64 1 33 92 173 291 212 28 33 27
695 21 30 35 23 18 6 396 149 28 19 33 27
696 21 36 46 1 22 1 259 180 23 27 33 27
697 21 32 37 1 41 1 312 212 29 20 33 27
698 21 32 12 1 20 1 602 364 909 3 33 27
699 21 34 35 1 34 95 324 279 152 12 33 27
700 21 32 16 1 43 38 281 226 22 1 33 27
701 21 38 38 36 21 1 124 152 29 49 33 27
702 22 37 62 2 42 25 359 405 27 38 34 27
703 21 25 9 1 21 16 355 165 284 1 33 27
704 21 30 21 58 31 43 211 285 26 18 33 27
705 21 26 16 1 29 42 264 128 28 1 33 27
706 21 33 53 1 40 66 172 200 26 9 33 27
707 21 35 42 66 26 114 361 281 31 26 33 27
708 21 31 40 48 31 1 1533 622 25 40 33 27
709 21 37 52 1 39 45 309 149 26 14 33 27
710 21 28 16 62 19 1 246 171 1207 35 33 27
711 21 34 44 23 26 1 677 190 35 35 33 27
712 21 31 2 102 35 87 180 127 429 26 33 27
713 21 34 52 43 33 30 206 256 26 24 33 27
714 21 37 50 1 29 73 530 238 241 35 33 27
715 21 33 44 1 37 53 421 142 19 16 33 27
716 21 25 1 56 22 1 199 187 797 6 32 26
717 21 29 29 33 24 1 288 117 23 9 33 27
718 21 35 34 1 41 97 301 221 26 1 33 27
719 21 27 1 73 30 1 192 130 33 20 32 26
720 21 32 37 23 34 1 217 345 26 22 33 27
721 21 36 44 40 28 1 267 212 24 33 33 27
722 21 27 1 78 24 4 556 114 24 28 33 27
723 21 29 27 14 22 1 202 122 502 19 33 27
724 21 31 11 21 30 27 348 224 278 10 33 27
725 21 43 71 1 43 1 371 138 27 25 33 27
726 21 36 62 1 34 46 249 182 26 30 33 27
727 21 35 36 73 32 1 412 185 27 42 33 27
728 21 23 1 84 23 59 220 175 29 1 32 27
729 21 30 17 52 23 37 636 152 549 7 33 27
730 21 21 1 25 26 1 322 313 29 1 32 26
731 21 29 35 68 24 1 300 288 616 41 33 27
732 21 25 3 1 19 53 189 164 203 1 33 27
733 21 29 31 41 16 1 382 309 635 29 33 27
734 21 32 39 33 26 64 260 243 30 41 33 27
735 21 30 40 53 16 24 460 211 28 39 33 27
736 21 31 15 47 34 1 226 1 33 10 33 27
737 21 35 33 17 35 1 196 146 210 16 33 27
738 21 37 50 50 28 75 278 156 25 49 33 27
739 21 27 17 23 25 1 264 323 29 30 33 27
740 21 38 55 1 23 57 492 142 24 17 33 27
741 21 33 44 1 28 12 210 202 25 22 33 27
742 21 24 20 1 43 49 209 359 192 1 32 27
743 21 28 12 45 18 35 390 211 226 20 33 27
744 21 21 1 49 23 12 196 122 119 5 32 26
745 21 28 27 1 32 44 229 133 36 12 33 27
746 21 35 66 1 40 46 419 237 29 1 33 27
747 22 36 29 13 30 74 294 305 629 15 33 27
748 21 30 1 36 26 63 252 445 272 1 33 27
749 21 31 43 50 32 1 174 188 26 22 33 27
750 21 20 1 94 21 36 193 174 253 11 32 27
751 22 36 45 1 31 59 159 189 37 9 33 27
752 21 31 33 22 28 77 232 282 26 20 33 27
753 21 35 41 25 35 53 219 231 31 11 33 27
754 21 35 34 25 37 1 236 161 28 16 33 27
755 21 41 76 1 39 1 227 133 34 35 33 27
756 21 41 50 1 30 52 263 2 32 25 33 27
757 21 33 20 33 32 1 294 162 25 32 33 27
758 21 38 39 40 36 1 178 185 24 32 33 27
759 21 35 24 49 27 1 174 770 531 44 33 27
760 21 30 34 27 28 1 466 114 227 34 33 27
761 22 31 48 49 35 55 282 180 294 30 34 27
762 22 34 35 42 23 1 289 329 23 23 33 27
763 21 27 15 35 22 1 258 172 26 32 33 27
764 22 37 40 1 32 5 265 297 80 30 33 27
765 21 29 10 1 27 1 688 202 32 9 33 27
766 21 36 45 12 24 34 230 352 21 33 33 27
767 21 37 43 1 38 1 407 116 29 3 33 27
768 21 35 36 21 31 1 282 317 23 12 33 27
769 21 34 43 73 32 1 192 189 26 38 33 27
770 21 26 1 79 17 3 199 185 24 2 32 27
771 22 32 49 33 40 1 193 330 19 30 33 27
772 21 32 24 29 27 17 363 225 24 38 33 27
773 21 31 19 1 35 1 468 481 25 1 33 27
774 21 32 26 23 26 18 175 1 32 22 33 27
775 21 34 38 4 38 1 251 218 29 16 33 27
776 21 32 28 1 30 91 218 402 37 14 33 27
777 22 34 34 35 37 1 202 286 505 7 33 27
778 21 35 74 1 23 1 181 237 206 31 33 27
779 21 30 39 22 24 4 450 166 26 37 34 27
780 21 21 1 31 20 10 165 255 1115 2 33 27
781 21 33 37 7 26 59 499 267 31 29 33 27
782 22 33 45 34 18 7 240 317 28 32 33 27
783 21 43 55 1 36 83 145 237 23 33 34 27
784 21 31 39 6 30 26 299 225 680 25 33 27
785 21 33 42 43 29 55 159 170 22 28 33 27
786 21 29 6 61 24 33 432 198 23 22 33 27
787 21 36 38 1 31 76 246 113 28 29 34 27
788 21 41 58 1 35 44 278 401 687 36 34 27
789 21 27 1 65 38 1 254 205 22 1 33 27
790 21 29 19 38 30 60 220 175 838 12 33 27
791 21 24 14 64 16 1 170 271 361 32 34 27
792 22 33 40 1 26 1 297 190 29 18 33 27
793 21 29 1 101 24 1 224 145 29 20 33 27
794 22 34 17 52 25 1 281 350 27 19 33 27
795 22 31 36 1 30 79 261 287 33 13 33 27
796 21 29 1 36 25 1 328 241 678 5 33 27
797 22 34 37 32 30 1 326 123 329 23 33 27
798 21 32 15 11 32 27 237 170 291 5 33 27
799 22 36 32 48 30 1 395 205 23 39 34 27
800 21 37 56 1 26 4 232 239 29 34 34 27
801 22 41 54 1 24 55 240 257 25 34 34 27
802 21 28 1 58 19 108 293 209 21 17 33 27
803 21 23 1 99 25 17 604 94 22 1 33 27
804 21 34 32 54 23 82 987 635 165 27 33 27
805 22 32 11 31 26 97 187 197 31 24 33 27
806 21 27 1 37 17 35 275 184 31 3 33 27
807 21 28 27 38 30 6 532 248 361 18 33 27
808 22 37 60 3 31 82 430 155 17 29 34 27
809 22 32 33 1 37 76 450 486 63 10 33 27
810 21 31 18 35 24 17 201 365 27 22 33 27
811 21 32 24 68 24 1 162 160 449 36 34 27
812 21 27 8 29 16 1 219 127 351 16 33 27
813 21 23 1 67 26 67 336 221 30 1 33 27
814 21 32 31 28 34 1 207 242 366 16 33 27
815 21 31 34 1 24 28 361 299 312 6 33 27
816 21 25 10 15 20 1 183 264 14 1 33 27
817 21 25 1 48 33 61 386 505 43 8 33 27
818 21 25 1 68 18 1 175 269 28 22 32 27
819 22 33 38 1 32 74 153 201 29 4 33 27
820 22 30 37 30 32 61 227 146 25 12 33 27
821 22 27 32 1 22 54 307 109 644 6 33 27
822 21 32 11 16 26 40 405 264 44 11 33 27
823 22 33 45 32 30 6 228 201 28 23 33 27
824 21 27 26 47 13 39 315 192 25 29 33 27
825 22 30 47 1 25 25 245 259 474 13 33 27
826 21 26 21 8 33 48 194 344 322 4 33 27
827 21 28 20 47 22 1 207 254 326 35 33 27
828 21 25 15 18 30 1 255 281 24 11 33 27
829 21 32 30 36 27 30 255 370 29 36 33 27
830 21 31 21 11 24 112 274 129 33 25 33 27
831 21 26 35 32 16 12 239 1 29 24 33 27
832 21 31 17 16 22 33 382 183 27 22 33 27
833 21 31 16 50 23 1 193 162 27 15 33 27
834 22 35 56 1 38 1 227 317 31 14 33 27
835 21 31 14 1 36 86 323 191 25 1 33 27
836 22 31 33 28 26 1 262 218 22 10 33 27
837 22 35 51 33 31 1 585 181 26 41 34 28
838 22 24 12 1 38 1 856 706 900 1 33 27
839 22 29 34 49 12 41 488 124 27 43 34 27
840 22 25 1 40 24 51 191 131 32 5 33 27
841 22 25 5 20 27 1 255 156 27 19 33 27
842 22 40 58 1 38 1 189 213 33 33 34 28
843 22 29 21 33 28 1 159 268 951 26 33 27
844 22 22 2 51 32 5 396 312 38 22 33 27
845 22 37 37 24 23 54 571 340 23 38 34 27
846 22 42 66 21 26 100 193 181 36 30 34 27
847 22 33 37 28 29 1 337 256 40 26 34 27
848 22 32 21 42 17 34 256 211 29 40 34 27
849 22 38 43 1 37 57 455 406 33 22 33 27
850 22 30 33 1 28 40 220 173 24 1 33 27
851 22 36 36 1 36 84 228 266 28 1 33 27
852 21 27 1 1 31 47 219 150 29 1 33 27
853 22 31 28 17 34 11 411 147 30 17 33 27
854 21 29 1 25 35 93 237 210 23 1 33 27
855 22 28 28 60 39 75 332 196 25 11 33 27
856 22 34 41 51 35 7 217 194 367 36 34 27
857 22 29 10 26 17 38 265 195 33 27 33 27
858 21 17 1 53 19 32 254 222 36 1 33 26
859 22 33 30 41 33 63 499 187 33 13 33 27
860 22 29 2 52 28 1 165 156 26 33 34 27
861 22 34 55 12 34 74 302 276 188 1 33 27
862 22 34 33 1 31 81 334 209 28 39 34 27
863 22 30 39 10 34 34 173 198 21 1 33 27
864 22 43 62 32 31 55 253 151 296 32 34 27
865 21 34 14 33 25 27 421 244 32 24 33 27
866 22 34 47 1 29 12 580 210 34 1 33 27
867 22 36 47 13 35 1 183 162 744 29 34 27
868 22 33 33 2 26 1 267 258 214 17 33 28
869 21 21 1 5 18 1 216 276 25 1 33 27
870 21 24 1 47 20 66 328 71 35 22 33 27
871 22 29 20 22 30 1 257 149 29 9 33 27
872 21 27 1 65 36 1 201 191 329 9 33 27
873 22 37 45 2 24 64 269 410 953 22 33 27
874 22 38 50 73 30 1 211 151 24 45 34 27
875 21 32 20 1 32 139 232 239 253 1 33 27
876 21 29 11 25 22 37 515 325 24 19 33 27
877 21 26 1 62 17 71 350 367 26 15 33 27
878 22 30 39 9 23 1 405 204 27 26 33 27
879 21 24 1 71 30 1 225 149 28 8 33 27
880 22 31 39 1 35 53 250 141 28 11 33 27
881 21 33 43 1 32 1 270 124 38 17 33 27
882 22 27 10 50 18 1 276 165 19 30 34 27
883 21 36 17 58 24 1 410 266 26 46 34 27
884 22 28 25 42 22 16 232 260 27 6 33 27
885 22 36 36 1 39 40 279 193 294 1 33 27
886 22 32 8 57 28 1 252 158 33 28 34 27
887 21 38 65 1 42 75 246 227 1358 4 33 27
888 22 30 26 1 20 1 224 234 181 28 33 27
889 22 33 44 57 31 48 319 193 22 41 34 28
890 22 37 37 63 28 39 256 335 29 39 34 27
891 22 30 32 45 33 34 255 144 436 15 33 27
892 22 35 47 40 35 58 278 216 34 27 34 27
893 22 35 47 16 45 80 393 231 267 3 33 27
894 22 34 44 18 30 58 269 129 25 24 34 28
895 22 32 16 37 33 1 346 93 24 18 33 27
896 22 28 23 1 21 45 259 109 214 7 33 27
897 22 39 40 30 33 119 288 195 23 20 33 28
898 22 35 23 14 24 28 240 155 148 30 34 27
899 22 31 31 41 23 3 209 299 325 24 33 28
900 22 35 40 2 27 11 170 167 21 17 33 27
901 21 22 1 3 25 21 225 369 169 1 33 27
902 21 31 48 1 31 73 188 106 68 14 33 27
903 21 33 23 1 29 48 247 137 31 7 33 27
904 21 33 44 30 35 88 227 548 272 10 33 27
905 22 35 39 1 36 71 290 213 27 7 33 27
906 22 36 21 38 22 27 369 152 29 15 33 27
907 21 32 30 1 29 21 193 157 26 3 33 27
908 21 32 47 34 39 40 226 283 511 18 33 27
909 21 22 1 66 17 69 243 246 25 1 33 27
910 21 35 34 39 29 93 265 98 26 25 33 27
911 21 32 39 38 39 1 280 388 184 17 33 27
912 21 30 16 25 23 70 251 196 23 18 33 27
913 21 33 43 1 42 76 274 272 106 3 33 27
914 21 38 49 59 35 1 268 256 25 41 34 27
915 21 22 1 18 18 35 772 379 27 9 32 27
916 22 27 19 29 24 98 418 170 23 17 33 27
917 21 21 6 27 19 1 148 290 27 8 33 27
918 21 31 35 24 26 33 361 267 31 32 33 27
919 22 34 38 1 31 7 276 431 28 22 33 27
920 21 36 54 1 26 25 268 221 23 20 33 27
921 21 32 28 70 28 13 509 154 37 23 33 27
922 21 35 34 1 36 1 2005 1067 828 30 34 27
923 21 32 29 1 39 70 246 120 26 1 33 27
924 21 27 18 30 15 68 175 152 23 13 33 27
925 21 31 77 1 25 64 318 285 27 33 34 27
926 21 27 13 52 19 1 371 197 33 25 33 27
927 21 27 1 73 13 67 224 232 416 22 32 27
928 21 33 48 35 25 64 339 157 32 34 34 27
929 21 31 19 16 35 1 289 203 26 5 33 27
930 22 28 24 57 17 1 219 280 167 33 34 27
931 21 29 1 53 31 1 213 233 27 9 33 27
932 22 30 25 38 29 7 253 287 36 30 33 27
933 21 24 1 20 15 17 186 189 518 1 33 27
934 21 30 29 40 19 29 714 412 26 35 34 27
935 21 27 34 1 28 11 216 239 735 1 33 27
936 21 33 49 1 33 1 267 178 26 17 33 27
937 21 34 25 18 32 1 297 229 30 23 33 27
938 21 31 11 20 23 49 218 211 29 23 33 27
939 21 27 24 1 30 1 273 196 29 1 33 27
940 21 38 47 38 31 41 320 254 28 41 34 27
941 21 22 8 21 26 54 326 189 27 5 33 27
942 21 29 30 53 27 1 337 208 27 30 33 27
943 21 29 2 43 30 17 461 276 19 27 33 27
944 21 35 40 1 34 37 283 212 28 1 33 27
945 21 31 27 7 35 32 225 220 29 1 33 27
946 21 21 1 56 29 28 301 1 421 1 32 26
947 21 40 50 13 27 32 437 142 33 43 34 27
948 21 23 1 30 28 13 286 396 29 2 33 27
949 21 24 1 30 23 44 266 152 25 19 33 27
950 22 32 28 73 19 1 193 332 24 38 34 27
951 21 25 10 37 20 24 158 193 223 5 33 27
952 21 30 32 1 28 42 441 135 29 1 33 27
953 21 25 3 45 23 1 198 191 24 15 33 27
954 21 30 19 51 33 25 214 161 32 8 33 27
955 22 32 23 21 32 1 230 194 30 8 33 27
956 21 30 1 81 36 1 244 134 26 1 32 26
957 21 28 36 1 27 19 279 159 23 1 33 27
958 22 38 50 55 36 1 338 258 253 35 34 27
959 21 29 28 19 25 106 819 658 27 14 33 27
960 21 31 5 24 6 1 453 331 27 30 33 27
961 21 28 1 36 36 1 372 169 25 5 33 27
962 21 25 29 1 35 23 147 167 531 1 33 27
963 21 39 65 1 44 36 182 205 24 14 33 27
964 21 28 12 1 21 21 456 309 22 13 33 27
965 21 29 27 6 32 38 284 114 22 8 33 27
966 21 32 37 1 31 4 219 168 389 10 33 27
967 21 38 55 1 21 84 219 234 33 42 34 27
968 21 30 13 1 30 49 209 147 26 2 33 27
969 22 36 52 16 46 1 358 320 29 28 33 27
970 21 34 46 10 36 79 318 140 29 16 33 27
971 21 37 47 1 29 72 178 264 32 16 33 27
972 21 33 21 29 23 40 262 208 25 37 33 27
973 22 35 70 1 38 40 180 181 22 40 34 27
974 21 31 24 18 32 33 202 137 851 23 33 27
975 21 31 32 86 35 1 235 206 864 33 34 27
976 21 28 23 1 35 1 165 265 406 1 33 27
977 22 33 23 55 23 32 318 142 28 21 33 27
978 21 29 34 21 15 53 197 147 271 26 33 27
979 22 24 26 1 32 49 186 267 24 1 33 27
980 21 17 1 76 16 9 604 156 26 1 33 26
981 22 42 36 1 33 40 2003 297 2003 19 33 27
982 21 32 31 4 29 1 426 184 410 15 33 27
983 21 30 14 76 29 4 142 493 257 3 33 27
984 22 33 36 1 33 17 257 167 207 8 33 27
985 21 35 41 1 36 114 169 117 23 7 33 27
986 21 31 37 11 33 1 301 232 26 1 33 27
987 21 37 44 5 34 1 190 231 433 18 33 27
988 21 27 9 43 27 1 191 321 24 13 33 27
989 21 38 76 1 29 1 245 143 24 31 33 27
990 21 43 72 1 34 89 528 146 324 38 33 27
991 21 37 28 78 33 1 471 193 22 32 33 27
992 21 30 20 34 27 84 244 312 32 26 33 27
993 21 33 31 16 33 1 205 250 26 29 33 27
994 21 35 47 1 39 59 251 77 34 19 33 27
995 21 37 46 23 26 4 329 1224 24 26 33 27
996 21 32 23 46 19 1 210 120 217 35 33 27
997 21 28 37 23 31 32 244 278 30 19 32 27
998 21 35 53 1 28 1 224 167 28 31 33 27
999 21 25 16 1 22 18 215 270 29 1 33 27
1000 21 29 31 41 20 1 919 180 702 19 33 27
