1 25 40 26 37 36 76 208 236 1407 46 38 31
2 25 35 60 8 39 46 262 136 141 1 38 31
3 25 41 42 30 44 111 304 241 386 39 38 32
4 25 43 116 63 39 56 275 106 443 27 38 32
5 25 42 65 46 33 3 282 298 29 48 38 31
6 25 37 46 28 42 1 243 196 30 4 38 32
7 24 33 1 43 19 13 635 116 38 29 37 31
8 25 41 37 31 28 92 296 191 29 37 38 32
9 24 29 1 40 28 78 271 216 36 4 37 31
10 25 44 40 26 35 1 267 195 28 39 38 32
11 25 36 25 13 50 1 287 217 29 14 37 31
12 24 32 1 41 38 1 228 1 37 11 37 31
13 25 40 42 47 23 32 375 312 30 46 38 31
14 25 35 47 37 32 4 224 372 31 37 38 31
15 24 34 1 43 32 62 251 185 125 11 37 31
16 25 38 46 21 43 1 183 190 199 31 38 32
17 25 38 1 23 26 1 323 149 982 16 38 32
18 25 36 31 41 31 42 254 132 26 27 38 32
19 25 38 27 34 36 1 343 146 161 26 37 32
20 25 33 15 42 19 1 403 200 21 37 38 32
21 25 36 24 22 29 18 562 171 31 29 38 31
22 25 35 22 43 27 1 459 195 32 42 38 31
23 25 37 18 35 32 98 417 271 42 30 38 32
24 25 37 32 39 34 81 266 241 25 35 38 31
25 25 38 31 34 34 93 278 322 27 33 38 31
26 25 37 49 34 32 1 282 143 27 31 38 31
27 25 38 28 46 30 18 298 179 35 48 38 31
28 25 37 51 16 34 72 400 248 32 33 38 32
29 25 45 52 41 35 1 347 212 34 43 38 32
30 25 36 46 24 35 136 180 315 408 34 38 32
31 25 34 20 28 18 35 293 227 368 23 38 31
32 25 37 64 20 31 66 225 161 26 15 38 32
33 24 32 1 27 37 74 267 267 194 6 37 31
34 25 39 21 26 34 1 224 152 594 12 38 31
35 25 33 52 27 16 1 322 171 28 32 38 32
36 24 37 1 35 33 1 304 302 27 11 37 31
37 25 37 23 39 41 1 368 160 42 30 38 32
38 25 45 57 34 44 1 363 164 33 21 38 32
39 25 31 26 27 30 83 197 249 37 20 38 32
40 25 43 48 21 44 8 249 244 33 19 38 31
41 25 30 8 52 24 53 209 541 32 33 38 31
42 25 37 42 12 35 55 327 394 40 16 38 31
43 25 32 35 16 40 3 239 244 930 1 38 31
44 25 39 84 16 39 85 223 495 288 36 38 32
45 25 37 66 31 33 1 224 163 28 39 38 32
46 25 33 32 20 34 29 331 281 27 29 38 32
47 25 38 88 10 34 1 330 118 21 32 38 32
48 25 39 53 25 39 1 743 260 36 19 38 32
49 25 36 52 40 28 20 334 320 32 41 38 32
50 24 32 1 41 33 12 195 290 420 31 37 31
51 25 42 51 28 33 46 1017 196 35 34 38 31
52 25 38 40 37 31 83 234 142 38 29 38 32
53 25 31 38 33 27 34 203 338 32 7 38 32
54 25 36 1 24 33 17 240 168 37 21 37 31
55 25 29 56 37 19 11 241 230 1035 31 38 31
56 25 32 45 34 27 2 218 189 31 27 38 31
57 24 31 1 43 28 66 186 1 493 8 37 31
58 25 38 33 35 43 1 410 162 27 34 38 31
59 25 35 44 32 31 5 162 153 26 37 38 31
60 25 43 47 46 43 1 290 423 30 42 38 31
61 25 33 31 13 37 27 280 144 338 6 38 31
62 25 36 40 27 26 10 195 336 38 27 38 32
63 25 47 104 4 36 1 339 131 33 28 38 32
64 25 33 5 29 27 41 240 205 379 14 38 32
65 25 46 102 15 42 50 269 178 35 50 38 32
66 25 34 31 36 18 17 251 203 310 33 38 31
67 25 33 36 13 35 95 223 324 29 1 38 31
68 25 36 18 30 28 29 287 354 31 45 38 31
69 25 40 96 5 28 1 254 129 27 45 38 31
70 25 30 8 31 29 16 274 213 33 31 38 32
71 25 34 41 9 41 10 455 248 357 12 38 32
72 25 37 13 43 27 1 215 261 42 19 38 32
73 25 36 11 22 33 1 827 333 28 39 38 31
74 24 27 1 34 35 47 294 146 254 13 37 31
75 25 37 13 39 29 1 251 1 39 39 38 31
76 24 21 1 36 11 1 299 529 1007 18 37 31
77 25 41 49 30 30 1 457 194 37 34 38 32
78 25 35 40 27 25 14 231 205 31 37 38 32
79 25 31 35 16 36 32 198 147 29 5 38 31
80 25 31 50 22 36 19 330 188 29 8 38 31
81 25 37 65 26 41 71 205 195 26 28 38 32
82 24 25 1 22 25 12 224 220 37 18 37 31
83 25 44 72 35 47 5 275 204 39 26 37 32
84 25 37 76 9 24 20 315 187 32 43 38 32
85 25 35 33 34 31 25 261 158 25 42 38 32
86 25 34 34 39 30 59 543 128 22 20 38 32
87 25 37 82 1 38 5 276 117 36 29 38 32
88 24 29 1 43 32 30 165 153 26 8 37 31
89 25 40 46 32 27 76 251 261 32 42 38 32
90 25 30 12 43 22 1 204 165 751 42 38 31
91 25 36 20 28 32 1 213 246 28 7 38 31
92 25 37 53 18 40 25 234 170 318 1 37 31
93 24 27 1 48 24 23 273 237 795 9 37 31
94 24 25 1 26 18 1 310 367 27 31 37 31
95 25 42 43 40 30 1 239 267 354 47 38 32
96 25 36 44 23 32 39 263 225 43 22 37 31
97 25 35 17 21 32 12 320 98 332 21 38 31
98 25 39 32 22 35 92 300 566 37 31 38 31
99 25 31 18 38 27 1 271 265 670 44 38 31
100 25 31 19 37 24 5 213 131 31 50 38 31
101 25 38 58 22 40 96 594 360 200 2 38 31
102 25 37 30 48 33 25 214 202 28 37 38 31
103 25 32 51 23 27 24 214 261 30 19 38 32
104 25 29 43 37 38 46 185 1 1109 23 37 32
105 25 31 19 28 32 1 225 162 249 11 38 31
106 25 37 24 43 30 8 476 349 34 43 38 31
107 25 32 28 29 29 6 250 181 26 20 38 31
108 24 28 1 37 25 67 215 152 38 2 37 31
109 25 43 65 35 25 1 209 212 36 52 38 31
110 25 36 60 9 42 53 232 298 26 5 38 32
111 25 40 34 27 36 1 253 350 301 41 38 32
112 25 41 26 25 46 20 183 158 26 1 37 31
113 25 34 9 34 34 1 212 601 1375 1 38 32
114 25 39 68 31 41 1 276 201 377 16 38 32
115 25 34 15 29 33 81 483 257 270 27 38 31
116 25 38 64 24 42 1 220 325 387 8 38 32
117 25 36 33 12 29 11 309 235 221 4 38 32
118 25 33 19 50 18 1 2004 2004 2004 37 38 31
119 25 43 46 20 28 104 228 254 453 37 38 32
120 25 33 16 14 21 13 208 153 576 18 38 31
121 25 28 1 41 31 1 351 2 45 6 37 31
122 25 38 19 29 34 1 600 134 55 39 38 31
123 25 36 53 40 32 1 190 608 39 31 38 32
124 25 36 49 27 30 48 226 324 30 10 38 32
125 25 43 108 19 50 1 187 245 393 23 38 31
126 25 32 1 45 14 73 220 197 31 21 37 31
127 25 41 103 14 30 78 295 283 368 31 38 31
128 25 42 62 28 46 54 141 131 30 8 38 31
129 25 37 75 9 35 28 275 363 24 12 38 32
130 25 36 23 32 30 3 311 254 42 16 38 31
131 25 38 53 30 29 1 320 311 30 32 38 31
132 25 30 29 2 40 27 228 230 34 1 38 31
133 24 22 1 29 24 18 246 240 35 1 37 31
134 24 33 1 30 43 1 446 150 30 24 37 31
135 25 34 27 26 42 128 281 179 37 20 37 31
136 25 36 38 25 21 16 175 556 555 27 38 32
137 25 33 19 33 36 1 242 115 29 1 38 31
138 25 44 22 37 35 12 213 279 704 40 38 32
139 25 38 36 40 29 1 351 140 31 24 38 31
140 25 40 15 30 50 1 234 291 30 12 37 31
141 24 27 1 30 26 39 221 1 348 12 37 31
142 25 37 25 33 44 1 248 201 36 22 38 31
143 24 30 1 29 30 1 306 226 35 5 37 31
144 25 36 46 41 38 20 463 392 35 27 38 31
145 25 40 47 25 27 30 174 302 36 39 38 32
146 25 35 29 15 35 53 373 520 31 13 38 31
147 25 33 36 50 27 1 391 427 49 37 38 32
148 25 38 61 24 28 85 350 658 31 14 38 31
149 25 37 68 24 12 32 424 177 37 39 38 32
150 25 42 100 18 36 46 396 209 36 33 38 32
151 25 38 42 23 40 76 262 147 40 25 38 31
152 24 33 1 44 33 1 295 253 40 12 37 31
153 24 28 1 53 38 1 199 138 411 8 37 31
154 25 34 24 32 30 21 264 136 30 13 38 31
155 25 32 14 23 33 1 392 156 36 23 37 32
156 25 33 19 36 39 1 273 146 36 30 38 31
157 24 30 1 61 30 49 224 127 29 7 37 31
158 25 37 48 21 37 71 205 181 33 30 38 32
159 25 38 59 31 37 24 304 200 21 11 38 32
160 24 28 1 40 21 13 289 410 356 6 37 31
161 25 43 71 38 27 68 235 145 44 45 38 32
162 25 38 65 18 41 72 225 251 37 16 38 32
163 25 38 32 34 25 63 405 136 33 45 38 32
164 25 42 35 34 36 64 273 264 35 34 38 32
165 24 30 1 36 22 1 197 214 361 28 37 31
166 25 39 56 32 36 67 600 213 30 27 37 31
167 25 34 40 44 29 1 343 118 33 35 38 31
168 25 37 61 22 33 1 304 148 28 24 38 32
169 24 30 1 44 34 1 231 242 632 20 37 31
170 25 35 1 38 31 64 348 206 310 45 38 31
171 25 32 1 47 20 50 195 114 30 38 38 31
172 25 32 1 37 22 8 335 264 399 49 38 31
173 25 33 40 12 46 35 262 241 292 1 38 31
174 24 27 1 25 31 1 212 194 252 11 37 31
175 25 32 22 29 38 1 906 241 29 13 38 31
176 24 24 1 48 11 57 188 220 263 1 37 31
177 25 38 57 34 35 78 263 380 26 32 38 31
178 24 32 1 28 34 41 1699 605 30 1 37 31
179 25 41 61 14 51 1 220 175 231 1 38 31
180 25 34 15 51 14 2 261 185 35 54 38 31
181 25 39 44 43 44 68 209 127 35 27 38 32
182 25 36 38 20 34 1 271 216 28 27 38 31
183 25 44 62 17 46 62 264 234 602 20 38 32
184 25 42 97 24 39 102 506 310 338 32 38 32
185 25 43 74 23 42 15 189 127 26 35 38 31
186 25 31 23 19 30 1 448 126 557 9 38 31
187 25 32 7 30 25 47 271 106 38 18 38 32
188 25 31 12 30 35 25 233 282 194 23 38 32
189 25 30 38 16 22 9 176 332 578 16 38 31
190 25 31 19 19 27 69 309 104 33 6 38 31
191 25 39 72 13 32 23 316 162 31 15 38 32
192 25 34 9 54 26 1 414 266 35 53 38 31
193 25 41 77 26 34 62 587 525 515 31 38 32
194 25 38 75 8 50 62 371 182 511 1 38 31
195 25 36 70 34 22 23 190 174 1123 46 38 32
196 25 35 1 51 24 15 509 842 1119 27 38 32
197 25 44 30 27 26 86 306 116 41 40 38 32
198 24 23 1 39 19 1 301 235 28 15 37 31
199 25 33 44 49 31 4 262 397 25 19 38 31
200 25 35 52 28 33 69 222 173 26 24 38 32
201 25 45 97 8 41 97 255 237 716 18 37 31
202 25 33 36 18 43 63 141 215 74 1 38 31
203 25 48 92 27 32 39 428 192 316 50 38 32
204 25 34 22 29 22 18 353 306 161 19 38 31
205 25 35 73 38 31 41 193 295 32 42 38 32
206 24 32 1 33 30 94 316 406 312 9 37 31
207 25 36 28 23 39 1 274 213 32 28 38 31
208 24 37 1 49 40 1 234 184 1471 8 37 31
209 25 29 1 50 24 1 204 181 27 37 38 31
210 25 33 32 48 33 1 810 310 21 17 37 31
211 25 36 47 14 29 12 214 164 25 25 38 31
212 25 32 9 51 27 70 418 162 38 47 38 31
213 24 30 1 40 26 129 194 119 25 1 37 31
214 25 35 19 50 39 1 315 294 1220 43 38 31
215 25 29 4 45 28 1 257 366 873 17 38 31
216 25 34 5 37 21 6 228 184 36 26 38 32
217 24 34 1 28 39 1 410 534 34 17 37 31
218 24 27 1 16 24 1 572 424 21 3 37 31
219 25 39 19 29 30 28 176 290 278 41 38 32
220 25 42 61 34 36 38 686 547 32 34 38 31
221 25 37 32 54 39 1 159 126 32 36 38 32
222 25 40 47 30 44 3 487 124 119 40 38 32
223 25 34 22 25 36 1 187 274 270 28 37 31
224 24 32 1 39 27 1 239 252 26 3 37 31
225 24 34 1 55 27 41 328 158 34 13 37 31
226 25 39 27 37 34 1 173 113 26 30 38 31
227 25 35 37 31 29 31 351 210 32 18 38 32
228 25 36 66 22 26 1 321 320 325 24 38 32
229 25 39 1 35 36 1 160 147 426 21 38 31
230 25 35 1 28 37 1 306 266 30 27 38 32
231 25 32 43 30 46 62 201 410 31 8 38 32
232 25 34 23 41 25 20 369 226 31 37 38 31
233 25 33 39 22 33 1 166 174 283 22 38 32
234 24 18 1 21 20 1 220 208 27 10 37 31
235 25 37 11 51 24 25 430 405 27 45 38 31
236 25 34 39 44 24 1 181 197 31 30 38 32
237 25 33 6 27 32 20 197 230 34 28 38 31
238 25 36 38 10 37 53 283 223 34 2 38 31
239 25 33 48 26 26 32 177 103 481 16 38 31
240 25 42 54 54 42 1 318 186 28 32 38 32
241 25 36 33 42 19 27 354 156 30 35 38 31
242 25 40 23 45 44 1 211 100 32 29 38 31
243 25 33 24 33 33 58 337 242 28 21 37 31
244 25 42 54 27 47 107 281 243 30 13 38 31
245 24 23 1 41 23 21 344 122 24 4 37 31
246 25 42 60 38 33 2 272 220 327 35 38 32
247 24 34 1 36 42 1 380 183 31 4 37 31
248 25 36 19 13 39 1 264 452 35 19 38 31
249 25 50 90 15 54 76 211 192 194 33 38 32
250 25 27 18 19 25 2 287 204 1512 20 38 31
251 25 31 39 31 25 24 236 185 121 15 38 31
252 25 44 112 21 42 56 289 163 39 39 38 31
253 25 38 49 29 36 1 266 170 28 22 38 32
254 24 24 1 42 20 26 297 253 1089 4 37 31
255 25 45 82 7 38 18 353 199 36 41 38 31
256 24 31 1 26 23 1 303 235 277 25 37 31
257 24 30 1 30 32 43 373 378 39 27 37 31
258 25 36 39 38 20 39 257 223 27 35 38 31
259 25 32 1 46 26 18 260 129 86 19 37 31
260 25 39 49 9 42 1 252 271 347 28 38 32
261 25 46 97 19 27 30 208 129 1240 39 38 31
262 24 29 1 35 10 69 205 295 469 13 37 31
263 25 38 33 31 47 141 885 192 34 12 38 31
264 25 42 34 18 42 1 225 212 35 37 38 32
265 25 40 44 51 35 1 272 120 41 42 38 31
266 25 32 7 33 26 1 486 263 29 28 37 31
267 25 29 16 25 33 15 258 304 842 7 37 31
268 25 35 23 24 37 18 369 363 31 1 37 31
269 25 41 73 42 47 44 356 202 706 14 38 31
270 24 34 1 43 28 1 219 292 28 39 38 31
271 25 36 57 36 31 1 238 266 265 12 38 32
272 25 33 40 45 23 1 264 219 522 49 38 32
273 25 34 23 31 21 16 236 118 34 41 38 31
274 25 36 24 29 31 68 305 183 282 44 38 31
275 25 37 47 48 27 80 221 1 31 22 38 31
276 24 26 1 29 26 1 245 2 645 5 37 31
277 24 26 1 45 27 1 214 213 29 17 37 31
278 25 34 9 21 26 62 341 269 37 35 38 31
279 25 37 34 27 27 15 366 226 37 38 38 32
280 25 32 16 34 26 52 328 236 30 34 38 31
281 25 41 40 13 43 63 328 320 443 1 38 31
282 25 35 7 31 24 92 369 139 28 25 38 31
283 25 34 42 15 29 1 304 178 28 30 38 31
284 24 32 1 17 38 6 243 354 31 2 37 31
285 25 39 76 23 35 1 209 214 233 33 38 31
286 25 32 21 25 34 1 235 324 69 1 38 31
287 25 41 52 26 36 1 463 308 37 48 38 31
288 25 28 1 29 32 1 241 203 28 16 37 31
289 25 40 39 38 23 1 321 274 282 53 38 32
290 25 34 11 24 27 31 343 93 35 37 38 31
291 25 34 15 50 27 28 332 199 32 43 38 31
292 24 25 1 31 18 2 199 216 156 20 37 31
293 25 43 75 11 37 1 268 210 31 36 38 31
294 25 35 20 35 31 22 216 1 32 1 37 31
295 25 34 30 36 20 80 252 188 29 43 38 32
296 25 42 27 39 29 1 212 192 261 52 38 32
297 25 41 51 34 27 117 199 237 28 38 38 31
298 25 39 83 24 39 1 280 140 41 44 38 31
299 25 29 1 40 11 8 255 278 923 18 37 31
300 25 44 38 18 30 1 304 343 31 39 38 31
301 25 41 48 24 44 101 238 944 471 35 38 31
302 24 24 1 56 16 1 195 1 252 23 37 31
303 24 34 1 34 35 29 418 173 291 15 37 31
304 24 31 1 34 29 90 261 313 28 20 37 31
305 25 44 96 5 34 76 188 125 26 47 38 32
306 25 35 38 41 29 11 238 234 27 47 38 32
307 25 38 38 32 35 93 411 129 27 25 38 32
308 25 47 77 29 36 1 351 158 37 38 38 31
309 25 36 71 26 31 1 324 1 786 5 38 31
310 25 42 74 36 49 1 578 187 27 14 38 31
311 25 36 34 38 26 48 457 219 31 37 38 32
312 25 39 64 24 43 66 1171 519 1119 12 38 31
313 24 32 1 39 28 37 265 277 31 22 37 31
314 25 31 12 24 20 54 521 200 31 25 37 31
315 24 28 1 41 19 83 279 193 31 29 37 31
316 25 36 1 48 32 113 358 215 31 26 37 31
317 25 33 7 29 35 1 273 294 32 27 38 31
318 25 38 68 43 26 26 260 327 29 54 38 31
319 25 37 1 21 42 40 236 240 178 17 37 31
320 24 33 1 35 41 1 185 154 29 9 37 31
321 24 25 1 40 25 45 161 176 29 11 37 31
322 24 30 1 41 24 94 263 310 28 17 37 31
323 25 37 27 14 43 1 552 175 27 1 38 31
324 25 41 85 13 36 32 384 179 33 28 38 32
325 25 30 8 32 25 68 145 169 83 39 38 31
326 25 35 40 20 27 1 256 165 33 33 38 31
327 25 39 41 29 26 57 262 161 31 45 38 31
328 25 39 17 19 31 1 270 119 37 26 38 31
329 25 43 42 33 42 24 299 234 31 40 38 31
330 24 29 1 20 31 27 357 172 32 1 37 31
331 25 36 33 34 23 1 167 207 34 38 38 31
332 25 43 72 29 42 72 299 252 38 33 38 32
333 24 33 1 29 28 1 197 231 28 25 37 31
334 25 49 51 23 46 26 304 259 34 43 38 31
335 24 30 1 26 37 1 330 269 35 19 37 31
336 24 22 1 31 23 1 353 188 24 7 37 31
337 25 35 7 32 33 79 486 319 250 20 38 32
338 25 33 14 27 23 1 288 225 29 38 38 31
339 24 23 1 27 29 53 293 149 304 1 37 31
340 25 27 1 29 28 1 264 318 27 23 37 31
341 25 41 64 35 39 1 373 154 32 41 38 32
342 25 35 45 31 24 72 572 289 34 27 38 31
343 24 31 1 29 38 1 597 228 411 21 37 31
344 25 36 36 27 32 8 367 265 26 34 38 31
345 25 40 26 30 26 1 264 379 309 32 38 31
346 25 31 3 10 26 1 227 269 40 12 37 31
347 25 44 39 24 35 35 209 280 436 41 38 31
348 25 46 45 44 31 36 238 224 37 36 38 32
349 25 36 24 42 38 1 227 522 159 37 38 31
350 25 41 67 33 27 1 308 196 29 26 38 31
351 25 45 62 19 42 1 344 167 37 35 38 31
352 25 34 7 37 37 1 353 218 37 18 38 32
353 25 25 1 23 23 1 216 695 30 22 38 32
354 25 40 47 34 24 1 314 138 28 33 38 32
355 25 38 54 20 31 59 240 191 211 17 38 32
356 24 33 1 43 25 1 440 348 202 38 37 31
357 25 34 45 31 24 29 350 188 32 30 38 32
358 25 43 48 20 49 112 315 241 277 12 38 32
359 24 36 1 27 31 29 223 161 28 9 37 31
360 24 36 1 47 42 1 319 180 35 18 37 31
361 25 35 45 22 27 27 257 226 34 20 38 31
362 25 42 49 25 37 32 378 217 40 18 37 31
363 25 40 40 26 41 63 298 116 35 16 38 32
364 25 29 3 39 13 10 351 245 33 37 38 31
365 25 37 67 11 38 51 419 192 34 18 38 32
366 25 38 53 35 30 1 213 206 26 35 38 32
367 25 29 13 29 23 1 192 206 36 15 37 31
368 25 33 30 15 39 5 299 176 30 7 38 31
369 25 38 31 24 37 50 284 287 28 34 38 31
370 24 27 1 39 29 28 307 222 30 20 37 31
371 25 36 42 21 41 111 387 159 34 21 38 32
372 25 37 44 23 37 1 162 206 32 3 38 31
373 25 38 25 44 21 1 314 296 486 33 38 31
374 25 43 77 31 32 13 318 196 30 34 38 31
375 25 35 34 27 38 44 257 186 27 17 38 31
376 25 37 66 22 29 18 241 202 237 29 38 32
377 25 31 27 22 23 1 288 115 30 28 37 31
378 25 83 139 217 61 75 263 180 150 78 38 31
379 25 31 20 21 37 57 247 211 131 8 37 31
380 25 37 28 29 30 9 259 198 29 23 38 32
381 25 36 35 11 35 52 400 283 739 5 38 31
382 25 35 6 44 29 1 338 329 35 32 38 31
383 25 33 1 41 23 29 330 270 367 11 38 32
384 25 37 64 9 29 9 344 232 28 18 38 31
385 25 41 47 32 29 43 216 77 47 31 38 31
386 25 34 11 32 20 60 186 158 232 42 38 31
387 24 31 1 33 25 3 366 282 26 19 37 31
388 25 33 36 25 17 8 211 228 31 35 38 31
389 25 42 76 36 35 78 299 182 32 28 38 31
390 25 39 35 42 36 106 291 247 35 15 38 31
391 25 36 37 43 44 1 326 212 37 29 38 32
392 25 31 17 16 31 1 305 243 26 12 37 31
393 25 36 37 33 33 19 128 231 26 25 37 31
394 25 39 39 17 36 1 205 1168 905 25 38 32
395 24 33 1 39 30 110 221 203 42 9 37 31
396 25 41 40 37 21 34 233 527 106 42 38 31
397 25 38 1 52 30 81 274 271 44 33 38 32
398 25 33 18 44 21 1 1352 461 2005 25 38 31
399 24 32 1 25 41 68 271 157 35 11 37 31
400 25 46 61 16 48 17 288 298 33 6 38 32
401 25 31 11 38 26 20 355 127 25 36 38 31
402 25 40 24 31 38 95 275 259 396 29 38 31
403 24 23 1 29 21 14 275 481 26 1 37 31
404 25 48 76 27 52 80 442 237 37 37 38 31
405 25 37 43 37 35 1 270 181 36 42 38 32
406 25 31 1 22 30 25 424 172 32 17 37 31
407 25 37 60 26 37 16 308 317 33 20 38 32
408 25 41 65 8 24 67 372 256 22 41 38 32
409 25 33 5 35 13 31 692 332 31 44 38 32
410 24 28 1 40 31 1 327 206 27 11 37 31
411 25 35 46 4 36 30 224 172 23 2 38 31
412 25 38 29 24 36 157 358 134 27 30 38 31
413 25 36 29 22 32 39 215 222 248 36 38 32
414 25 35 21 25 26 31 305 153 443 37 38 32
415 25 35 30 27 37 1 211 109 34 15 38 32
416 25 34 34 38 26 18 238 241 307 30 38 31
417 24 26 1 34 23 51 293 163 28 15 37 31
418 25 41 69 38 46 29 308 359 242 15 38 32
419 25 38 48 28 27 53 245 178 26 34 38 31
420 24 28 1 34 24 12 280 338 723 18 37 31
421 25 33 19 25 37 1 482 282 38 37 38 31
422 25 41 52 43 29 60 336 169 27 42 38 32
423 25 39 27 44 24 73 171 248 676 62 38 31
424 25 32 30 19 36 1 249 164 38 14 37 31
425 25 36 33 36 26 1 425 640 182 34 38 32
426 25 44 61 29 43 93 221 536 413 31 38 32
427 25 40 56 21 41 49 258 442 34 29 38 32
428 25 34 37 26 30 37 353 358 23 7 38 32
429 25 42 24 35 31 50 241 227 31 46 38 32
430 24 22 1 49 36 1 280 273 45 1 37 31
431 24 28 1 41 25 83 153 163 23 30 37 31
432 24 27 1 35 20 1 279 276 52 13 37 31
433 25 41 71 38 34 50 252 205 382 31 38 32
434 25 40 46 21 33 1 233 145 37 22 37 31
435 25 35 55 20 34 26 254 226 251 7 37 31
436 24 26 1 40 23 23 254 224 25 17 37 31
437 25 43 49 40 41 1 342 203 26 35 38 32
438 25 38 12 22 47 1 210 178 26 1 37 31
439 25 39 49 26 38 31 284 306 832 14 38 32
440 25 39 1 57 36 1 164 251 26 32 37 31
441 24 32 1 50 37 1 492 521 39 28 37 31
442 24 28 1 33 32 3 218 242 238 5 37 31
443 25 33 1 35 27 76 217 206 344 25 38 31
444 25 32 1 27 32 95 366 206 35 31 38 31
445 25 29 30 10 41 16 249 333 139 1 37 31
446 25 32 23 46 19 6 393 192 28 24 37 31
447 25 28 19 43 29 1 252 157 649 33 38 31
448 24 34 1 39 36 79 465 206 33 19 37 31
449 25 31 20 26 34 1 285 188 29 1 38 31
450 25 32 17 24 31 41 181 154 608 1 38 31
451 25 33 20 34 35 79 252 163 228 13 38 31
452 25 32 11 17 37 11 432 217 34 15 38 31
453 25 33 20 35 37 1 294 200 38 14 38 31
454 25 46 65 32 42 130 288 186 192 64 38 31
455 25 39 42 27 31 1 271 235 29 24 37 31
456 25 37 53 22 33 50 283 232 29 10 38 32
457 24 21 1 39 21 12 249 179 22 12 37 31
458 25 36 55 44 35 41 212 97 31 26 38 31
459 25 38 28 18 30 40 272 261 36 23 38 31
460 25 41 72 39 31 1 295 297 27 33 38 32
461 24 33 1 54 27 84 202 248 37 20 37 31
462 25 42 62 32 29 1 198 437 1613 41 38 32
463 25 39 61 46 36 1 330 190 31 33 38 32
464 25 32 28 37 44 13 377 333 247 22 38 32
465 25 33 21 42 25 1 378 304 32 40 38 31
466 25 34 41 9 32 3 289 215 257 13 38 32
467 25 31 27 42 24 1 446 246 27 28 38 31
468 24 32 1 56 30 44 216 203 229 36 37 31
469 25 31 23 37 16 45 157 218 244 17 38 31
470 25 39 49 24 42 97 284 233 649 5 38 31
471 25 39 92 22 48 40 299 217 32 22 38 31
472 25 38 43 44 27 63 294 252 28 35 38 32
473 25 33 38 1 36 1 337 171 28 4 38 32
474 25 35 21 21 26 10 421 438 31 32 38 31
475 25 34 12 40 23 10 264 127 27 32 38 31
476 25 38 31 16 114 1 337 238 33 4 38 31
477 25 37 28 32 36 1 340 150 26 28 37 31
478 24 34 1 48 21 47 214 148 30 37 37 31
479 25 37 35 52 27 1 210 260 306 47 38 32
480 25 36 43 42 29 1 314 215 32 37 38 31
481 25 36 20 29 34 8 316 242 36 37 38 31
482 25 36 24 18 36 21 244 126 32 28 38 31
483 25 41 46 24 43 1 229 102 206 26 38 31
484 25 30 17 29 22 10 227 188 19 11 37 31
485 25 34 23 20 25 2 143 314 24 12 38 31
486 25 34 17 37 27 1 889 553 525 28 38 31
487 25 31 1 30 38 20 378 257 244 13 38 31
488 25 38 38 28 37 1 362 212 748 33 38 32
489 25 41 65 34 35 11 329 204 521 38 38 32
490 25 31 19 22 17 1 218 416 29 16 37 31
491 25 36 26 36 36 55 260 192 39 12 38 32
492 25 39 32 20 31 60 278 306 27 43 38 31
493 24 32 1 29 27 1 213 186 683 23 37 31
494 25 36 22 39 23 1 261 122 30 39 38 31
495 24 27 1 46 29 69 156 144 487 9 37 31
496 25 36 22 40 21 20 367 200 33 29 38 31
497 25 42 40 42 38 55 307 257 29 34 38 31
498 25 42 65 47 36 52 187 190 317 46 38 32
499 25 39 48 27 35 27 237 285 31 36 38 32
500 25 41 29 50 35 34 232 256 39 54 38 32
501 25 35 3 16 41 55 553 629 22 1 38 31
502 25 46 60 22 37 70 179 236 36 35 38 32
503 25 39 50 25 25 5 461 129 24 33 38 31
504 25 36 26 35 42 102 243 336 440 11 38 31
505 24 26 1 50 21 1 273 222 26 25 37 31
506 24 26 1 31 13 43 299 246 387 15 37 31
507 24 34 1 47 30 1 205 226 1213 25 37 31
508 25 43 109 1 47 59 405 229 22 22 38 32
509 25 38 50 30 50 20 245 212 29 40 38 31
510 25 34 26 44 21 9 333 149 280 42 38 31
511 24 28 1 39 29 24 176 399 726 9 37 30
512 25 40 56 29 38 76 229 287 29 20 38 32
513 25 44 67 25 44 36 515 175 26 22 38 31
514 24 28 1 38 34 39 349 159 313 39 37 31
515 24 31 1 32 44 82 234 1 35 4 37 31
516 25 41 53 28 43 67 198 204 612 40 38 31
517 24 28 1 26 26 72 271 123 25 11 37 31
518 25 37 56 21 35 1 322 251 36 6 38 32
519 25 45 106 18 45 77 303 150 31 22 38 31
520 25 40 47 29 39 1 317 173 44 35 38 32
521 25 31 1 29 31 33 377 255 30 24 37 31
522 25 35 51 37 38 20 268 163 30 8 38 31
523 25 39 36 47 33 33 371 189 38 44 38 31
524 24 27 1 44 17 1 282 1 446 8 37 31
525 25 35 15 49 35 1 232 437 29 45 38 32
526 25 40 35 20 32 103 301 132 32 32 38 31
527 25 35 40 14 47 41 225 190 39 12 38 32
528 25 36 59 28 40 40 241 183 179 8 38 32
529 25 44 46 35 35 1 146 149 24 35 38 31
530 24 28 1 33 26 1 246 175 25 11 37 31
531 24 29 1 26 30 38 351 304 36 5 37 31
532 25 37 36 33 39 1 347 255 1921 41 38 32
533 25 41 38 36 41 48 350 404 31 20 38 31
534 25 32 34 30 34 1 193 152 293 42 38 32
535 25 33 36 43 38 7 322 138 168 13 38 31
536 25 44 76 21 43 45 206 194 29 46 38 31
537 25 32 32 42 35 1 194 486 25 20 38 32
538 25 42 79 37 34 63 158 240 276 44 38 31
539 25 33 11 26 31 28 218 243 488 19 38 32
540 25 43 47 23 37 52 662 2005 554 39 38 31
541 25 36 5 45 11 19 208 176 26 45 38 31
542 25 31 18 19 29 51 300 181 27 19 37 31
543 25 34 46 39 30 9 434 176 37 29 38 32
544 25 45 26 32 38 45 242 331 500 32 38 31
545 25 29 19 14 35 51 344 240 30 15 38 32
546 24 30 1 15 28 14 265 429 36 1 37 31
547 25 39 60 28 35 42 222 128 38 14 38 31
548 25 39 49 35 32 1 320 234 35 42 38 32
549 24 35 1 38 28 51 194 172 31 3 37 31
550 25 30 18 25 30 1 288 187 365 19 37 31
551 25 45 50 32 31 70 286 188 42 47 38 32
552 24 34 1 37 27 28 334 181 32 14 37 31
553 25 45 61 28 32 65 357 231 1222 48 38 31
554 25 28 25 37 18 21 386 176 36 31 38 32
555 25 32 1 34 21 29 267 147 30 36 38 31
556 25 39 61 40 37 8 385 347 128 25 38 31
557 25 49 104 17 37 46 195 305 30 52 38 31
558 25 35 44 27 30 1 478 402 41 37 38 31
559 25 37 49 11 34 1 508 210 30 35 38 31
560 25 36 61 33 32 100 260 216 28 19 38 31
561 25 39 57 21 43 1 205 1 252 16 38 31
562 24 35 1 31 36 77 291 168 40 28 37 31
563 25 37 35 44 31 1 193 156 31 47 38 32
564 25 35 5 29 27 26 198 239 221 25 38 32
565 25 40 49 33 25 86 317 112 28 30 38 31
566 24 35 1 20 30 10 352 287 40 12 37 31
567 25 36 36 30 31 45 241 143 31 28 38 32
568 24 33 1 41 28 85 455 166 532 20 37 31
569 25 38 18 19 39 71 201 141 36 25 38 32
570 25 33 49 21 37 15 219 287 581 32 38 31
571 25 38 54 15 30 25 168 204 431 20 38 31
572 24 34 1 17 28 85 406 372 34 6 37 31
573 25 33 20 7 37 1 147 291 32 7 38 31
574 24 32 1 35 36 59 247 203 314 19 37 31
575 25 37 39 33 38 120 514 169 28 10 38 32
576 24 35 1 33 28 33 281 306 40 19 37 31
577 25 31 55 23 28 14 227 214 30 22 38 32
578 25 38 45 20 34 76 247 303 424 21 38 31
579 25 36 10 46 43 62 232 155 40 26 38 32
580 25 42 48 32 32 19 438 169 39 32 38 31
581 25 37 56 23 38 6 386 207 28 22 38 31
582 24 30 1 26 21 1 268 245 373 24 37 31
583 25 35 1 48 29 68 251 1 744 34 38 31
584 24 28 1 17 22 1 230 190 163 19 37 31
585 25 34 32 18 34 42 615 1215 296 5 38 31
586 25 41 38 28 43 103 257 149 37 20 38 31
587 25 38 57 23 46 97 232 137 192 13 38 32
588 25 31 1 41 21 17 247 246 34 39 38 32
589 25 45 101 11 36 32 452 219 34 43 38 31
590 25 36 50 8 49 15 178 319 382 2 38 31
591 25 36 36 32 34 34 284 149 27 28 38 32
592 25 36 33 35 47 105 196 251 342 23 38 32
593 24 29 1 51 24 91 371 225 31 21 37 31
594 24 27 1 63 21 39 247 185 29 29 37 31
595 24 30 1 19 29 6 426 247 261 9 37 31
596 25 33 44 20 34 8 264 195 28 3 38 31
597 25 33 17 24 32 1 313 179 30 10 38 31
598 24 27 1 38 24 1 152 369 31 14 37 31
599 25 34 50 26 32 1 501 110 32 17 37 31
600 25 35 72 29 29 67 278 149 34 17 38 31
601 25 33 3 37 31 20 221 156 36 29 38 31
602 25 33 35 25 35 1 329 651 35 17 38 31
603 25 41 80 34 28 34 264 179 517 34 38 31
604 24 32 1 41 29 47 271 180 38 15 37 31
605 25 34 34 30 33 41 242 212 24 7 38 31
606 25 39 41 29 24 82 289 157 47 34 38 31
607 25 38 32 25 46 52 277 222 271 11 38 31
608 25 41 43 23 39 29 299 121 37 20 38 32
609 25 38 76 19 39 78 205 318 236 22 38 31
610 25 33 27 48 31 7 379 211 334 37 38 31
611 25 41 100 6 45 57 337 232 25 18 38 31
612 24 24 1 19 31 15 529 194 33 1 37 31
613 25 31 10 53 17 1 266 151 27 40 38 31
614 25 40 60 32 24 62 158 286 881 45 38 31
615 25 35 47 25 33 1 216 241 305 20 38 31
616 25 29 1 35 26 3 279 347 29 19 37 32
617 24 36 1 45 29 1 245 573 453 17 37 31
618 25 35 28 2 44 1 318 281 34 12 38 31
619 25 33 41 23 30 1 456 183 25 10 38 31
620 25 36 49 28 33 11 305 397 296 37 38 32
621 25 38 46 28 26 41 229 271 326 27 38 32
622 25 26 1 27 27 28 124 280 28 14 37 31
623 25 36 48 30 43 117 173 292 772 10 38 32
624 25 34 52 44 32 102 265 223 31 24 38 31
625 25 36 52 32 27 1 206 277 231 45 38 32
626 25 42 26 48 33 56 186 214 186 40 38 31
627 25 40 59 19 45 90 320 244 497 9 38 31
628 25 27 26 32 26 1 256 150 22 19 38 32
629 25 34 27 16 40 16 195 336 31 1 38 31
630 24 32 1 33 22 62 408 258 21 12 37 31
631 25 39 45 35 40 1 249 305 33 32 38 32
632 25 35 29 34 18 12 219 162 230 38 38 32
633 25 34 44 22 40 1 246 196 30 11 38 32
634 25 31 1 43 34 81 842 208 29 23 38 31
635 25 38 23 20 49 1 180 197 32 25 38 31
636 25 37 43 4 45 53 303 168 626 23 38 32
637 24 34 1 31 32 14 368 137 36 6 37 31
638 24 30 1 25 26 42 231 269 38 9 37 31
639 24 29 1 24 20 1 280 291 27 17 37 31
640 25 42 66 28 38 55 337 184 28 34 38 31
641 24 34 1 38 22 35 264 223 35 12 37 31
642 24 36 1 31 30 65 326 177 27 20 37 31
643 24 32 1 46 25 104 252 210 437 21 37 31
644 25 38 8 49 37 1 256 179 34 40 38 32
645 25 34 49 21 37 45 263 185 257 14 38 31
646 25 32 15 23 39 41 273 287 667 1 38 31
647 24 21 1 57 24 52 417 293 36 1 37 31
648 25 39 41 28 37 83 363 291 27 38 38 31
649 25 45 49 40 37 1 256 189 519 37 38 32
650 25 30 53 31 40 68 202 334 281 23 38 31
651 24 32 1 48 23 15 227 135 34 21 37 31
652 24 28 1 47 24 13 395 108 36 20 37 31
653 25 32 14 31 37 1 312 163 38 27 37 31
654 24 25 1 17 22 14 387 217 30 1 37 31
655 25 39 51 41 32 33 332 239 38 43 38 32
656 25 37 31 35 36 3 191 167 46 17 38 32
657 25 40 17 42 32 39 204 159 299 39 38 32
658 25 39 29 36 33 1 284 260 463 44 38 32
659 25 34 40 22 35 1 303 271 30 12 38 31
660 24 31 1 30 31 18 314 253 36 4 37 31
661 25 41 50 40 31 68 403 484 358 44 38 32
662 25 37 47 11 32 53 265 118 31 18 38 31
663 24 29 1 36 15 29 252 144 35 7 37 31
664 25 30 32 21 30 1 232 288 35 17 37 31
665 25 31 1 41 23 1 228 239 30 39 38 31
666 25 38 74 33 32 1 311 161 33 50 38 32
667 24 26 1 26 19 1 217 230 34 25 37 31
668 25 41 34 24 31 51 232 250 216 55 38 32
669 25 31 34 15 38 1 293 214 32 1 37 31
670 25 36 53 27 32 36 335 184 27 12 38 32
671 25 37 47 43 32 1 271 281 34 54 38 31
672 25 42 58 27 41 76 333 173 302 42 38 31
673 25 36 34 38 19 71 309 191 31 37 38 31
674 25 39 55 28 36 1 166 183 41 27 38 32
675 25 33 23 47 27 45 232 278 26 45 38 31
676 25 37 82 30 27 37 292 223 478 27 38 32
677 25 35 33 24 29 80 210 200 214 26 38 32
678 25 40 28 14 28 48 434 184 951 24 37 32
679 25 35 73 17 36 11 274 220 36 24 38 32
680 25 40 62 24 36 74 126 141 28 17 38 31
681 25 44 83 22 53 113 162 334 26 1 38 31
682 25 37 53 17 44 24 191 215 306 5 38 31
683 25 44 45 44 37 1 216 250 37 42 38 31
684 25 35 9 30 18 65 268 160 27 29 38 31
685 24 33 1 28 39 38 151 249 418 1 37 31
686 24 25 1 30 23 1 667 219 35 21 37 31
687 25 40 22 27 32 1 320 141 39 49 38 31
688 25 30 23 11 33 53 209 209 28 1 37 31
689 25 33 36 42 27 22 344 262 32 25 38 31
690 25 38 51 18 50 1 2004 128 22 21 37 31
691 25 44 60 25 27 28 455 226 22 49 38 31
692 25 36 39 30 36 77 172 198 32 32 38 31
693 25 35 38 38 18 2 197 191 27 39 38 31
694 25 45 72 44 43 1 398 237 34 40 38 32
695 24 29 1 29 34 1 201 325 37 19 37 31
696 24 28 1 46 32 15 450 1 255 20 37 31
697 25 42 34 34 27 36 276 140 37 48 38 31
698 24 23 1 32 21 4 205 146 33 16 37 31
699 25 34 1 27 32 88 162 172 38 27 37 31
700 24 33 1 25 41 134 362 286 32 9 37 31
701 25 33 23 10 42 82 194 143 211 1 38 31
702 25 37 41 29 33 11 184 342 325 17 38 31
703 25 45 45 46 41 46 386 571 40 26 38 32
704 25 35 62 21 31 54 385 628 416 19 38 31
705 25 39 67 22 32 1 371 216 297 22 38 31
706 25 38 62 28 41 1 264 204 436 43 38 31
707 24 29 1 27 29 72 449 210 34 1 37 31
708 25 38 35 38 30 52 254 356 36 42 38 32
709 25 36 64 11 33 1 348 173 34 45 38 32
710 24 33 1 34 41 1 325 133 32 3 37 31
711 25 35 11 35 36 1 213 121 36 34 38 32
712 24 36 1 58 31 1 178 198 372 35 37 31
713 25 42 79 42 30 104 389 295 31 49 38 32
714 25 45 46 49 31 1 235 249 31 40 38 32
715 25 41 55 28 39 107 206 142 35 24 38 31
716 25 35 25 23 33 1 267 251 30 30 38 31
717 25 45 67 22 36 78 279 177 38 9 38 31
718 25 37 26 41 23 87 541 188 550 39 38 32
719 25 30 1 23 30 1 256 148 32 27 37 31
720 25 38 55 27 39 1 415 231 36 34 38 31
721 24 33 1 30 30 16 208 289 298 9 37 31
722 25 38 46 39 31 60 195 175 284 36 38 32
723 25 31 4 19 33 15 351 204 308 1 38 31
724 25 40 40 34 36 47 306 201 241 40 38 32
725 25 39 46 21 41 1 319 197 29 35 38 31
726 25 35 19 34 43 1 354 204 32 26 37 32
727 25 36 43 27 38 30 389 310 56 36 38 32
728 25 38 49 33 34 13 226 145 28 38 38 31
729 25 38 54 19 31 28 308 245 28 13 38 31
730 25 36 30 37 34 1 273 179 30 31 38 32
731 25 38 38 32 34 1 311 1 40 39 38 32
732 24 29 1 41 29 4 232 159 212 29 37 31
733 25 38 49 23 24 74 254 161 211 36 38 31
734 25 36 71 20 33 15 249 153 30 33 38 31
735 25 39 34 52 36 1 251 219 35 37 38 32
736 25 32 26 10 42 12 170 142 29 4 37 31
737 25 35 23 42 28 1 231 283 343 22 38 31
738 25 40 43 13 39 1 222 515 652 24 38 31
739 25 32 3 17 40 1 195 206 34 4 38 31
740 25 36 19 14 35 1 230 227 30 5 38 31
741 25 36 23 42 36 1 216 192 303 21 38 31
742 25 34 52 18 34 1 210 404 31 26 38 31
743 24 31 1 29 32 1 409 162 25 1 37 31
744 25 36 32 10 45 19 272 224 30 5 38 31
745 25 36 38 4 40 78 287 186 35 24 38 31
746 25 39 70 20 38 20 368 226 218 22 38 32
747 25 40 58 29 46 52 238 304 298 9 38 31
748 24 32 1 32 23 6 301 570 32 16 37 31
749 24 28 1 26 26 43 272 254 26 1 37 31
750 25 33 1 28 31 1 369 371 36 34 38 31
751 24 31 1 32 24 26 338 278 33 13 37 31
752 25 38 66 35 39 87 227 186 33 25 38 32
753 25 37 20 28 30 68 377 259 26 36 38 31
754 25 34 19 21 26 60 177 164 27 29 38 32
755 24 25 1 27 20 1 273 205 30 20 37 31
756 24 33 1 24 36 7 299 358 39 25 37 31
757 25 36 73 24 37 1 298 140 545 13 38 31
758 24 27 1 63 14 1 270 146 41 28 37 31
759 25 38 44 35 23 10 268 238 31 50 38 32
760 25 31 1 20 24 1 232 432 40 27 37 31
761 24 33 1 42 36 88 278 187 29 12 37 31
762 24 30 1 43 25 66 242 270 35 16 37 31
763 25 44 90 29 45 1 459 144 30 31 38 32
764 25 38 41 37 31 119 332 405 40 18 38 32
765 25 26 1 20 20 1 222 358 26 24 37 31
766 25 36 51 24 31 1 220 132 21 14 38 31
767 24 28 1 36 27 85 264 310 38 22 37 31
768 25 35 4 35 30 8 197 112 32 34 38 32
769 24 30 1 24 30 1 243 284 47 1 37 31
770 25 43 106 17 38 4 307 163 24 38 38 31
771 25 39 48 36 30 36 310 199 32 23 38 31
772 24 27 1 22 12 8 289 218 19 29 37 31
773 25 41 51 19 29 1 289 248 442 35 38 31
774 25 38 8 28 37 100 378 185 30 31 38 31
775 25 39 50 9 33 1 137 298 34 19 38 31
776 25 37 57 25 41 1 237 209 26 29 38 32
777 25 44 56 29 37 1 159 435 1395 15 38 31
778 25 37 69 27 42 61 213 133 31 7 38 31
779 25 37 2 46 38 102 512 277 37 16 38 31
780 25 40 45 27 33 45 228 299 32 13 38 32
781 25 35 51 11 42 62 371 181 32 1 38 31
782 25 37 41 48 24 1 268 448 33 54 38 32
783 25 30 26 28 34 46 433 210 27 15 37 31
784 25 37 27 41 34 11 351 208 37 24 38 31
785 24 30 1 38 30 1 399 563 776 1 37 31
786 25 38 51 36 43 31 322 176 28 11 38 31
787 25 36 17 4 39 39 216 303 366 1 38 31
788 25 44 50 15 32 62 231 378 24 41 38 32
789 24 34 1 40 33 1 301 260 30 12 37 31
790 25 38 62 23 47 1 242 209 29 12 38 31
791 25 33 1 55 26 1 356 218 27 49 38 32
792 25 39 42 24 47 75 617 445 511 1 38 31
793 25 34 22 26 34 94 463 167 37 34 38 31
794 24 30 1 31 29 93 216 171 435 9 37 31
795 25 33 57 10 21 4 217 136 33 19 38 31
796 25 39 50 14 32 11 339 160 27 10 38 31
797 25 35 52 34 26 9 462 179 208 31 38 31
798 25 31 25 9 26 63 240 88 36 8 37 31
799 25 36 30 34 23 5 206 281 32 19 38 32
800 25 31 37 46 24 19 257 173 31 28 38 31
801 25 42 35 20 33 1 161 231 248 29 38 31
802 25 33 1 30 37 3 430 194 32 16 38 32
803 25 37 22 31 44 1 537 189 326 22 37 31
804 25 35 20 38 42 135 331 256 37 14 38 31
805 25 39 44 21 35 1 283 234 1742 38 38 31
806 25 36 35 42 25 1 253 161 28 40 38 31
807 25 45 86 23 53 1 317 155 32 9 37 31
808 25 38 46 47 22 1 312 353 26 48 38 31
809 25 31 38 20 28 2 244 177 29 17 38 31
810 25 34 22 31 34 56 331 170 34 18 38 31
811 25 38 57 42 37 82 281 193 30 27 38 32
812 25 34 25 20 31 62 175 255 28 4 38 31
813 25 35 44 22 30 22 401 331 1374 32 38 31
814 25 31 16 37 32 47 483 223 33 30 38 31
815 25 34 54 30 32 1 467 157 27 21 37 31
816 25 40 29 13 42 12 156 188 349 27 38 31
817 25 40 45 22 39 48 298 583 666 21 38 32
818 24 28 1 25 29 34 558 243 42 19 37 31
819 25 33 38 23 29 35 592 673 32 39 38 31
820 25 33 33 36 36 30 202 143 423 23 38 31
821 25 40 33 36 50 1 433 209 40 43 38 31
822 25 36 1 30 29 28 208 298 379 21 38 31
823 25 39 26 27 39 1 503 142 34 39 38 31
824 25 41 17 30 40 68 176 162 40 33 38 31
825 25 29 5 24 27 16 245 413 36 19 37 31
826 25 34 29 33 30 1 223 141 39 32 38 31
827 25 38 32 32 35 1 311 1 261 31 38 32
828 25 33 58 33 37 15 342 291 34 36 38 32
829 25 31 25 28 29 91 352 402 27 18 37 31
830 25 38 44 49 35 11 300 159 32 34 38 32
831 25 33 19 16 33 35 294 303 37 10 38 31
832 24 29 1 26 37 6 193 172 28 12 37 31
833 25 38 29 47 27 57 228 245 663 30 38 31
834 24 29 1 25 24 1 229 307 33 17 37 31
835 25 42 41 27 38 1 212 207 28 25 38 32
836 24 32 1 29 25 30 239 163 1039 12 37 31
837 25 38 31 31 36 52 266 253 459 30 38 31
838 25 41 61 27 31 34 473 186 31 32 38 31
839 25 42 96 15 35 37 401 389 31 25 38 32
840 25 33 25 48 28 1 383 172 997 36 38 31
841 25 37 24 33 22 14 278 167 34 39 38 31
842 24 34 1 29 29 55 273 322 34 9 37 31
843 24 33 1 23 20 8 235 137 35 17 37 31
844 25 44 80 20 50 1 415 284 23 25 38 32
845 25 32 24 43 21 18 295 212 503 18 38 31
846 25 41 27 31 43 96 256 123 26 25 38 32
847 25 39 30 24 30 1 323 253 32 29 37 31
848 24 32 1 56 28 1 630 308 29 30 37 31
849 25 38 22 21 41 49 221 182 33 17 38 31
850 25 52 113 18 48 1 316 165 209 50 38 32
851 24 31 1 22 26 7 446 194 26 5 37 31
852 25 39 101 9 46 1 210 540 195 21 38 32
853 25 40 53 25 40 24 237 233 358 22 38 32
854 25 37 34 24 36 1 208 199 32 18 38 31
855 25 35 18 41 32 5 267 182 364 21 38 31
856 25 36 30 35 28 1 256 193 39 41 38 31
857 25 37 18 41 40 96 237 102 189 29 38 32
858 25 43 98 12 38 1 284 275 771 31 38 31
859 25 34 71 15 39 104 232 690 34 5 38 31
860 24 37 1 41 30 1 270 213 37 33 37 31
861 25 35 30 38 43 57 203 143 31 10 38 32
862 25 48 99 12 47 44 308 152 35 44 38 31
863 25 36 67 31 34 32 202 330 33 28 38 31
864 25 36 40 28 35 33 303 273 24 8 38 32
865 25 42 26 40 35 17 359 287 40 46 38 31
866 25 37 20 50 26 1 471 292 194 49 38 31
867 25 25 18 30 30 1 369 216 310 3 38 31
868 25 35 16 36 25 26 173 354 622 13 38 31
869 24 26 1 39 25 1 385 196 619 35 37 31
870 25 43 55 33 39 1 306 168 236 34 38 31
871 24 36 1 28 23 43 234 221 206 32 37 31
872 25 33 37 36 24 1 371 245 30 31 38 32
873 25 40 19 40 42 1 491 141 31 39 38 31
874 25 33 25 41 20 32 239 183 30 31 38 31
875 25 32 27 28 31 13 168 238 223 24 37 31
876 25 36 20 39 29 27 265 205 35 42 38 31
877 25 32 28 23 30 1 284 197 286 31 38 31
878 25 40 65 21 39 26 175 146 25 8 38 31
879 25 40 62 18 44 1 224 282 36 18 37 32
880 25 42 41 33 30 64 330 237 26 48 38 31
881 25 40 41 20 35 68 264 423 25 24 38 32
882 24 33 1 25 35 1 272 160 26 10 37 31
883 24 31 1 32 20 61 363 246 19 7 37 31
884 25 40 45 37 44 56 357 250 29 10 38 31
885 24 28 1 54 10 38 335 1 34 18 37 31
886 25 43 59 7 32 1 601 119 32 40 38 32
887 25 39 50 43 35 25 491 215 29 38 38 31
888 24 26 1 10 24 5 170 379 629 1 37 31
889 25 43 33 26 37 1 329 324 372 33 38 31
890 25 29 22 35 31 1 219 179 33 19 37 31
891 25 32 45 14 40 1 143 167 28 13 38 31
892 25 42 77 37 39 77 211 466 29 37 38 32
893 25 34 36 38 27 55 320 231 28 27 38 31
894 25 37 27 28 30 58 206 208 35 14 38 31
895 25 41 65 20 43 89 203 330 222 1 38 31
896 24 22 1 36 19 1 357 263 863 11 37 31
897 25 36 33 15 31 66 256 344 1320 5 38 31
898 25 36 51 28 40 1 292 165 40 1 38 31
899 25 39 69 17 32 26 252 213 29 30 38 32
900 25 37 38 47 40 1 258 164 30 12 38 31
901 25 34 28 19 23 1 211 361 30 33 37 31
902 25 33 11 35 28 66 280 346 33 12 38 32
903 24 36 1 28 24 49 276 177 30 7 37 31
904 25 31 15 16 37 40 542 176 40 14 38 31
905 25 33 61 30 25 29 250 169 31 31 38 32
906 25 38 61 22 34 75 264 305 773 20 38 31
907 25 47 67 28 41 62 188 209 740 48 38 31
908 25 33 45 34 37 65 210 375 658 18 38 32
909 25 35 11 26 38 82 302 229 675 31 38 32
910 25 25 8 15 33 1 303 717 30 9 38 32
911 25 27 1 11 39 1 336 203 32 1 38 31
912 25 32 7 18 42 124 198 289 399 1 38 31
913 25 39 55 32 33 3 282 153 199 26 38 32
914 25 34 16 35 30 19 310 249 30 17 37 31
915 25 39 31 41 34 116 189 135 209 11 38 31
916 25 37 35 5 28 1 214 244 31 6 38 31
917 24 34 1 43 24 1 452 187 33 34 37 31
918 24 36 1 39 34 120 236 140 40 36 37 31
919 25 43 68 40 41 8 198 235 33 30 38 31
920 24 32 1 31 26 58 1628 222 33 15 37 31
921 25 36 43 14 47 79 213 297 164 7 38 31
922 25 41 61 16 33 76 399 297 33 34 38 32
923 25 28 7 31 29 17 182 280 34 14 38 32
924 25 30 17 31 30 43 222 346 1312 19 37 31
925 25 31 18 37 24 1 218 164 321 37 38 31
926 25 40 30 30 34 126 205 208 31 31 38 31
927 25 35 28 47 27 59 237 912 269 34 38 31
928 25 31 4 21 35 1 212 171 411 28 38 31
929 25 38 61 24 39 70 215 199 38 44 38 32
930 25 32 29 24 21 1 268 212 23 18 37 31
931 25 33 25 13 27 30 301 219 335 19 38 32
932 25 31 11 45 36 1 335 628 31 12 38 31
933 25 35 27 41 30 3 176 1 168 28 38 31
934 25 42 51 47 41 1 354 263 24 37 38 32
935 25 38 47 27 31 87 198 148 285 21 38 31
936 25 33 29 39 24 1 291 196 28 31 38 31
937 25 35 22 31 23 119 242 418 268 23 38 31
938 25 41 50 32 44 128 238 224 189 18 38 31
939 25 40 59 38 32 1 364 219 24 29 38 32
940 24 27 1 34 35 89 242 227 32 10 37 31
941 25 41 79 31 36 78 263 282 423 36 38 32
942 25 36 68 38 27 1 252 168 42 39 38 31
943 25 38 41 22 30 16 288 169 606 23 38 31
944 25 40 37 12 34 68 248 315 25 14 38 32
945 25 34 15 39 30 18 290 223 37 42 38 32
946 24 38 1 44 40 106 241 337 228 14 37 31
947 24 29 1 43 21 22 196 400 27 23 37 31
948 24 24 1 42 24 40 340 138 176 2 37 31
949 24 29 1 54 27 67 182 517 392 34 37 31
950 25 40 55 17 31 1 275 143 32 37 38 31
951 24 25 1 36 28 1 770 419 32 21 37 31
952 25 33 4 33 18 14 205 177 205 25 38 31
953 25 36 46 37 40 8 212 251 19 7 38 32
954 24 29 1 32 28 32 366 187 202 6 37 31
955 24 32 1 36 20 1 192 343 307 18 37 31
956 25 29 20 27 20 1 298 300 36 28 37 31
957 25 40 36 28 30 32 217 255 40 30 38 32
958 25 30 23 7 38 33 305 190 28 1 38 31
959 25 39 60 15 35 1 237 290 30 29 38 31
960 25 32 11 34 20 1 330 247 240 22 37 32
961 25 38 57 21 22 35 203 206 337 20 38 32
962 25 36 62 52 32 1 302 241 33 32 38 31
963 25 33 23 27 26 47 302 265 38 34 38 31
964 25 31 9 45 21 1 369 173 34 31 38 32
965 25 50 130 1 52 1 349 414 400 30 38 32
966 25 34 35 31 24 10 210 176 32 35 38 31
967 24 29 1 19 30 1 719 729 256 5 37 31
968 25 35 15 33 39 1 254 614 28 12 38 31
969 25 38 98 1 36 1 426 181 33 22 38 31
970 25 40 38 39 34 21 229 225 285 28 38 31
971 25 36 56 22 31 10 244 313 29 7 38 31
972 25 33 1 61 27 62 515 234 42 46 38 32
973 24 27 1 27 32 1 333 166 30 9 37 31
974 25 34 32 33 34 76 346 264 34 2 38 32
975 25 39 33 39 24 1 226 177 30 43 38 31
976 25 37 24 39 15 4 229 146 34 52 38 31
977 25 29 38 27 28 37 238 144 37 19 38 31
978 25 40 94 26 47 45 223 162 530 13 38 32
979 25 36 64 2 37 25 204 213 322 11 38 31
980 25 28 1 49 16 74 287 156 294 34 38 31
981 24 24 1 19 28 36 218 250 452 1 37 31
982 25 42 60 28 30 95 617 137 34 41 38 31
983 25 36 43 40 30 1 337 336 38 33 38 31
984 25 36 22 33 42 95 237 308 56 16 38 31
985 25 45 67 34 43 102 190 198 191 21 38 32
986 25 40 54 15 53 129 273 239 494 1 37 31
987 25 38 27 28 36 7 226 143 30 7 38 31
988 24 34 1 37 26 1 199 139 334 29 37 31
989 25 34 45 32 16 36 171 196 480 45 38 32
990 25 33 57 14 38 1 617 180 32 1 37 31
991 24 34 1 36 44 43 338 212 25 1 37 31
992 25 31 1 29 21 1 237 181 34 19 37 31
993 25 35 65 13 43 96 343 190 36 21 38 32
994 25 34 2 34 39 1 526 510 28 12 38 31
995 25 37 59 25 50 84 499 226 240 1 38 32
996 25 38 22 34 38 1 246 318 30 29 38 31
997 25 40 63 33 22 31 204 300 36 55 38 31
998 25 35 56 28 30 1 390 241 359 20 38 32
999 24 26 1 28 26 35 569 198 30 1 37 31
1000 25 40 78 27 32 84 135 472 631 41 38 31
