1 25 38 74 27 51 89 187 152 109 16 37 31
2 25 29 1 21 27 1 381 213 33 12 38 31
3 25 35 47 33 36 89 263 403 25 11 38 31
4 24 31 1 20 24 50 174 244 860 20 37 31
5 25 38 58 36 39 86 248 165 34 9 38 32
6 25 38 39 21 32 1 441 314 31 15 37 31
7 25 39 45 30 43 86 231 156 27 26 38 31
8 25 39 35 22 40 24 276 149 30 23 37 31
9 25 32 37 24 33 31 187 284 39 1 38 31
10 25 38 40 22 25 69 825 648 2005 33 37 31
11 25 32 37 21 47 73 219 819 36 1 38 31
12 25 44 67 32 42 108 208 554 35 31 38 31
13 24 31 1 30 14 30 416 145 25 26 37 31
14 25 32 40 20 36 1 330 185 33 3 37 31
15 25 32 37 28 30 33 320 307 28 35 38 32
16 25 38 27 28 38 1 264 273 850 30 38 31
17 25 42 50 32 41 12 256 180 35 42 38 32
18 25 32 32 21 33 26 316 132 37 4 38 31
19 25 42 51 21 50 1 175 263 21 21 38 31
20 25 37 52 38 29 78 204 212 31 40 38 32
21 25 36 19 34 42 12 364 308 30 20 38 31
22 25 38 55 28 31 37 223 117 34 25 37 31
23 25 37 30 48 33 89 233 200 30 15 38 31
24 24 25 1 30 27 21 453 286 723 3 37 31
25 25 37 49 24 30 38 268 192 584 33 38 31
26 25 31 30 17 36 1 308 151 34 23 37 31
27 25 45 80 26 47 1 218 338 32 37 38 31
28 25 39 35 37 32 79 235 162 40 40 38 32
29 25 34 32 14 36 1 268 152 32 1 38 31
30 25 40 25 31 33 1 330 261 38 29 37 31
31 25 39 39 12 34 7 206 311 29 33 38 32
32 25 36 47 39 34 34 316 142 36 42 38 31
33 25 35 29 22 36 1 275 246 34 5 38 31
34 25 36 17 37 35 40 824 319 165 17 38 31
35 25 38 44 38 26 30 254 277 30 12 38 32
36 25 33 42 40 32 33 171 746 335 23 38 31
37 25 39 80 11 41 27 263 177 32 29 38 31
38 25 36 42 25 30 42 250 211 916 14 37 31
39 25 33 19 50 17 12 214 351 643 39 38 31
40 25 37 44 45 21 21 130 498 365 40 38 31
41 25 38 45 25 41 9 188 380 37 23 38 31
42 25 45 52 32 39 119 331 219 28 25 37 31
43 25 33 16 28 31 6 158 176 31 30 38 31
44 25 32 1 29 36 91 473 196 31 5 37 31
45 25 38 42 34 42 1 276 199 592 24 37 31
46 25 38 50 35 22 9 360 573 26 47 38 31
47 25 36 49 35 34 29 424 316 355 20 37 31
48 25 30 39 26 33 52 213 150 26 17 37 31
49 25 41 66 26 41 1 318 296 30 38 38 31
50 25 26 22 24 29 1 295 351 362 4 37 31
51 25 41 96 27 48 32 334 326 36 30 38 31
52 25 39 48 16 38 52 459 156 188 34 38 31
53 24 31 1 47 31 1 256 260 441 9 37 31
54 25 43 53 22 26 7 157 352 20 37 38 31
55 25 34 41 31 33 57 204 102 37 37 38 31
56 25 39 14 43 30 53 228 169 400 39 38 31
57 25 36 33 28 33 55 378 196 33 20 37 31
58 25 38 37 32 39 1 339 213 30 33 38 31
59 25 41 48 8 37 83 291 316 39 13 38 31
60 25 33 1 35 20 1 246 188 28 22 37 31
61 25 29 2 22 31 1 284 187 37 7 37 31
62 24 25 1 47 24 44 538 165 23 19 37 31
63 25 43 21 29 45 43 305 121 36 16 37 31
64 25 32 28 3 39 25 315 148 103 1 37 31
65 25 41 69 29 25 78 282 322 25 38 38 31
66 24 31 1 40 25 1 280 146 32 25 37 31
67 25 33 47 35 38 1 435 149 28 23 37 31
68 25 32 20 31 28 129 204 187 34 19 37 31
69 25 42 70 37 36 33 255 207 1193 45 38 31
70 25 37 37 37 34 85 232 252 341 12 38 31
71 25 39 68 37 22 108 274 138 35 32 38 31
72 25 34 21 26 29 39 280 309 414 22 37 31
73 24 34 1 35 37 55 179 245 245 8 37 31
74 25 39 52 31 35 16 198 216 374 24 38 31
75 25 37 36 24 45 16 634 215 29 6 38 31
76 25 33 24 37 30 1 349 190 27 19 37 31
77 25 36 30 25 37 21 345 351 34 16 38 31
78 25 43 64 35 34 72 1224 424 1065 45 38 31
79 24 29 1 37 26 1 301 519 32 13 37 31
80 24 34 1 39 18 47 264 252 35 31 37 31
81 25 40 66 16 33 1 221 144 36 27 38 32
82 25 35 18 30 25 49 318 243 23 26 38 31
83 25 37 82 35 15 62 162 134 29 42 38 31
84 25 37 54 38 29 1 191 135 37 45 38 31
85 24 30 1 30 19 37 275 156 22 13 37 31
86 25 36 67 18 46 1 187 173 35 8 38 31
87 24 31 1 44 33 1 218 335 32 15 37 31
88 25 41 82 21 47 154 260 182 30 23 38 31
89 25 35 45 40 29 83 272 203 28 24 38 31
90 25 45 57 33 34 1 293 175 33 40 38 32
91 25 41 45 21 40 1 458 165 32 24 37 31
92 25 40 37 41 25 33 210 153 35 41 38 31
93 24 26 1 32 30 41 208 164 25 1 37 31
94 25 47 107 10 48 26 349 199 28 29 38 31
95 25 33 1 40 36 26 283 327 33 28 38 31
96 25 42 74 28 36 72 240 283 31 32 38 32
97 25 34 27 20 41 52 307 129 36 1 38 31
98 25 31 2 16 27 42 223 1 252 14 37 31
99 25 29 9 34 24 15 261 137 32 21 37 31
100 25 41 85 24 38 1 223 142 21 29 38 31
101 25 40 53 24 35 30 375 235 36 29 38 31
102 25 39 49 19 31 68 235 219 226 24 38 31
103 25 31 7 37 31 32 246 277 468 12 37 31
104 25 40 56 30 33 61 243 197 33 36 38 32
105 25 48 100 32 47 8 309 367 31 22 38 31
106 24 34 1 22 45 104 339 147 36 1 37 31
107 25 29 15 26 34 25 436 360 497 16 37 31
108 24 31 1 49 27 70 312 175 30 25 37 31
109 25 38 37 21 44 41 273 185 40 15 38 31
110 25 34 51 3 27 9 351 327 1013 36 38 31
111 25 31 1 34 36 1 299 174 33 20 37 31
112 25 35 18 35 27 43 482 342 1013 20 38 31
113 25 28 22 18 38 1 215 172 503 13 37 31
114 25 41 70 23 40 8 608 406 28 29 38 31
115 25 30 35 19 37 47 329 147 25 5 38 31
116 25 34 19 37 17 39 221 1 34 19 37 31
117 25 30 1 15 34 1 277 250 24 20 37 31
118 25 38 70 58 61 101 825 2005 2005 1 38 31
119 25 37 6 36 31 96 263 166 756 36 38 31
120 24 21 1 26 31 9 274 226 26 1 37 31
121 25 36 63 32 25 20 318 149 30 39 38 31
122 25 38 69 9 44 46 246 161 29 22 37 32
123 24 26 1 52 27 27 418 1 37 7 37 31
124 25 31 34 41 29 77 262 156 29 28 38 31
125 25 37 90 14 28 1 292 254 35 29 38 31
126 25 30 30 16 43 92 206 253 311 8 37 31
127 24 20 1 27 29 4 544 182 37 22 37 31
128 25 34 33 42 21 10 316 306 34 42 38 31
129 25 35 11 40 25 1 314 367 399 54 38 32
130 24 37 1 45 33 83 274 249 30 19 37 31
131 25 39 56 11 52 1 353 286 38 1 37 31
132 24 31 1 27 30 12 189 232 401 23 37 31
133 25 34 39 31 35 27 407 257 35 25 37 31
134 25 36 47 50 30 1 366 272 28 51 38 31
135 25 36 83 16 39 65 253 132 40 27 38 31
136 24 31 1 32 18 23 303 255 653 39 37 31
137 24 40 1 31 43 22 262 297 36 9 37 31
138 25 37 34 45 33 1 643 264 25 50 38 31
139 25 39 16 32 29 120 200 252 480 31 38 31
140 25 30 1 41 17 29 252 375 502 25 38 31
141 24 30 1 41 29 6 210 278 30 18 37 31
142 24 28 1 30 23 2 714 354 220 22 37 31
143 25 38 34 50 24 48 335 171 203 36 38 32
144 25 32 41 18 32 1 336 147 28 23 38 31
145 25 41 54 24 29 105 276 252 1147 43 38 31
146 25 38 63 31 29 26 329 395 31 12 38 31
147 25 38 83 23 50 17 220 234 195 23 37 31
148 25 33 23 27 31 47 618 130 43 1 38 31
149 24 26 1 35 23 1 283 285 163 11 37 31
150 25 33 22 41 37 58 227 149 23 37 38 31
151 25 31 56 18 24 4 468 218 32 36 38 31
152 25 39 60 12 43 1 2005 650 37 6 38 31
153 25 38 63 36 26 9 331 230 34 46 38 32
154 25 34 5 42 20 4 302 286 747 38 38 31
155 24 30 1 37 34 86 472 225 35 5 37 31
156 25 38 44 36 28 6 549 204 30 39 38 31
157 25 30 20 44 26 17 264 157 29 32 38 31
158 25 34 42 50 22 42 441 200 27 40 38 31
159 25 34 17 44 30 1 175 213 448 34 38 32
160 25 29 44 45 26 9 495 153 22 24 37 31
161 25 42 35 40 27 34 354 243 408 34 38 31
162 24 24 1 49 16 4 471 195 22 15 37 31
163 25 43 66 33 26 31 263 245 32 49 38 31
164 24 30 1 41 23 51 185 181 321 7 37 31
165 25 39 61 39 38 102 224 238 28 27 38 31
166 25 37 31 49 31 9 353 178 32 41 38 32
167 25 40 28 36 32 24 330 485 84 29 38 31
168 24 30 1 20 31 65 320 141 35 5 37 31
169 25 37 65 35 34 1 352 470 322 21 38 32
170 25 49 59 26 38 102 167 114 28 39 38 31
171 25 30 1 28 27 25 282 413 30 18 37 31
172 25 38 30 33 33 1 200 155 25 26 38 32
173 25 43 74 14 32 1 506 164 32 41 38 31
174 25 41 62 7 46 11 273 213 376 1 38 31
175 25 34 25 31 33 82 236 278 36 22 38 31
176 25 31 25 14 27 33 224 214 381 10 38 31
177 25 36 1 36 30 11 519 218 704 29 38 31
178 25 42 38 33 38 108 301 147 40 20 38 31
179 25 33 13 38 34 1 322 154 672 29 38 31
180 25 40 65 26 34 1 251 255 26 18 37 31
181 25 37 1 37 29 49 437 405 48 26 38 32
182 25 36 49 20 33 1 198 163 31 33 38 31
183 25 38 33 25 38 93 320 216 41 15 38 32
184 25 34 1 41 29 1 196 187 31 22 37 31
185 25 40 63 30 29 11 187 287 555 33 38 31
186 25 36 9 53 34 1 244 118 28 30 38 31
187 25 39 58 29 29 37 397 220 284 31 38 31
188 25 33 44 29 39 1 251 128 24 8 37 31
189 25 44 48 24 32 1 282 134 35 12 38 31
190 25 30 27 25 41 59 234 183 30 1 37 31
191 24 31 1 53 33 40 173 17 234 1 37 31
192 24 27 1 43 30 39 245 189 824 16 37 31
193 24 31 1 39 28 61 239 113 34 18 37 31
194 25 37 45 32 36 1 258 188 28 17 38 31
195 25 37 65 47 29 60 192 369 1215 24 38 31
196 25 43 70 15 39 72 234 338 471 15 38 31
197 25 43 52 28 39 16 474 227 40 28 38 31
198 25 42 56 33 47 17 295 259 25 25 38 31
199 25 34 21 34 37 92 195 173 320 11 38 31
200 25 33 63 25 32 2 237 252 134 9 38 32
201 25 35 8 44 18 1 375 211 35 45 38 31
202 25 38 58 14 37 50 196 357 36 1 38 31
203 24 30 1 19 36 28 1192 1378 26 1 37 31
204 25 35 64 32 29 1 270 303 33 19 38 32
205 25 20 10 30 20 1 2005 1616 704 14 37 31
206 25 40 55 40 35 28 210 164 1108 27 38 32
207 25 39 26 24 37 17 164 307 434 16 38 31
208 25 42 49 25 29 1 340 161 36 36 38 31
209 25 30 19 30 25 40 217 263 29 6 38 31
210 25 36 34 31 43 77 256 161 846 1 38 31
211 25 40 64 17 39 90 490 285 165 11 38 31
212 24 30 1 42 32 1 310 149 22 8 37 31
213 24 28 1 27 36 1 308 152 36 1 37 31
214 25 37 50 11 46 122 173 234 29 1 38 32
215 25 39 41 28 47 1 226 190 36 22 38 32
216 25 39 60 23 36 1 326 303 47 9 38 31
217 25 39 36 29 25 29 207 151 555 42 38 31
218 25 32 15 46 18 1 355 214 303 50 38 31
219 25 37 10 34 42 71 431 166 35 21 38 32
220 25 47 88 24 34 19 232 205 32 49 38 31
221 24 24 1 46 29 42 354 247 333 1 37 31
222 24 27 1 38 31 21 405 222 25 1 37 31
223 25 30 39 24 35 25 239 225 31 1 38 32
224 25 37 45 24 32 28 408 278 32 18 38 31
225 25 37 103 17 40 13 353 116 230 25 38 31
226 25 41 37 27 32 9 287 226 32 46 38 31
227 25 37 44 35 29 86 319 324 22 34 38 32
228 25 30 1 29 39 107 182 151 27 6 38 31
229 24 30 1 44 31 48 418 174 36 27 37 31
230 25 37 11 42 21 54 775 597 192 57 38 31
231 25 35 31 27 39 67 388 154 34 7 37 32
232 24 29 1 46 23 1 214 185 32 24 37 31
233 25 35 60 16 34 37 737 399 29 16 38 32
234 25 41 22 31 38 60 189 168 34 21 38 31
235 25 41 37 34 31 44 216 565 104 46 38 31
236 25 31 1 34 34 14 357 301 578 16 37 31
237 24 24 1 33 9 3 228 358 166 9 37 31
238 25 65 176 38 104 53 280 400 1164 27 38 31
239 25 29 1 19 33 17 396 2005 33 8 37 31
240 25 37 22 8 35 1 240 143 29 26 37 31
241 25 38 55 30 35 1 214 140 479 24 37 31
242 25 35 15 32 23 51 269 505 287 30 38 31
243 25 36 29 34 37 1 195 223 29 41 38 31
244 25 40 90 11 42 45 250 406 97 13 38 31
245 24 36 1 35 29 70 310 198 31 25 37 31
246 24 32 1 45 27 82 405 202 37 12 37 31
247 25 44 76 43 42 16 335 341 29 21 38 31
248 24 29 1 37 34 45 212 178 23 1 37 31
249 25 34 19 23 34 1 486 298 34 16 37 31
250 25 36 79 17 26 43 163 213 180 43 38 31
251 25 46 92 12 27 52 277 220 26 44 38 31
252 25 38 42 28 39 24 317 1 36 12 37 31
253 25 31 37 12 40 39 266 138 33 1 37 31
254 25 38 31 34 29 15 243 172 36 42 38 31
255 25 37 39 31 49 87 202 225 28 20 38 31
256 24 30 1 41 28 40 208 293 247 10 37 31
257 25 29 45 14 37 2 249 168 26 8 37 31
258 25 39 69 29 35 1 607 283 26 22 37 31
259 25 35 1 52 22 71 235 172 41 48 38 31
260 25 37 33 26 43 1 421 291 33 11 37 31
261 25 39 68 40 39 54 172 253 28 29 38 31
262 25 37 32 46 31 87 319 273 33 31 38 32
263 25 35 41 9 27 12 316 350 35 31 38 31
264 25 36 39 13 33 1 315 254 37 10 38 31
265 25 32 1 40 24 1 202 66 40 27 37 31
266 25 43 48 25 37 14 309 223 1295 36 38 31
267 25 39 29 36 30 36 470 189 31 49 38 31
268 24 35 1 42 34 22 264 294 111 20 37 31
269 25 35 11 22 37 1 384 202 28 7 37 31
270 25 57 105 28 51 1 239 141 34 41 38 31
271 25 40 97 26 36 28 215 139 36 37 38 31
272 25 36 33 28 36 74 233 268 34 35 38 31
273 25 33 9 24 29 89 337 183 842 14 38 31
274 25 35 71 17 41 1 190 203 26 12 37 31
275 25 38 31 21 43 152 502 155 430 12 38 31
276 25 36 52 25 36 13 265 354 40 22 37 31
277 25 39 42 29 36 65 283 433 31 20 38 31
278 25 34 23 24 31 22 268 175 37 15 37 31
279 25 41 58 35 36 26 260 208 2005 39 38 31
280 25 32 43 37 26 4 273 131 28 26 37 31
281 25 36 29 22 24 67 233 218 40 16 38 31
282 25 42 72 24 40 31 203 266 85 47 38 31
283 25 43 75 21 60 35 185 199 243 18 38 31
284 25 39 42 24 38 148 269 155 36 11 38 31
285 25 33 45 27 40 6 244 297 37 8 38 31
286 25 36 27 10 31 65 243 157 31 16 37 31
287 24 24 1 44 27 1 331 303 30 8 37 31
288 25 35 38 17 39 65 247 318 206 22 37 31
289 25 44 41 30 49 6 914 425 76 33 38 31
290 25 36 34 39 30 17 332 154 31 34 38 31
291 24 34 1 38 30 97 201 165 37 24 37 31
292 25 42 74 33 36 84 266 221 25 34 38 31
293 25 47 89 15 49 1 306 158 36 27 38 32
294 25 35 33 40 33 43 592 216 40 26 38 32
295 25 40 50 10 34 1 259 197 149 21 38 32
296 25 34 32 19 36 40 285 161 31 10 38 31
297 25 39 42 16 33 52 296 233 273 15 37 31
298 24 35 1 31 36 1 332 235 27 5 37 31
299 25 35 32 12 25 5 352 304 26 22 38 31
300 25 29 9 46 36 1 296 128 30 26 37 31
301 24 28 1 42 35 68 239 239 30 9 37 31
302 25 32 29 30 32 1 167 176 240 23 37 31
303 25 30 19 22 38 94 296 126 31 1 37 31
304 25 38 31 33 22 80 285 133 31 36 38 31
305 25 39 38 40 29 66 509 155 31 35 38 31
306 25 41 51 23 38 53 213 161 38 35 38 31
307 25 34 41 9 28 25 223 218 36 18 37 31
308 25 38 67 25 31 1 418 202 31 33 38 31
309 25 32 13 42 28 20 274 296 549 27 37 31
310 25 30 15 24 25 1 355 151 33 34 38 31
311 25 32 30 28 40 1 442 163 32 14 38 31
312 25 43 26 54 34 1 244 204 309 54 38 31
313 25 41 59 7 49 1 355 293 475 45 38 31
314 25 37 60 22 27 43 184 122 428 20 37 31
315 24 29 1 35 33 1 259 239 645 1 37 31
316 25 37 43 40 13 25 776 288 38 43 38 31
317 25 39 82 32 49 58 236 346 35 13 38 31
318 25 34 3 27 23 18 247 159 35 31 38 31
319 25 36 38 28 24 1 312 232 469 21 37 31
320 25 44 73 17 41 1 268 189 38 24 37 31
321 25 34 22 36 28 18 229 157 31 13 38 31
322 25 41 38 72 28 67 192 141 50 44 38 31
323 25 36 45 19 39 41 202 326 32 13 38 31
324 25 32 52 28 31 65 263 154 36 23 37 31
325 25 38 45 42 35 1 165 128 27 39 38 31
326 25 35 29 33 32 1 404 262 26 31 38 31
327 25 33 1 34 21 1 244 139 32 18 38 31
328 25 39 61 40 32 24 323 254 34 31 38 31
329 25 39 11 45 31 2 394 129 37 33 38 31
330 25 38 29 17 36 4 287 127 37 21 37 31
331 24 35 1 25 34 87 198 143 963 18 37 31
332 25 31 23 30 23 68 262 146 29 23 37 31
333 25 37 26 32 32 119 161 194 37 13 37 31
334 24 27 1 34 27 74 220 410 492 6 37 31
335 25 43 79 19 29 71 265 143 36 35 38 31
336 25 29 40 20 32 1 184 196 35 6 37 31
337 24 30 1 54 28 1 235 223 34 34 37 31
338 24 29 1 34 24 1 328 304 1955 1 37 31
339 25 36 40 13 31 84 300 142 32 21 37 31
340 25 39 49 15 41 36 350 287 35 26 37 31
341 25 26 19 23 28 1 328 197 34 15 37 31
342 25 31 16 17 29 46 247 185 31 33 38 31
343 25 31 33 41 27 58 409 247 32 41 38 31
344 24 20 1 51 25 1 305 185 493 7 37 31
345 25 31 1 25 28 8 175 217 158 10 37 31
346 25 39 96 13 39 11 470 343 700 27 37 31
347 24 22 1 30 28 19 253 182 31 5 37 31
348 25 36 49 27 30 20 230 186 235 23 38 31
349 25 47 118 1 45 33 458 241 51 20 38 31
350 25 35 20 20 33 58 303 226 34 8 37 31
351 25 33 1 33 19 1 259 378 34 27 37 31
352 25 41 58 27 47 1 225 156 169 34 38 31
353 25 44 55 41 31 125 373 293 29 32 38 31
354 25 36 43 16 32 29 375 246 27 30 38 31
355 25 40 66 33 30 125 358 224 21 12 37 31
356 25 39 61 23 39 24 262 109 31 12 38 31
357 25 39 50 47 33 1 266 184 35 54 38 31
358 25 38 28 33 37 14 233 209 257 31 38 31
359 24 30 1 33 31 64 245 415 22 1 37 31
360 24 32 1 40 27 87 319 151 29 17 37 31
361 25 42 60 27 37 1 227 181 349 18 37 31
362 25 38 47 47 32 1 283 150 28 50 38 31
363 25 36 4 20 43 1 305 133 33 1 37 31
364 25 39 56 26 46 45 242 111 39 11 38 31
365 25 38 3 38 33 150 215 195 31 14 38 31
366 25 42 54 35 35 76 234 321 714 32 38 31
367 25 40 20 33 33 74 266 115 28 38 38 31
368 25 34 47 14 38 121 289 255 30 1 38 31
369 25 40 80 18 38 102 393 173 29 8 38 31
370 24 24 1 26 23 37 265 161 357 1 37 31
371 25 34 16 47 20 21 346 209 27 52 38 31
372 25 36 11 37 27 57 685 344 33 49 38 31
373 25 46 97 11 34 60 185 152 275 24 38 31
374 25 38 65 24 32 25 339 600 769 25 37 31
375 25 31 10 39 24 1 222 164 35 36 38 31
376 25 41 63 21 39 1 363 225 39 46 38 31
377 25 31 22 16 39 1 285 434 31 6 37 31
378 25 43 50 41 45 1 385 178 32 46 38 31
379 25 36 43 31 24 1 287 161 29 39 38 31
380 25 36 56 19 38 51 214 364 40 27 38 31
381 25 37 40 33 36 1 209 273 30 21 38 31
382 25 40 81 1 40 29 301 318 297 25 38 31
383 25 31 13 36 36 1 673 278 39 16 37 31
384 25 36 10 42 32 119 177 161 204 19 38 31
385 25 32 29 21 35 40 210 188 28 1 37 31
386 25 27 2 15 31 1 265 229 196 7 38 31
387 25 37 53 42 34 27 219 156 28 26 38 31
388 25 34 22 30 43 1 190 211 36 13 37 31
389 25 29 1 17 34 1 186 163 26 15 37 31
390 25 40 58 27 49 1 219 307 23 20 37 31
391 25 45 82 27 39 126 294 419 546 17 38 32
392 25 44 38 45 22 1 269 155 34 50 38 32
393 24 22 1 31 22 1 349 161 28 13 37 31
394 25 43 80 24 37 44 332 177 27 23 38 31
395 25 37 44 11 34 66 222 260 34 8 38 31
396 25 47 62 40 43 60 219 372 717 29 38 31
397 25 33 9 52 30 1 241 313 265 44 38 31
398 24 31 1 48 27 1 234 196 346 5 37 31
399 25 31 42 36 23 23 247 311 25 21 37 31
400 24 28 1 39 22 1 252 186 24 15 37 31
401 25 37 46 9 41 30 224 155 32 8 38 31
402 25 37 40 52 30 1 296 148 26 42 38 31
403 25 28 17 33 39 1 254 1 728 7 37 31
404 25 32 7 39 6 42 445 221 36 33 38 31
405 25 39 37 47 21 7 383 192 31 45 38 31
406 25 39 62 42 46 18 1401 1 34 16 38 31
407 25 41 35 14 31 38 286 359 310 38 38 31
408 25 37 27 21 27 1 280 221 40 29 37 31
409 25 42 28 33 23 1 234 674 26 48 38 31
410 25 44 63 31 43 1 253 286 28 35 38 31
411 25 32 26 15 35 58 343 307 36 1 38 31
412 25 33 18 24 42 102 298 196 34 20 38 31
413 25 33 42 19 35 39 192 185 405 17 38 31
414 25 35 33 51 35 63 405 205 1205 42 38 31
415 25 36 63 30 31 94 315 199 29 25 38 31
416 25 36 36 41 26 61 303 314 1236 27 38 31
417 25 36 63 23 42 1 289 171 32 31 38 31
418 24 31 1 49 31 1 200 183 503 4 37 31
419 25 37 35 14 27 37 469 365 36 11 38 31
420 25 37 28 37 31 134 344 187 36 31 38 31
421 25 35 28 23 31 43 237 126 32 26 37 31
422 25 39 79 54 33 29 270 245 32 49 38 31
423 25 37 67 33 32 50 199 246 733 29 38 32
424 24 26 1 29 23 1 264 171 34 6 37 31
425 25 44 39 48 38 59 181 232 30 46 38 32
426 25 39 38 27 37 68 243 204 305 14 38 32
427 24 33 1 21 39 1 328 281 29 1 37 31
428 24 31 1 15 36 1 378 189 257 20 37 31
429 25 29 19 25 26 29 336 168 31 6 37 31
430 25 38 49 26 33 1 453 206 27 34 38 31
431 25 41 58 11 27 35 422 769 637 14 38 31
432 25 30 37 12 42 85 208 183 29 3 38 31
433 25 39 46 33 39 1 293 129 35 23 38 32
434 25 35 31 27 34 45 291 432 523 17 37 31
435 25 34 55 18 27 3 339 176 36 21 38 31
436 24 22 1 30 12 1 258 185 32 21 37 31
437 25 38 35 27 47 1 200 234 263 4 38 31
438 25 39 58 32 27 1 199 202 29 29 38 31
439 25 45 68 20 41 66 308 174 34 39 38 31
440 25 39 44 27 26 12 170 212 24 26 38 31
441 24 30 1 42 28 1 346 144 434 18 37 31
442 25 46 80 24 52 127 371 186 37 16 38 32
443 25 32 11 16 34 53 182 260 27 16 38 31
444 25 40 56 23 29 28 251 111 30 32 38 31
445 25 33 21 10 45 1 392 181 31 1 37 31
446 25 42 55 27 43 1 214 257 35 34 38 31
447 25 42 6 31 34 21 220 129 183 26 38 31
448 24 28 1 34 23 1 345 172 329 26 37 31
449 25 38 50 26 34 25 195 198 186 29 38 31
450 25 37 23 34 39 1 258 225 32 23 37 31
451 25 34 50 33 39 1 231 255 25 23 37 31
452 25 31 34 17 38 91 289 312 30 5 38 31
453 25 31 8 34 29 51 261 194 37 21 37 32
454 25 35 24 43 22 1 346 259 399 40 38 31
455 25 42 43 26 33 17 248 162 33 20 38 31
456 25 41 25 36 34 22 345 311 36 50 38 31
457 24 41 1 39 33 61 207 357 31 17 37 31
458 25 46 37 28 41 1 247 340 367 23 37 32
459 25 37 43 13 33 43 268 14 404 30 38 31
460 24 29 1 32 38 57 142 371 34 9 37 31
461 25 32 61 26 36 1 1028 889 33 4 37 31
462 25 39 75 7 41 6 230 203 28 37 38 31
463 25 35 36 40 30 1 271 120 292 32 38 31
464 25 34 38 16 37 38 431 268 29 2 38 31
465 24 29 7 34 30 1 208 392 289 14 37 31
466 25 43 44 33 27 29 291 226 33 40 38 31
467 25 41 58 34 30 33 213 109 38 46 38 31
468 25 27 1 45 22 4 258 226 51 40 38 31
469 24 33 1 37 31 36 294 130 26 23 37 31
470 25 33 21 30 31 24 300 187 31 8 37 31
471 24 31 1 28 26 47 332 201 207 2 37 31
472 25 34 36 42 26 1 217 146 178 47 38 31
473 25 41 63 35 38 73 209 334 37 14 38 31
474 25 31 12 20 29 41 315 394 688 17 37 31
475 25 36 45 28 39 134 256 257 30 7 38 31
476 25 37 18 17 30 1 346 161 30 1 38 31
477 25 47 55 30 40 1 576 204 35 42 38 31
478 24 25 1 46 26 43 757 561 486 1 37 31
479 24 30 1 29 24 1 292 196 241 15 37 31
480 24 32 1 35 20 113 331 213 34 20 37 31
481 25 37 59 11 36 1 271 140 28 25 38 31
482 25 35 26 36 25 34 348 489 34 25 37 31
483 25 34 34 43 23 1 294 159 222 61 38 31
484 24 32 1 24 33 1 310 208 26 14 37 31
485 25 34 14 31 22 53 377 259 36 20 37 31
486 25 28 11 19 28 1 254 195 664 7 37 31
487 25 40 43 34 22 1 311 138 155 45 38 31
488 25 32 27 34 28 1 498 119 29 39 38 31
489 25 35 14 31 21 4 313 263 39 54 38 31
490 25 41 45 30 51 154 308 164 31 4 38 31
491 24 24 1 49 34 32 218 309 474 1 37 31
492 24 31 1 37 27 26 356 203 21 20 37 31
493 25 30 28 22 43 1 450 181 34 1 37 31
494 25 40 96 20 35 66 240 55 33 27 38 32
495 24 44 1 25 30 87 184 164 1597 9 37 31
496 25 34 64 36 29 83 246 211 42 30 38 31
497 25 36 56 21 35 55 233 207 31 12 38 32
498 25 35 49 22 35 85 318 131 31 1 37 31
499 25 44 68 25 22 76 375 152 33 43 38 31
500 25 33 1 41 20 43 338 316 27 45 38 31
501 25 37 26 25 35 1 202 235 34 22 37 31
502 25 38 50 25 32 24 340 274 38 31 38 31
503 24 37 1 38 30 54 437 835 30 19 37 31
504 25 37 23 27 36 63 273 141 29 22 37 31
505 25 43 48 43 38 1 203 109 32 29 38 31
506 25 39 58 19 36 63 363 176 29 13 38 31
507 25 34 17 30 32 91 478 210 27 18 38 32
508 25 41 76 9 40 1 197 185 31 14 38 31
509 25 31 32 24 34 1 855 314 33 33 38 31
510 24 33 1 47 21 74 241 216 510 8 37 31
511 25 41 54 40 33 67 343 300 462 44 38 31
512 25 45 65 17 44 97 314 158 23 19 38 31
513 24 34 1 31 33 60 317 269 36 22 37 31
514 25 44 46 22 42 83 239 207 35 37 38 31
515 25 38 24 6 38 1 199 152 40 13 38 31
516 25 31 4 42 24 45 278 231 32 44 38 31
517 25 40 38 27 33 89 180 203 27 43 38 31
518 25 37 22 41 33 105 169 269 348 33 38 31
519 24 31 1 43 24 25 306 231 36 27 37 31
520 25 42 49 31 37 67 365 220 90 48 38 31
521 25 35 2 29 32 51 180 275 768 31 38 31
522 25 27 1 37 26 36 292 165 288 18 37 31
523 25 42 57 45 33 1 265 192 23 41 38 31
524 24 27 1 52 18 1 181 205 29 23 37 31
525 25 35 16 33 22 21 536 282 33 20 38 31
526 25 41 72 20 38 71 261 232 30 5 38 31
527 25 33 51 28 24 25 183 173 32 9 37 31
528 25 43 68 33 33 56 210 206 265 38 38 31
529 25 33 32 33 31 1 189 169 29 38 38 31
530 25 37 21 43 26 1 208 211 30 43 38 31
531 25 32 18 17 27 30 456 181 28 23 37 31
532 25 41 30 28 22 11 207 103 370 42 38 31
533 24 29 1 52 27 75 135 180 25 11 37 31
534 24 37 1 33 38 24 270 681 27 19 37 31
535 25 30 1 33 32 1 530 459 25 36 38 31
536 25 40 78 27 39 35 269 260 30 28 38 32
537 25 33 28 34 28 1 266 324 33 18 38 31
538 25 42 65 11 34 1 278 191 242 23 38 31
539 25 32 27 28 41 41 346 159 440 6 37 31
540 25 34 10 41 25 31 243 162 693 36 38 32
541 25 33 27 40 27 11 385 638 32 37 38 31
542 25 36 14 28 38 91 308 444 32 8 37 31
543 25 35 28 23 30 1 289 311 66 20 37 31
544 25 30 14 9 28 25 300 523 634 9 37 31
545 25 34 40 15 31 1 242 282 33 6 38 31
546 25 30 1 43 28 15 206 1 36 18 37 31
547 25 31 17 38 29 70 223 235 28 23 37 31
548 25 40 35 18 25 1 209 320 36 40 38 31
549 24 25 1 51 27 17 316 230 108 20 37 31
550 25 33 18 37 31 52 340 146 29 24 37 31
551 25 34 33 18 30 1 348 148 34 22 37 31
552 25 38 29 14 40 60 194 175 38 20 37 31
553 25 43 56 19 44 1 302 237 35 15 37 31
554 25 36 23 18 31 18 296 294 31 26 37 31
555 25 39 93 25 36 5 289 174 590 16 38 31
556 25 37 36 35 22 1 274 165 30 34 38 31
557 25 35 35 23 37 41 279 168 33 21 37 31
558 24 31 1 35 30 1 271 337 36 8 37 31
559 25 44 54 23 36 54 266 178 446 24 38 31
560 25 29 16 41 17 1 683 222 38 36 38 31
561 25 34 91 23 36 51 212 167 820 42 38 31
562 25 40 25 18 28 1 218 251 31 30 38 31
563 25 36 18 52 25 1 248 227 33 36 38 32
564 25 32 23 18 35 90 203 222 343 2 38 31
565 25 36 20 12 33 44 383 222 288 26 38 31
566 25 42 57 49 24 40 598 361 30 46 38 31
567 25 41 43 23 23 35 213 227 26 44 38 31
568 24 32 1 33 25 54 293 349 28 8 37 31
569 25 42 50 38 22 1 599 226 35 43 38 31
570 24 29 1 59 32 8 152 236 456 8 37 31
571 25 41 70 1 30 22 232 143 36 42 38 31
572 25 34 22 48 24 1 353 237 28 45 38 31
573 25 35 38 32 30 7 234 209 152 16 37 31
574 24 30 1 23 33 1 353 210 34 4 37 31
575 24 33 1 47 37 4 303 223 28 5 37 31
576 25 24 1 31 21 45 242 173 27 5 37 31
577 25 37 28 41 26 1 301 300 1679 17 37 31
578 25 41 82 30 32 59 320 92 599 39 38 31
579 24 29 1 46 12 1 305 235 259 5 37 31
580 24 32 1 29 23 38 650 351 467 9 37 31
581 25 39 78 29 36 86 325 126 367 23 37 31
582 25 38 44 29 32 1 912 382 101 30 38 31
583 25 29 12 35 25 38 224 267 30 36 38 31
584 25 30 22 38 26 44 1176 1 46 15 37 31
585 25 36 54 31 25 97 437 158 33 32 38 31
586 25 32 9 32 29 1 418 308 28 11 37 31
587 25 37 61 32 32 49 278 201 31 15 37 31
588 25 35 50 27 26 7 231 1 36 19 37 31
589 24 27 1 24 31 4 371 215 23 1 37 31
590 25 37 51 9 29 44 257 203 35 18 38 31
591 24 28 1 27 27 122 199 433 108 6 37 31
592 25 34 9 40 29 56 224 119 39 41 38 31
593 25 38 25 18 30 1 303 309 36 32 38 31
594 25 26 33 21 27 1 239 185 180 1 37 31
595 24 24 1 31 21 74 444 120 32 1 37 31
596 25 37 44 49 39 145 174 248 32 29 38 31
597 25 43 74 21 48 1 256 315 32 31 38 31
598 25 38 43 6 41 29 323 138 48 5 38 31
599 24 33 1 37 35 61 419 469 480 7 37 31
600 25 38 32 24 44 85 278 135 37 2 37 31
601 24 38 1 44 25 58 519 319 388 40 38 31
602 25 38 45 26 40 1 260 289 34 7 37 31
603 25 37 24 26 31 53 228 223 36 21 37 31
604 25 43 93 13 37 1 537 150 1317 51 38 31
605 25 45 72 35 38 95 937 120 113 26 37 31
606 25 32 1 39 18 34 217 172 55 43 38 31
607 25 38 62 28 40 73 254 146 32 19 37 31
608 24 28 1 37 25 43 282 298 29 8 37 31
609 25 38 62 35 37 1 417 138 29 28 38 31
610 24 39 1 33 43 87 241 164 418 1 37 31
611 25 32 16 22 32 1 283 165 29 33 38 31
612 25 34 31 19 34 18 198 356 37 28 37 31
613 25 37 41 20 22 83 214 152 883 22 37 31
614 25 43 54 26 44 1 225 141 38 24 37 31
615 25 36 21 40 26 35 543 339 37 47 38 31
616 25 35 16 41 35 62 334 216 34 36 38 31
617 24 29 1 32 30 19 217 114 32 3 37 31
618 25 31 57 19 30 41 336 192 34 19 37 31
619 25 38 40 26 36 1 210 158 176 7 38 31
620 25 33 5 26 33 4 245 194 292 1 37 31
621 25 34 3 25 38 1 354 159 37 10 37 31
622 25 43 19 34 43 1 269 302 1277 43 38 31
623 25 28 1 26 30 49 300 198 27 1 37 31
624 25 36 45 31 26 12 226 211 152 39 38 31
625 24 31 1 41 36 25 323 181 32 20 37 31
626 25 41 50 28 40 68 421 719 25 26 37 31
627 25 38 65 51 33 80 300 227 270 29 38 31
628 25 33 6 34 20 1 579 178 35 11 38 31
629 25 42 63 42 28 15 256 220 30 54 38 31
630 25 34 10 46 24 1 355 260 33 42 38 31
631 24 35 1 36 38 1 186 347 31 30 37 31
632 25 36 46 37 34 29 273 194 771 25 37 31
633 24 27 1 28 26 1 549 178 28 9 37 31
634 25 41 57 37 43 32 278 213 695 46 38 31
635 25 40 37 25 36 1 755 146 39 29 37 31
636 24 32 1 33 25 25 203 224 29 15 37 31
637 25 36 70 39 21 1 130 975 72 26 38 31
638 25 36 30 43 24 32 209 271 37 41 38 31
639 25 36 44 27 35 1 236 207 35 7 37 31
640 25 30 32 27 32 1 264 156 24 6 37 31
641 25 33 50 32 34 58 195 286 30 21 38 32
642 24 35 1 35 44 76 213 195 32 2 37 31
643 25 32 2 20 28 22 209 293 2005 22 37 31
644 24 26 1 28 28 1 265 232 30 16 37 31
645 24 33 1 42 28 1 322 511 176 34 37 31
646 24 38 1 39 42 1 305 320 427 24 37 31
647 24 28 1 33 26 1 318 194 254 20 37 31
648 25 37 19 13 26 14 208 162 26 27 37 31
649 25 37 31 45 29 1 226 233 26 43 38 31
650 25 38 54 43 28 67 227 205 356 45 38 31
651 25 37 96 12 27 21 208 243 475 31 38 31
652 25 36 44 24 33 16 252 231 237 19 37 31
653 24 32 1 28 33 48 219 286 38 7 37 31
654 24 29 1 44 26 5 252 191 30 11 37 31
655 25 41 58 28 33 56 215 142 28 36 38 31
656 25 38 41 21 27 58 260 171 33 24 38 31
657 25 38 33 21 40 21 261 206 25 24 37 31
658 25 38 33 28 35 2 287 380 23 23 37 31
659 25 34 56 31 33 4 249 600 587 18 37 31
660 25 35 17 31 27 50 258 271 28 22 37 31
661 25 44 81 28 38 45 300 278 28 28 37 31
662 25 29 45 23 27 3 624 106 21 15 37 31
663 25 33 25 45 23 28 353 159 28 40 38 31
664 25 31 1 33 36 1 214 265 29 20 37 31
665 25 37 54 5 41 4 220 264 428 12 37 31
666 24 30 1 30 39 77 231 155 34 1 37 31
667 25 43 75 37 35 1 228 240 34 42 38 31
668 25 41 62 8 37 1 293 157 34 26 37 31
669 25 38 37 41 25 1 563 140 34 44 38 31
670 25 35 1 32 30 20 539 131 35 34 38 31
671 24 29 1 46 20 25 371 184 29 23 37 31
672 24 32 1 27 42 1 304 364 296 9 37 31
673 25 35 29 25 29 1 195 179 27 26 37 31
674 24 34 1 40 31 1 528 248 36 22 37 31
675 25 39 47 37 39 83 235 215 32 44 38 31
676 25 35 31 11 33 1 290 295 27 23 37 31
677 25 37 44 24 40 1 309 302 250 15 38 31
678 25 43 73 21 47 64 269 180 26 39 37 31
679 25 34 58 29 37 103 613 441 181 13 37 31
680 25 36 10 39 12 2 278 309 279 36 38 31
681 25 37 56 32 33 95 252 282 204 31 38 31
682 24 28 1 33 26 38 160 173 767 27 37 31
683 24 30 1 38 33 1 305 198 31 11 37 31
684 25 41 15 30 32 33 246 263 30 23 37 31
685 25 40 18 27 32 7 311 223 35 34 38 31
686 25 32 20 33 26 14 232 201 30 29 37 31
687 25 29 4 31 35 1 230 166 478 16 37 31
688 25 35 1 33 30 69 402 136 35 31 38 31
689 25 34 3 43 27 34 237 352 31 32 38 31
690 25 37 65 34 26 35 362 138 28 43 38 31
691 25 42 63 20 37 73 487 435 31 27 37 31
692 25 36 19 24 32 71 380 185 28 26 37 31
693 25 50 62 32 43 58 812 286 30 41 38 31
694 25 33 5 33 29 7 234 290 30 25 37 31
695 25 34 27 41 21 42 225 116 28 33 38 31
696 25 51 118 16 46 1 257 277 263 42 38 31
697 25 45 68 27 51 42 221 150 741 15 38 31
698 24 30 1 27 29 53 287 174 166 15 37 31
699 25 38 56 23 39 24 212 171 502 21 37 31
700 24 28 1 36 20 1 167 176 33 23 37 31
701 24 29 1 30 22 1 338 137 25 18 37 31
702 25 34 45 40 22 44 219 318 153 38 38 31
703 24 30 1 34 35 85 174 301 775 2 37 31
704 25 42 42 32 36 1 322 279 236 35 38 31
705 25 42 42 46 30 39 180 152 539 42 38 31
706 25 31 24 19 30 58 190 218 26 12 37 31
707 25 44 96 79 49 51 204 161 26 39 38 31
708 25 34 32 32 26 56 266 217 30 25 37 31
709 25 37 20 21 35 105 162 142 33 2 38 31
710 25 44 87 27 42 98 219 192 220 28 37 31
711 24 29 1 32 21 1 780 178 33 27 37 31
712 25 36 57 27 32 1 221 140 24 28 37 31
713 25 36 18 47 35 67 517 268 616 14 37 31
714 25 37 9 24 21 44 180 233 30 39 38 31
715 25 40 58 38 46 36 285 174 31 31 38 31
716 24 35 1 34 38 1 387 204 35 10 37 30
717 25 45 78 30 27 99 308 177 161 48 38 31
718 25 36 18 38 35 63 233 301 141 32 38 31
719 24 36 1 49 37 32 187 207 318 32 37 31
720 25 39 39 34 32 1 311 1 28 18 37 31
721 25 31 7 22 34 1 273 233 28 28 37 31
722 25 35 43 39 29 37 905 262 29 22 38 31
723 25 40 65 57 40 120 311 275 34 18 37 31
724 25 36 15 38 34 83 148 160 29 21 37 31
725 25 35 50 7 35 3 254 167 32 23 37 31
726 25 38 20 44 34 1 921 412 31 42 38 31
727 25 34 19 39 27 35 254 140 37 31 38 31
728 25 32 42 11 45 38 299 269 494 1 37 31
729 24 31 1 27 35 1 440 512 31 11 37 31
730 24 33 1 35 24 19 267 315 31 21 37 31
731 25 30 32 36 27 47 230 144 31 23 37 31
732 25 35 28 38 19 1 191 165 29 48 38 31
733 25 36 17 38 29 73 210 291 180 43 38 31
734 25 36 13 34 49 52 282 252 302 12 37 31
735 25 40 37 24 35 1 246 235 30 20 37 31
736 25 36 64 30 42 1 462 162 24 11 38 31
737 24 27 1 27 27 1 453 385 25 13 37 31
738 25 42 37 25 38 117 172 303 506 38 38 31
739 25 43 24 50 35 1 197 199 35 37 38 31
740 25 33 47 30 40 1 221 295 31 20 37 31
741 25 36 26 17 32 97 220 230 35 13 37 31
742 24 27 1 37 21 1 240 254 36 1 37 31
743 25 39 55 23 27 1 323 223 29 11 37 31
744 25 38 49 27 40 1 277 172 36 27 37 31
745 25 34 41 22 42 107 259 227 34 13 37 31
746 25 44 68 19 45 51 1051 557 457 31 38 31
747 25 40 46 51 35 32 179 185 39 47 38 31
748 25 36 20 28 23 43 204 101 37 33 38 31
749 25 35 59 28 25 66 266 172 32 17 37 32
750 24 24 1 30 31 1 230 125 419 1 37 31
751 25 32 14 38 27 1 310 140 36 49 38 31
752 25 31 2 14 27 1 235 213 707 26 37 31
753 25 35 14 44 26 1 529 314 149 42 38 31
754 25 36 17 48 32 1 273 323 33 46 38 31
755 25 31 16 30 31 27 376 211 28 13 37 31
756 24 30 1 33 35 1 322 301 40 7 37 31
757 25 40 40 38 34 33 318 231 30 31 38 31
758 25 35 27 37 22 26 224 321 32 31 38 31
759 25 39 38 24 27 106 391 411 346 25 37 31
760 25 41 14 25 33 1 342 251 28 41 38 31
761 24 26 1 27 34 1 269 131 30 1 37 31
762 25 35 25 26 38 46 313 298 386 27 37 31
763 25 37 39 39 41 43 362 327 35 15 38 31
764 25 31 12 24 32 1 225 161 497 4 37 31
765 25 46 70 14 46 6 172 305 42 39 38 31
766 24 23 1 12 27 1 297 251 429 1 37 31
767 25 45 79 12 36 50 328 310 28 49 38 31
768 25 39 34 46 31 1 277 250 202 47 38 31
769 24 31 1 45 26 94 218 230 34 14 37 31
770 25 30 30 42 15 40 220 383 23 43 38 31
771 25 34 9 32 39 124 186 185 1032 14 37 31
772 25 35 37 33 28 61 219 178 32 39 38 31
773 24 29 1 22 24 1 197 1 24 1 36 31
774 25 41 104 26 36 1 374 316 30 23 37 31
775 25 28 13 33 25 25 401 1 39 25 37 31
776 25 32 16 35 17 31 272 198 31 39 38 31
777 25 33 1 32 32 1 363 211 727 22 37 31
778 25 25 5 31 18 1 326 127 31 33 38 31
779 25 38 30 52 25 77 386 227 33 53 38 31
780 25 42 77 11 43 54 344 286 38 26 38 31
781 24 25 1 37 32 1 187 181 44 25 37 31
782 25 38 38 20 33 1 173 226 35 33 38 31
783 25 39 60 43 26 78 164 1 30 28 37 31
784 25 43 119 16 38 1 147 308 1034 33 38 31
785 25 43 69 22 38 1 289 328 361 32 38 31
786 25 42 58 39 39 130 244 180 33 35 38 31
787 24 30 1 27 26 74 319 170 811 23 37 31
788 25 38 71 31 37 94 163 210 688 1 38 31
789 25 35 15 35 35 40 268 327 229 25 37 31
790 25 36 38 33 40 69 336 595 274 28 38 31
791 25 32 39 19 42 18 268 205 34 4 37 31
792 25 33 56 13 33 83 276 182 359 23 38 31
793 24 31 1 42 31 30 309 183 35 10 37 31
794 24 29 1 36 35 1 276 1 32 1 37 31
795 25 37 37 31 24 80 210 265 32 36 38 31
796 25 38 37 28 31 11 349 147 35 30 38 31
797 25 35 32 39 33 1 161 322 36 22 37 31
798 25 34 40 39 22 9 219 158 324 28 38 31
799 24 33 1 30 25 17 292 150 32 14 37 31
800 25 33 32 14 44 72 262 240 31 7 38 31
801 25 34 10 43 26 21 216 185 84 35 38 31
802 25 36 42 23 34 16 219 154 38 16 38 31
803 25 37 39 38 26 71 616 238 29 37 38 31
804 25 38 55 43 26 29 291 163 30 36 38 31
805 25 38 57 27 39 64 359 268 31 25 38 32
806 25 44 77 27 43 16 275 232 232 31 38 31
807 25 30 9 35 31 50 272 257 616 29 37 31
808 25 37 54 29 32 55 383 211 29 40 38 31
809 25 36 55 21 38 12 293 156 33 17 37 31
810 25 44 106 19 48 70 324 133 32 23 37 31
811 25 42 64 42 40 79 319 151 393 43 38 32
812 24 30 1 45 30 1 218 226 288 2 37 31
813 24 31 1 55 13 23 381 249 32 20 37 31
814 25 32 27 15 25 38 323 103 43 5 37 31
815 25 42 100 13 48 16 302 184 36 32 38 31
816 24 27 1 33 21 38 317 278 32 19 37 31
817 25 30 27 26 38 108 198 157 673 1 37 31
818 25 40 59 24 53 37 647 232 59 26 37 31
819 24 23 1 30 20 1 268 1 38 15 37 31
820 24 22 1 51 3 1 212 130 36 17 37 31
821 25 37 73 30 40 100 288 146 26 17 38 31
822 25 37 55 31 42 1 327 216 546 20 37 31
823 25 39 60 25 33 1 583 127 32 40 38 31
824 25 34 47 1 41 23 267 293 279 2 38 31
825 25 35 42 30 33 32 246 171 27 18 38 31
826 25 37 82 6 27 4 226 195 31 25 38 31
827 25 36 37 26 36 6 629 306 173 16 37 31
828 25 34 14 30 31 91 169 252 33 14 37 31
829 25 33 11 18 36 1 333 208 36 22 37 31
830 25 34 41 18 38 1 364 405 287 23 38 31
831 24 34 1 38 27 1 2004 2004 245 28 37 31
832 25 38 35 37 28 79 378 196 36 32 38 31
833 25 44 57 17 48 1 488 469 33 45 38 31
834 25 32 38 39 31 1 294 245 30 24 37 32
835 25 46 57 28 34 13 575 248 37 47 38 31
836 24 32 1 22 28 50 245 183 31 15 37 31
837 24 26 1 40 24 14 392 134 30 19 37 31
838 25 38 29 44 33 113 274 200 33 43 38 31
839 25 34 52 49 32 79 181 200 34 17 37 31
840 25 33 28 22 39 75 183 174 452 5 38 31
841 25 29 1 41 27 17 255 426 38 23 37 31
842 25 36 23 29 24 3 1048 1560 34 44 38 31
843 25 39 33 27 29 77 262 238 38 38 38 31
844 25 35 6 38 32 1 194 130 31 27 38 31
845 25 37 53 17 52 71 242 307 416 15 38 31
846 25 34 50 6 36 37 275 346 31 1 38 31
847 25 39 24 23 25 1 189 210 37 41 38 31
848 24 33 1 34 27 79 314 225 58 24 37 31
849 25 42 60 11 41 111 219 138 29 7 38 31
850 24 32 1 38 24 69 229 265 27 2 37 31
851 25 44 81 23 53 38 1257 444 161 29 38 31
852 25 29 30 38 29 1 194 233 227 22 37 32
853 25 41 64 30 28 100 191 148 384 41 38 31
854 25 40 49 33 42 45 274 213 30 14 38 31
855 25 40 24 33 29 4 300 229 30 31 38 31
856 25 37 1 37 39 1 265 282 25 26 37 32
857 25 31 1 23 16 59 640 205 1026 32 38 31
858 25 36 42 34 30 14 202 172 35 26 37 31
859 25 32 16 37 30 1 309 204 29 28 37 31
860 25 42 65 14 26 1 382 193 29 48 38 31
861 25 39 61 40 26 1 263 328 619 51 38 31
862 25 30 1 30 23 20 283 215 32 37 38 31
863 25 41 57 23 37 79 413 178 28 13 37 31
864 25 39 68 37 40 39 246 320 367 38 38 31
865 25 33 34 15 36 31 503 506 780 1 38 31
866 25 42 32 25 28 134 205 179 37 43 38 31
867 25 36 24 32 36 25 220 163 483 35 38 31
868 25 42 87 18 47 20 226 239 34 17 38 31
869 24 38 1 19 38 87 253 188 35 1 37 31
870 25 34 21 41 19 22 243 413 30 49 38 31
871 25 36 45 25 36 102 293 125 23 14 38 31
872 25 41 55 18 42 41 177 254 742 16 38 31
873 25 36 33 26 34 79 239 122 172 28 37 31
874 25 37 45 26 36 21 321 198 32 37 38 31
875 25 39 26 34 43 1 304 188 28 1 37 31
876 25 33 8 46 23 38 238 529 1029 28 37 31
877 25 29 3 19 33 1 268 234 275 25 37 31
878 25 42 91 24 48 125 322 160 35 38 38 31
879 25 38 62 9 37 1 549 147 81 11 38 31
880 24 33 1 34 33 23 294 117 35 16 37 31
881 25 39 52 41 37 31 197 200 986 26 38 31
882 24 25 1 28 34 1 348 258 30 12 37 31
883 24 34 1 23 38 9 406 230 31 19 37 31
884 25 38 38 31 37 1 227 409 575 26 37 31
885 24 28 1 34 19 1 244 500 298 31 37 31
886 25 35 14 24 35 17 344 147 30 29 38 32
887 25 34 1 42 49 1 151 210 305 11 37 31
888 25 45 47 56 41 50 209 132 34 53 38 31
889 25 41 84 26 48 105 288 179 34 14 37 31
890 25 42 59 36 26 63 315 199 563 39 38 31
891 25 36 3 43 19 21 318 208 317 49 38 31
892 25 41 49 33 38 1 173 123 29 25 38 31
893 25 36 19 56 29 36 221 191 31 44 38 31
894 25 25 18 40 27 2 269 239 35 27 37 31
895 25 29 25 22 20 30 113 220 299 18 37 31
896 25 42 53 57 38 10 262 180 29 41 38 31
897 25 30 29 14 25 1 275 202 29 14 37 31
898 25 33 33 23 34 41 278 155 34 22 37 31
899 25 39 41 7 39 52 130 108 139 11 38 31
900 25 40 61 19 37 1 344 271 29 16 37 31
901 25 42 39 38 42 12 214 224 478 44 38 31
902 25 30 12 40 19 1 344 194 828 34 38 31
903 24 32 1 30 27 1 335 170 41 25 37 31
904 25 38 29 32 26 81 232 114 32 39 38 31
905 25 35 90 12 26 2 304 189 22 30 38 31
906 25 35 42 5 27 7 405 236 22 8 38 31
907 25 39 29 39 26 73 324 148 28 39 38 31
908 25 43 64 37 39 113 235 181 158 30 38 31
909 25 38 53 28 35 61 199 140 675 11 38 31
910 25 33 16 29 35 1 230 287 300 21 37 31
911 25 38 62 33 29 18 273 198 25 16 38 31
912 25 34 25 22 24 56 290 228 36 18 37 31
913 25 43 50 44 37 1 251 297 273 46 38 31
914 25 38 44 49 27 23 252 218 30 38 38 31
915 25 40 50 35 33 67 219 146 29 30 38 31
916 25 37 59 22 42 33 277 206 28 15 38 31
917 25 33 22 40 32 1 1061 229 25 23 37 31
918 25 41 30 45 29 1 217 208 170 47 38 31
919 25 40 35 13 28 1 243 184 573 29 38 31
920 25 41 78 23 30 88 182 601 656 36 38 31
921 25 36 37 14 34 3 272 179 27 15 38 31
922 25 35 61 39 37 51 254 243 28 26 37 31
923 24 26 1 35 23 11 295 124 256 8 37 31
924 25 46 40 49 35 1 360 222 37 48 38 31
925 25 30 8 42 18 1 256 190 178 39 38 31
926 24 28 1 37 30 17 327 290 240 8 37 31
927 25 38 49 29 28 1 266 108 36 15 37 31
928 25 41 61 32 33 1 346 175 30 17 38 31
929 25 41 40 40 41 20 218 133 41 46 38 31
930 25 32 39 18 42 1 208 186 28 16 37 31
931 25 34 36 25 41 1 172 158 94 4 38 31
932 24 28 1 28 31 12 263 205 81 7 37 31
933 25 37 60 10 34 1 224 250 27 22 37 31
934 25 39 34 18 42 35 326 179 30 5 38 31
935 25 36 43 31 23 85 317 216 34 29 37 31
936 25 42 53 38 40 1 276 391 35 45 38 31
937 25 45 82 30 35 71 351 210 34 40 38 31
938 24 20 1 47 20 43 297 350 30 10 37 31
939 25 32 16 29 35 1 328 169 30 8 37 31
940 25 34 39 23 27 1 238 215 215 26 37 31
941 24 26 1 38 22 1 235 281 291 8 37 31
942 25 35 36 39 37 1 164 246 35 14 37 31
943 24 28 1 39 28 28 297 561 356 14 37 31
944 25 39 31 36 34 1 288 112 28 38 38 31
945 25 85 12 40 38 1 220 226 29 25 37 31
946 25 29 5 19 27 44 232 163 330 14 37 31
947 24 30 1 50 40 1 222 164 28 1 37 31
948 24 30 1 56 23 50 128 142 591 28 37 31
949 24 28 1 33 34 86 275 184 190 35 37 31
950 25 34 1 48 29 2 274 1 40 32 38 31
951 25 36 34 27 36 14 386 184 33 8 38 31
952 25 31 1 53 15 23 139 178 596 50 38 31
953 25 36 40 52 20 24 500 217 32 52 38 31
954 25 32 1 35 38 1 175 180 317 19 37 31
955 25 35 26 26 25 56 251 294 29 1 37 31
956 25 33 18 34 22 1 261 268 26 37 38 31
957 25 41 47 45 34 1 194 171 895 50 38 31
958 25 35 14 29 24 35 316 133 30 33 38 31
959 25 39 65 33 28 52 246 284 688 31 38 31
960 25 39 47 22 28 102 321 190 28 26 38 32
961 25 35 1 45 30 70 400 203 31 28 37 31
962 25 50 142 19 40 1 296 225 33 25 37 31
963 25 41 64 34 34 97 285 181 598 36 38 31
964 24 43 1 25 25 43 333 198 34 25 37 31
965 25 30 16 21 37 42 184 256 233 1 37 31
966 25 37 45 34 32 66 206 349 380 29 38 31
967 24 28 1 37 27 40 304 206 20 9 37 31
968 25 42 13 41 29 73 173 1 35 41 38 31
969 25 34 58 27 33 67 295 166 29 26 37 31
970 24 33 1 28 27 66 251 216 41 29 37 31
971 25 40 46 25 39 33 230 329 28 26 38 31
972 24 39 1 39 36 36 189 943 420 16 37 31
973 25 35 62 44 36 1 316 255 24 29 38 31
974 24 30 1 28 31 72 353 769 37 13 37 31
975 25 44 58 22 38 73 336 298 261 37 38 31
976 25 36 35 20 43 80 226 326 30 1 37 31
977 25 42 76 28 38 85 241 184 30 33 38 31
978 24 38 1 24 40 1 304 233 20 6 37 31
979 24 30 1 46 34 1 191 212 188 3 37 31
980 25 42 52 35 27 1 243 274 31 46 38 31
981 25 39 45 31 35 45 347 186 32 1 37 31
982 25 35 30 19 38 55 254 263 28 7 38 31
983 25 37 10 37 16 1 257 1 47 41 38 31
984 25 41 83 19 41 47 169 254 502 4 38 31
985 25 40 63 29 35 109 184 179 594 17 38 31
986 25 34 28 55 31 3 252 429 26 50 38 31
987 25 34 60 12 32 15 303 328 367 22 38 31
988 25 38 28 51 21 37 398 165 32 48 38 31
989 25 38 42 21 24 16 282 500 25 32 38 31
990 24 25 1 55 14 70 236 164 34 15 37 31
991 25 28 4 34 20 46 344 194 32 22 37 31
992 24 28 1 25 29 1 222 192 257 21 37 31
993 25 38 56 36 30 64 298 221 31 23 38 31
994 25 37 43 22 49 6 254 164 34 15 37 31
995 25 35 6 29 21 43 204 212 234 27 37 31
996 25 29 36 26 32 1 615 460 400 19 37 31
997 25 38 29 28 30 12 245 179 698 49 38 31
998 25 40 83 32 35 113 283 323 33 37 38 31
999 24 31 1 39 21 35 326 188 30 22 37 31
1000 24 28 1 35 34 31 164 181 42 1 36 31
