1 21 27 14 20 28 1 227 153 23 19 32 26
2 21 29 9 42 20 1 595 188 26 23 32 26
3 21 26 34 34 19 30 203 157 29 25 33 27
4 21 28 28 20 33 10 458 567 443 17 32 27
5 21 26 28 1 31 1 207 170 19 2 32 26
6 21 31 34 1 27 20 333 155 27 17 32 27
7 21 31 16 33 26 13 184 117 23 19 32 26
8 21 36 50 1 23 32 249 240 35 43 33 26
9 21 36 41 1 35 74 229 142 26 8 33 27
10 20 28 1 83 24 51 252 166 31 1 32 26
11 21 23 4 41 18 33 418 174 22 9 32 26
12 21 37 47 30 28 76 224 177 33 27 33 27
13 20 30 1 32 21 1 251 170 24 1 32 26
14 21 37 47 41 38 1 396 116 31 32 33 27
15 21 27 12 30 25 1 335 110 27 25 33 27
16 21 31 40 1 34 26 368 172 24 1 32 26
17 21 33 42 1 31 53 208 312 485 10 32 27
18 21 30 30 51 24 26 320 275 21 28 33 26
19 21 31 34 37 31 15 307 359 29 5 33 27
20 21 28 18 55 24 1 280 243 31 31 33 26
21 21 27 10 62 21 1 295 150 25 27 33 27
22 21 31 39 38 24 30 232 129 21 26 33 26
23 21 33 31 62 27 1 406 477 23 47 33 27
24 21 34 30 23 29 67 170 247 294 20 32 27
25 21 33 64 1 26 32 312 170 30 29 33 27
26 21 36 42 1 25 1 281 158 25 36 33 27
27 21 29 41 13 24 15 265 201 25 18 32 27
28 21 24 15 21 21 1 233 164 23 1 32 26
29 21 30 34 40 17 14 227 122 276 23 33 27
30 21 28 5 36 25 54 249 155 28 23 32 27
31 21 33 39 35 23 1 338 156 22 38 33 27
32 21 28 9 26 30 1 184 173 34 8 32 26
33 21 36 43 84 21 76 379 113 24 50 33 27
34 20 20 1 56 29 43 462 786 2005 1 32 26
35 21 33 40 32 27 83 580 1 27 25 33 27
36 21 33 32 1 26 90 210 433 71 21 32 27
37 21 31 42 63 28 7 321 217 27 44 33 27
38 21 29 19 69 41 37 256 313 26 19 32 27
39 21 27 12 31 28 1 290 125 27 25 32 26
40 21 40 34 26 30 64 600 162 28 42 33 27
41 21 29 25 50 29 39 192 123 20 31 33 27
42 21 42 73 1 50 8 106 234 574 31 33 27
43 21 30 37 36 31 1 444 238 27 28 33 27
44 21 35 41 14 33 1 254 306 31 29 33 27
45 21 31 29 37 31 57 241 141 21 20 32 27
46 21 35 36 47 27 42 235 204 350 36 33 27
47 21 28 26 20 20 27 221 260 30 36 33 26
48 21 32 29 38 15 27 353 100 33 32 33 27
49 21 36 36 5 36 1 296 155 27 30 33 27
50 21 42 63 17 37 1 210 180 436 30 33 27
51 21 29 51 1 31 1 238 131 22 24 33 27
52 21 38 34 32 33 14 221 153 306 25 33 27
53 21 36 51 1 40 1 372 175 29 7 33 27
54 20 26 1 75 21 1 344 1 33 9 32 26
55 21 29 27 45 22 1 248 150 24 44 33 26
56 21 35 67 1 43 59 178 316 257 16 32 26
57 21 33 38 1 35 77 226 251 25 15 33 27
58 21 27 6 79 21 43 229 158 350 36 33 27
59 21 27 33 22 18 25 216 379 61 9 32 26
60 20 24 1 22 29 1 283 145 17 1 32 26
61 21 32 1 13 43 1 396 159 33 6 32 26
62 21 31 39 61 19 1 380 218 350 37 33 26
63 21 23 1 48 23 11 185 142 339 2 32 26
64 21 26 10 31 28 88 302 246 200 20 32 26
65 21 33 43 1 42 83 199 245 35 21 32 27
66 21 35 60 1 41 124 299 159 31 1 32 26
67 21 29 38 9 22 54 518 124 22 20 32 27
68 21 29 14 33 23 11 279 190 32 31 33 27
69 21 26 13 21 23 1 141 152 20 2 32 27
70 21 30 30 56 30 67 285 457 30 23 33 27
71 20 24 1 17 18 12 447 256 29 1 32 26
72 21 32 24 52 30 1 222 195 555 29 33 26
73 21 29 37 41 32 87 194 611 312 12 33 27
74 21 26 24 1 30 1 225 238 29 1 32 26
75 21 26 10 1 35 54 418 289 333 1 32 26
76 21 33 36 1 36 70 288 1 20 14 32 27
77 21 35 48 1 28 12 176 187 372 16 33 27
78 21 30 12 66 13 22 266 242 285 47 33 27
79 21 36 29 32 29 1 159 154 457 29 33 27
80 20 24 1 17 20 30 266 206 28 16 32 26
81 21 31 16 19 27 1 161 123 337 31 33 27
82 21 26 23 52 26 1 334 197 27 6 32 27
83 21 30 1 49 27 1 287 182 28 1 33 27
84 21 31 31 45 36 1 246 137 23 11 32 27
85 21 27 35 1 36 77 234 328 30 3 33 27
86 21 31 23 1 21 21 1288 1031 1343 25 33 27
87 21 27 10 45 16 66 429 646 22 14 33 27
88 21 30 35 61 27 1 243 206 2005 38 33 27
89 22 28 12 45 23 16 344 192 20 16 33 27
90 22 27 1 1 13 6 254 358 30 2 33 27
91 22 30 27 51 35 87 392 318 306 10 33 27
92 22 29 31 79 31 1 209 211 26 34 34 27
93 22 32 36 1 27 15 162 140 625 11 33 27
94 22 37 45 33 35 5 298 291 256 39 34 27
95 22 34 36 1 37 43 542 169 29 9 33 27
96 22 28 26 1 22 71 400 158 26 11 33 27
97 22 30 22 61 19 92 217 207 31 22 33 27
98 21 31 38 1 21 49 268 157 26 37 34 27
99 22 36 24 61 26 1 235 136 28 36 34 27
100 22 39 63 1 32 43 189 143 32 26 33 27
101 21 23 1 51 17 1 268 484 30 1 33 27
102 21 37 18 57 29 1 284 197 25 36 34 27
103 21 32 18 45 32 64 248 148 33 17 33 27
104 21 32 39 22 27 34 291 191 24 20 33 27
105 21 35 56 33 29 1 191 144 84 29 33 27
106 21 22 1 45 17 1 199 178 28 6 32 26
107 21 34 30 41 22 63 231 398 253 42 33 27
108 21 42 45 24 28 57 315 95 19 28 33 27
109 21 29 25 1 31 53 375 96 28 9 33 27
110 21 29 1 71 17 10 176 297 308 16 32 26
111 21 29 35 34 34 81 356 298 28 12 33 27
112 21 26 13 13 29 64 240 220 27 10 33 27
113 21 29 11 1 34 32 190 461 31 1 33 27
114 21 30 21 16 34 1 225 198 191 1 33 27
115 21 28 1 51 13 52 249 257 38 25 33 27
116 21 28 10 18 16 2 218 115 30 26 33 27
117 21 26 1 35 21 20 344 232 20 1 32 26
118 21 30 37 1 24 49 199 249 622 14 33 27
119 21 29 21 47 24 1 257 112 29 30 33 27
120 21 27 1 30 20 14 194 381 30 17 33 27
121 21 33 39 33 28 8 494 109 36 18 33 27
122 21 30 29 74 16 43 291 128 22 38 33 27
123 21 25 8 3 26 1 248 193 23 1 33 27
124 20 24 1 70 26 1 322 161 19 7 32 26
125 21 27 13 38 15 1 207 448 280 35 33 26
126 21 31 41 1 28 1 321 205 27 13 32 27
127 21 34 23 23 33 1 180 166 966 26 32 26
128 20 22 1 54 21 22 213 189 21 1 32 26
129 21 34 57 1 27 1 235 340 21 39 33 26
130 21 32 30 1 31 54 239 220 26 1 33 26
131 21 26 25 17 32 18 331 253 327 1 32 26
132 20 28 1 65 27 45 281 144 26 15 32 26
133 20 29 1 1 27 1 400 148 19 1 32 26
134 21 30 33 20 31 76 232 166 32 24 33 27
135 21 32 7 32 25 27 276 239 27 12 32 27
136 21 37 43 1 36 103 248 193 33 14 33 27
137 21 29 25 1 39 1 188 218 135 1 33 27
138 21 34 52 1 31 1 218 307 23 30 33 27
139 21 32 41 1 32 39 293 420 357 14 33 27
140 21 37 53 1 36 1 211 218 27 33 33 27
141 21 39 76 1 37 53 271 134 22 24 33 27
142 21 33 48 1 27 44 401 195 28 8 32 26
143 21 35 50 1 33 73 361 169 25 34 33 27
144 21 27 34 29 40 38 216 341 25 6 33 27
145 21 30 10 22 22 35 384 132 27 7 33 27
146 21 32 30 33 17 31 377 177 27 31 33 27
147 21 31 36 1 34 99 266 152 29 1 33 27
148 21 29 12 1 26 1 305 38 31 25 32 26
149 21 28 29 1 37 32 286 201 611 5 33 27
150 21 36 43 46 32 30 234 196 343 35 33 27
151 21 27 15 1 26 26 176 257 304 1 32 26
152 21 29 33 1 34 1 329 183 46 4 33 27
153 21 30 1 36 28 22 619 126 32 12 32 27
154 21 33 50 28 29 32 417 153 31 39 33 27
155 21 34 33 59 26 1 193 173 30 35 33 27
156 21 35 33 36 20 17 246 232 239 33 33 27
157 21 27 17 1 25 1 261 219 30 15 32 26
158 21 32 17 1 32 27 251 470 236 26 33 27
159 21 36 42 52 28 1 219 285 635 39 33 27
160 21 30 20 1 33 1 371 208 33 7 32 27
161 21 34 39 60 31 65 216 162 35 44 33 27
162 21 36 37 1 30 14 268 146 29 14 33 27
163 21 32 34 1 27 1 319 206 25 1 33 27
164 21 25 10 35 26 72 164 151 200 14 32 27
165 21 33 31 1 42 58 276 229 23 1 32 26
166 21 35 31 3 37 90 310 151 25 6 33 27
167 20 30 1 41 37 20 220 1111 20 1 32 26
168 21 23 15 53 21 8 401 116 32 17 32 27
169 21 31 31 1 31 64 151 132 31 23 33 27
170 21 29 36 8 29 1 415 208 28 16 32 27
171 21 28 2 1 37 5 256 275 34 1 33 27
172 21 32 22 1 28 1 341 242 245 9 32 27
173 21 29 34 23 25 109 334 134 32 15 33 27
174 21 36 47 1 35 32 246 210 227 36 33 27
175 21 25 1 45 20 1 235 139 25 20 32 27
176 21 31 39 1 37 101 319 135 22 1 32 26
177 21 29 9 29 34 63 408 262 409 17 32 27
178 21 31 39 1 34 39 580 406 94 1 33 27
179 21 33 45 47 33 60 247 164 25 11 33 27
180 21 27 33 1 27 1 295 251 224 18 32 27
181 21 34 32 1 32 19 315 193 33 39 33 27
182 21 35 44 1 30 24 216 107 29 14 33 27
183 20 22 1 49 23 37 229 197 26 1 32 26
184 21 30 24 1 39 4 213 170 27 1 32 27
185 21 32 33 33 39 1 256 231 27 1 33 27
186 21 26 1 28 18 1 249 150 19 26 33 27
187 21 34 4 51 27 36 279 163 29 22 33 27
188 21 27 1 58 26 105 258 200 26 13 32 27
189 21 27 29 57 24 11 268 112 26 16 33 27
190 21 34 42 40 25 22 182 212 1064 25 33 27
191 21 33 34 1 25 28 335 148 29 1 32 26
192 21 32 26 26 33 8 929 1 165 32 33 27
193 21 39 63 1 31 1 245 935 99 38 33 27
194 21 31 50 37 29 1 360 233 23 21 33 27
195 21 23 27 1 31 13 228 511 29 1 32 26
196 21 38 63 21 34 95 221 321 636 31 33 27
197 21 27 4 3 24 43 258 289 128 9 33 27
198 21 27 10 62 19 1 413 164 31 38 33 26
199 21 30 26 35 28 1 280 192 216 6 32 27
200 21 32 42 49 37 1 189 460 166 23 33 27
201 21 29 1 47 26 3 194 245 28 1 32 26
202 21 30 1 25 32 59 512 165 23 8 32 27
203 21 37 32 46 23 1 179 245 22 37 33 27
204 21 30 18 1 20 68 287 133 24 24 32 26
205 21 29 24 1 36 54 211 669 62 1 32 27
206 21 35 46 1 39 46 301 649 380 1 32 27
207 21 33 37 1 19 1 283 277 34 19 32 27
208 21 32 54 1 35 1 276 439 457 25 33 27
209 21 28 12 55 34 9 195 222 33 34 33 27
210 21 31 26 25 23 25 534 408 409 33 33 27
211 21 32 1 71 36 1 344 192 34 16 33 27
212 21 33 14 55 22 42 249 286 525 36 33 27
213 21 29 35 1 23 51 237 152 27 7 33 27
214 20 25 1 68 33 92 340 274 29 10 32 26
215 20 27 1 73 17 31 253 229 30 12 32 26
216 21 29 19 50 31 1 282 162 21 18 32 27
217 21 26 31 1 25 1 282 159 22 22 33 27
218 21 35 36 1 28 63 231 195 29 17 33 27
219 21 33 33 1 33 90 663 292 30 1 33 27
220 21 30 35 1 21 11 304 744 623 14 32 27
221 21 30 14 52 27 96 438 170 29 17 32 26
222 21 36 37 56 23 39 344 256 22 41 33 27
223 21 33 62 1 32 16 234 267 224 14 32 27
224 20 23 1 31 25 1 588 233 18 9 32 26
225 21 30 17 1 27 1 272 152 27 21 32 26
226 21 31 19 27 23 1 142 167 247 25 33 27
227 20 23 1 47 21 78 360 308 202 3 32 26
228 21 31 17 1 27 15 223 256 400 16 32 27
229 21 35 32 1 30 1 311 1 34 35 33 27
230 21 32 26 49 23 1 235 135 24 37 33 27
231 21 29 14 45 32 1 260 183 22 24 33 27
232 21 28 12 1 16 1 254 286 27 26 33 26
233 21 42 56 1 32 115 435 260 297 36 33 27
234 21 34 35 1 35 77 212 133 25 6 33 27
235 21 35 41 1 42 61 201 148 237 4 33 27
236 21 30 49 16 35 3 186 375 839 11 33 27
237 21 28 27 17 27 23 290 229 25 21 33 27
238 21 30 27 49 18 12 225 175 35 31 33 27
239 21 32 34 1 32 1 269 234 24 21 33 27
240 21 29 31 35 33 85 166 139 456 15 33 27
241 21 30 13 10 27 58 211 501 131 3 33 27
242 21 39 49 1 35 1 201 275 403 35 33 27
243 21 36 61 1 48 37 195 348 510 24 33 27
244 21 38 54 1 39 16 239 176 580 19 32 27
245 21 19 7 52 9 7 295 149 27 10 32 27
246 21 32 33 15 28 76 392 302 32 18 32 27
247 21 31 39 1 37 61 202 266 23 1 32 26
248 21 35 31 48 23 91 124 191 267 30 33 27
249 21 38 54 67 39 1 325 114 25 40 33 27
250 21 33 22 1 28 68 204 136 853 1 32 26
251 21 34 31 60 24 56 255 250 27 31 33 27
252 20 21 1 38 18 68 526 422 702 6 32 26
253 21 35 43 1 27 24 221 177 33 24 33 27
254 21 35 45 1 27 1 344 1 31 34 33 27
255 21 27 33 34 24 13 369 189 187 26 33 27
256 20 23 1 2 15 33 402 220 22 5 32 26
257 21 32 27 44 30 1 450 269 657 31 33 27
258 21 39 40 1 46 28 327 133 24 2 33 27
259 21 31 47 1 42 1 204 147 25 1 32 27
260 21 38 68 1 29 56 272 198 26 33 33 27
261 21 31 27 1 31 16 470 201 25 1 32 26
262 21 29 34 47 30 85 181 166 220 16 33 27
263 21 32 44 1 31 1 272 169 21 22 33 26
264 20 27 1 62 42 26 234 176 24 15 32 26
265 21 28 35 1 18 1 201 132 24 11 32 27
266 21 28 22 43 25 30 206 201 36 16 32 27
267 20 27 1 62 20 62 456 147 296 14 32 26
268 21 34 23 72 22 1 207 109 27 42 33 27
269 21 28 8 1 28 22 198 220 293 1 33 27
270 21 30 28 1 34 1 292 171 23 1 33 27
271 21 34 46 1 39 62 365 282 27 3 33 27
272 21 32 35 32 28 82 161 1 550 7 32 27
273 21 31 41 18 17 1 371 140 26 22 32 26
274 21 25 1 7 17 6 419 159 27 3 32 26
275 21 38 63 1 35 58 767 93 19 42 33 27
276 21 34 24 35 26 17 275 337 384 20 32 27
277 21 33 32 50 27 20 237 247 30 24 33 27
278 21 24 15 1 29 19 183 228 1449 1 32 26
279 21 33 26 78 18 1 263 179 28 46 33 27
280 21 29 34 1 23 13 332 276 848 17 32 27
281 21 26 40 44 18 16 497 182 28 39 33 27
282 21 35 43 41 30 1 316 133 23 35 33 27
283 21 26 3 34 16 1 182 299 20 19 32 26
284 20 27 1 71 32 1 381 195 25 26 32 26
285 21 30 13 58 30 13 220 149 22 3 32 26
286 21 27 37 1 26 31 576 286 26 8 33 27
287 21 32 46 1 36 57 200 172 27 1 33 27
288 21 33 43 1 27 68 343 276 27 24 33 27
289 21 31 46 11 24 1 281 516 676 21 32 27
290 21 30 41 53 25 1 304 234 447 37 33 27
291 21 26 3 1 27 16 299 197 29 1 33 27
292 21 32 4 73 20 46 319 129 29 27 33 27
293 21 31 39 42 23 1 276 281 26 21 32 27
294 21 31 20 1 32 10 309 349 28 10 33 27
295 21 32 28 63 30 90 320 183 36 36 33 27
296 21 36 58 1 28 56 196 363 798 23 33 27
297 21 34 65 1 30 87 285 396 24 24 33 27
298 21 37 50 54 29 1 521 529 645 41 33 27
299 21 31 38 51 26 1 252 194 28 25 33 27
300 21 33 43 1 37 100 279 212 28 18 33 27
301 21 29 36 35 23 19 267 197 23 22 33 27
302 21 28 22 1 27 52 174 175 26 1 32 26
303 21 26 28 1 34 92 202 256 468 1 32 26
304 21 30 34 37 29 57 186 314 22 14 33 27
305 21 29 21 71 17 1 341 324 26 47 33 27
306 21 34 39 33 26 1 231 133 27 25 33 27
307 20 26 1 50 34 1 352 118 26 1 32 26
308 21 28 19 67 13 6 220 125 394 28 33 27
309 21 30 33 49 24 49 268 209 29 37 33 27
310 21 29 3 60 26 1 358 281 23 32 33 27
311 21 30 19 30 22 92 202 258 128 5 33 27
312 21 36 46 1 36 1 381 172 263 21 32 27
313 21 42 71 1 32 1 336 242 34 47 33 27
314 21 27 10 72 28 1 212 210 28 21 32 27
315 21 29 19 9 27 1 259 137 286 16 32 27
316 21 30 25 1 30 62 361 129 33 12 33 27
317 21 29 24 1 20 14 359 378 32 31 33 26
318 21 37 60 3 38 1 699 205 24 20 33 27
319 21 22 9 13 22 1 115 224 26 14 32 26
320 21 29 42 1 31 39 227 235 27 2 33 27
321 20 21 1 39 23 1 324 162 24 1 32 26
322 21 30 24 68 26 27 257 199 25 35 33 27
323 21 29 25 1 26 82 189 173 32 19 32 27
324 21 25 22 32 25 28 215 217 25 8 32 27
325 20 26 1 67 20 1 309 271 1088 2 32 26
326 21 27 28 55 26 1 338 172 249 11 32 27
327 21 31 38 1 23 26 277 288 99 14 32 27
328 21 25 1 61 30 51 332 308 711 6 32 26
329 20 25 1 50 24 1 284 284 25 3 32 26
330 21 37 38 1 39 131 261 222 28 5 32 26
331 21 31 25 27 40 54 403 119 27 18 32 27
332 21 31 38 1 25 12 211 109 26 2 32 26
333 20 25 1 55 16 3 363 228 19 18 32 26
334 21 33 62 1 45 1 413 154 26 24 33 27
335 21 32 34 51 27 31 237 175 30 34 33 27
336 21 31 41 31 18 50 354 983 969 10 33 27
337 21 32 29 60 26 31 265 246 401 45 33 27
338 21 34 44 45 39 1 287 122 299 25 33 27
339 21 26 27 46 13 10 269 127 28 19 32 27
340 20 24 1 90 26 1 206 261 30 19 32 26
341 21 24 1 1 29 1 303 332 27 1 32 26
342 21 34 34 1 37 69 241 117 31 25 33 27
343 21 35 56 1 33 21 260 164 27 16 32 27
344 21 36 32 1 29 73 222 179 469 35 33 27
345 21 31 22 28 25 47 439 204 29 33 33 27
346 21 39 53 10 32 60 230 153 24 29 33 27
347 21 27 14 14 24 21 720 155 23 10 32 26
348 21 40 59 1 35 1 276 114 111 34 33 27
349 20 22 1 35 28 70 326 319 285 6 32 26
350 21 28 33 20 34 1 251 90 25 12 32 27
351 20 25 1 56 21 1 260 248 27 25 32 26
352 20 33 1 33 22 42 267 191 20 5 32 26
353 21 34 36 55 28 68 224 122 28 30 33 27
354 21 29 1 82 27 1 282 171 21 17 32 26
355 21 38 55 8 34 37 208 1 415 16 32 27
356 21 28 31 1 24 35 185 210 27 8 32 27
357 21 29 30 1 18 7 206 151 412 38 33 27
358 21 33 37 45 41 1 312 151 32 22 32 26
359 21 35 25 1 32 1 222 138 27 6 32 26
360 21 29 43 45 24 1 317 156 25 24 33 27
361 21 33 22 23 37 1 239 175 30 20 32 27
362 21 24 1 88 19 1 505 305 27 19 32 27
363 21 29 23 50 26 1 194 141 22 29 32 26
364 21 24 1 41 31 52 226 520 21 7 32 26
365 21 34 37 1 38 4 530 208 29 1 32 26
366 21 25 1 59 25 1 407 339 25 3 32 26
367 21 33 31 32 23 12 479 175 35 31 33 26
368 21 29 26 5 34 52 239 257 29 7 32 27
369 21 29 12 42 23 64 355 138 22 24 32 26
370 21 34 38 62 26 38 244 193 28 32 33 26
371 21 35 35 46 25 34 399 128 27 28 33 27
372 20 29 1 43 28 77 198 243 269 1 32 26
373 21 35 44 50 35 1 171 221 419 33 33 27
374 20 28 1 47 25 1 877 2005 982 23 32 26
375 21 34 9 76 21 1 289 125 25 31 33 26
376 20 28 1 78 22 89 287 201 29 27 32 26
377 21 27 30 14 28 56 316 195 22 1 32 26
378 20 23 1 22 27 6 506 1 26 3 32 26
379 20 29 1 39 24 97 271 246 22 1 32 26
380 21 30 17 53 27 39 227 177 25 27 33 26
381 21 30 48 1 25 86 262 302 29 35 33 27
382 21 30 28 19 31 17 288 417 28 26 33 26
383 21 40 44 16 38 34 223 195 30 35 33 26
384 21 39 58 1 35 1 228 345 1660 17 32 27
385 21 30 27 36 15 1 337 286 30 30 33 27
386 21 33 38 38 32 54 132 413 33 20 32 26
387 21 36 38 1 33 98 266 197 26 1 33 27
388 21 33 26 19 30 37 209 114 26 27 33 27
389 21 32 23 17 33 124 493 370 28 11 32 26
390 21 28 7 22 29 1 198 149 28 3 32 26
391 21 26 1 62 22 37 296 170 357 16 32 26
392 21 33 41 1 24 35 306 172 20 25 32 27
393 21 29 50 1 33 31 185 300 26 9 33 27
394 21 31 38 1 31 32 182 89 202 11 33 27
395 21 37 50 1 27 100 222 180 123 27 33 27
396 21 29 6 58 23 67 361 175 22 21 32 27
397 21 24 19 63 15 9 338 230 24 42 33 27
398 21 37 44 1 31 65 220 185 25 40 33 27
399 21 26 10 32 16 1 245 194 30 18 32 27
400 21 36 24 44 26 33 472 239 1117 34 33 27
401 21 37 48 1 27 1 273 140 30 16 32 27
402 20 27 1 38 33 1 477 447 26 10 32 26
403 20 21 1 71 19 1 157 180 23 1 32 26
404 21 28 16 37 33 61 313 132 692 29 33 27
405 21 30 41 1 23 1 209 248 25 16 32 27
406 21 29 38 1 33 35 160 150 29 1 32 26
407 21 27 13 49 18 1 323 158 22 35 33 27
408 21 33 43 1 33 1 247 250 287 1 32 27
409 20 25 1 91 27 28 299 272 183 14 32 26
410 20 26 1 1 32 1 624 164 44 1 31 26
411 21 28 19 1 26 21 690 175 32 1 32 26
412 21 32 22 65 6 4 438 484 24 42 33 27
413 21 31 24 1 33 123 239 266 20 3 32 26
414 21 29 19 54 24 3 224 245 195 33 33 26
415 20 23 1 81 20 44 222 292 29 1 32 26
416 21 32 23 1 22 61 431 197 33 43 33 27
417 21 30 32 1 25 76 361 261 32 6 32 27
418 21 28 33 24 21 70 310 179 23 6 32 26
419 20 24 1 51 18 1 292 192 24 17 32 26
420 21 36 57 1 32 1 286 243 27 30 33 27
421 21 31 29 25 31 28 252 168 25 10 33 27
422 21 38 52 5 26 1 266 246 26 26 33 27
423 21 26 10 58 16 5 226 181 258 26 32 26
424 21 32 28 1 37 49 292 324 370 19 32 27
425 21 32 40 1 30 90 298 157 319 1 32 26
426 21 38 45 1 36 90 267 225 29 13 32 26
427 21 30 17 1 27 49 415 206 23 8 33 27
428 21 34 43 16 46 21 391 242 650 19 33 27
429 21 30 17 8 29 21 454 248 26 12 33 27
430 21 22 1 48 18 20 216 275 25 22 32 26
431 21 30 17 1 34 43 362 123 26 10 33 27
432 21 31 11 32 30 1 192 281 308 12 32 27
433 21 30 18 43 36 1 128 262 896 21 33 27
434 21 32 42 1 31 1 205 181 28 9 33 27
435 21 40 67 1 31 49 203 160 26 40 33 27
436 21 33 69 1 25 72 300 351 23 37 33 27
437 21 31 40 6 31 44 221 201 567 25 33 27
438 21 35 52 1 36 1 233 206 33 27 33 27
439 21 30 13 1 26 1 203 133 28 23 33 27
440 21 32 31 1 23 56 342 171 30 4 32 27
441 21 34 31 1 22 50 260 192 387 31 33 27
442 21 34 22 24 29 126 351 189 1126 17 32 27
443 21 30 37 61 41 1 273 163 28 46 33 27
444 21 33 48 1 30 58 162 174 478 1 33 26
445 21 24 1 1 26 55 274 258 322 1 32 26
446 21 39 48 1 40 1 349 189 26 35 33 27
447 21 28 5 47 16 12 363 143 23 19 33 27
448 21 33 37 1 27 1 179 163 102 22 32 27
449 21 27 22 60 18 38 1471 318 24 23 32 27
450 21 34 35 67 36 51 515 227 28 29 33 27
451 21 30 39 1 20 10 331 286 41 23 33 27
452 21 22 4 28 21 1 415 193 20 18 32 26
453 21 32 38 57 31 1 168 159 427 22 33 27
454 21 34 29 42 28 18 519 187 22 30 33 27
455 21 36 47 1 36 38 333 204 25 11 33 27
456 21 27 27 21 24 1 249 147 21 17 32 27
457 21 32 29 50 25 4 300 166 790 33 33 27
458 21 38 52 57 30 1 286 170 32 39 33 26
459 21 32 49 1 30 36 288 110 34 21 32 27
460 21 36 59 21 36 1 400 455 29 18 32 27
461 21 33 29 9 24 2 345 231 30 16 33 27
462 21 38 55 3 40 45 173 165 22 29 33 27
463 20 25 1 35 14 12 207 185 436 8 32 26
464 21 34 40 49 31 82 550 145 29 7 33 27
465 21 35 40 1 43 1 244 714 15 1 33 27
466 20 26 1 62 35 1 305 359 844 1 32 26
467 20 17 1 57 12 1 195 167 294 1 32 26
468 20 28 1 22 40 38 419 282 24 1 32 26
469 21 29 32 46 28 2 220 201 26 23 33 27
470 21 33 26 65 23 94 265 581 23 25 33 27
471 21 37 48 26 38 1 166 291 23 31 33 27
472 21 32 20 1 28 10 240 265 25 24 32 27
473 21 30 32 1 31 33 253 455 26 8 33 27
474 21 23 13 45 22 14 274 155 22 28 33 26
475 21 24 14 56 12 15 216 148 27 14 32 27
476 21 32 38 36 33 1 331 250 19 27 33 27
477 21 29 15 59 15 10 609 478 25 36 33 27
478 21 30 46 1 31 2 314 167 30 17 33 27
479 21 29 11 1 26 72 193 216 541 13 33 27
480 21 34 23 1 44 1 197 119 25 1 33 27
481 21 34 38 1 34 81 246 281 28 27 33 27
482 21 34 50 1 28 1 243 290 26 29 33 27
483 21 45 97 1 52 1 260 270 795 31 33 27
484 20 24 1 61 28 1 356 164 28 7 32 26
485 21 39 61 1 33 51 225 275 25 39 33 27
486 21 27 10 46 26 86 266 299 836 15 32 27
487 20 24 1 85 20 41 247 278 1180 18 32 26
488 21 31 4 88 30 1 400 230 25 29 33 27
489 21 32 32 68 22 1 283 195 31 36 33 27
490 21 26 22 62 16 1 255 202 791 29 33 27
491 21 37 59 24 36 62 725 78 130 37 33 27
492 21 29 19 4 25 1 158 150 32 11 32 27
493 21 32 37 46 34 100 505 178 27 30 33 27
494 20 20 1 62 25 1 381 231 27 9 32 26
495 21 30 78 1 26 110 215 512 427 20 33 27
496 21 30 24 1 27 14 275 159 347 5 32 27
497 21 33 35 10 21 1 409 302 34 38 33 27
498 20 32 1 73 32 1 384 253 22 25 32 26
499 21 24 9 32 19 1 288 219 23 10 32 27
500 21 27 24 19 23 1 299 151 26 12 32 27
501 21 41 77 1 31 67 180 126 31 46 33 27
502 21 25 16 25 26 1 221 144 24 18 32 27
503 21 35 46 1 31 54 195 209 29 27 33 27
504 21 29 5 29 19 110 236 292 18 8 32 26
505 21 27 5 55 18 1 235 247 28 22 32 27
506 21 35 44 1 29 61 234 287 464 24 33 27
507 21 26 13 1 26 54 304 163 348 1 33 27
508 21 30 48 8 23 54 234 124 211 33 33 27
509 21 31 31 47 19 78 239 136 53 41 33 27
510 21 37 40 1 34 99 203 195 22 26 33 27
511 21 31 32 52 34 15 218 174 28 8 33 27
512 21 27 11 39 16 1 331 239 36 10 33 27
513 21 30 37 1 21 94 206 133 28 11 32 27
514 21 40 37 1 35 56 179 200 30 16 33 27
515 21 24 27 1 31 1 226 138 31 1 32 26
516 21 34 44 58 31 1 195 169 28 38 33 27
517 21 29 31 1 33 47 264 282 248 1 32 26
518 21 26 25 30 12 15 264 190 24 23 32 26
519 21 30 17 54 15 1 166 245 32 35 33 27
520 21 26 15 50 20 72 198 1 638 26 33 27
521 20 28 1 56 14 12 195 232 909 17 32 26
522 21 33 31 1 34 65 502 263 26 31 33 27
523 21 35 38 32 40 1 288 177 33 11 32 27
524 21 33 51 1 32 94 200 147 280 4 33 27
525 21 31 7 53 22 60 228 149 35 35 33 26
526 20 26 1 69 30 36 235 2005 1722 5 32 26
527 21 27 20 32 25 24 322 308 28 37 33 27
528 21 34 30 1 35 24 180 342 26 1 32 26
529 20 23 1 71 24 40 417 52 26 24 32 26
530 21 30 36 1 13 46 301 149 228 41 33 27
531 21 31 27 1 24 66 197 256 182 39 33 27
532 21 36 37 32 37 1 253 158 355 33 33 27
533 21 37 53 41 26 1 228 266 28 46 33 27
534 20 26 1 24 30 38 315 323 33 1 32 26
535 21 30 49 1 23 30 299 159 18 22 33 27
536 20 24 1 46 29 54 286 117 23 1 32 26
537 21 32 45 59 23 7 220 220 29 34 33 27
538 21 34 45 56 28 92 232 187 26 46 33 27
539 21 20 13 40 19 39 149 177 20 2 32 26
540 21 31 30 1 39 1 249 310 28 11 33 27
541 21 27 1 36 24 30 201 225 29 13 32 27
542 21 27 18 46 24 1 223 108 24 17 32 27
543 21 30 43 1 34 54 345 134 27 1 33 27
544 21 47 101 1 43 79 300 372 28 56 33 27
545 21 34 51 1 38 18 318 132 24 1 32 26
546 20 24 1 57 36 1 253 180 27 10 32 26
547 20 29 1 39 24 37 299 137 33 13 32 26
548 21 41 56 1 29 84 234 165 27 41 33 27
549 21 39 65 1 31 1 395 90 33 13 32 26
550 20 27 1 63 25 34 250 253 27 13 32 26
551 21 33 24 31 28 48 204 285 27 33 33 26
552 21 30 21 39 28 27 351 278 313 28 33 26
553 21 30 29 1 38 56 237 373 23 1 32 26
554 21 37 44 32 31 19 274 174 23 30 33 26
555 21 31 32 44 37 69 195 174 35 22 32 26
556 21 33 39 8 28 75 178 124 584 21 32 26
557 21 29 15 49 23 1 255 536 1246 35 33 27
558 21 42 67 1 32 1 244 268 32 31 33 26
559 20 21 1 54 17 26 234 334 25 1 32 26
560 21 33 55 1 27 72 245 137 25 15 32 27
561 21 28 38 1 25 1 189 162 315 23 32 26
562 21 36 63 1 39 51 211 179 26 22 32 27
563 21 33 42 3 29 47 214 148 303 25 33 27
564 21 32 21 33 29 1 301 185 30 38 33 26
565 21 34 47 1 32 82 241 254 24 1 32 26
566 21 29 24 25 26 1 223 200 31 8 32 27
567 21 33 40 29 21 49 432 273 33 38 33 27
568 21 28 15 12 26 46 277 312 27 3 32 26
569 21 28 1 36 22 22 268 408 458 10 32 26
570 21 35 44 14 40 1 230 347 672 21 33 27
571 21 37 56 1 31 88 282 147 21 1 32 26
572 20 29 1 44 24 48 354 454 399 1 32 26
573 21 37 43 34 33 1 195 127 287 30 33 27
574 21 26 1 68 22 1 255 25 29 22 32 26
575 21 31 21 10 26 25 282 256 31 23 33 26
576 21 26 23 17 30 1 250 124 27 1 32 26
577 20 28 1 27 25 1 239 169 24 1 32 26
578 21 26 21 28 24 1 303 198 771 7 32 27
579 21 28 17 19 34 1 179 149 27 1 32 26
580 21 25 2 8 24 7 277 230 24 22 32 27
581 21 25 5 48 27 1 329 1 21 9 32 27
582 21 34 50 1 26 85 272 166 293 39 33 27
583 21 32 54 1 33 39 272 164 21 29 33 27
584 21 28 26 38 29 66 476 113 25 5 33 27
585 21 31 21 1 24 70 301 176 32 21 32 27
586 21 30 44 31 25 1 192 295 2004 20 32 27
587 21 31 19 60 24 1 238 122 30 36 33 26
588 21 29 35 61 30 1 311 176 23 31 33 27
589 21 27 22 43 17 1 215 164 292 13 32 27
590 21 30 25 1 32 1 300 191 30 4 32 26
591 21 33 43 65 32 1 140 246 887 29 33 27
592 21 29 1 67 24 1 412 309 36 26 33 27
593 21 30 43 6 29 1 296 208 24 24 33 27
594 20 23 1 72 22 67 184 326 408 17 32 26
595 21 29 43 21 32 1 657 132 27 9 32 26
596 20 26 1 56 35 1 976 515 1104 1 32 26
597 21 30 16 60 35 53 421 369 346 30 33 27
598 21 28 16 11 27 23 172 147 288 1 32 27
599 21 34 54 29 28 1 228 281 166 34 33 27
600 21 36 43 1 34 55 348 372 24 10 33 27
601 21 26 19 1 34 37 248 178 27 1 32 26
602 21 29 31 45 29 1 223 146 24 17 32 27
603 21 31 15 51 24 16 232 198 26 13 32 26
604 21 39 51 1 36 1 181 218 57 28 33 27
605 21 31 37 72 25 8 186 383 25 35 33 27
606 21 27 32 1 19 32 239 289 24 14 32 27
607 21 30 46 1 31 1 246 150 32 18 32 27
608 21 33 41 75 18 54 190 138 194 47 33 26
609 21 31 20 28 36 1 248 199 22 20 32 26
610 21 32 31 37 23 82 133 263 25 28 33 27
611 21 30 35 1 34 1 470 120 23 11 32 27
612 21 33 20 1 28 15 177 155 29 20 32 26
613 21 29 30 31 31 1 143 137 28 8 32 26
614 21 38 67 1 28 46 311 122 28 30 33 27
615 21 43 63 1 36 14 194 138 25 34 33 27
616 21 26 3 52 21 1 267 227 24 24 32 26
617 21 26 9 69 19 37 657 575 1425 29 33 27
618 21 35 48 1 41 1 220 273 317 15 32 27
619 21 32 33 1 33 1 321 170 26 1 32 27
620 21 32 56 38 26 92 187 312 24 21 33 27
621 21 39 49 1 37 130 231 231 31 32 33 27
622 21 36 41 50 20 1 587 356 29 44 33 27
623 21 28 20 1 32 71 206 174 26 6 33 27
624 21 34 45 1 24 43 270 211 28 19 33 27
625 21 31 9 21 25 37 182 224 540 2 33 27
626 21 32 46 1 43 62 258 156 26 1 33 27
627 21 26 1 54 24 58 347 342 31 6 32 26
628 21 30 29 1 21 28 270 139 465 10 33 27
629 21 27 12 1 27 1 255 294 26 1 33 27
630 21 33 38 49 28 1 179 402 26 25 33 27
631 21 38 54 42 41 41 250 226 32 36 33 27
632 21 29 7 64 22 1 292 206 29 21 33 27
633 21 29 21 71 21 21 378 201 30 38 33 27
634 21 31 27 50 27 1 228 183 240 33 33 27
635 21 36 34 22 36 56 218 119 168 27 33 27
636 21 23 1 26 29 1 204 170 447 1 33 27
637 21 29 23 1 29 1 235 255 31 6 33 27
638 21 34 36 64 25 1 468 335 257 40 33 27
639 21 36 35 33 35 1 293 251 20 34 33 27
640 21 32 30 51 31 1 160 242 252 23 33 27
641 21 26 1 11 19 23 192 166 28 1 32 26
642 21 29 18 40 27 1 578 143 25 33 33 26
643 21 27 26 15 17 1 378 304 25 33 33 27
644 21 36 43 1 18 24 187 309 32 37 33 27
645 21 23 9 1 26 1 375 164 21 1 32 27
646 21 38 58 1 28 60 406 166 26 18 33 27
647 21 27 20 34 24 1 195 411 514 13 33 27
648 21 28 24 1 28 35 414 295 22 1 32 27
649 21 34 45 66 30 1 940 189 35 47 33 27
650 26 33 1 44 26 25 2004 1941 37 1 40 33
651 21 33 31 38 24 50 278 270 32 25 33 27
652 21 40 51 39 41 1 292 195 26 29 33 27
653 21 35 39 1 29 1 229 144 23 31 33 27
654 21 30 18 37 29 66 240 234 27 19 33 27
655 21 33 33 1 19 28 414 257 169 7 33 27
656 21 24 5 30 21 21 255 187 61 23 33 27
657 21 32 30 32 35 4 296 154 671 4 33 27
658 21 32 39 38 24 37 221 191 28 26 33 27
659 21 23 8 1 27 73 238 326 359 1 32 27
660 21 36 48 9 48 46 330 289 28 4 33 27
661 21 32 23 22 29 19 352 95 29 4 33 27
662 21 28 14 13 31 1 147 273 292 10 33 27
663 21 31 24 1 34 1 222 232 586 1 32 27
664 21 28 29 49 29 9 281 109 235 13 33 27
665 21 25 1 34 22 1 249 139 26 10 32 26
666 21 27 14 34 29 10 710 322 28 25 33 27
667 21 26 1 1 31 1 184 188 26 1 32 27
668 21 39 54 35 25 43 473 164 32 44 33 27
669 21 31 32 13 30 1 268 186 21 29 33 27
670 21 31 40 1 40 111 350 212 1153 2 33 27
671 21 33 57 51 29 1 201 207 201 55 33 27
672 21 35 51 52 30 55 334 211 25 36 33 27
673 21 25 37 4 17 1 254 280 234 22 33 27
674 22 33 25 25 32 1 338 204 28 25 33 27
675 22 38 57 1 43 134 234 1307 75 16 33 27
676 21 23 1 30 23 1 302 134 42 1 32 26
677 21 34 39 42 34 1 165 229 242 27 33 27
678 21 35 39 34 31 43 514 237 25 34 33 27
679 21 32 31 40 29 7 156 202 25 7 33 27
680 21 36 72 1 37 51 328 242 160 34 33 27
681 21 27 19 26 33 29 262 272 234 9 33 27
682 21 36 57 1 29 34 243 226 23 24 33 27
683 21 23 14 1 25 21 783 192 25 1 32 26
684 21 23 22 1 20 9 463 170 27 1 32 27
685 21 29 11 1 21 1 456 75 33 12 33 27
686 21 24 14 1 32 81 615 150 19 1 32 27
687 21 30 35 6 25 1 313 206 26 19 33 27
688 21 30 37 1 36 50 298 220 28 1 33 27
689 21 29 15 1 36 1 204 157 30 7 33 27
690 21 30 27 57 18 45 216 161 165 31 33 27
691 21 32 28 70 25 1 210 170 22 23 33 27
692 21 34 49 1 34 83 1428 1547 1155 2 33 27
693 21 29 40 35 10 15 177 157 33 27 33 27
694 20 30 1 90 25 1 341 192 208 20 32 26
695 21 26 1 1 18 35 285 283 621 2 32 26
696 20 20 1 80 17 1 268 242 25 10 32 26
697 21 37 43 50 35 40 184 226 504 36 33 27
698 21 35 27 1 27 78 487 315 196 30 33 27
699 21 27 22 77 17 1 240 136 22 35 33 27
700 21 37 35 1 38 31 250 150 29 22 33 27
701 21 32 29 16 32 64 243 147 136 29 33 27
702 21 33 53 5 33 41 924 167 30 17 33 27
703 21 29 1 82 23 20 342 132 35 29 33 26
704 21 27 32 42 22 20 269 245 26 16 33 27
705 21 29 32 52 30 30 276 141 27 22 33 27
706 21 31 29 1 27 1 259 196 25 13 33 27
707 21 35 28 1 27 94 214 459 27 15 33 27
708 21 29 34 32 19 18 269 128 20 27 33 27
709 21 26 19 14 24 35 189 220 21 1 33 27
710 21 31 23 43 31 1 449 209 1212 30 33 27
711 21 29 34 1 40 1 415 217 30 1 33 27
712 21 30 35 21 27 42 179 300 203 22 33 27
713 21 31 1 33 17 15 220 169 23 8 33 27
714 21 32 35 1 29 1 238 154 315 18 33 27
715 21 33 34 1 26 1 317 175 1022 8 33 27
716 21 33 34 1 31 68 357 463 28 21 33 27
717 21 34 24 33 23 1 354 175 27 34 33 27
718 21 29 3 1 29 1 335 127 267 21 32 27
719 21 30 25 28 34 1 208 11 28 1 32 27
720 21 22 1 1 23 1 359 160 27 1 32 26
721 21 28 36 1 28 20 232 366 24 9 33 27
722 21 27 14 85 16 1 214 168 25 25 33 27
723 21 34 54 1 45 79 259 234 723 12 33 27
724 21 31 49 1 33 40 257 174 31 38 33 27
725 21 33 40 39 37 1 491 1 212 38 33 27
726 21 32 27 64 22 39 249 283 27 33 33 27
727 21 32 51 50 23 1 212 198 27 41 33 27
728 21 41 85 1 42 28 198 146 250 20 33 27
729 21 28 17 43 26 85 292 192 19 32 33 27
730 21 44 83 1 35 98 660 497 282 32 33 27
731 21 31 27 1 29 37 203 198 370 1 33 27
732 21 31 29 59 20 71 226 146 31 43 33 27
733 21 30 32 1 34 43 307 263 239 1 33 27
734 21 35 42 1 35 66 206 538 25 1 33 27
735 21 29 8 86 15 1 293 164 473 36 33 27
736 20 23 1 102 22 1 251 180 400 6 32 26
737 21 30 34 15 22 80 159 215 22 22 33 27
738 21 26 13 15 27 59 370 488 552 3 33 27
739 21 31 15 43 27 59 677 411 25 24 33 27
740 20 28 1 78 31 1 228 223 1014 5 32 26
741 21 33 35 1 31 140 300 362 342 1 33 27
742 21 32 1 59 25 5 303 352 31 19 32 27
743 21 26 20 39 21 1 297 200 26 29 33 27
744 21 26 27 59 26 19 223 247 28 25 33 27
745 21 31 36 53 26 1 148 251 294 28 33 27
746 21 39 78 1 42 1 221 149 463 42 33 27
747 20 23 1 62 21 1 252 123 234 18 32 26
748 21 30 16 17 37 65 220 357 160 10 33 27
749 21 31 46 1 34 20 300 257 27 34 33 27
750 21 32 46 1 31 38 186 210 539 1 32 27
751 21 30 15 32 15 1 257 180 33 25 33 27
752 21 34 33 46 24 18 270 255 28 38 33 27
753 20 28 1 44 23 1 422 198 30 11 32 26
754 21 31 15 17 27 26 226 223 29 24 33 27
755 21 29 10 26 23 23 233 185 29 24 33 27
756 21 32 22 42 18 59 402 221 29 38 33 27
757 21 35 43 57 24 1 196 218 1186 49 33 27
758 21 31 21 43 22 36 307 180 460 37 33 27
759 21 27 3 37 33 1 165 286 1038 14 33 27
760 21 33 21 49 32 1 930 236 239 41 33 27
761 21 28 19 1 33 73 212 109 30 1 32 27
762 20 23 1 70 26 1 351 179 24 5 32 26
763 21 28 7 52 28 59 281 221 24 19 33 27
764 21 29 37 33 24 1 232 338 142 45 33 27
765 21 27 3 38 22 1 218 198 18 5 33 27
766 21 28 9 1 33 69 408 253 33 1 32 27
767 21 30 35 20 28 12 303 145 238 23 33 27
768 21 38 53 1 36 78 448 135 544 6 33 27
769 21 29 29 69 17 1 178 414 29 46 33 27
770 21 28 7 35 23 57 273 174 29 27 33 27
771 21 25 4 52 28 14 211 835 243 27 33 27
772 21 35 17 58 28 1 321 207 30 34 33 27
773 21 33 36 10 29 50 163 174 29 28 33 27
774 21 33 37 83 26 10 239 261 26 49 33 27
775 21 29 27 37 31 78 197 443 1041 17 33 27
776 21 33 32 1 16 23 178 251 30 15 33 27
777 21 29 10 1 27 1 193 228 26 1 33 27
778 21 33 33 22 32 14 264 245 301 9 33 27
779 20 25 1 15 17 1 207 143 30 17 32 26
780 21 31 46 55 36 72 285 129 19 23 33 27
781 21 37 18 58 29 35 216 136 31 38 33 27
782 21 29 51 41 35 44 279 181 31 15 33 27
783 21 31 25 1 25 30 159 115 32 24 33 27
784 21 33 30 23 40 59 594 304 20 27 33 27
785 21 30 33 1 25 43 222 121 27 26 33 26
786 21 27 1 64 24 54 357 113 27 1 32 26
787 20 23 1 76 27 1 268 144 382 10 32 26
788 20 29 1 15 25 85 349 53 145 1 32 26
789 21 28 15 20 28 36 202 156 27 27 33 27
790 21 25 4 19 22 47 212 201 579 6 33 27
791 21 28 16 39 26 17 370 147 31 27 33 27
792 21 35 66 2 34 70 223 214 25 11 33 27
793 21 29 50 19 30 41 562 293 31 1 33 27
794 21 29 16 61 21 14 479 202 16 32 33 27
795 21 32 30 77 16 23 551 596 26 44 33 27
796 21 34 73 1 26 10 207 194 24 16 33 27
797 20 27 1 7 29 51 482 115 15 1 32 26
798 21 24 1 41 28 1 319 229 25 1 32 26
799 21 38 60 1 38 92 161 134 170 12 33 27
800 21 35 43 22 30 1 166 219 29 20 33 27
801 21 35 42 17 23 8 228 167 730 33 33 27
802 21 28 18 64 21 1 193 166 579 32 33 27
803 21 38 60 1 24 60 267 218 212 52 33 27
804 21 28 1 87 21 1 536 144 31 31 33 26
805 21 32 25 85 21 6 251 874 615 40 33 27
806 21 36 26 1 26 47 237 216 335 28 33 27
807 21 33 41 34 25 127 454 335 26 15 33 27
808 21 31 46 1 28 1 214 202 31 39 33 27
809 21 26 1 26 15 19 294 116 33 20 32 27
810 21 31 13 79 23 49 215 435 1139 29 33 27
811 21 41 50 1 40 47 205 354 293 23 33 27
812 21 31 39 72 31 1 218 288 19 29 33 27
813 21 33 36 37 33 1 206 168 33 16 33 27
814 21 23 7 17 22 1 491 174 32 20 32 27
815 21 23 7 52 13 1 229 194 23 22 32 27
816 21 38 68 1 41 33 186 195 946 17 33 27
817 21 28 39 21 24 54 479 285 30 30 33 27
818 21 24 19 1 28 1 226 200 40 2 33 27
819 21 41 52 1 49 126 231 192 30 8 33 27
820 21 39 71 1 44 1 260 300 343 33 33 27
821 21 36 48 1 23 36 195 192 426 26 33 27
822 21 24 1 17 25 25 253 260 21 1 32 26
823 21 36 37 41 31 92 405 236 31 36 33 27
824 21 27 26 37 24 1 244 171 34 15 33 27
825 21 27 18 46 17 36 197 284 342 26 33 27
826 21 37 32 21 36 58 228 114 25 19 33 27
827 21 34 23 63 32 45 384 239 25 18 33 27
828 21 37 53 1 37 1 447 369 63 17 33 27
829 21 35 14 22 29 40 267 175 521 4 33 27
830 21 32 35 1 31 53 424 307 177 7 33 27
831 21 28 1 1 37 1 217 223 672 1 32 26
832 21 33 48 1 27 6 137 597 322 14 33 27
833 21 31 49 1 35 67 231 265 26 13 33 27
834 21 31 39 1 24 21 427 168 35 17 33 27
835 21 28 23 1 21 50 368 162 173 1 33 27
836 21 32 26 42 27 15 242 265 473 22 33 27
837 21 26 8 1 26 1 204 147 23 1 32 27
838 21 32 24 30 26 1 433 244 21 10 33 27
839 21 27 25 45 25 37 260 188 27 27 33 27
840 21 32 43 17 32 24 501 205 25 22 33 27
841 21 30 14 18 31 44 277 317 27 15 33 27
842 21 32 30 54 36 1 345 174 32 18 33 27
843 21 21 1 53 25 1 351 167 37 16 32 27
844 21 36 45 42 29 76 173 273 27 40 33 27
845 21 26 16 41 19 18 558 138 28 12 33 27
846 21 33 43 1 36 1 245 187 278 28 33 27
847 21 36 48 1 37 65 368 122 25 24 33 27
848 21 28 27 1 42 61 188 205 22 1 32 26
849 21 37 38 1 24 48 353 140 28 45 33 27
850 21 32 37 12 31 43 389 183 28 21 33 27
851 21 43 51 64 33 1 352 261 29 49 33 27
852 21 34 60 17 34 1 139 207 26 28 33 27
853 21 31 30 1 32 1 172 275 24 1 33 27
854 21 27 1 11 32 107 305 239 694 1 32 26
855 21 33 38 1 31 1 218 250 655 17 33 27
856 21 25 12 1 19 54 389 386 27 1 33 27
857 21 40 58 1 34 21 334 442 31 40 33 27
858 21 25 14 55 23 48 214 129 20 21 32 27
859 21 26 41 1 30 89 154 188 171 1 32 26
860 21 27 11 63 21 1 261 252 25 38 33 27
861 21 29 6 63 30 1 258 137 31 28 33 27
862 21 35 36 1 31 1 297 1129 26 18 33 27
863 21 29 18 41 23 1 276 147 23 17 33 27
864 21 40 60 35 39 1 369 172 9 40 33 27
865 21 31 33 10 28 14 208 231 118 7 33 27
866 21 31 32 1 33 1 305 117 19 13 33 27
867 21 34 19 1 29 31 220 241 455 27 33 27
868 21 29 30 50 20 1 260 335 27 42 33 27
869 21 33 34 21 41 23 183 180 34 21 33 27
870 21 30 30 62 20 26 287 132 27 44 33 27
871 21 27 38 18 27 10 230 148 23 14 33 27
872 21 24 10 42 16 27 349 166 27 24 33 27
873 21 35 45 1 25 28 379 330 59 13 33 27
874 21 30 19 6 27 59 234 158 25 1 33 27
875 21 30 31 22 25 55 274 248 27 17 33 27
876 21 28 29 53 18 47 174 144 26 43 33 27
877 21 24 6 14 20 29 444 214 152 1 33 27
878 21 33 25 1 29 1 245 127 27 16 33 27
879 21 30 18 32 25 1 231 260 240 29 33 27
880 21 36 28 43 23 1 160 176 32 33 33 27
881 21 32 38 33 30 21 203 283 219 22 33 27
882 21 25 10 5 27 20 176 280 32 1 33 27
883 21 34 15 6 38 1 451 222 31 2 33 27
884 21 28 17 65 23 1 242 198 28 36 33 27
885 21 33 20 17 34 71 551 256 169 10 33 27
886 21 36 39 39 39 1 426 139 30 35 33 27
887 21 30 35 26 28 22 225 189 25 35 33 27
888 21 27 19 84 18 83 274 193 27 27 33 27
889 21 39 72 1 33 1 241 178 39 24 33 27
890 21 22 1 69 27 32 331 145 29 1 32 26
891 21 32 18 57 22 1 193 203 31 33 33 27
892 21 24 7 29 26 16 578 168 28 2 33 27
893 21 32 31 53 26 1 444 185 25 38 33 27
894 21 45 83 6 39 51 255 112 27 42 33 27
895 21 27 33 42 34 1 280 213 126 10 33 27
896 21 33 33 70 28 1 143 164 19 40 33 27
897 21 30 8 47 22 3 326 172 283 37 33 27
898 21 30 31 1 33 37 415 219 25 3 33 27
899 21 33 1 49 37 1 242 397 26 18 32 26
900 21 40 74 1 28 76 184 1 25 31 33 27
901 21 35 22 49 20 76 229 227 36 48 33 27
902 21 40 59 1 33 44 265 138 31 37 33 27
903 21 34 39 57 30 1 239 214 28 45 33 27
904 22 38 41 1 20 1 207 376 51 29 34 28
905 21 32 49 1 27 17 242 133 441 12 33 27
906 21 27 1 73 19 56 336 1 23 2 33 27
907 21 27 22 55 11 4 210 227 28 30 33 27
908 21 33 26 48 31 75 214 182 874 10 33 27
909 22 35 38 28 28 40 296 192 31 18 33 27
910 21 27 1 47 23 14 443 226 29 1 33 27
911 21 32 28 1 34 51 238 204 33 4 33 27
912 22 32 33 66 21 4 248 157 25 42 34 27
913 21 41 53 1 41 1 346 118 267 28 33 27
914 22 31 36 59 28 1 198 273 24 41 34 27
915 22 31 49 1 36 1 365 114 33 2 33 27
916 22 41 73 34 31 70 216 196 36 42 34 27
917 21 35 1 33 38 1 304 274 26 6 33 27
918 21 31 1 44 28 73 387 526 28 7 33 27
919 22 29 35 1 26 1 216 141 33 26 33 27
920 21 29 13 1 29 80 259 236 931 2 33 27
921 22 31 45 1 29 76 339 221 21 28 34 27
922 22 32 26 38 24 14 289 404 22 36 34 28
923 21 28 13 1 26 71 216 194 29 6 33 27
924 21 26 1 75 29 1 310 192 36 1 33 27
925 21 31 27 58 24 39 230 393 577 38 34 27
926 22 33 42 38 18 45 278 286 42 33 34 27
927 21 33 29 1 32 83 240 266 27 12 33 27
928 21 35 57 1 33 15 147 126 26 4 33 27
929 21 26 23 2 21 28 923 161 30 15 33 27
930 21 32 40 17 22 14 284 282 31 37 34 27
931 21 40 57 55 28 1 227 215 262 53 34 27
932 22 39 43 1 32 83 709 264 481 27 33 27
933 21 34 25 44 31 52 133 230 235 26 33 27
934 21 23 1 66 31 1 287 148 275 1 33 27
935 21 27 10 44 24 1 110 184 31 20 33 27
936 21 33 37 1 38 142 174 274 354 15 33 27
937 22 38 54 36 37 16 420 105 29 29 34 27
938 22 29 21 65 10 17 324 284 222 37 34 27
939 22 28 27 11 23 49 162 214 31 9 33 27
940 21 37 50 46 21 17 213 151 329 56 34 27
941 21 22 1 1 35 1 235 199 240 6 33 27
942 22 35 24 51 28 56 243 213 28 24 33 27
943 21 28 38 1 20 1 252 273 405 17 33 27
944 21 40 45 77 32 51 186 164 30 43 33 27
945 21 23 1 54 15 63 251 178 28 22 32 26
946 21 30 31 6 36 6 508 137 25 22 33 27
947 21 32 18 51 28 1 164 154 428 33 33 27
948 21 31 35 50 29 73 172 175 866 18 32 27
949 21 28 1 47 23 1 459 187 228 25 33 27
950 21 31 20 4 33 56 509 202 28 6 33 27
951 21 31 5 39 32 1 245 247 28 8 33 27
952 21 33 36 55 31 1 413 274 262 29 33 27
953 21 37 64 1 31 12 455 176 22 24 33 27
954 21 31 32 1 47 30 161 345 25 1 32 27
955 21 29 10 64 18 81 190 204 373 13 33 27
956 21 32 1 46 22 1 197 150 754 22 33 27
957 21 28 9 61 25 5 199 284 135 23 32 27
958 22 38 50 10 36 30 237 235 339 28 33 27
959 21 29 12 36 30 23 341 1 27 11 33 27
960 21 30 7 27 33 11 264 210 25 11 33 27
961 21 29 9 17 34 51 360 212 30 14 33 27
962 21 32 31 19 29 76 199 439 1046 9 33 27
963 21 24 1 58 21 28 262 168 30 3 33 27
964 22 31 23 55 23 51 137 240 172 38 34 27
965 22 29 30 64 19 2 190 216 22 34 33 27
966 21 40 49 1 24 59 212 269 329 26 33 27
967 21 29 1 25 31 1 232 169 265 1 32 26
968 21 28 27 1 40 61 412 87 30 14 33 27
969 21 33 43 1 45 50 186 112 459 1 33 27
970 21 33 64 1 28 1 249 164 30 13 33 27
971 21 37 62 4 38 29 240 132 255 30 33 27
972 21 28 26 22 15 1 271 306 577 31 33 27
973 21 31 19 23 22 7 193 161 177 19 33 27
974 21 29 15 72 21 1 308 174 396 29 33 27
975 21 36 65 46 28 98 258 1424 246 53 34 27
976 21 30 20 39 32 1 298 164 26 33 33 27
977 21 33 19 37 21 16 217 231 594 21 33 27
978 21 33 65 1 37 45 210 115 25 27 33 27
979 21 29 18 38 21 1 405 345 26 30 33 27
980 21 31 61 1 31 72 218 153 28 17 33 27
981 21 32 43 27 33 52 221 156 23 14 33 27
982 22 30 31 41 33 64 393 218 25 16 33 27
983 21 29 1 16 39 1 675 139 31 1 32 27
984 21 31 34 49 35 38 330 138 15 27 33 27
985 21 25 1 85 35 1 185 157 29 1 32 26
986 21 31 1 43 29 1 218 178 20 1 32 27
987 21 28 35 16 25 1 630 257 425 1 33 27
988 21 32 21 22 28 1 234 148 668 11 33 27
989 21 32 47 21 42 30 295 180 26 27 33 27
990 21 24 1 39 23 71 184 128 31 1 32 26
991 21 29 4 60 37 48 394 153 33 7 33 27
992 21 20 1 61 19 1 248 223 19 12 32 26
993 21 30 32 64 16 1 320 306 25 34 33 27
994 21 29 31 1 40 81 319 185 21 1 33 27
995 21 39 75 1 35 16 280 380 30 28 33 27
996 21 27 1 60 14 12 198 338 276 37 33 27
997 21 28 1 60 34 1 210 14 31 10 32 26
998 21 26 4 94 22 1 200 138 1215 20 33 27
999 21 29 10 1 27 30 235 94 27 1 33 27
1000 21 38 63 1 30 63 172 168 37 61 33 27
