1 20 19 1 107 17 64 311 271 28 5 31 25
2 20 28 6 13 34 10 369 182 183 7 32 26
3 20 29 3 9 35 1 354 173 22 1 32 26
4 20 30 47 1 26 7 177 366 621 1 32 26
5 20 25 1 30 23 42 546 373 21 1 31 25
6 21 30 50 43 27 1 269 228 31 43 32 26
7 20 21 12 55 23 63 251 132 25 13 32 26
8 20 37 46 25 36 1 249 189 692 32 32 26
9 21 32 39 46 31 76 186 1 298 20 32 26
10 20 30 31 1 29 82 146 234 396 17 32 26
11 20 36 41 51 31 1 208 161 27 21 32 26
12 20 22 1 53 13 1 257 152 24 26 31 25
13 20 30 28 73 23 13 275 916 442 41 32 26
14 20 23 1 76 19 36 282 158 29 6 31 25
15 20 30 34 1 25 29 231 224 25 14 32 26
16 20 21 16 1 34 1 212 231 1085 1 31 26
17 20 28 21 20 34 46 473 272 19 1 32 26
18 20 29 27 1 30 8 331 263 172 1 32 26
19 20 32 37 1 34 113 262 140 26 1 31 26
20 21 36 57 13 26 64 187 179 660 33 32 26
21 21 32 56 57 28 1 166 150 26 44 32 26
22 21 29 27 1 24 19 293 194 26 18 32 26
23 20 31 24 16 29 7 265 333 26 21 32 26
24 20 22 1 28 21 19 226 175 22 4 31 25
25 20 36 70 1 30 58 238 302 23 21 32 26
26 20 33 75 1 26 1 375 680 31 32 32 26
27 20 29 42 58 30 18 299 220 25 45 32 26
28 21 31 17 82 22 1 209 115 26 40 32 26
29 20 29 24 1 23 105 388 145 25 22 32 26
30 20 33 61 1 36 1 246 291 17 25 32 26
31 20 27 30 4 34 1 376 150 21 22 32 26
32 20 32 1 69 23 1 254 173 22 33 32 26
33 20 30 39 1 35 1 347 259 28 13 32 26
34 20 32 26 62 19 12 212 179 247 35 32 26
35 20 29 27 1 23 31 168 321 388 18 32 26
36 20 28 30 1 29 32 206 198 463 3 32 26
37 20 25 6 44 29 63 174 183 210 12 32 26
38 21 26 35 10 28 1 322 160 28 20 32 26
39 20 29 14 1 29 89 172 167 717 10 32 26
40 21 37 48 1 35 86 348 160 37 8 32 26
41 21 32 19 1 41 1 218 260 22 8 32 26
42 20 28 1 67 31 1 164 171 15 18 31 26
43 21 35 48 1 30 5 244 304 28 30 32 26
44 20 35 37 1 29 46 363 157 27 41 32 26
45 20 23 25 67 26 1 154 137 29 9 32 26
46 20 33 44 31 27 1 247 456 28 30 32 26
47 20 26 1 21 23 30 255 148 16 1 31 25
48 21 31 57 1 32 72 337 345 27 17 32 26
49 20 31 43 54 36 1 563 146 24 17 32 26
50 21 38 52 10 29 1 289 122 176 39 32 26
51 20 25 1 65 19 18 411 331 25 15 31 25
52 20 25 6 60 17 1 203 160 207 31 32 26
53 20 37 70 1 35 1 280 202 21 15 32 26
54 20 30 4 14 33 94 237 244 301 6 32 26
55 21 34 28 1 31 129 214 237 24 9 32 26
56 21 30 30 43 19 33 402 209 27 33 33 26
57 20 27 1 74 34 69 292 278 25 1 31 25
58 20 24 21 7 32 1 229 374 702 8 32 26
59 20 28 28 46 27 1 195 231 338 13 32 26
60 20 22 1 1 26 10 385 221 26 1 32 26
61 20 26 1 22 19 22 234 136 41 7 31 26
62 21 36 49 1 37 51 328 308 28 11 32 26
63 21 32 30 1 39 1 216 125 21 7 32 26
64 20 31 19 24 31 1 243 198 32 17 32 26
65 20 19 1 100 25 1 222 213 367 1 31 25
66 21 32 27 69 19 13 412 128 24 41 32 26
67 20 32 27 58 29 1 303 198 1007 14 32 26
68 20 28 10 31 21 1 403 358 23 21 32 26
69 21 36 62 1 31 78 593 186 28 20 32 26
70 20 35 35 58 32 1 393 343 21 35 32 26
71 21 27 31 1 28 1 237 225 32 11 32 26
72 21 31 12 23 27 1 220 214 21 11 32 26
73 20 31 1 1 37 39 255 178 27 1 31 25
74 21 36 60 5 32 1 336 250 261 37 32 26
75 20 25 1 89 33 1 332 209 27 7 31 25
76 20 31 29 67 34 1 255 172 251 35 32 26
77 21 34 40 47 24 28 392 213 305 45 32 26
78 20 27 29 1 34 1 221 236 23 1 31 26
79 21 28 18 11 22 34 266 255 23 13 32 26
80 20 38 44 1 36 1 292 272 392 24 32 26
81 20 34 44 1 41 1 239 323 248 23 32 26
82 20 31 28 1 32 39 248 236 28 1 31 26
83 20 30 32 32 27 75 149 204 225 12 32 26
84 20 21 1 48 17 55 525 256 26 1 31 25
85 21 36 54 1 38 77 454 151 24 5 32 26
86 20 27 8 17 25 1 221 502 76 11 32 26
87 20 37 43 1 30 51 319 283 118 27 32 26
88 20 29 22 1 32 51 233 156 22 3 32 26
89 20 26 1 1 25 31 285 196 26 1 31 25
90 20 26 9 20 29 1 214 126 27 10 32 26
91 20 29 20 1 25 5 434 111 21 14 32 26
92 21 37 63 19 34 1 192 125 26 50 32 26
93 20 29 6 68 21 28 220 260 33 31 32 26
94 20 29 1 28 27 86 280 322 23 1 31 25
95 20 28 19 1 33 61 304 296 23 6 32 26
96 20 31 14 67 27 1 218 126 24 29 32 26
97 20 38 45 1 29 32 220 223 29 41 32 26
98 20 26 17 27 21 1 178 246 419 5 32 26
99 20 30 18 56 21 1 296 121 25 40 32 26
100 21 33 30 1 29 4 269 171 28 38 32 26
101 20 26 14 1 21 76 227 327 31 1 32 26
102 21 31 39 1 32 78 178 144 24 7 32 26
103 20 27 14 65 19 1 321 132 24 47 32 26
104 20 23 19 29 16 6 775 406 28 18 32 26
105 20 31 49 1 34 121 197 183 28 1 32 26
106 20 34 40 49 33 27 478 231 539 42 32 26
107 20 30 21 28 23 56 161 209 352 31 32 26
108 21 30 38 1 29 1 289 200 33 29 32 26
109 21 27 25 22 28 35 286 1 31 33 32 26
110 20 37 45 1 23 1 406 134 27 21 32 26
111 20 29 32 1 27 1 334 343 30 22 32 26
112 21 30 32 1 24 17 289 272 29 24 32 26
113 20 29 24 1 31 68 171 164 303 16 32 26
114 21 31 31 37 24 1 390 329 30 38 32 26
115 21 30 47 1 30 1 239 270 905 20 32 26
116 20 29 20 77 24 1 430 139 18 40 32 26
117 20 21 1 57 21 78 233 186 702 12 31 26
118 21 32 25 1 23 1 149 193 359 17 32 26
119 20 34 45 1 25 49 158 233 657 22 32 26
120 21 38 55 12 33 36 246 178 191 21 32 26
121 21 28 29 66 23 1 224 388 1320 19 32 26
122 20 22 1 74 24 23 219 181 25 3 31 25
123 20 27 37 1 22 24 195 1 20 19 32 26
124 20 33 31 78 25 34 343 344 25 43 32 26
125 20 31 31 6 20 37 273 185 207 8 32 26
126 20 34 36 1 21 79 231 297 29 29 32 26
127 20 33 44 21 31 37 274 127 33 9 32 26
128 20 31 36 1 31 1 110 540 27 32 32 26
129 21 32 35 40 24 11 207 216 29 37 32 26
130 20 24 29 1 25 52 290 229 30 3 32 26
131 21 27 34 23 30 6 485 496 20 8 32 26
132 20 24 1 71 16 77 226 1 29 2 31 25
133 21 34 38 51 28 24 316 317 21 27 32 26
134 21 36 43 67 31 1 157 130 22 41 32 26
135 20 32 25 1 31 39 320 192 27 1 32 26
136 21 31 45 30 21 1 244 141 30 26 32 26
137 20 36 56 1 32 1 282 217 26 33 32 26
138 20 29 1 14 29 1 289 137 23 1 31 25
139 20 36 42 17 27 11 194 229 30 32 32 26
140 20 26 28 68 25 1 213 195 22 30 32 26
141 20 24 30 1 23 4 323 131 27 2 32 26
142 20 32 28 1 26 34 206 168 22 20 32 26
143 20 25 1 74 22 1 175 212 28 13 31 25
144 20 30 40 1 40 29 246 115 394 1 32 26
145 20 31 40 1 35 1 614 282 29 1 31 26
146 20 34 45 38 32 68 288 176 30 31 32 26
147 21 32 35 24 41 14 426 166 22 1 32 26
148 20 33 50 1 35 12 136 189 23 4 32 26
149 20 27 27 1 28 107 220 121 30 3 32 26
150 20 31 7 16 38 1 468 1 27 1 31 25
151 20 32 37 1 33 56 213 284 29 6 32 26
152 20 28 22 12 29 1 427 518 1086 11 32 26
153 21 27 30 1 24 1 254 235 23 12 32 26
154 20 30 16 23 18 29 295 495 25 23 32 26
155 20 35 40 79 29 1 575 241 25 40 32 26
156 21 38 51 1 41 33 233 240 28 4 32 26
157 20 40 52 1 33 15 501 252 139 25 32 26
158 20 35 45 1 37 49 286 110 22 8 32 26
159 20 30 24 35 26 1 224 148 25 24 32 26
160 20 27 22 44 19 1 309 256 377 14 32 26
161 20 32 39 1 25 84 240 188 935 11 32 26
162 21 41 54 1 33 1 479 251 26 45 32 26
163 21 30 28 27 23 45 176 300 22 21 32 26
164 20 19 1 31 25 14 208 215 22 1 31 25
165 21 41 80 1 29 47 214 395 28 40 32 26
166 20 30 14 71 31 51 285 158 25 17 32 26
167 20 28 26 56 20 1 225 224 24 36 32 26
168 20 21 1 113 17 59 587 152 31 18 31 25
169 20 30 7 12 26 1 285 253 553 14 32 26
170 20 28 21 50 16 11 441 105 21 31 32 26
171 21 29 28 30 30 15 246 126 29 20 32 26
172 20 38 36 1 33 55 286 199 25 39 32 26
173 20 36 70 1 28 1 245 142 1323 36 32 26
174 20 30 16 1 22 27 317 217 29 20 32 26
175 20 28 1 28 28 35 288 124 22 1 31 25
176 20 29 10 28 31 1 515 190 25 20 32 26
177 21 30 24 60 21 1 322 176 25 26 32 26
178 21 31 21 81 25 1 182 168 376 34 32 26
179 21 28 44 25 21 1 334 213 23 36 32 26
180 21 32 33 1 29 91 241 520 31 1 32 26
181 21 37 50 11 36 1 231 302 310 39 32 26
182 21 35 32 29 28 1 531 467 34 42 32 26
183 21 40 58 1 40 21 426 291 273 46 32 26
184 21 31 43 1 35 62 332 429 29 13 32 26
185 21 34 34 1 24 68 487 236 27 24 32 26
186 21 27 19 1 26 32 197 133 28 3 32 26
187 21 33 46 1 49 1 858 259 26 19 32 26
188 21 34 43 45 25 1 382 177 22 44 33 26
189 21 25 15 21 22 36 221 274 25 22 32 26
190 21 35 48 1 31 21 233 125 32 45 32 26
191 21 30 42 1 26 2 330 184 28 22 32 26
192 21 31 40 1 39 36 193 209 28 1 32 26
193 21 37 44 1 37 113 319 158 21 22 32 26
194 21 31 49 1 28 12 209 218 196 33 32 26
195 21 31 35 1 29 43 263 297 33 27 32 26
196 21 30 34 11 30 1 307 181 19 11 32 26
197 21 34 39 7 28 1 214 227 333 16 32 26
198 21 30 37 17 22 51 247 225 28 28 32 26
199 21 34 49 44 30 51 521 2005 2005 50 33 26
200 21 27 32 44 24 1 205 509 520 15 32 26
201 20 30 1 40 30 1 659 216 23 21 32 26
202 21 39 56 1 42 1 264 390 29 23 32 26
203 21 29 28 1 32 1 364 308 26 1 32 26
204 20 27 19 46 24 15 214 274 24 15 32 26
205 20 29 1 55 31 1 192 164 27 5 31 25
206 20 26 1 22 23 1 257 271 26 6 32 26
207 20 28 12 33 19 36 267 227 28 21 32 26
208 20 31 34 1 35 114 365 330 29 1 32 26
209 20 22 1 1 25 29 218 317 25 1 31 25
210 21 33 37 1 31 1 357 184 24 27 32 26
211 21 32 38 1 35 65 254 269 25 1 32 26
212 21 34 52 1 35 75 194 159 585 13 32 26
213 21 26 1 33 30 1 516 241 259 1 32 26
214 21 24 9 43 22 19 280 224 209 26 32 26
215 21 26 17 1 26 34 252 315 23 1 32 26
216 20 27 1 39 27 74 260 126 372 1 31 26
217 20 23 1 72 30 14 210 267 1059 1 32 26
218 21 33 47 1 32 143 176 239 250 1 32 26
219 21 33 24 1 32 1 255 520 441 18 32 26
220 21 36 38 43 25 1 235 226 308 29 32 26
221 21 28 29 1 39 90 196 239 318 1 32 26
222 21 30 35 1 25 34 258 193 26 13 32 26
223 20 34 55 1 38 46 249 173 24 1 32 26
224 21 33 39 45 25 85 262 314 24 26 32 26
225 20 22 1 77 23 1 189 263 451 1 31 26
226 20 28 1 43 21 40 378 246 300 1 31 25
227 21 35 45 61 26 55 205 154 26 46 33 26
228 21 33 39 1 24 57 187 137 16 18 32 26
229 21 34 52 1 24 9 279 185 109 14 32 26
230 21 33 38 1 37 24 1191 1064 23 2 32 26
231 20 28 13 35 28 31 153 212 862 23 32 26
232 20 26 1 20 27 1 292 284 22 5 32 26
233 20 19 1 49 25 65 402 215 518 1 31 26
234 21 27 35 1 33 1 253 165 233 13 32 26
235 20 39 18 1 34 67 162 144 294 25 32 26
236 20 29 12 18 28 32 269 231 26 18 32 26
237 20 23 9 15 28 1 250 1339 27 1 32 26
238 21 27 14 1 25 1 193 184 24 17 32 26
239 20 34 41 1 19 19 243 174 32 42 32 26
240 20 31 23 1 20 36 181 252 248 38 32 26
241 21 27 30 1 32 5 229 475 32 1 32 26
242 21 32 32 13 24 1 259 158 27 26 32 26
243 20 25 1 38 32 1 311 326 22 1 31 25
244 20 23 1 82 24 1 326 210 300 1 31 26
245 21 26 22 49 29 29 326 457 217 18 32 26
246 20 37 62 1 42 81 324 180 26 15 32 26
247 20 27 1 77 30 1 277 243 245 1 31 25
248 21 31 13 44 25 1 271 157 32 26 32 26
249 20 27 1 51 30 1 254 485 1960 12 32 26
250 21 25 13 1 22 27 452 158 25 1 32 26
251 21 29 23 68 20 1 178 136 23 45 32 26
252 21 29 23 34 29 9 228 366 27 8 32 26
253 21 30 40 10 27 1 254 172 20 11 32 26
254 21 29 26 3 19 17 242 221 31 28 32 26
255 20 22 1 55 17 1 202 198 22 16 31 26
256 20 25 8 4 20 37 202 175 30 12 32 26
257 21 28 26 1 34 1 194 132 17 1 32 26
258 20 27 1 66 26 25 277 255 24 1 31 26
259 21 35 58 1 27 75 324 333 27 37 32 26
260 20 21 2 68 10 1 248 224 25 35 32 26
261 20 25 1 42 26 1 190 273 23 8 32 26
262 21 27 38 1 25 4 312 143 29 10 32 26
263 20 22 1 23 21 26 263 176 288 13 32 26
264 21 32 22 54 32 9 307 344 24 32 32 26
265 21 36 33 1 31 93 204 183 25 19 32 27
266 21 25 21 3 25 47 167 157 26 10 32 26
267 21 31 34 65 28 1 387 145 25 28 32 26
268 21 30 28 50 26 88 226 123 27 12 32 26
269 21 29 20 18 18 71 344 282 32 19 32 26
270 21 34 52 1 32 60 240 167 140 19 32 26
271 21 33 57 1 34 41 222 224 22 8 32 26
272 20 23 1 47 19 5 178 257 22 14 31 26
273 20 27 1 58 28 1 300 156 23 4 31 26
274 21 34 26 57 32 111 289 554 19 16 32 26
275 21 31 24 16 17 12 262 137 25 28 32 26
276 21 35 44 51 22 63 274 158 26 34 33 26
277 21 35 37 1 32 55 223 204 28 11 32 26
278 21 31 34 1 27 50 332 283 24 32 32 26
279 21 31 38 31 27 1 321 166 30 25 32 26
280 21 33 51 26 34 73 187 177 30 28 33 26
281 21 32 35 1 31 1 341 183 32 7 32 26
282 21 34 42 30 26 92 287 177 28 25 32 26
283 21 30 32 41 20 39 175 202 212 19 32 26
284 21 35 33 26 31 43 296 253 257 28 32 26
285 21 33 35 28 27 5 214 124 28 37 33 26
286 21 31 26 48 34 1 313 248 28 34 32 26
287 21 45 63 1 38 102 509 197 32 42 33 26
288 21 34 38 45 16 32 304 172 29 36 33 26
289 20 19 1 85 18 55 883 369 34 1 31 25
290 20 27 13 1 15 59 2005 2005 1033 28 32 26
291 21 27 12 60 20 40 324 290 22 23 32 26
292 21 38 23 1 22 45 298 164 24 31 32 26
293 21 37 70 1 29 40 281 132 28 16 32 26
294 21 36 19 56 34 1 282 332 34 19 32 26
295 21 33 41 1 30 55 207 235 284 1 32 26
296 21 35 45 1 48 37 289 217 47 15 32 26
297 21 32 40 67 22 1 185 139 24 44 33 26
298 21 37 75 1 35 45 268 232 33 47 33 26
299 20 29 1 47 24 1 461 306 417 12 32 26
300 21 36 55 17 30 24 424 102 27 38 33 26
301 21 35 53 1 44 6 293 167 27 1 32 26
302 21 25 23 1 29 4 224 265 138 1 32 26
303 21 24 6 37 14 1 330 216 27 31 33 26
304 21 23 21 1 31 56 198 247 275 1 32 26
305 21 31 40 11 20 35 333 255 26 11 32 26
306 21 36 16 79 23 1 428 116 30 46 33 26
307 21 34 47 37 29 54 236 436 953 30 33 26
308 21 29 36 1 24 1 262 176 22 9 32 26
309 21 33 35 58 27 1 200 240 28 45 33 26
310 21 32 47 1 30 69 258 273 16 1 32 26
311 21 38 56 1 32 39 321 161 25 24 32 26
312 21 32 29 71 29 1 617 400 143 41 32 26
313 20 24 1 6 23 25 297 199 305 1 31 26
314 21 30 34 1 29 1 334 286 27 14 32 26
315 21 30 40 64 27 34 316 262 25 34 33 26
316 21 28 18 62 13 1 270 317 1185 43 32 26
317 20 29 1 30 28 1 439 196 26 15 32 26
318 20 21 1 16 17 11 488 156 20 3 32 26
319 21 41 70 1 45 1 352 125 27 25 32 26
320 21 27 27 1 28 1 287 190 24 13 32 26
321 20 31 12 65 25 66 514 135 33 32 32 26
322 21 31 46 1 27 15 385 143 23 1 32 26
323 21 30 32 1 33 5 235 226 25 1 32 26
324 21 28 26 30 25 1 232 494 40 9 32 26
325 20 21 1 45 27 1 283 243 241 1 31 25
326 21 29 34 1 29 72 384 266 23 11 32 26
327 21 35 55 1 28 16 187 175 28 1 32 26
328 20 29 13 20 27 31 273 213 26 14 32 26
329 21 28 30 1 34 1 207 307 972 1 32 26
330 20 31 31 1 24 1 282 172 33 20 32 26
331 20 23 1 97 15 2 224 233 23 1 31 25
332 21 29 22 69 29 1 331 186 23 32 32 26
333 21 29 16 73 18 56 334 140 21 37 32 26
334 21 28 20 84 17 1 144 185 37 26 32 26
335 21 33 21 65 35 70 166 207 459 25 33 27
336 20 29 1 71 27 12 232 565 889 14 32 26
337 21 33 42 46 33 1 253 237 31 37 32 26
338 21 28 24 1 35 84 273 134 23 1 32 26
339 20 29 1 61 32 35 266 304 29 1 31 26
340 21 27 6 34 20 1 216 197 26 33 32 26
341 21 30 34 31 26 1 305 203 27 19 32 26
342 21 33 44 1 33 34 201 251 285 1 32 26
343 21 30 22 69 23 36 308 156 26 27 32 26
344 20 20 1 49 25 19 513 134 26 3 32 26
345 21 32 41 50 25 42 182 137 191 40 33 26
346 21 25 1 1 23 4 257 284 320 1 32 26
347 20 23 1 37 30 1 284 180 33 1 32 26
348 21 31 34 1 40 1 600 270 500 1 32 26
349 21 29 33 1 24 35 218 130 26 7 32 26
350 21 27 1 29 30 1 325 1 30 1 32 26
351 21 36 39 24 27 1 327 208 953 31 33 27
352 21 41 45 32 36 98 495 287 23 14 33 27
353 20 26 1 88 19 25 340 198 29 27 32 26
354 21 29 3 31 18 40 195 197 270 26 33 27
355 21 32 15 60 23 37 123 201 27 41 33 27
356 21 37 74 1 44 73 455 1826 481 21 33 27
357 21 37 68 1 43 1 222 119 516 13 32 27
358 21 29 10 49 29 1 335 529 23 1 32 27
359 21 35 42 1 37 29 246 166 20 1 33 27
360 21 33 33 78 23 1 205 289 24 40 33 27
361 21 31 29 39 31 44 216 176 33 22 33 27
362 21 38 55 1 31 58 526 371 25 25 33 27
363 21 35 48 37 27 31 351 187 26 29 33 27
364 21 33 20 44 38 85 475 310 27 29 33 26
365 21 30 20 66 26 9 169 117 23 26 33 26
366 21 30 35 1 36 1 264 184 26 17 32 26
367 21 32 41 1 30 1 339 483 27 39 33 26
368 21 26 22 52 19 4 350 228 23 33 33 26
369 21 34 34 55 26 31 740 656 273 18 32 26
370 21 28 17 1 27 22 213 166 26 1 32 26
371 21 35 38 1 36 62 303 205 35 17 32 26
372 21 28 6 1 37 1 442 169 29 4 32 26
373 20 23 1 27 20 46 283 178 25 14 32 26
374 20 25 1 65 22 1 348 136 21 11 32 26
375 21 26 7 60 27 1 355 213 28 13 32 26
376 21 36 33 1 39 1 201 136 32 11 32 26
377 21 29 22 52 23 69 315 135 27 26 32 26
378 20 26 1 23 25 38 252 162 23 1 32 26
379 21 33 54 1 38 1 189 182 29 9 32 26
380 21 38 36 1 33 40 176 1 208 34 33 26
381 21 33 6 24 35 1 296 235 955 10 32 26
382 20 28 1 72 30 1 211 205 24 9 32 26
383 20 26 1 60 22 25 430 232 20 1 31 26
384 21 33 40 1 34 141 255 198 25 14 32 26
385 21 30 35 12 29 10 358 273 29 27 33 26
386 21 31 33 1 31 35 189 165 27 8 32 26
387 21 22 28 49 17 7 719 278 27 19 32 26
388 21 39 42 1 24 80 320 178 372 29 33 26
389 21 36 40 34 34 84 286 323 27 36 33 26
390 21 30 27 30 34 1 254 335 1082 25 32 26
391 21 32 39 26 32 1 241 167 28 9 32 26
392 21 33 61 1 42 34 280 158 22 22 32 26
393 20 33 21 78 21 1 775 214 26 33 32 26
394 21 32 32 53 24 76 253 183 26 33 33 26
395 21 26 11 3 34 30 170 244 387 1 32 26
396 21 37 63 1 35 1 180 204 22 31 33 26
397 21 32 36 41 28 29 241 150 31 37 33 27
398 20 24 1 41 20 1 286 185 26 1 31 26
399 20 24 1 1 26 21 256 163 27 1 32 26
400 21 30 24 26 35 32 241 298 22 19 32 26
401 21 32 35 12 22 86 219 257 655 25 32 26
402 21 34 46 1 37 1 204 157 376 30 33 27
403 20 22 1 63 24 14 1220 924 596 1 32 26
404 21 27 12 17 34 60 294 124 23 1 32 26
405 21 42 74 1 39 76 250 181 30 19 32 27
406 21 32 36 1 32 1 309 102 26 13 33 27
407 21 29 23 1 38 1 225 273 22 1 32 26
408 21 28 14 21 21 29 385 229 31 32 33 26
409 21 34 7 1 24 13 602 368 26 26 32 26
410 21 28 1 31 29 7 376 137 30 22 32 27
411 21 37 75 1 32 92 263 472 29 48 33 27
412 21 33 39 1 36 87 367 202 164 1 32 26
413 21 28 18 1 28 1 269 210 34 11 32 26
414 21 25 1 1 37 1 263 417 24 1 32 26
415 21 30 39 1 34 56 202 183 606 1 32 26
416 21 27 10 5 25 16 267 307 29 1 32 26
417 21 32 22 55 20 40 311 271 672 40 33 26
418 21 30 19 67 20 38 180 153 346 50 33 26
419 21 31 20 56 25 26 128 206 253 18 32 26
420 21 31 51 1 28 47 166 356 31 33 33 26
421 21 33 35 13 31 1 189 198 366 32 33 26
422 21 28 17 1 23 1 199 489 28 1 32 26
423 20 21 1 21 28 16 243 220 1002 1 31 26
424 21 36 38 52 22 82 195 188 192 43 33 26
425 21 32 16 75 24 1 263 251 24 45 32 26
426 20 25 1 40 24 67 235 504 422 1 32 26
427 21 29 32 35 36 105 301 241 1331 4 32 26
428 21 39 71 1 33 131 140 184 568 53 32 26
429 21 27 34 1 22 1 245 136 35 18 32 26
430 21 41 89 1 27 59 273 86 636 50 33 26
431 20 22 1 40 22 10 296 327 223 7 31 26
432 21 32 48 1 33 32 205 148 211 1 32 26
433 21 34 44 1 35 20 195 307 28 1 32 26
434 21 35 50 1 39 64 343 207 24 1 32 26
435 21 34 28 1 36 78 212 314 550 10 32 26
436 20 24 1 35 15 71 222 134 20 1 31 25
437 21 33 37 67 24 1 282 237 25 48 32 26
438 20 36 52 1 32 95 228 269 731 30 33 26
439 21 35 32 28 33 40 280 1 26 1 32 26
440 20 23 1 1 27 1 331 163 29 1 31 26
441 21 37 36 43 27 27 297 155 28 47 33 26
442 20 30 1 83 33 1 244 253 24 17 32 26
443 21 31 32 1 39 67 209 139 335 9 32 26
444 20 28 1 31 29 1 323 268 17 1 32 26
445 21 31 27 1 28 10 309 227 30 10 32 26
446 20 28 1 44 16 65 207 147 26 23 31 26
447 20 22 1 86 13 24 467 407 28 10 32 26
448 21 30 40 11 23 36 286 249 159 35 33 26
449 21 30 30 45 22 1 267 250 24 34 32 26
450 21 33 30 1 34 66 200 236 265 4 32 26
451 21 31 19 33 22 24 340 251 308 29 33 26
452 21 31 37 47 29 46 142 201 215 9 32 26
453 20 28 15 1 30 118 260 163 776 1 32 26
454 21 32 37 1 35 27 586 1 30 10 32 26
455 21 31 35 44 20 20 226 1 33 35 32 26
456 21 31 44 1 33 1 153 171 26 15 32 26
457 20 20 1 102 17 1 309 198 25 1 31 25
458 20 31 13 27 34 1 190 169 353 8 32 26
459 21 28 16 81 21 1 157 138 327 47 32 26
460 21 30 7 24 27 33 109 154 30 21 32 26
461 21 31 35 33 21 1 396 288 565 31 33 26
462 21 37 60 18 27 54 220 202 734 41 32 26
463 21 33 31 64 23 1 226 239 22 36 33 26
464 21 31 28 1 20 18 253 156 25 2 32 26
465 21 32 30 37 41 1 218 158 24 35 33 26
466 21 32 32 1 23 1 194 138 27 1 32 26
467 21 37 50 1 32 1 291 206 22 20 32 26
468 21 28 27 78 27 1 198 186 28 38 32 26
469 20 18 1 68 20 44 294 238 30 1 32 26
470 21 35 46 1 26 39 500 216 27 38 33 26
471 21 36 38 39 28 92 442 379 683 38 33 26
472 21 30 32 6 22 1 345 150 24 19 32 26
473 21 33 33 1 28 20 334 174 27 27 32 26
474 21 27 13 56 31 29 259 183 28 24 32 26
475 21 33 39 48 21 25 252 198 25 39 33 26
476 21 31 26 1 28 34 236 173 25 1 32 26
477 20 26 1 49 20 31 383 174 20 10 32 26
478 21 35 37 21 26 2 434 162 22 31 33 26
479 21 29 22 71 22 1 401 241 28 35 32 26
480 21 33 41 63 23 51 315 320 24 39 33 26
481 21 29 32 83 20 22 156 124 25 34 33 26
482 21 29 39 1 28 1 525 139 25 1 32 26
483 21 29 17 8 30 1 281 269 27 14 32 26
484 21 28 38 1 25 26 201 261 216 13 32 26
485 20 23 1 1 29 36 361 185 24 1 32 26
486 20 24 1 31 22 1 233 143 23 1 32 26
487 20 27 11 1 17 33 309 236 27 1 32 26
488 21 28 7 51 34 1 258 155 23 22 32 26
489 21 35 68 1 38 19 258 192 24 1 32 26
490 21 30 20 14 28 34 201 282 154 1 32 26
491 21 29 27 61 21 9 292 481 20 29 32 26
492 20 27 1 1 26 1 217 152 29 1 32 26
493 21 30 26 47 37 1 244 202 29 13 32 26
494 21 38 64 1 33 60 374 574 26 36 33 26
495 21 31 34 1 20 62 246 324 346 14 32 26
496 21 26 10 66 28 1 216 257 21 19 32 26
497 21 29 20 47 27 1 492 167 18 29 33 26
498 20 25 1 23 22 67 493 407 26 8 31 26
499 21 32 31 73 34 1 519 136 23 30 33 26
500 21 28 36 1 26 2 351 1 37 14 32 26
501 21 37 60 1 27 12 425 440 274 19 32 26
502 21 25 1 46 24 51 222 302 26 17 32 26
503 21 39 63 1 37 44 177 229 230 17 32 26
504 20 28 1 53 23 21 304 214 30 1 32 26
505 21 31 27 78 27 1 264 263 29 34 32 26
506 21 28 3 63 26 20 201 228 19 21 32 26
507 21 30 26 1 32 50 188 264 593 30 33 26
508 20 29 1 50 28 1 188 151 247 8 32 26
509 21 33 44 26 24 55 332 190 1387 24 32 26
510 21 32 34 58 24 37 245 233 371 24 32 26
511 21 25 6 22 23 1 230 194 28 8 32 26
512 21 32 57 1 22 4 326 260 31 45 33 26
513 21 33 34 22 29 1 212 177 26 32 33 26
514 21 27 26 1 19 1 176 141 14 12 32 26
515 21 31 23 9 27 54 202 269 19 1 32 26
516 21 32 46 1 29 106 225 162 368 12 32 26
517 21 29 17 64 16 8 167 159 254 38 32 26
518 20 21 1 59 18 87 320 424 31 3 32 26
519 21 31 39 36 26 7 263 176 249 35 33 26
520 21 37 54 1 23 1 269 162 18 34 33 26
521 21 31 36 20 24 1 324 154 25 16 32 26
522 21 35 41 1 26 49 255 256 35 26 32 26
523 21 31 18 56 30 1 212 203 30 27 32 26
524 21 27 24 52 20 1 215 248 29 39 32 26
525 21 31 59 1 32 111 200 766 25 17 32 26
526 21 31 27 1 36 63 484 214 23 1 32 26
527 21 29 21 1 27 3 198 159 445 1 32 26
528 20 25 1 42 21 1 591 136 20 6 32 26
529 21 32 42 1 25 25 204 173 333 20 32 26
530 21 26 10 49 25 52 228 162 24 27 32 26
531 21 33 44 27 29 1 277 135 31 36 33 26
532 21 32 35 1 28 57 262 240 27 33 33 26
533 21 42 63 1 27 29 216 212 427 48 33 26
534 20 25 1 36 23 86 281 213 24 1 31 26
535 21 32 39 25 20 5 519 574 201 30 33 26
536 21 35 54 1 30 46 338 234 21 26 32 26
537 21 26 1 40 33 1 221 1 24 1 32 26
538 21 27 7 60 21 60 237 193 245 31 33 26
539 21 33 47 23 32 1 262 474 256 26 32 26
540 21 32 40 1 35 1 1018 236 24 1 32 26
541 21 31 29 1 29 1 433 245 35 14 32 26
542 21 35 24 1 27 70 196 395 615 29 33 26
543 21 36 46 23 38 1 224 215 22 14 32 26
544 21 40 72 1 33 62 347 180 25 30 33 26
545 21 32 46 1 29 88 208 104 46 19 32 26
546 20 26 1 80 31 103 175 271 26 6 32 26
547 21 32 50 1 32 39 171 287 1092 10 32 26
548 21 30 34 54 18 14 208 343 295 25 32 26
549 21 26 8 60 21 1 289 265 29 34 32 26
550 21 30 43 23 31 87 241 210 407 10 32 26
551 21 34 60 1 39 52 135 129 176 1 32 26
552 21 34 41 1 40 1 281 168 20 24 32 26
553 20 26 1 38 20 66 347 229 166 1 31 26
554 21 28 26 8 24 51 378 154 26 19 32 26
555 21 34 45 1 23 31 261 218 20 18 32 26
556 20 21 1 73 19 7 192 187 657 16 32 26
557 21 34 43 1 33 60 223 138 27 1 32 26
558 21 33 48 1 34 48 235 266 748 21 32 26
559 21 30 50 1 30 31 308 211 22 1 32 26
560 21 33 40 1 32 22 215 467 683 10 32 26
561 20 28 1 66 25 1 231 434 19 13 32 26
562 21 33 32 1 31 1 316 311 42 12 32 26
563 21 31 40 1 29 90 247 155 28 1 32 26
564 21 24 15 28 26 28 283 199 20 2 32 26
565 21 25 20 2 20 7 312 106 26 17 32 26
566 21 35 61 1 34 25 515 140 26 30 32 26
567 21 31 58 1 20 8 508 289 518 23 32 26
568 21 30 11 1 25 73 681 387 29 10 32 26
569 21 29 18 57 32 38 275 177 30 12 32 26
570 21 27 23 1 31 33 232 151 22 1 32 26
571 21 27 13 103 20 1 211 156 25 38 32 26
572 20 27 1 29 28 63 161 202 267 4 32 26
573 21 25 19 1 25 61 223 154 28 8 32 26
574 20 29 1 29 34 1 267 183 29 1 31 26
575 21 33 48 1 31 65 250 153 31 12 32 26
576 21 37 65 1 32 32 160 180 33 19 32 26
577 21 32 37 4 29 71 195 164 23 13 32 27
578 21 27 36 18 22 1 215 250 242 19 32 26
579 20 13 1 37 23 1 294 283 1068 1 32 26
580 21 35 48 64 24 1 190 331 295 50 33 26
581 21 35 40 24 34 1 240 231 360 29 33 26
582 21 31 42 1 40 1 470 155 501 4 32 26
583 21 33 37 16 23 31 215 135 26 27 33 26
584 21 31 48 1 36 1 165 239 27 10 33 27
585 21 34 38 1 30 81 205 183 25 7 32 26
586 20 23 1 32 27 33 334 314 262 16 32 26
587 21 35 30 15 26 5 186 155 866 26 33 26
588 21 30 37 1 30 58 278 214 30 12 32 26
589 21 30 9 14 33 1 367 132 24 21 32 26
590 21 35 28 25 28 43 215 158 286 31 33 26
591 21 31 52 1 30 1 220 155 63 34 33 26
592 21 25 17 37 29 1 293 290 25 14 32 26
593 21 37 29 14 37 1 298 105 26 29 33 26
594 21 33 32 1 29 104 309 208 30 16 32 26
595 21 28 32 1 26 63 233 211 1583 1 32 26
596 21 32 29 1 35 19 476 365 32 1 32 26
597 20 24 1 26 25 53 235 260 584 1 32 26
598 21 32 35 20 32 1 125 184 24 14 32 26
599 21 27 28 50 15 10 151 186 569 27 32 26
600 21 34 33 1 30 97 341 196 31 1 32 26
601 21 20 15 1 30 28 260 169 26 1 32 26
602 21 43 71 1 41 15 360 128 26 40 33 27
603 21 32 22 8 21 45 320 154 17 23 32 26
604 21 35 45 1 37 62 317 604 33 6 32 27
605 21 31 29 1 23 107 292 192 27 17 32 26
606 21 35 56 1 24 34 231 188 2005 25 32 26
607 21 25 1 22 27 1 330 142 28 1 32 26
608 21 37 58 1 45 73 163 191 181 1 32 26
609 21 33 30 18 34 1 277 170 26 25 32 26
610 21 31 42 1 30 107 379 187 216 12 32 26
611 21 32 29 1 26 3 285 148 224 21 32 26
612 21 28 27 1 27 42 226 206 28 1 32 26
613 21 31 29 1 21 83 276 217 705 20 32 26
614 21 37 49 1 24 19 311 136 25 34 33 26
615 21 31 40 1 31 3 387 196 23 1 32 26
616 21 30 28 28 31 26 288 226 23 6 32 26
617 21 30 11 75 27 1 203 170 75 36 32 26
618 21 24 3 36 26 18 367 123 24 1 32 26
619 21 38 30 17 39 1 254 209 783 22 32 26
620 21 34 53 1 30 65 266 243 115 16 32 26
621 20 22 1 27 18 1 568 253 472 8 32 26
622 21 31 13 36 24 13 266 501 30 17 32 26
623 21 34 45 51 31 5 243 338 28 34 32 26
624 21 27 19 46 32 1 218 189 24 4 32 26
625 21 37 31 1 28 1 263 452 170 42 33 26
626 21 23 1 75 12 10 506 162 24 25 32 26
627 20 22 1 58 12 1 285 207 31 17 32 26
628 21 34 42 36 28 1 415 335 25 41 33 26
629 20 24 1 32 22 39 228 174 214 6 32 26
630 21 30 32 3 26 45 287 213 111 47 33 26
631 21 30 14 30 29 1 424 494 1256 13 32 26
632 21 29 20 15 26 49 181 136 353 18 32 26
633 21 30 50 1 27 1 407 1 1412 31 33 26
634 21 25 17 50 24 1 200 594 28 4 32 26
635 21 25 1 78 26 53 271 134 29 15 32 26
636 20 29 1 59 22 34 222 203 22 12 32 26
637 21 30 18 53 43 1 205 131 30 12 32 26
638 20 29 1 49 27 1 342 130 28 1 32 26
639 20 26 1 65 24 1 408 241 24 11 32 26
640 21 34 51 15 30 1 198 177 253 47 33 26
641 20 24 1 75 21 43 263 165 32 17 32 26
642 21 28 26 41 24 1 390 183 29 26 32 26
643 21 24 17 1 23 38 158 140 32 1 32 26
644 21 29 40 51 30 1 496 300 441 33 33 26
645 21 38 49 1 26 55 219 411 35 26 33 27
646 21 27 7 28 26 1 288 164 23 2 32 26
647 21 40 54 74 35 1 203 227 142 53 33 26
648 21 33 44 1 32 1 279 157 26 8 32 26
649 21 34 36 1 35 58 180 284 185 7 32 26
650 21 38 32 1 41 113 341 117 30 16 32 26
651 21 34 43 31 22 1 305 241 237 18 32 26
652 21 30 21 8 29 73 294 193 24 1 32 26
653 20 27 1 29 34 1 295 490 360 3 32 26
654 21 32 36 1 39 1 261 163 23 1 32 26
655 21 35 30 37 36 34 500 263 30 16 32 26
656 21 38 44 1 37 1 216 199 623 29 33 26
657 21 30 36 1 31 53 325 113 25 6 32 26
658 21 31 40 1 37 39 120 168 24 1 32 26
659 21 36 56 1 26 28 211 272 450 38 33 26
660 21 34 43 1 32 1 284 240 466 22 32 26
661 21 37 63 1 33 1 267 207 16 29 33 26
662 21 30 38 1 25 8 255 189 27 2 32 26
663 21 35 39 28 27 1 317 162 33 46 33 26
664 20 28 1 10 38 80 198 197 386 1 31 26
665 21 28 28 1 25 18 210 190 25 30 32 26
666 21 26 36 37 20 21 188 260 231 19 32 26
667 21 29 27 1 32 93 293 330 281 1 32 26
668 21 32 42 1 30 15 381 1 23 22 32 26
669 21 29 32 1 30 1 372 648 26 1 32 26
670 21 27 39 1 24 24 304 95 30 1 32 26
671 20 26 1 95 33 1 211 201 30 3 32 26
672 21 32 41 1 27 1 176 168 25 36 33 26
673 21 28 34 17 32 1 246 166 1872 18 32 26
674 21 33 51 24 34 1 242 222 24 27 32 26
675 21 30 21 28 33 50 163 1 32 26 32 26
676 21 29 34 32 20 40 311 98 23 27 33 27
677 20 28 1 16 30 12 261 155 1314 1 31 26
678 21 37 34 14 31 1 204 164 430 27 33 27
679 20 30 1 59 26 1 176 144 516 22 32 26
680 21 35 43 1 46 7 187 166 24 1 32 26
681 21 31 44 1 33 1 278 288 283 1 32 26
682 20 27 1 31 20 1 248 176 19 6 32 26
683 21 32 39 56 17 13 165 155 200 34 33 26
684 21 25 1 97 17 44 276 168 28 30 32 26
685 21 41 60 1 31 65 295 464 452 31 33 26
686 21 30 28 12 32 1 195 148 253 26 32 26
687 21 32 38 1 27 39 245 152 242 25 32 26
688 21 28 20 1 28 32 261 158 24 1 32 26
689 21 28 16 4 30 37 228 152 29 1 32 26
690 20 21 1 52 23 13 416 149 28 2 32 26
691 21 33 43 1 34 22 341 176 30 13 32 26
692 21 30 39 1 27 99 324 436 28 9 32 26
693 21 33 41 1 21 41 282 150 26 25 32 26
694 21 35 53 14 29 6 371 257 31 44 33 26
695 21 30 16 1 38 1 177 441 32 1 32 26
696 21 30 33 32 22 21 183 177 22 23 32 26
697 21 33 40 1 27 1 296 181 28 31 33 26
698 21 37 78 1 34 71 234 278 22 32 33 26
699 20 24 1 42 25 1 194 245 31 5 32 26
700 21 30 29 64 22 48 293 289 673 42 33 26
701 20 30 1 63 20 8 245 133 23 8 31 25
702 21 37 42 1 35 61 275 143 21 12 32 26
703 21 32 34 1 31 1 294 256 974 2 32 26
704 21 25 10 61 23 47 131 93 447 6 32 26
705 21 31 25 1 33 73 208 204 30 1 32 26
706 21 28 23 42 14 1 343 208 166 13 32 26
707 21 29 29 1 39 1 221 230 240 1 32 26
708 21 30 17 1 25 1 358 159 21 14 32 26
709 21 31 32 1 24 72 275 177 33 19 32 26
710 21 34 41 1 33 101 2004 257 37 20 32 26
711 21 28 27 1 37 1 217 390 35 1 32 26
712 21 27 31 1 31 74 147 137 143 1 32 26
713 21 35 63 3 21 22 236 312 24 45 33 26
714 21 36 30 1 35 75 322 213 389 13 32 26
715 21 37 45 32 34 1 579 143 32 24 32 26
716 21 32 33 1 24 70 296 177 25 21 32 26
717 21 27 19 1 26 63 383 113 31 15 32 26
718 21 32 12 6 26 51 307 246 28 28 32 26
719 21 32 26 22 29 1 160 255 1614 31 33 26
720 21 35 42 1 41 9 248 182 26 1 32 26
721 21 36 34 1 35 26 191 251 19 22 32 26
722 21 34 21 21 32 1 259 241 28 27 32 26
723 21 26 24 22 30 1 177 131 29 7 32 26
724 21 26 12 1 32 1 293 125 25 1 32 26
725 21 24 12 32 22 1 171 320 27 5 32 26
726 20 24 1 56 24 1 207 217 19 2 32 26
727 21 26 25 48 22 12 216 219 31 28 32 26
728 21 40 44 60 35 1 279 264 27 41 33 26
729 21 31 21 33 29 58 148 116 25 26 32 26
730 21 27 4 5 24 1 125 255 30 13 32 26
731 21 28 42 54 22 1 287 163 24 31 33 26
732 21 32 38 11 30 85 683 440 238 15 32 26
733 21 34 48 1 34 1 172 169 26 15 32 26
734 21 24 17 31 25 1 307 159 25 18 32 26
735 21 34 40 46 26 90 166 142 371 16 32 26
736 20 22 1 86 22 1 238 262 25 5 32 26
737 21 32 20 82 11 52 400 191 28 46 33 26
738 21 32 11 1 21 92 339 240 32 30 33 26
739 21 37 50 30 40 1 252 132 31 35 33 26
740 21 38 57 44 31 71 316 210 28 50 33 26
741 21 35 52 1 35 26 443 148 24 33 33 26
742 21 27 11 44 24 31 281 339 30 13 33 27
743 21 30 20 56 22 16 295 202 26 26 32 26
744 21 40 62 1 40 70 265 205 24 25 32 26
745 21 35 46 56 33 1 204 250 394 28 33 26
746 21 23 10 3 17 33 316 139 22 12 32 26
747 21 34 25 68 17 23 295 192 22 37 33 26
748 21 32 33 1 25 66 234 96 28 16 32 26
749 21 26 35 42 23 1 162 204 622 21 32 26
750 21 33 60 1 36 1 273 271 36 24 32 26
751 21 31 40 1 30 123 195 183 22 1 32 26
752 21 33 33 18 28 108 345 229 20 20 32 26
753 21 29 53 1 29 32 164 198 1460 11 32 26
754 21 29 35 9 34 1 287 102 25 6 32 26
755 21 29 16 36 28 1 213 230 156 22 32 26
756 20 26 1 24 21 51 253 143 24 6 32 26
757 21 37 60 1 39 1 228 114 27 1 32 27
758 21 35 44 43 28 1 890 195 53 47 33 27
759 21 28 17 64 13 52 201 213 36 24 32 27
760 21 28 19 42 25 35 330 220 21 11 32 26
761 21 32 40 79 29 1 244 146 24 30 33 26
762 21 29 1 1 25 11 256 151 27 10 32 26
763 21 29 44 1 26 43 277 234 29 24 32 26
764 21 30 20 1 36 104 212 210 27 1 32 26
765 21 30 45 3 36 1 188 105 20 16 32 26
766 21 30 20 48 19 35 202 317 34 8 32 26
767 21 41 72 1 37 29 130 149 27 32 33 26
768 21 31 46 1 32 1 198 171 442 2 32 26
769 21 30 24 1 34 1 372 109 31 1 32 26
770 21 34 42 11 30 37 244 148 25 19 32 26
771 21 28 35 1 28 1 382 219 31 3 32 26
772 21 34 15 13 33 1 226 208 24 1 32 26
773 21 32 41 1 32 27 156 220 669 19 32 26
774 21 33 39 1 32 5 298 153 304 35 33 26
775 21 29 22 30 33 45 185 146 25 1 32 26
776 21 33 35 51 34 26 256 108 19 17 32 26
777 21 26 1 55 26 17 351 361 29 9 32 26
778 20 20 1 79 25 1 255 195 25 1 32 26
779 21 33 36 37 30 33 230 515 140 33 33 27
780 21 30 17 45 18 1 410 188 25 46 33 26
781 21 43 65 1 37 1 254 172 27 54 33 26
782 20 23 1 68 22 1 223 281 28 3 32 26
783 21 29 24 1 21 20 368 145 725 26 32 26
784 21 32 17 1 36 34 260 114 119 1 32 26
785 20 25 1 46 25 1 253 168 26 1 32 26
786 21 32 37 1 31 19 292 240 23 29 33 26
787 21 30 21 6 29 1 175 269 29 1 32 26
788 21 23 12 52 24 80 541 221 24 13 32 26
789 21 28 9 59 22 1 186 297 272 37 33 26
790 21 33 26 75 17 6 270 212 26 55 33 26
791 21 28 32 25 27 37 213 164 159 1 32 26
792 20 29 1 34 34 77 290 179 273 1 31 26
793 21 26 25 46 20 61 291 242 29 23 32 26
794 21 30 28 69 18 43 202 302 29 51 33 26
795 20 29 1 6 39 1 264 173 24 1 31 26
796 21 38 62 1 31 70 239 255 215 29 33 26
797 21 30 44 1 25 27 367 118 20 6 32 26
798 21 23 14 43 11 1 339 236 26 19 32 26
799 20 20 1 89 25 9 274 269 28 4 32 26
800 21 28 31 1 34 4 301 108 26 1 32 26
801 21 30 40 1 35 1 184 228 274 3 32 27
802 20 22 1 22 23 1 210 225 21 1 32 26
803 21 33 32 52 23 71 214 114 29 33 33 26
804 20 28 1 86 21 85 216 228 920 12 32 26
805 21 27 34 2 23 18 260 160 24 15 32 26
806 21 28 7 54 18 1 177 208 229 46 33 26
807 20 24 1 46 30 1 270 225 256 1 32 26
808 21 37 39 1 19 1 353 186 17 19 32 26
809 21 23 1 49 28 1 139 302 31 18 32 26
810 18 18 1 37 34 1 218 155 29 1 30 24
811 21 30 19 1 30 26 230 470 336 1 32 26
812 21 31 40 1 33 16 232 178 27 16 32 26
813 20 22 1 1 33 1 258 122 32 1 31 26
814 21 33 50 23 26 1 197 239 25 25 32 26
815 21 32 41 67 24 1 208 269 463 46 33 27
816 20 27 1 52 31 1 168 181 46 30 32 26
817 21 29 34 57 40 1 183 186 391 26 32 26
818 21 30 9 28 30 1 228 212 26 23 32 26
819 21 34 35 33 23 15 355 196 247 47 33 26
820 21 31 25 1 34 19 246 184 26 1 32 26
821 21 29 10 45 24 1 272 292 32 28 33 26
822 21 32 30 7 33 1 306 127 28 27 33 26
823 21 30 23 1 33 1 581 132 24 1 32 26
824 21 34 25 51 18 94 194 202 546 21 32 27
825 21 33 40 78 18 37 258 266 206 39 33 26
826 21 30 21 53 32 70 241 165 275 5 33 27
827 21 28 5 7 20 1 290 182 29 20 32 26
828 21 32 38 1 34 34 220 232 241 1 32 26
829 21 27 1 43 29 50 199 207 25 6 32 26
830 21 31 18 1 40 46 388 206 28 11 33 27
831 21 34 27 11 32 1 300 266 37 28 33 27
832 21 30 11 23 30 41 401 126 28 10 33 27
833 21 30 26 72 25 21 297 116 34 29 33 27
834 21 32 37 1 36 13 178 142 1120 8 33 27
835 21 28 24 39 33 40 315 219 297 16 33 27
836 21 38 32 1 35 1 201 205 28 20 33 27
837 21 35 32 1 38 1 279 346 37 12 33 27
838 21 36 53 60 28 101 324 188 25 33 33 27
839 21 29 6 45 16 1 178 144 130 9 33 27
840 21 40 87 1 42 25 284 276 25 40 33 27
841 21 30 1 57 21 27 212 230 25 25 33 27
842 21 31 26 37 32 1 238 195 162 4 33 27
843 20 21 1 32 24 33 297 375 1310 1 32 26
844 21 31 38 38 23 1 335 190 25 18 33 27
845 21 27 20 1 27 59 135 144 241 17 33 27
846 21 28 3 43 21 1 178 181 399 26 33 27
847 21 30 30 1 25 9 293 278 22 13 33 27
848 21 32 39 1 29 50 176 166 30 5 33 27
849 21 28 16 78 18 1 338 224 22 32 33 27
850 21 32 47 1 24 21 253 268 27 17 33 27
851 21 30 30 83 24 78 515 264 535 34 33 27
852 21 36 58 1 33 1 155 297 379 29 33 26
853 21 29 16 44 24 26 467 180 27 25 32 26
854 21 31 33 1 33 1 171 556 363 1 32 26
855 21 36 50 1 32 85 322 285 26 31 33 26
856 21 28 21 11 25 1 239 161 61 14 32 27
857 21 28 28 16 28 1 582 184 17 9 32 27
858 21 32 22 1 27 36 270 208 28 14 32 27
859 21 29 48 1 28 1 317 275 292 16 32 27
860 21 41 72 1 31 40 710 277 30 32 33 27
861 21 26 1 1 24 1 235 287 650 4 32 26
862 21 35 29 66 20 67 216 281 33 12 33 27
863 21 31 30 1 24 37 213 134 23 16 32 26
864 21 35 28 56 17 29 313 265 27 45 33 26
865 21 28 22 1 26 28 169 171 25 1 32 26
866 21 34 31 41 40 1 378 1 26 19 32 26
867 21 30 20 47 33 1 182 210 544 14 32 26
868 21 24 12 50 30 1 361 210 28 10 32 26
869 21 27 11 33 29 1 248 112 29 16 32 26
870 21 42 68 14 29 1 163 162 268 40 33 26
871 21 30 22 55 13 21 228 283 42 40 33 26
872 21 36 44 1 38 53 580 214 27 1 32 26
873 21 36 45 14 31 8 292 188 23 27 33 27
874 21 36 60 1 30 22 422 513 385 23 32 26
875 21 27 47 1 35 1 320 191 25 4 32 27
876 21 32 22 84 25 1 265 152 28 41 33 27
877 20 17 1 45 18 18 282 213 25 1 32 26
878 21 34 38 70 26 1 393 172 23 48 33 27
879 21 31 26 3 31 3 517 171 29 1 32 27
880 21 26 16 57 23 1 372 171 26 37 33 26
881 21 23 1 1 24 1 200 186 29 1 32 26
882 21 33 46 1 32 83 213 200 26 1 32 26
883 21 36 33 32 33 1 233 130 28 10 33 27
884 21 35 39 1 33 40 264 147 27 10 32 26
885 20 29 1 27 31 1 262 230 23 1 32 26
886 21 31 37 29 35 1 279 368 29 20 32 27
887 21 35 66 1 19 50 258 209 26 48 33 26
888 21 34 33 1 27 60 227 126 27 28 33 27
889 21 36 42 1 30 1 327 157 18 22 32 26
890 21 32 30 43 27 58 515 202 29 21 32 26
891 21 34 22 52 28 95 247 163 23 23 32 26
892 21 37 44 1 19 36 275 148 25 40 33 26
893 21 32 7 29 30 82 359 127 24 9 32 26
894 20 20 1 77 19 8 458 103 20 1 31 26
895 20 24 1 38 17 44 273 195 25 1 32 26
896 21 39 43 60 33 1 213 159 232 43 33 26
897 21 34 47 22 32 22 884 204 25 8 32 26
898 21 29 26 1 34 1 241 170 546 18 32 26
899 21 32 41 1 36 1 335 426 31 12 32 26
900 20 21 1 42 14 1 185 156 48 10 32 26
901 21 30 50 34 27 2 311 185 19 33 33 26
902 21 30 34 53 17 18 283 105 21 50 33 26
903 21 32 39 61 24 67 242 183 24 48 33 26
904 21 26 6 31 26 1 528 163 26 24 32 26
905 21 29 41 1 26 101 474 195 22 1 32 26
906 21 36 55 1 29 42 260 232 27 25 33 26
907 21 34 43 1 38 161 315 352 30 1 32 26
908 20 23 1 55 27 36 255 232 19 7 32 26
909 21 34 47 1 26 97 262 154 28 23 32 27
910 21 44 50 36 41 1 254 171 28 29 33 27
911 21 40 50 1 34 83 238 51 31 40 33 26
912 21 28 25 16 20 4 340 1 26 17 32 26
913 21 32 33 1 28 61 252 215 34 38 33 27
914 21 30 38 68 23 1 162 226 335 41 33 26
915 21 31 39 35 25 61 160 179 107 29 33 26
916 21 29 35 52 23 25 312 209 23 36 33 26
917 21 30 5 27 19 1 336 203 24 33 33 26
918 21 24 8 50 20 21 252 216 28 10 32 26
919 21 32 29 38 18 1 141 298 446 26 32 26
920 21 31 52 13 34 1 391 1566 29 33 33 26
921 21 38 50 1 26 12 252 334 22 20 32 27
922 21 37 43 41 31 119 141 204 278 24 32 27
923 21 31 36 41 26 24 276 351 25 23 32 27
924 21 32 27 1 37 1 836 291 33 14 32 27
925 21 40 65 1 26 18 220 864 25 21 32 27
926 21 28 20 61 29 1 468 118 25 40 33 26
927 21 31 32 1 28 35 245 159 31 7 32 26
928 21 30 19 54 20 34 270 162 22 36 33 26
929 21 32 49 1 32 20 651 153 39 1 32 26
930 21 30 39 1 31 18 670 635 633 15 32 26
931 21 25 7 1 29 1 411 267 275 6 32 26
932 21 29 30 1 27 31 370 148 32 1 32 26
933 21 32 29 1 29 8 243 175 33 13 33 27
934 21 27 28 1 19 3 263 167 30 1 32 26
935 20 24 1 74 30 44 316 119 26 1 32 26
936 21 30 14 11 29 12 145 229 33 1 33 27
937 21 35 54 1 35 26 264 195 26 25 33 27
938 21 20 1 75 6 8 208 301 376 6 32 26
939 21 32 19 1 32 8 282 356 101 16 32 26
940 21 44 86 1 35 102 174 112 32 33 33 26
941 21 42 70 20 36 88 277 242 415 34 33 26
942 21 28 1 76 14 48 234 214 181 27 33 26
943 21 30 34 27 30 25 292 218 19 3 32 26
944 21 39 56 1 36 1 463 330 21 36 33 27
945 21 26 16 23 31 1 307 21 927 1 32 27
946 21 32 24 52 29 32 300 195 23 35 33 26
947 21 28 10 3 29 69 290 275 28 2 32 26
948 21 33 18 74 22 1 316 212 32 37 33 26
949 21 34 34 78 26 1 368 176 24 37 33 27
950 21 32 23 8 28 14 171 167 20 1 32 26
951 21 31 30 1 23 57 385 218 29 1 32 26
952 21 29 27 1 27 1 231 200 28 26 32 27
953 21 36 66 1 33 38 316 340 305 19 32 26
954 21 31 31 1 39 51 207 252 21 2 32 26
955 21 26 17 1 30 1 443 324 391 10 32 26
956 21 24 1 46 17 1 292 437 212 10 32 26
957 21 26 17 41 21 26 395 122 26 32 33 27
958 21 36 42 1 37 71 290 142 30 1 32 26
959 21 34 32 7 33 21 264 175 508 7 32 26
960 21 27 51 17 34 62 271 283 26 21 32 27
961 21 26 19 47 25 1 438 377 27 27 32 26
962 21 32 34 1 32 54 206 191 27 26 33 27
963 21 29 20 79 20 16 157 287 118 31 33 26
964 21 29 17 1 25 9 355 142 29 28 33 26
965 21 35 46 43 35 1 281 155 405 18 32 26
966 21 31 42 1 34 1 212 162 21 8 32 26
967 21 34 23 1 33 10 289 210 827 3 33 27
968 21 31 28 7 28 33 332 206 31 30 33 26
969 21 35 39 1 29 71 234 181 32 13 32 27
970 20 26 1 22 38 1 769 466 29 1 31 26
971 20 25 1 111 20 1 188 197 19 15 32 26
972 21 32 45 38 35 27 442 200 30 18 32 26
973 21 30 1 50 22 1 310 268 318 18 32 26
974 21 27 13 44 23 1 324 376 26 26 33 27
975 21 33 36 47 28 48 214 132 23 32 33 27
976 21 33 34 27 29 9 254 107 31 39 33 26
977 21 33 36 8 28 61 226 67 26 5 32 26
978 20 28 1 55 27 1 629 285 31 1 32 26
979 21 30 35 1 35 1 450 128 244 1 32 26
980 21 30 1 62 30 1 314 224 236 15 32 26
981 21 31 44 1 27 62 263 278 25 14 33 27
982 21 26 5 55 21 1 285 186 31 31 33 26
983 21 25 18 54 28 16 434 231 91 11 32 26
984 21 25 1 105 11 6 235 443 31 33 33 26
985 21 32 28 8 26 63 287 202 24 21 32 27
986 21 34 33 40 34 94 135 179 26 16 33 27
987 21 24 11 37 21 1 308 157 157 2 32 26
988 21 29 33 49 26 40 285 406 26 43 33 26
989 21 34 40 1 45 1 238 181 24 1 32 26
990 21 31 32 1 29 34 192 263 244 1 33 26
991 21 35 48 1 29 54 402 392 317 28 33 27
992 21 30 11 18 34 22 294 292 28 12 32 26
993 21 34 21 9 25 52 380 196 27 4 32 27
994 21 30 18 17 28 81 190 249 28 6 32 26
995 21 40 62 1 44 105 422 317 758 2 32 26
996 20 20 1 76 24 47 246 269 21 1 32 26
997 21 34 37 63 24 1 223 241 404 58 33 27
998 21 34 46 51 20 23 213 153 564 45 33 27
999 21 34 47 1 28 1 206 140 24 43 33 26
1000 21 36 22 22 37 1 203 160 24 29 33 26
