1 1777388265 3554 3699 3671 3650 3586 557 280 3594 4061 4061 4061 4061 4061 4061 4061 4061
2 1777388265 3555 3700 3672 3651 3586 543 281 3594 4061 4061 4060 4060 4060 4060 4060 4060
3 1777388265 3554 3698 3671 3651 3586 547 281 3595 4061 4061 4061 4061 4061 4061 4061 4061
4 1777388265 3555 3699 3672 3651 3586 549 281 3594 4061 4061 4061 4061 4061 4061 4061 4061
5 1777388265 3556 3700 3673 3652 3587 550 281 3596 4061 4061 4060 4060 4060 4060 4060 4060
6 1777388265 3554 3699 3671 3650 3586 557 280 3595 4061 4061 4061 4061 4061 4061 4061 4061
7 1777388265 3554 3699 3671 3650 3586 548 280 3595 4061 4061 4061 4061 4061 4061 4061 4061
8 1777388265 3554 3699 3672 3651 3586 570 278 3595 4063 4063 4062 4062 4062 4062 4062 4062
9 1777388266 3555 3699 3672 3651 3587 558 279 3596 4061 4061 4061 4061 4061 4061 4061 4061
10 1777388266 3555 3700 3672 3651 3587 559 280 3595 4063 4061 4061 4061 4061 4061 4061 4061
11 1777388266 3555 3700 3672 3652 3587 547 281 3596 4061 4061 4061 4061 4061 4061 4061 4061
12 1777388266 3554 3699 3671 3650 3586 534 281 3595 4061 4061 4061 4061 4061 4061 4061 4061
13 1777388266 3556 3700 3673 3652 3587 554 280 3596 4061 4061 4061 4061 4061 4061 4061 4061
14 1777388266 3555 3700 3672 3651 3587 557 280 3595 4063 4063 4062 4062 4062 4062 4062 4062
15 1777388266 3556 3700 3673 3652 3587 550 281 3595 4063 4063 4062 4062 4062 4062 4062 4062
16 1777388266 3556 3700 3673 3652 3588 548 281 3597 4061 4061 4061 4061 4061 4061 4061 4061
17 1777388266 3556 3701 3673 3652 3587 557 280 3596 4061 4061 4061 4061 4061 4061 4061 4061
18 1777388266 3555 3700 3672 3651 3587 564 279 3596 4061 4061 4061 4061 4061 4061 4061 4061
19 1777388266 3554 3699 3671 3651 3586 569 277 3595 4061 4061 4061 4061 4061 4061 4061 4061
20 1777388266 3555 3701 3673 3652 3587 553 281 3596 4061 4061 4060 4060 4060 4060 4060 4060
21 1777388266 3558 3702 3674 3653 3589 570 278 603 4061 4061 4060 4060 4060 4060 4060 4060
22 1777388266 3555 3699 3672 3650 3586 573 277 3595 4061 4061 4061 4061 4061 4061 4061 4061
23 1777388266 3555 3699 3672 3651 3587 556 280 3595 4061 4061 4061 4061 4061 4061 4061 4061
24 1777388266 3559 3704 3676 3655 3590 558 280 601 4061 4061 4061 4061 4061 4061 4061 4061
25 1777388266 3555 3700 3672 3651 3586 550 281 3595 4061 4061 4061 4061 4061 4061 4061 4061
26 1777388266 3555 3699 3672 3651 3587 553 281 3595 4061 4061 4061 4061 4061 4061 4061 4061
27 1777388266 3557 3702 3674 3653 3588 585 271 3597 4061 4061 4061 4061 4061 4061 4061 4061
28 1777388266 3556 3701 3673 3652 3587 543 281 3596 4063 4063 4062 4062 4062 4062 4062 4062
29 1777388266 3556 3701 3673 3652 3587 550 281 3597 4061 4061 4061 4061 4061 4061 4061 4061
30 1777388266 3556 3700 3672 3651 3587 561 280 3596 4061 4061 4060 4060 4060 4060 4060 4060
31 1777388266 3557 3702 3674 3653 3588 544 281 3598 4061 4061 4061 4061 4061 4061 4061 4061
32 1777388266 3558 3703 3675 3654 3589 570 278 581 4061 4061 4060 4060 4060 4060 4060 4060
33 1777388266 3556 3701 3674 3652 3587 555 281 3596 4061 4061 4061 4061 4061 4061 4061 4061
34 1777388266 3557 3702 3674 3653 3589 567 278 3597 4063 4063 4062 4062 4062 4062 4062 4062
35 1777388266 3556 3700 3673 3652 3587 570 279 3596 4061 4061 4061 4061 4061 4061 4061 4061
36 1777388266 3556 3701 3673 3652 3588 561 280 3596 4061 4061 4061 4061 4061 4061 4061 4061
37 1777388266 3556 3700 3673 3652 3587 550 281 3596 4061 4061 4061 4061 4061 4061 4061 4061
38 1777388266 3556 3701 3673 3653 3588 552 281 3596 4061 4061 4061 4061 4061 4061 4061 4061
39 1777388266 3558 3703 3675 3654 3590 573 277 609 4061 4061 4060 4060 4060 4060 4060 4060
40 1777388266 3555 3700 3673 3652 3588 555 280 3596 4061 4061 4061 4061 4061 4061 4061 4061
41 1777388266 3555 3700 3673 3652 3587 568 278 3596 4063 4063 4062 4062 4062 4062 4062 4062
42 1777388266 3558 3703 3675 3654 3589 557 281 612 4061 4061 4061 4061 4061 4061 4061 4061
43 1777388266 3559 3703 3676 3654 3590 572 277 596 4061 4061 4060 4060 4060 4060 4060 4060
44 1777388267 3556 3701 3673 3652 3588 551 281 3596 4063 4063 4062 4062 4062 4062 4062 4062
45 1777388267 3556 3701 3674 3652 3588 550 281 3597 4061 4061 4061 4061 4061 4061 4061 4061
46 1777388267 3556 3701 3673 3652 3588 567 278 3596 4063 4063 4062 4062 4062 4062 4062 4062
47 1777388267 3556 3701 3673 3652 3588 572 277 3595 4061 4061 4061 4061 4061 4061 4061 4061
48 1777388267 3558 3703 3675 3654 3590 571 278 605 4061 4061 4060 4060 4060 4060 4060 4060
49 1777388267 3556 3701 3674 3653 3588 554 280 610 4061 4061 4061 4061 4061 4061 4061 4061
50 1777388267 3556 3700 3673 3652 3588 557 280 3596 4061 4061 4061 4061 4061 4061 4061 4061
51 1777388267 3555 3700 3672 3651 3587 565 279 3595 4061 4061 4061 4061 4061 4061 4061 4061
52 1777388267 3557 3701 3674 3654 3589 551 281 3597 4061 4061 4061 4061 4061 4061 4061 4061
53 1777388267 3558 3702 3675 3654 3590 566 279 590 4061 4061 4061 4061 4061 4061 4061 4061
54 1777388267 3558 3702 3674 3653 3589 556 280 592 4063 4063 4062 4062 4062 4062 4062 4062
55 1777388267 3557 3702 3674 3653 3589 569 278 599 4061 4061 4060 4060 4060 4060 4060 4060
56 1777388267 3555 3700 3672 3651 3587 570 278 3595 4061 4061 4060 4060 4060 4060 4060 4060
57 1777388267 3556 3702 3674 3653 3588 574 277 3597 4061 4061 4061 4061 4061 4061 4061 4061
58 1777388267 3556 3701 3673 3652 3588 558 280 3596 4061 4061 4061 4061 4061 4061 4061 4061
59 1777388267 3557 3701 3674 3652 3588 547 281 3597 4061 4061 4061 4061 4061 4061 4061 4061
60 1777388267 3557 3701 3674 3653 3589 561 280 3597 4061 4061 4061 4061 4061 4061 4061 4061
61 1777388267 3556 3701 3674 3652 3588 559 280 3597 4063 4063 4062 4062 4062 4062 4062 4062
62 1777388267 3556 3701 3673 3652 3588 566 279 3596 4061 4061 4061 4061 4061 4061 4061 4061
63 1777388267 3556 3701 3673 3653 3588 559 281 3596 4061 4061 4061 4061 4061 4061 4061 4061
64 1777388267 3556 3701 3674 3653 3588 555 280 3597 4061 4061 4060 4060 4060 4060 4060 4060
65 1777388268 3557 3702 3675 3654 3590 576 277 608 4063 4061 4061 4061 4061 4061 4061 4061
66 1777388268 3557 3702 3675 3653 3590 566 279 618 4061 4061 4060 4060 4060 4060 4060 4060
67 1777388268 3556 3700 3673 3652 3587 578 276 3596 4061 4061 4060 4060 4060 4060 4060 4060
68 1777388268 3559 3703 3675 3654 3590 571 278 604 4061 4061 4061 4061 4061 4061 4061 4061
69 1777388268 3556 3700 3673 3652 3588 561 280 3596 4061 4061 4060 4060 4060 4060 4060 4060
70 1777388268 3556 3701 3673 3652 3587 546 281 3596 4061 4061 4061 4061 4061 4061 4061 4061
71 1777388268 3557 3702 3674 3653 3588 562 280 3597 4063 4063 4062 4062 4062 4062 4062 4062
72 1777388268 3557 3701 3674 3653 3588 557 281 3597 4063 4061 4061 4061 4061 4061 4061 4061
73 1777388268 3556 3701 3673 3652 3587 517 283 3597 4063 4063 4062 4062 4062 4062 4062 4062
74 1777388268 3556 3701 3673 3653 3588 549 281 3596 4061 4061 4061 4061 4061 4061 4061 4061
75 1777388268 3559 3704 3676 3655 3590 564 279 592 4061 4061 4061 4061 4061 4061 4061 4061
76 1777388268 3557 3702 3674 3653 3589 572 277 3598 4061 4061 4061 4061 4061 4061 4061 4061
77 1777388268 3558 3703 3676 3654 3590 558 281 594 4063 4063 4062 4062 4062 4062 4062 4062
78 1777388268 3557 3702 3674 3653 3589 559 280 3596 4061 4061 4061 4061 4061 4061 4061 4061
79 1777388268 3557 3702 3674 3653 3588 537 281 3598 4061 4061 4061 4061 4061 4061 4061 4061
80 1777388268 3558 3703 3675 3654 3590 568 278 598 4061 4061 4061 4061 4061 4061 4061 4061
81 1777388268 3556 3701 3673 3652 3587 562 280 3597 4061 4061 4060 4060 4060 4060 4060 4060
82 1777388268 3557 3702 3674 3653 3588 548 281 3597 4061 4061 4061 4061 4061 4061 4061 4061
83 1777388268 3558 3703 3675 3654 3590 552 281 597 4061 4061 4060 4060 4060 4060 4060 4060
84 1777388268 3557 3702 3674 3653 3588 553 281 3597 4061 4061 4060 4060 4060 4060 4060 4060
85 1777388268 3557 3702 3674 3654 3589 568 278 3598 4061 4061 4061 4061 4061 4061 4061 4061
86 1777388268 3556 3701 3673 3653 3588 549 281 3596 4061 4061 4061 4061 4061 4061 4061 4061
87 1777388268 3557 3702 3675 3653 3589 567 279 3598 4061 4061 4061 4061 4061 4061 4061 4061
88 1777388268 3557 3702 3674 3653 3589 545 281 597 4063 4061 4061 4061 4061 4061 4061 4061
89 1777388268 3556 3701 3674 3653 3589 553 281 3597 4061 4061 4061 4061 4061 4061 4061 4061
90 1777388268 3557 3702 3674 3653 3588 579 276 590 4061 4061 4061 4061 4061 4061 4061 4061
91 1777388268 3556 3700 3673 3652 3587 564 280 3596 4063 4061 4061 4061 4061 4061 4061 4061
92 1777388268 3557 3701 3674 3654 3589 563 280 3597 4061 4061 4061 4061 4061 4061 4061 4061
93 1777388268 3556 3702 3673 3652 3588 563 280 3597 4063 4063 4062 4062 4062 4062 4062 4062
94 1777388269 3557 3702 3675 3654 3589 565 280 604 4061 4061 4061 4061 4061 4061 4061 4061
95 1777388269 3557 3702 3675 3653 3589 556 280 3597 4061 4061 4061 4061 4061 4061 4061 4061
96 1777388269 3559 3703 3675 3654 3590 544 281 580 4061 4061 4060 4060 4060 4060 4060 4060
97 1777388269 3558 3702 3675 3654 3589 566 279 602 4061 4061 4060 4060 4060 4060 4060 4060
98 1777388269 3557 3702 3674 3653 3589 571 279 3597 4061 4061 4061 4061 4061 4061 4061 4061
99 1777388269 3556 3701 3673 3652 3588 547 281 3597 4061 4061 4061 4061 4061 4061 4061 4061
100 1777388269 3557 3702 3674 3654 3589 559 280 585 4061 4061 4061 4061 4061 4061 4061 4061
101 1777388269 3558 3703 3675 3654 3590 566 279 602 4063 4063 4062 4062 4062 4062 4062 4062
102 1777388269 3557 3701 3674 3653 3588 530 283 3596 4063 4063 4062 4062 4062 4062 4062 4062
103 1777388269 3558 3702 3675 3654 3590 537 281 589 4061 4061 4060 4060 4060 4060 4060 4060
104 1777388269 3557 3701 3674 3653 3588 570 279 3597 4061 4061 4060 4060 4060 4060 4060 4060
105 1777388269 3558 3703 3676 3654 3590 556 281 608 4061 4061 4061 4061 4061 4061 4061 4061
106 1777388269 3556 3701 3674 3653 3589 532 282 3596 4061 4061 4061 4061 4061 4061 4061 4061
107 1777388269 3557 3702 3674 3653 3589 554 281 3597 4063 4063 4062 4062 4062 4062 4062 4062
108 1777388269 3556 3701 3674 3652 3588 559 281 3597 4063 4063 4062 4062 4062 4062 4062 4062
109 1777388269 3557 3702 3674 3653 3589 549 282 3597 4063 4063 4062 4062 4062 4062 4062 4062
110 1777388269 3557 3702 3674 3653 3589 528 282 3598 4063 4061 4061 4061 4061 4061 4061 4061
111 1777388269 3558 3703 3675 3654 3589 573 278 607 4061 4061 4061 4061 4061 4061 4061 4061
112 1777388269 3557 3702 3675 3654 3589 568 279 3597 4061 4061 4060 4060 4060 4060 4060 4060
113 1777388269 3556 3701 3673 3653 3588 557 281 3597 4061 4061 4061 4061 4061 4061 4061 4061
114 1777388269 3556 3700 3673 3652 3588 539 282 3597 4061 4061 4061 4061 4061 4061 4061 4061
115 1777388269 3556 3701 3674 3653 3588 547 281 3597 4063 4063 4062 4062 4062 4062 4062 4062
116 1777388269 3557 3702 3674 3653 3589 564 280 3598 4061 4061 4061 4061 4061 4061 4061 4061
117 1777388269 3556 3701 3673 3652 3587 570 279 3596 4061 4061 4061 4061 4061 4061 4061 4061
118 1777388269 3557 3701 3674 3653 3589 572 279 3598 4061 4061 4061 4061 4061 4061 4061 4061
119 1777388269 3556 3700 3673 3652 3588 568 279 3597 4063 4063 4062 4062 4062 4062 4062 4062
120 1777388269 3556 3701 3673 3652 3588 544 282 3597 4061 4061 4061 4061 4061 4061 4061 4061
121 1777388269 3559 3704 3677 3656 3591 573 277 588 4063 4063 4062 4062 4062 4062 4062 4062
122 1777388269 3557 3701 3674 3653 3589 572 279 3597 4061 4061 4060 4060 4060 4060 4060 4060
123 1777388269 3557 3701 3674 3653 3588 562 280 3597 4061 4061 4060 4060 4060 4060 4060 4060
124 1777388269 3559 3704 3677 3655 3591 548 282 583 4061 4061 4061 4061 4061 4061 4061 4061
125 1777388269 3557 3702 3674 3653 3589 551 282 3597 4061 4061 4061 4061 4061 4061 4061 4061
126 1777388269 3557 3702 3674 3654 3589 544 282 3597 4061 4061 4061 4061 4061 4061 4061 4061
127 1777388270 3557 3701 3673 3653 3588 550 281 3598 4061 4061 4061 4061 4061 4061 4061 4061
128 1777388270 3557 3702 3674 3653 3589 572 278 3597 4061 4061 4061 4061 4061 4061 4061 4061
129 1777388270 3556 3701 3674 3653 3588 553 281 3597 4061 4061 4060 4060 4060 4060 4060 4060
130 1777388270 3558 3702 3674 3653 3589 560 280 3598 4061 4061 4061 4061 4061 4061 4061 4061
131 1777388270 3556 3701 3673 3653 3588 563 280 3597 4061 4061 4061 4061 4061 4061 4061 4061
132 1777388270 3557 3702 3675 3653 3589 540 282 3598 4061 4061 4061 4061 4061 4061 4061 4061
133 1777388270 3559 3704 3676 3655 3590 561 281 593 4061 4061 4061 4061 4061 4061 4061 4061
134 1777388270 3557 3702 3675 3654 3589 573 278 601 4061 4061 4060 4060 4060 4060 4060 4060
135 1777388270 3556 3701 3673 3652 3588 548 282 3597 4061 4061 4061 4061 4061 4061 4061 4061
136 1777388270 3559 3703 3676 3655 3591 555 281 575 4061 4061 4060 4060 4060 4060 4060 4060
137 1777388270 3557 3702 3675 3654 3590 539 282 3598 4061 4061 4061 4061 4061 4061 4061 4061
138 1777388270 3559 3704 3677 3655 3591 568 279 605 4061 4061 4061 4061 4061 4061 4061 4061
139 1777388270 3558 3704 3676 3655 3590 529 282 558 4061 4061 4061 4061 4061 4061 4061 4061
140 1777388270 3557 3702 3674 3653 3589 570 279 3598 4063 4063 4062 4062 4062 4062 4062 4062
141 1777388270 3557 3702 3674 3653 3589 558 281 3597 4063 4063 4062 4062 4062 4062 4062 4062
142 1777388270 3558 3702 3675 3654 3589 561 281 3598 4061 4061 4061 4061 4061 4061 4061 4061
143 1777388270 3557 3702 3675 3653 3589 557 281 3598 4061 4061 4061 4061 4061 4061 4061 4061
144 1777388270 3557 3703 3675 3654 3589 563 281 3598 4061 4061 4061 4061 4061 4061 4061 4061
145 1777388270 3559 3704 3676 3655 3591 572 278 621 4061 4061 4060 4060 4060 4060 4060 4060
146 1777388270 3557 3702 3674 3653 3589 556 281 3598 4061 4061 4061 4061 4061 4061 4061 4061
147 1777388270 3558 3702 3675 3654 3589 529 282 3598 4061 4061 4060 4060 4060 4060 4060 4060
148 1777388270 3557 3702 3674 3653 3589 544 282 3597 4061 4061 4061 4061 4061 4061 4061 4061
149 1777388270 3557 3702 3674 3653 3588 551 282 3597 4063 4063 4062 4062 4062 4062 4062 4062
150 1777388270 3557 3702 3675 3654 3589 514 283 3598 4063 4063 4062 4062 4062 4062 4062 4062
151 1777388270 3557 3702 3675 3654 3589 556 281 3597 4061 4061 4061 4061 4061 4061 4061 4061
152 1777388270 3557 3702 3675 3654 3589 548 282 3598 4061 4061 4060 4060 4060 4060 4060 4060
153 1777388270 3557 3702 3674 3654 3589 561 280 3598 4061 4061 4061 4061 4061 4061 4061 4061
154 1777388270 3559 3703 3676 3655 3590 557 281 602 4061 4061 4060 4060 4060 4060 4060 4060
155 1777388270 3557 3703 3675 3654 3590 544 282 3599 4061 4061 4061 4061 4061 4061 4061 4061
156 1777388270 3558 3703 3676 3655 3590 561 281 612 4061 4061 4060 4060 4060 4060 4060 4060
157 1777388270 3557 3702 3674 3653 3589 564 281 3597 4061 4061 4060 4060 4060 4060 4060 4060
158 1777388270 3557 3702 3674 3653 3589 557 281 3598 4061 4061 4061 4061 4061 4061 4061 4061
159 1777388270 3558 3704 3676 3656 3590 570 279 581 4061 4061 4061 4061 4061 4061 4061 4061
160 1777388270 3559 3704 3676 3655 3591 577 276 617 4061 4061 4061 4061 4061 4061 4061 4061
161 1777388270 3559 3704 3676 3655 3591 566 280 612 4063 4063 4062 4062 4062 4062 4062 4062
162 1777388270 3559 3704 3677 3655 3591 563 281 602 4062 4063 4062 4062 4062 4062 4062 4062
163 1777388270 3557 3701 3674 3653 3589 568 280 3596 4061 4061 4060 4060 4060 4060 4060 4060
164 1777388271 3556 3701 3674 3653 3589 558 281 3597 4061 4061 4060 4060 4060 4060 4060 4060
165 1777388271 3557 3702 3674 3652 3589 562 281 3597 4063 4063 4062 4062 4062 4062 4062 4062
166 1777388271 3558 3702 3675 3654 3589 553 282 3598 4061 4061 4060 4060 4060 4060 4060 4060
167 1777388271 3557 3702 3674 3653 3589 548 282 3598 4061 4061 4060 4060 4060 4060 4060 4060
168 1777388271 3559 3704 3676 3655 3590 560 281 594 4061 4061 4061 4061 4061 4061 4061 4061
169 1777388271 3559 3704 3676 3654 3590 556 282 616 4063 4063 4062 4062 4062 4062 4062 4062
170 1777388271 3559 3703 3675 3655 3590 549 282 609 4061 4061 4061 4061 4061 4061 4061 4061
171 1777388271 3557 3702 3674 3654 3589 533 282 3598 4063 4063 4062 4062 4062 4062 4062 4062
172 1777388271 3559 3703 3676 3655 3591 562 280 608 4062 4063 4062 4062 4062 4062 4062 4062
173 1777388271 3557 3702 3674 3654 3589 546 282 3597 4061 4061 4061 4061 4061 4061 4061 4061
174 1777388271 3557 3703 3675 3654 3590 559 281 3596 4061 4061 4060 4060 4060 4060 4060 4060
175 1777388271 3558 3703 3675 3653 3589 545 282 3598 4061 4061 4061 4061 4061 4061 4061 4061
176 1777388271 3557 3702 3674 3653 3589 539 283 3598 4063 4063 4062 4062 4062 4062 4062 4062
177 1777388271 3557 3702 3674 3653 3589 562 281 3597 4061 4061 4061 4061 4061 4061 4061 4061
178 1777388271 3558 3702 3675 3654 3590 569 279 3598 4061 4061 4060 4060 4060 4060 4060 4060
179 1777388271 3558 3703 3675 3654 3589 568 280 3598 4061 4061 4061 4061 4061 4061 4061 4061
180 1777388271 3557 3703 3675 3654 3589 575 278 3598 4061 4061 4061 4061 4061 4061 4061 4061
181 1777388271 3557 3702 3674 3653 3589 555 282 3598 4063 4063 4062 4062 4062 4062 4062 4062
182 1777388271 3557 3701 3674 3653 3589 561 281 3598 4061 4061 4061 4061 4061 4061 4061 4061
183 1777388271 3556 3701 3673 3653 3588 550 282 3597 4061 4061 4061 4061 4061 4061 4061 4061
184 1777388271 3557 3702 3674 3653 3589 555 282 3598 4061 4061 4061 4061 4061 4061 4061 4061
185 1777388271 3558 3702 3674 3653 3589 574 279 3597 4063 4063 4062 4062 4062 4062 4062 4062
186 1777388271 3558 3703 3675 3654 3589 555 281 3598 4061 4061 4061 4061 4061 4061 4061 4061
187 1777388271 3554 3699 3672 3651 3587 559 278 3595 4063 4063 4062 4062 4062 4062 4062 4062
188 1777388271 3557 3702 3674 3653 3589 548 280 3598 4061 4061 4061 4061 4061 4061 4061 4061
189 1777388271 3556 3701 3673 3652 3588 540 280 3597 4061 4061 4060 4060 4060 4060 4060 4060
190 1777388271 3556 3701 3673 3653 3588 542 280 3596 4061 4061 4061 4061 4061 4061 4061 4061
191 1777388271 3555 3700 3672 3652 3587 569 277 3595 4061 4061 4060 4060 4060 4060 4060 4060
192 1777388271 3558 3703 3675 3654 3589 572 276 609 4063 4063 4062 4062 4062 4062 4062 4062
193 1777388271 3556 3700 3672 3651 3587 565 278 3595 4061 4061 4061 4061 4061 4061 4061 4061
194 1777388271 3555 3700 3673 3651 3587 550 280 3596 4061 4061 4060 4060 4060 4060 4060 4060
195 1777388272 3556 3701 3673 3652 3588 545 280 3597 4061 4061 4061 4061 4061 4061 4061 4061
196 1777388272 3556 3701 3673 3652 3588 555 279 3597 4061 4061 4061 4061 4061 4061 4061 4061
197 1777388272 3556 3701 3673 3652 3587 555 280 3597 4061 4061 4061 4061 4061 4061 4061 4061
198 1777388272 3556 3701 3673 3652 3588 561 279 3596 4061 4061 4061 4061 4061 4061 4061 4061
199 1777388272 3556 3701 3673 3652 3587 574 276 3595 4063 4063 4061 4061 4061 4061 4061 4061
200 1777388272 3557 3702 3674 3654 3589 560 279 601 4061 4061 4061 4061 4061 4061 4061 4061
201 1777388272 3555 3700 3672 3652 3587 562 279 3595 4061 4061 4061 4061 4061 4061 4061 4061
202 1777388272 3556 3701 3673 3652 3588 557 279 3597 4061 4061 4060 4060 4060 4060 4060 4060
203 1777388272 3557 3702 3675 3653 3589 557 279 596 4061 4061 4061 4061 4061 4061 4061 4061
204 1777388272 3558 3703 3675 3654 3590 572 276 590 4063 4063 4062 4062 4062 4062 4062 4062
205 1777388272 3556 3700 3673 3652 3588 564 278 3596 4061 4061 4061 4061 4061 4061 4061 4061
206 1777388272 3555 3700 3673 3651 3587 584 271 3596 4061 4061 4061 4061 4061 4061 4061 4061
207 1777388272 3555 3700 3672 3652 3587 535 281 3595 4061 4061 4061 4061 4061 4061 4061 4061
208 1777388272 3556 3701 3673 3652 3588 557 279 3597 4061 4061 4060 4060 4060 4060 4060 4060
209 1777388272 3556 3701 3674 3652 3588 558 279 3597 4061 4061 4061 4061 4061 4061 4061 4061
210 1777388272 3558 3703 3675 3654 3589 574 276 646 4061 4061 4060 4060 4060 4060 4060 4060
211 1777388272 3558 3702 3675 3653 3589 572 276 608 4061 4061 4061 4061 4061 4061 4061 4061
212 1777388272 3556 3701 3674 3653 3589 558 279 3596 4061 4061 4061 4061 4061 4061 4061 4061
213 1777388272 3558 3702 3675 3654 3589 558 279 606 4061 4061 4060 4060 4060 4060 4060 4060
214 1777388272 3555 3700 3672 3652 3587 554 280 3596 4061 4061 4060 4060 4060 4060 4060 4060
215 1777388272 3556 3700 3672 3652 3587 552 280 3595 4061 4061 4061 4061 4061 4061 4061 4061
216 1777388272 3555 3700 3673 3652 3587 536 281 3596 4063 4063 4062 4062 4062 4062 4062 4062
217 1777388272 3555 3700 3672 3651 3587 549 280 3595 4061 4061 4061 4061 4061 4061 4061 4061
218 1777388272 3558 3703 3676 3654 3590 565 278 586 4061 4061 4060 4060 4060 4060 4060 4060
219 1777388272 3556 3701 3673 3652 3588 553 280 3597 4061 4061 4061 4061 4061 4061 4061 4061
220 1777388272 3558 3703 3675 3653 3589 559 279 589 4061 4061 4061 4061 4061 4061 4061 4061
221 1777388272 3556 3700 3673 3652 3587 542 281 3596 4063 4063 4062 4062 4062 4062 4062 4062
222 1777388272 3556 3701 3673 3652 3587 563 279 3596 4061 4061 4061 4061 4061 4061 4061 4061
223 1777388272 3557 3702 3674 3653 3589 560 279 602 4061 4061 4061 4061 4061 4061 4061 4061
224 1777388273 3557 3702 3674 3653 3589 548 280 601 4063 4061 4061 4061 4061 4061 4061 4061
225 1777388273 3556 3701 3673 3652 3588 574 277 3596 4061 4061 4061 4061 4061 4061 4061 4061
226 1777388273 3556 3701 3673 3652 3587 574 277 3596 4061 4061 4061 4061 4061 4061 4061 4061
227 1777388273 3556 3701 3673 3652 3588 563 279 3597 4063 4063 4062 4062 4062 4062 4062 4062
228 1777388273 3556 3701 3673 3652 3588 546 280 3596 4061 4061 4061 4061 4061 4061 4061 4061
229 1777388273 3558 3703 3675 3654 3590 561 279 578 4063 4063 4062 4062 4062 4062 4062 4062
230 1777388273 3556 3701 3673 3652 3587 569 278 3596 4061 4061 4061 4061 4061 4061 4061 4061
231 1777388273 3556 3701 3673 3652 3588 540 281 3597 4063 4063 4062 4062 4062 4062 4062 4062
232 1777388273 3559 3704 3676 3655 3590 557 280 583 4061 4061 4061 4061 4061 4061 4061 4061
233 1777388273 3557 3702 3674 3653 3589 557 279 3597 4061 4061 4061 4061 4061 4061 4061 4061
234 1777388273 3555 3700 3672 3651 3587 549 280 3596 4061 4061 4061 4061 4061 4061 4061 4061
235 1777388273 3557 3702 3674 3653 3589 551 281 3597 4063 4063 4062 4062 4062 4062 4062 4062
236 1777388273 3556 3701 3673 3652 3587 562 280 3597 4061 4061 4060 4060 4060 4060 4060 4060
237 1777388273 3557 3701 3674 3653 3588 541 281 3597 4061 4061 4060 4060 4060 4060 4060 4060
238 1777388273 3558 3702 3675 3654 3589 557 280 620 4061 4061 4060 4060 4060 4060 4060 4060
239 1777388274 3558 3703 3675 3654 3590 562 279 592 4061 4061 4060 4060 4060 4060 4060 4060
240 1777388274 3558 3702 3675 3654 3590 556 279 607 4061 4061 4061 4061 4061 4061 4061 4061
241 1777388274 3556 3701 3673 3652 3587 524 281 3597 4061 4061 4060 4060 4060 4060 4060 4060
242 1777388274 3559 3703 3676 3655 3591 557 280 596 4061 4061 4061 4061 4061 4061 4061 4061
243 1777388274 3556 3701 3673 3652 3588 555 280 3597 4061 4061 4060 4060 4060 4060 4060 4060
244 1777388274 3556 3702 3674 3652 3588 539 281 3596 4063 4063 4062 4062 4062 4062 4062 4062
245 1777388274 3556 3701 3673 3652 3588 556 280 3597 4061 4061 4061 4061 4061 4061 4061 4061
246 1777388274 3557 3702 3673 3652 3588 558 280 3596 4061 4061 4061 4061 4061 4061 4061 4061
247 1777388274 3557 3702 3674 3653 3588 549 280 607 4061 4061 4061 4061 4061 4061 4061 4061
248 1777388274 3555 3699 3672 3651 3587 551 280 3596 4061 4061 4060 4060 4060 4060 4060 4060
249 1777388274 3559 3704 3675 3654 3590 560 279 605 4061 4061 4061 4061 4061 4061 4061 4061
250 1777388274 3556 3702 3674 3653 3588 577 275 3597 4061 4061 4060 4060 4060 4060 4060 4060
251 1777388274 3558 3702 3675 3654 3590 567 278 589 4061 4061 4061 4061 4061 4061 4061 4061
252 1777388274 3557 3701 3673 3653 3588 560 279 3597 4061 4061 4061 4061 4061 4061 4061 4061
253 1777388274 3557 3702 3674 3654 3589 564 279 582 4061 4061 4061 4061 4061 4061 4061 4061
254 1777388274 3556 3700 3673 3652 3588 541 281 3596 4061 4061 4061 4061 4061 4061 4061 4061
255 1777388274 3557 3701 3673 3652 3588 554 280 3597 4061 4061 4061 4061 4061 4061 4061 4061
256 1777388274 3558 3703 3675 3654 3590 563 278 595 4061 4061 4061 4061 4061 4061 4061 4061
257 1777388274 3557 3701 3674 3653 3588 561 279 3597 4061 4061 4060 4060 4060 4060 4060 4060
258 1777388274 3556 3701 3673 3653 3588 540 281 3596 4061 4061 4060 4060 4060 4060 4060 4060
259 1777388274 3557 3702 3674 3653 3589 558 279 3597 4063 4063 4062 4062 4062 4062 4062 4062
260 1777388274 3557 3702 3675 3654 3589 542 280 587 4061 4061 4061 4061 4061 4061 4061 4061
261 1777388274 3557 3702 3675 3654 3589 562 279 598 4061 4061 4061 4061 4061 4061 4061 4061
262 1777388274 3557 3701 3674 3653 3589 566 279 3596 4061 4061 4061 4061 4061 4061 4061 4061
263 1777388274 3558 3702 3675 3654 3589 565 279 605 4061 4061 4061 4061 4061 4061 4061 4061
264 1777388274 3556 3700 3673 3652 3588 559 280 3596 4061 4061 4060 4060 4060 4060 4060 4060
265 1777388274 3558 3703 3675 3654 3590 573 277 597 4063 4063 4062 4062 4062 4062 4062 4062
266 1777388274 3557 3702 3675 3654 3589 545 280 628 4063 4063 4062 4062 4062 4062 4062 4062
267 1777388274 3558 3702 3675 3654 3589 562 279 601 4063 4063 4062 4062 4062 4062 4062 4062
268 1777388274 3557 3701 3673 3652 3588 560 280 3596 4061 4061 4060 4060 4060 4060 4060 4060
269 1777388275 3557 3702 3674 3653 3588 552 281 3597 4061 4061 4060 4060 4060 4060 4060 4060
270 1777388275 3557 3702 3674 3653 3589 561 279 3598 4063 4063 4062 4062 4062 4062 4062 4062
271 1777388275 3557 3701 3674 3653 3589 546 280 3597 4061 4061 4061 4061 4061 4061 4061 4061
272 1777388275 3557 3701 3673 3652 3588 558 280 3596 4063 4063 4062 4062 4062 4062 4062 4062
273 1777388275 3557 3701 3674 3653 3588 556 280 3597 4061 4061 4061 4061 4061 4061 4061 4061
274 1777388275 3557 3702 3674 3653 3588 560 280 3597 4063 4063 4062 4062 4062 4062 4062 4062
275 1777388275 3556 3701 3673 3652 3588 577 275 3596 4061 4061 4061 4061 4061 4061 4061 4061
276 1777388275 3556 3700 3673 3652 3587 564 279 3597 4061 4061 4061 4061 4061 4061 4061 4061
277 1777388275 3558 3703 3675 3654 3590 582 273 575 4061 4061 4061 4061 4061 4061 4061 4061
278 1777388275 3556 3701 3673 3652 3588 565 279 3596 4061 4061 4061 4061 4061 4061 4061 4061
279 1777388275 3557 3701 3674 3653 3589 542 281 3597 4061 4061 4060 4060 4060 4060 4060 4060
280 1777388275 3557 3702 3674 3653 3589 543 281 3598 4061 4061 4061 4061 4061 4061 4061 4061
281 1777388275 3557 3701 3674 3653 3588 553 281 3597 4061 4061 4061 4061 4061 4061 4061 4061
282 1777388275 3559 3704 3676 3655 3590 568 278 606 4061 4061 4060 4060 4060 4060 4060 4060
283 1777388275 3558 3703 3675 3654 3590 572 277 610 4063 4063 4062 4062 4062 4062 4062 4062
284 1777388275 3556 3701 3673 3652 3588 567 278 3596 4061 4061 4061 4061 4061 4061 4061 4061
285 1777388275 3556 3702 3673 3652 3588 567 279 3596 4061 4061 4061 4061 4061 4061 4061 4061
286 1777388275 3556 3701 3673 3653 3588 560 280 3597 4061 4061 4061 4061 4061 4061 4061 4061
287 1777388275 3556 3701 3674 3653 3588 552 280 3597 4061 4061 4061 4061 4061 4061 4061 4061
288 1777388275 3558 3702 3675 3653 3589 545 281 3598 4061 4061 4060 4060 4060 4060 4060 4060
289 1777388275 3558 3702 3674 3653 3589 555 281 3597 4063 4063 4062 4062 4062 4062 4062 4062
290 1777388276 3559 3703 3676 3655 3590 565 279 599 4061 4061 4061 4061 4061 4061 4061 4061
291 1777388276 3556 3701 3674 3652 3588 568 278 3597 4061 4061 4061 4061 4061 4061 4061 4061
292 1777388276 3557 3702 3674 3653 3589 568 278 3597 4063 4063 4062 4062 4062 4062 4062 4062
293 1777388276 3556 3701 3674 3653 3588 552 281 3597 4061 4061 4060 4060 4060 4060 4060 4060
294 1777388276 3557 3702 3674 3653 3589 552 281 3597 4061 4061 4060 4060 4060 4060 4060 4060
295 1777388276 3555 3701 3673 3652 3587 573 278 3596 4061 4061 4060 4060 4060 4060 4060 4060
296 1777388276 3557 3701 3673 3653 3589 545 281 3597 4061 4061 4061 4061 4061 4061 4061 4061
297 1777388276 3558 3703 3676 3655 3590 590 267 571 4061 4061 4061 4061 4061 4061 4061 4061
298 1777388276 3557 3702 3674 3653 3589 559 280 3597 4061 4061 4061 4061 4061 4061 4061 4061
299 1777388276 3556 3700 3673 3652 3588 549 280 3597 4061 4061 4061 4061 4061 4061 4061 4061
300 1777388276 3556 3701 3673 3653 3588 563 279 3597 4061 4061 4061 4061 4061 4061 4061 4061
301 1777388276 3558 3703 3675 3655 3591 553 281 586 4061 4061 4061 4061 4061 4061 4061 4061
302 1777388276 3558 3702 3675 3654 3590 560 280 603 4063 4063 4062 4062 4062 4062 4062 4062
303 1777388276 3558 3704 3676 3655 3590 552 280 612 4061 4061 4061 4061 4061 4061 4061 4061
304 1777388276 3558 3702 3675 3654 3590 562 280 622 4063 4063 4062 4062 4062 4062 4062 4062
305 1777388276 3557 3702 3674 3653 3588 586 270 3597 4061 4061 4061 4061 4061 4061 4061 4061
306 1777388276 3558 3703 3676 3655 3591 554 280 602 4061 4061 4060 4060 4060 4060 4060 4060
307 1777388276 3558 3703 3675 3654 3589 565 279 632 4061 4061 4061 4061 4061 4061 4061 4061
308 1777388276 3559 3704 3676 3655 3590 556 280 615 4061 4061 4061 4061 4061 4061 4061 4061
309 1777388276 3556 3701 3674 3653 3588 561 279 3597 4063 4063 4062 4062 4062 4062 4062 4062
310 1777388276 3559 3704 3676 3656 3591 550 281 603 4061 4061 4061 4061 4061 4061 4061 4061
311 1777388276 3558 3703 3675 3654 3590 561 280 596 4063 4063 4062 4062 4062 4062 4062 4062
312 1777388276 3558 3703 3675 3654 3590 558 279 613 4061 4061 4061 4061 4061 4061 4061 4061
313 1777388276 3557 3702 3675 3654 3590 571 277 3598 4061 4061 4061 4061 4061 4061 4061 4061
314 1777388276 3559 3704 3676 3655 3591 557 281 623 4061 4061 4061 4061 4061 4061 4061 4061
315 1777388276 3559 3704 3676 3655 3591 570 278 3599 4061 4061 4061 4061 4061 4061 4061 4061
316 1777388276 3557 3702 3675 3654 3589 546 281 3598 4063 4063 4062 4062 4062 4062 4062 4062
317 1777388276 3557 3702 3674 3653 3588 546 281 3597 4061 4061 4061 4061 4061 4061 4061 4061
318 1777388276 3557 3702 3674 3653 3589 560 280 3598 4061 4061 4060 4060 4060 4060 4060 4060
319 1777388276 3558 3703 3676 3654 3590 563 279 3598 4061 4061 4061 4061 4061 4061 4061 4061
320 1777388276 3557 3702 3675 3654 3590 551 281 3598 4061 4061 4061 4061 4061 4061 4061 4061
321 1777388276 3557 3701 3674 3652 3588 540 281 3597 4061 4061 4061 4061 4061 4061 4061 4061
322 1777388276 3558 3702 3674 3653 3589 541 282 3598 4063 4063 4062 4062 4062 4062 4062 4062
323 1777388277 3559 3704 3676 3655 3590 572 278 581 4061 4061 4061 4061 4061 4061 4061 4061
324 1777388277 3557 3703 3675 3654 3589 570 279 3598 4061 4061 4061 4061 4061 4061 4061 4061
325 1777388277 3558 3703 3675 3654 3590 570 278 604 4063 4063 4062 4062 4062 4062 4062 4062
326 1777388277 3557 3702 3674 3652 3588 540 281 3597 4061 4061 4060 4060 4060 4060 4060 4060
327 1777388277 3556 3701 3673 3653 3588 566 279 3597 4061 4061 4061 4061 4061 4061 4061 4061
328 1777388277 3557 3702 3674 3653 3589 563 280 3598 4061 4061 4060 4060 4060 4060 4060 4060
329 1777388277 3557 3702 3674 3653 3589 562 280 3597 4061 4061 4061 4061 4061 4061 4061 4061
330 1777388277 3556 3700 3673 3652 3588 539 282 3596 4061 4061 4061 4061 4061 4061 4061 4061
331 1777388277 3556 3702 3674 3653 3589 551 281 3598 4061 4061 4061 4061 4061 4061 4061 4061
332 1777388277 3559 3703 3676 3655 3591 572 278 588 4061 4061 4061 4061 4061 4061 4061 4061
333 1777388277 3557 3701 3673 3653 3588 541 281 3597 4063 4063 4062 4062 4062 4062 4062 4062
334 1777388277 3556 3701 3673 3653 3588 548 281 3596 4061 4061 4060 4060 4060 4060 4060 4060
335 1777388277 3558 3704 3676 3655 3590 575 277 585 4061 4061 4060 4060 4060 4060 4060 4060
336 1777388277 3556 3701 3674 3653 3589 559 280 3598 4061 4061 4061 4061 4061 4061 4061 4061
337 1777388277 3556 3701 3673 3653 3588 546 281 3597 4063 4063 4062 4062 4062 4062 4062 4062
338 1777388277 3558 3703 3675 3654 3590 572 278 615 4061 4061 4060 4060 4060 4060 4060 4060
339 1777388277 3558 3702 3674 3654 3589 571 278 604 4061 4061 4060 4060 4060 4060 4060 4060
340 1777388277 3556 3701 3674 3653 3588 561 280 3597 4063 4063 4062 4062 4062 4062 4062 4062
341 1777388277 3557 3702 3674 3653 3589 554 281 3597 4061 4061 4061 4061 4061 4061 4061 4061
342 1777388277 3557 3702 3674 3653 3588 558 281 3596 4061 4061 4060 4060 4060 4060 4060 4060
343 1777388277 3558 3703 3676 3654 3590 562 280 613 4063 4063 4062 4062 4062 4062 4062 4062
344 1777388277 3557 3702 3674 3653 3589 560 279 3598 4061 4061 4061 4061 4061 4061 4061 4061
345 1777388277 3556 3701 3674 3652 3588 558 281 3597 4063 4061 4061 4061 4061 4061 4061 4061
346 1777388277 3557 3702 3673 3653 3589 550 281 3596 4061 4061 4061 4061 4061 4061 4061 4061
347 1777388277 3557 3701 3673 3652 3588 554 281 3597 4063 4063 4062 4062 4062 4062 4062 4062
348 1777388277 3556 3701 3673 3653 3588 555 281 3597 4061 4061 4061 4061 4061 4061 4061 4061
349 1777388277 3557 3702 3674 3654 3589 559 281 3597 4063 4063 4062 4062 4062 4062 4062 4062
350 1777388277 3556 3701 3674 3653 3589 578 275 3598 4061 4061 4061 4061 4061 4061 4061 4061
351 1777388277 3558 3703 3676 3654 3589 560 280 3597 4061 4061 4061 4061 4061 4061 4061 4061
352 1777388278 3556 3701 3674 3653 3588 547 281 3598 4061 4061 4060 4060 4060 4060 4060 4060
353 1777388278 3558 3703 3675 3654 3590 572 278 3598 4061 4061 4060 4060 4060 4060 4060 4060
354 1777388278 3558 3703 3675 3655 3591 559 280 616 4061 4061 4061 4061 4061 4061 4061 4061
355 1777388278 3557 3702 3674 3653 3589 572 278 3597 4061 4061 4061 4061 4061 4061 4061 4061
356 1777388278 3557 3702 3674 3653 3589 557 281 3597 4061 4061 4061 4061 4061 4061 4061 4061
357 1777388278 3557 3702 3674 3653 3588 555 281 3597 4061 4061 4060 4060 4060 4060 4060 4060
358 1777388278 3560 3705 3677 3656 3591 557 280 604 4061 4061 4060 4060 4060 4060 4060 4060
359 1777388278 3557 3701 3674 3653 3589 541 281 3598 4061 4061 4061 4061 4061 4061 4061 4061
360 1777388278 3559 3704 3676 3655 3591 566 279 597 4063 4063 4062 4062 4062 4062 4062 4062
361 1777388278 3557 3702 3675 3653 3589 553 281 3597 4061 4061 4061 4061 4061 4061 4061 4061
362 1777388278 3559 3704 3676 3655 3591 567 279 596 4061 4061 4061 4061 4061 4061 4061 4061
363 1777388278 3558 3703 3675 3654 3590 557 280 607 4061 4061 4060 4060 4060 4060 4060 4060
364 1777388278 3557 3702 3674 3653 3589 570 279 3597 4061 4061 4061 4061 4061 4061 4061 4061
365 1777388278 3556 3701 3673 3652 3588 554 281 3597 4063 4061 4061 4061 4061 4061 4061 4061
366 1777388278 3557 3702 3674 3653 3589 557 281 3598 4063 4063 4062 4062 4062 4062 4062 4062
367 1777388278 3559 3704 3676 3655 3591 558 281 596 4063 4063 4062 4062 4062 4062 4062 4062
368 1777388278 3557 3701 3674 3653 3589 541 282 3597 4061 4061 4061 4061 4061 4061 4061 4061
369 1777388278 3557 3702 3674 3652 3588 564 280 3597 4061 4061 4061 4061 4061 4061 4061 4061
370 1777388278 3558 3703 3675 3654 3590 568 279 594 4061 4061 4061 4061 4061 4061 4061 4061
371 1777388278 3557 3701 3674 3653 3588 562 280 3597 4061 4061 4061 4061 4061 4061 4061 4061
372 1777388278 3556 3701 3674 3653 3589 554 280 3598 4061 4061 4061 4061 4061 4061 4061 4061
373 1777388278 3557 3701 3674 3652 3588 566 280 3597 4061 4061 4061 4061 4061 4061 4061 4061
374 1777388278 3558 3703 3676 3654 3590 573 278 643 4061 4061 4060 4060 4060 4060 4060 4060
375 1777388278 3557 3702 3674 3653 3588 547 281 3597 4061 4061 4061 4061 4061 4061 4061 4061
376 1777388278 3558 3702 3675 3654 3589 525 283 3597 4063 4063 4062 4062 4062 4062 4062 4062
377 1777388278 3559 3704 3676 3655 3590 554 281 615 4061 4061 4060 4060 4060 4060 4060 4060
378 1777388278 3559 3703 3676 3654 3590 572 278 591 4063 4063 4062 4062 4062 4062 4062 4062
379 1777388279 3556 3701 3674 3653 3588 557 280 3597 4061 4061 4061 4061 4061 4061 4061 4061
380 1777388279 3556 3701 3673 3652 3587 559 281 3597 4061 4061 4060 4060 4060 4060 4060 4060
381 1777388279 3557 3702 3674 3653 3589 522 282 3597 4061 4061 4060 4060 4060 4060 4060 4060
382 1777388279 3559 3704 3676 3655 3591 567 279 625 4063 4063 4062 4062 4062 4062 4062 4062
383 1777388279 3558 3702 3675 3654 3589 546 281 3597 4061 4061 4060 4060 4060 4060 4060 4060
384 1777388279 3557 3702 3674 3653 3589 551 281 3598 4063 4061 4061 4061 4061 4061 4061 4061
385 1777388279 3557 3702 3674 3653 3589 544 282 3598 4063 4063 4062 4062 4062 4062 4062 4062
386 1777388279 3558 3702 3675 3654 3590 549 282 3598 4061 4061 4061 4061 4061 4061 4061 4061
387 1777388279 3558 3703 3675 3654 3590 546 282 606 4061 4061 4061 4061 4061 4061 4061 4061
388 1777388279 3557 3701 3674 3653 3589 567 279 3596 4061 4061 4061 4061 4061 4061 4061 4061
389 1777388279 3558 3703 3675 3654 3590 560 281 3598 4061 4061 4060 4060 4060 4060 4060 4060
390 1777388279 3557 3702 3674 3653 3589 555 281 3597 4061 4061 4061 4061 4061 4061 4061 4061
391 1777388279 3557 3702 3675 3654 3589 543 282 3597 4063 4063 4062 4062 4062 4062 4062 4062
392 1777388279 3557 3702 3674 3654 3589 563 280 3598 4063 4061 4061 4061 4061 4061 4061 4061
393 1777388279 3558 3703 3675 3654 3590 550 281 3599 4061 4061 4060 4060 4060 4060 4060 4060
394 1777388279 3559 3704 3676 3655 3590 573 278 608 4061 4061 4061 4061 4061 4061 4061 4061
395 1777388279 3558 3702 3675 3654 3590 555 281 3599 4061 4061 4060 4060 4060 4060 4060 4060
396 1777388279 3557 3702 3675 3653 3589 548 282 3598 4063 4063 4062 4062 4062 4062 4062 4062
397 1777388279 3559 3703 3676 3655 3591 574 278 585 4061 4061 4061 4061 4061 4061 4061 4061
398 1777388279 3558 3703 3676 3655 3590 566 279 607 4061 4061 4061 4061 4061 4061 4061 4061
399 1777388279 3557 3702 3674 3653 3589 565 280 3598 4061 4061 4061 4061 4061 4061 4061 4061
400 1777388279 3558 3703 3675 3654 3590 560 281 3598 4061 4061 4061 4061 4061 4061 4061 4061
401 1777388279 3557 3702 3675 3654 3590 579 276 3598 4063 4063 4062 4062 4062 4062 4062 4062
402 1777388279 3557 3702 3675 3654 3589 553 282 3598 4063 4063 4062 4062 4062 4062 4062 4062
403 1777388279 3559 3704 3676 3655 3591 568 280 615 4061 4061 4061 4061 4061 4061 4061 4061
404 1777388279 3557 3702 3674 3653 3588 558 281 3598 4061 4061 4060 4060 4060 4060 4060 4060
405 1777388280 3557 3702 3674 3654 3589 566 279 3598 4063 4063 4062 4062 4062 4062 4062 4062
406 1777388280 3558 3703 3675 3655 3590 553 281 3598 4061 4061 4061 4061 4061 4061 4061 4061
407 1777388280 3558 3703 3675 3654 3589 563 280 3598 4061 4061 4061 4061 4061 4061 4061 4061
408 1777388280 3558 3703 3676 3655 3591 555 282 601 4061 4061 4060 4060 4060 4060 4060 4060
409 1777388280 3557 3701 3673 3652 3588 560 280 3597 4063 4063 4062 4062 4062 4062 4062 4062
410 1777388280 3559 3704 3676 3655 3591 559 281 612 4061 4061 4060 4060 4060 4060 4060 4060
411 1777388280 3557 3702 3674 3653 3588 556 281 3597 4061 4061 4061 4061 4061 4061 4061 4061
412 1777388280 3557 3702 3674 3653 3589 575 278 3598 4061 4061 4060 4060 4060 4060 4060 4060
413 1777388280 3558 3703 3675 3654 3590 566 280 3597 4063 4063 4062 4062 4062 4062 4062 4062
414 1777388280 3558 3703 3675 3654 3590 558 281 586 4061 4061 4061 4061 4061 4061 4061 4061
415 1777388280 3558 3703 3675 3654 3589 544 282 3598 4061 4061 4061 4061 4061 4061 4061 4061
416 1777388280 3557 3703 3675 3654 3589 556 282 3597 4061 4061 4061 4061 4061 4061 4061 4061
417 1777388280 3557 3702 3674 3653 3589 566 280 3598 4059 4059 4059 4059 4059 4059 4059 4059
418 1777388280 3557 3702 3674 3653 3589 549 282 3598 4061 4061 4061 4061 4061 4061 4061 4061
419 1777388280 3557 3702 3674 3654 3589 561 280 3598 4061 4061 4060 4060 4060 4060 4060 4060
420 1777388280 3556 3700 3672 3651 3587 571 279 3596 4061 4061 4061 4061 4061 4061 4061 4061
421 1777388280 3558 3702 3675 3654 3589 554 281 3597 4063 4063 4062 4062 4062 4062 4062 4062
422 1777388280 3558 3702 3675 3653 3589 558 281 3597 4061 4061 4061 4061 4061 4061 4061 4061
423 1777388280 3557 3701 3674 3652 3588 581 275 3597 4063 4063 4062 4062 4062 4062 4062 4062
424 1777388280 3559 3704 3676 3655 3591 565 280 593 4061 4061 4061 4061 4061 4061 4061 4061
425 1777388280 3558 3702 3675 3654 3590 566 280 3598 4061 4061 4060 4060 4060 4060 4060 4060
426 1777388280 3559 3704 3677 3655 3592 562 281 638 4061 4061 4060 4060 4060 4060 4060 4060
427 1777388280 3559 3704 3676 3655 3590 564 280 592 4063 4061 4061 4061 4061 4061 4061 4061
428 1777388280 3559 3704 3676 3655 3591 560 280 615 4061 4061 4061 4061 4061 4061 4061 4061
429 1777388280 3559 3703 3676 3655 3590 562 280 610 4061 4061 4061 4061 4061 4061 4061 4061
430 1777388280 3557 3702 3675 3654 3590 569 279 3596 4061 4061 4061 4061 4061 4061 4061 4061
431 1777388280 3559 3704 3677 3656 3591 552 281 616 4063 4063 4062 4062 4062 4062 4062 4062
432 1777388281 3559 3703 3676 3655 3591 540 282 574 4061 4061 4061 4061 4061 4061 4061 4061
433 1777388281 3557 3702 3675 3653 3589 585 273 3597 4063 4063 4062 4062 4062 4062 4062 4062
434 1777388281 3559 3704 3676 3655 3591 569 279 615 4061 4061 4060 4060 4060 4060 4060 4060
435 1777388281 3558 3702 3674 3653 3588 560 281 3597 4061 4061 4061 4061 4061 4061 4061 4061
436 1777388281 3559 3704 3677 3655 3591 553 282 603 4061 4061 4061 4061 4061 4061 4061 4061
437 1777388281 3558 3702 3675 3654 3590 556 281 3597 4061 4061 4061 4061 4061 4061 4061 4061
438 1777388281 3557 3702 3675 3654 3589 549 282 3598 4063 4063 4062 4062 4062 4062 4062 4062
439 1777388281 3558 3703 3676 3655 3590 560 281 3599 4059 4059 4059 4059 4059 4059 4059 4059
440 1777388281 3559 3704 3676 3655 3591 569 280 619 4063 4063 4062 4062 4062 4062 4062 4062
441 1777388281 3559 3704 3676 3655 3591 574 278 614 4063 4063 4062 4062 4062 4062 4062 4062
442 1777388281 3558 3702 3675 3654 3589 561 282 3597 4061 4061 4061 4061 4061 4061 4061 4061
443 1777388281 3556 3701 3673 3652 3587 552 280 3597 4061 4061 4061 4061 4061 4061 4061 4061
444 1777388281 3557 3703 3675 3654 3590 563 278 592 4061 4061 4061 4061 4061 4061 4061 4061
445 1777388281 3556 3700 3673 3651 3587 577 275 3596 4061 4061 4061 4061 4061 4061 4061 4061
446 1777388281 3556 3701 3673 3652 3588 550 280 3596 4063 4063 4062 4062 4062 4062 4062 4062
447 1777388281 3557 3702 3674 3653 3589 558 280 3597 4061 4061 4060 4060 4060 4060 4060 4060
448 1777388281 3558 3702 3674 3653 3589 558 279 624 4061 4061 4061 4061 4061 4061 4061 4061
449 1777388281 3556 3701 3674 3652 3587 544 280 3597 4061 4061 4060 4060 4060 4060 4060 4060
450 1777388281 3556 3701 3673 3653 3588 549 280 3596 4061 4061 4060 4060 4060 4060 4060 4060
451 1777388281 3556 3700 3673 3652 3588 565 278 3597 4061 4061 4061 4061 4061 4061 4061 4061
452 1777388281 3556 3700 3673 3651 3587 557 280 3596 4061 4061 4061 4061 4061 4061 4061 4061
453 1777388281 3556 3701 3673 3652 3588 551 279 3597 4061 4061 4061 4061 4061 4061 4061 4061
454 1777388281 3556 3701 3673 3653 3588 549 280 3596 4063 4063 4062 4062 4062 4062 4062 4062
455 1777388281 3556 3701 3673 3653 3588 558 279 3597 4063 4063 4062 4062 4062 4062 4062 4062
456 1777388281 3556 3701 3673 3653 3588 575 275 628 4061 4061 4060 4060 4060 4060 4060 4060
457 1777388281 3557 3702 3674 3653 3589 556 279 593 4061 4061 4060 4060 4060 4060 4060 4060
458 1777388281 3556 3701 3674 3653 3588 555 279 3596 4061 4061 4061 4061 4061 4061 4061 4061
459 1777388281 3557 3701 3674 3653 3588 561 279 598 4061 4061 4060 4060 4060 4060 4060 4060
460 1777388281 3556 3701 3673 3652 3588 555 279 3597 4061 4061 4060 4060 4060 4060 4060 4060
461 1777388281 3556 3700 3673 3652 3588 558 279 3597 4061 4061 4061 4061 4061 4061 4061 4061
462 1777388281 3556 3701 3673 3653 3588 554 280 3596 4061 4061 4060 4060 4060 4060 4060 4060
463 1777388281 3558 3702 3674 3654 3589 568 277 607 4061 4061 4061 4061 4061 4061 4061 4061
464 1777388281 3556 3700 3673 3652 3587 582 272 3596 4061 4061 4060 4060 4060 4060 4060 4060
465 1777388281 3556 3700 3673 3652 3587 557 280 3596 4061 4061 4061 4061 4061 4061 4061 4061
466 1777388282 3556 3701 3673 3653 3588 559 279 3597 4061 4061 4061 4061 4061 4061 4061 4061
467 1777388282 3556 3700 3673 3652 3588 552 280 3597 4061 4061 4061 4061 4061 4061 4061 4061
468 1777388282 3557 3701 3674 3653 3588 563 278 3597 4061 4061 4061 4061 4061 4061 4061 4061
469 1777388282 3556 3701 3673 3653 3588 576 275 3597 4063 4063 4062 4062 4062 4062 4062 4062
470 1777388282 3557 3701 3673 3652 3588 552 280 3596 4061 4061 4060 4060 4060 4060 4060 4060
471 1777388282 3558 3703 3675 3654 3589 571 277 604 4061 4061 4061 4061 4061 4061 4061 4061
472 1777388282 3555 3700 3673 3651 3587 550 280 3596 4061 4061 4060 4060 4060 4060 4060 4060
473 1777388282 3556 3700 3672 3652 3588 570 277 3597 4061 4061 4060 4060 4060 4060 4060 4060
474 1777388282 3557 3701 3674 3653 3589 543 280 3597 4063 4061 4061 4061 4061 4061 4061 4061
475 1777388282 3556 3701 3673 3652 3588 552 280 3597 4063 4063 4062 4062 4062 4062 4062 4062
476 1777388282 3557 3701 3674 3653 3588 563 279 601 4061 4061 4061 4061 4061 4061 4061 4061
477 1777388282 3556 3701 3673 3652 3588 565 279 3597 4061 4061 4061 4061 4061 4061 4061 4061
478 1777388282 3556 3701 3673 3652 3588 557 280 3596 4061 4061 4060 4060 4060 4060 4060 4060
479 1777388282 3555 3700 3672 3651 3587 544 280 3595 4061 4061 4061 4061 4061 4061 4061 4061
480 1777388282 3557 3702 3674 3653 3589 530 281 3597 4061 4061 4061 4061 4061 4061 4061 4061
481 1777388282 3557 3701 3674 3653 3589 573 276 3597 4063 4061 4061 4061 4061 4061 4061 4061
482 1777388282 3555 3700 3673 3652 3588 553 280 3596 4061 4061 4060 4060 4060 4060 4060 4060
483 1777388282 3557 3702 3674 3654 3589 548 280 619 4061 4061 4061 4061 4061 4061 4061 4061
484 1777388282 3556 3701 3673 3652 3587 536 281 3596 4063 4063 4062 4062 4062 4062 4062 4062
485 1777388282 3556 3700 3673 3652 3587 532 281 3596 4063 4063 4062 4062 4062 4062 4062 4062
486 1777388282 3556 3701 3673 3652 3588 528 281 3596 4061 4061 4061 4061 4061 4061 4061 4061
487 1777388282 3558 3703 3675 3654 3590 550 280 579 4061 4061 4061 4061 4061 4061 4061 4061
488 1777388282 3557 3702 3674 3654 3589 559 279 598 4061 4061 4060 4060 4060 4060 4060 4060
489 1777388282 3558 3703 3675 3654 3590 569 278 603 4061 4061 4061 4061 4061 4061 4061 4061
490 1777388282 3556 3701 3673 3652 3587 559 279 3596 4061 4061 4061 4061 4061 4061 4061 4061
491 1777388282 3557 3701 3674 3653 3588 558 279 3597 4061 4061 4060 4060 4060 4060 4060 4060
492 1777388282 3555 3700 3673 3652 3587 556 280 3596 4063 4063 4062 4062 4062 4062 4062 4062
493 1777388282 3556 3701 3673 3652 3588 545 280 3597 4061 4061 4060 4060 4060 4060 4060 4060
494 1777388282 3557 3702 3675 3653 3589 549 280 600 4061 4061 4061 4061 4061 4061 4061 4061
495 1777388282 3556 3700 3672 3652 3587 572 277 3595 4061 4061 4061 4061 4061 4061 4061 4061
496 1777388282 3557 3701 3674 3653 3588 572 277 3597 4061 4061 4060 4060 4060 4060 4060 4060
497 1777388283 3556 3701 3673 3652 3588 546 280 3597 4061 4061 4061 4061 4061 4061 4061 4061
498 1777388283 3558 3703 3674 3654 3589 569 278 604 4061 4061 4061 4061 4061 4061 4061 4061
499 1777388283 3557 3702 3674 3653 3588 534 281 3597 4061 4061 4061 4061 4061 4061 4061 4061
500 1777388283 3556 3701 3673 3652 3588 541 281 3597 4063 4063 4062 4062 4062 4062 4062 4062
501 1777388283 3557 3701 3674 3652 3588 535 281 3597 4063 4063 4062 4062 4062 4062 4062 4062
502 1777388283 3556 3701 3674 3653 3589 529 282 3597 4061 4061 4061 4061 4061 4061 4061 4061
503 1777388283 3556 3701 3673 3652 3589 570 277 3597 4063 4063 4062 4062 4062 4062 4062 4062
504 1777388283 3558 3703 3675 3655 3590 563 279 593 4061 4061 4060 4060 4060 4060 4060 4060
505 1777388283 3556 3701 3673 3653 3588 569 278 3597 4063 4063 4062 4062 4062 4062 4062 4062
506 1777388283 3557 3701 3674 3653 3589 551 281 3598 4063 4063 4062 4062 4062 4062 4062 4062
507 1777388283 3555 3700 3673 3652 3588 505 281 3596 4061 4061 4061 4061 4061 4061 4061 4061
508 1777388283 3557 3702 3674 3653 3588 563 279 3597 4061 4061 4061 4061 4061 4061 4061 4061
509 1777388283 3556 3701 3673 3652 3588 549 280 3597 4061 4061 4061 4061 4061 4061 4061 4061
510 1777388283 3556 3701 3674 3653 3589 544 281 3596 4063 4063 4062 4062 4062 4062 4062 4062
511 1777388283 3556 3701 3673 3652 3587 565 279 3597 4063 4061 4061 4061 4061 4061 4061 4061
512 1777388283 3558 3703 3675 3653 3589 546 281 3598 4061 4061 4060 4060 4060 4060 4060 4060
513 1777388283 3558 3702 3674 3654 3589 550 281 601 4063 4063 4062 4062 4062 4062 4062 4062
514 1777388283 3558 3703 3675 3654 3590 564 279 608 4061 4061 4061 4061 4061 4061 4061 4061
515 1777388283 3558 3703 3675 3654 3589 556 280 603 4061 4061 4061 4061 4061 4061 4061 4061
516 1777388283 3556 3702 3674 3653 3589 570 277 3597 4059 4059 4058 4058 4058 4058 4058 4058
517 1777388283 3558 3702 3675 3654 3589 566 278 3598 4061 4061 4061 4061 4061 4061 4061 4061
518 1777388283 3558 3703 3675 3655 3590 568 278 588 4061 4061 4061 4061 4061 4061 4061 4061
519 1777388283 3556 3701 3674 3653 3588 546 280 3597 4061 4061 4061 4061 4061 4061 4061 4061
520 1777388283 3556 3701 3673 3652 3588 545 281 3596 4063 4063 4062 4062 4062 4062 4062 4062
521 1777388283 3558 3703 3675 3655 3590 555 280 597 4063 4063 4062 4062 4062 4062 4062 4062
522 1777388283 3556 3700 3673 3651 3588 550 280 3596 4063 4063 4062 4062 4062 4062 4062 4062
523 1777388283 3556 3701 3673 3652 3588 533 282 3597 4061 4061 4060 4060 4060 4060 4060 4060
524 1777388283 3558 3703 3675 3654 3590 564 278 605 4061 4061 4060 4060 4060 4060 4060 4060
525 1777388283 3556 3701 3674 3652 3588 568 278 3596 4061 4061 4060 4060 4060 4060 4060 4060
526 1777388283 3557 3702 3674 3653 3588 560 279 3598 4061 4061 4061 4061 4061 4061 4061 4061
527 1777388283 3559 3704 3676 3655 3590 567 279 599 4061 4061 4061 4061 4061 4061 4061 4061
528 1777388283 3557 3702 3675 3653 3589 562 280 580 4063 4063 4062 4062 4062 4062 4062 4062
529 1777388283 3556 3700 3672 3651 3587 546 281 3595 4063 4063 4062 4062 4062 4062 4062 4062
530 1777388284 3557 3702 3674 3653 3589 545 281 3597 4061 4061 4061 4061 4061 4061 4061 4061
531 1777388284 3558 3703 3675 3654 3590 576 276 582 4061 4061 4061 4061 4061 4061 4061 4061
532 1777388284 3557 3702 3674 3653 3589 567 278 3597 4061 4061 4061 4061 4061 4061 4061 4061
533 1777388284 3558 3703 3675 3654 3590 582 273 594 4061 4061 4061 4061 4061 4061 4061 4061
534 1777388284 3557 3702 3674 3654 3589 551 280 3597 4061 4061 4060 4060 4060 4060 4060 4060
535 1777388284 3556 3701 3674 3653 3588 544 280 3597 4061 4061 4061 4061 4061 4061 4061 4061
536 1777388284 3556 3701 3674 3653 3588 559 280 3596 4061 4061 4061 4061 4061 4061 4061 4061
537 1777388284 3556 3701 3674 3653 3588 576 276 3597 4061 4061 4061 4061 4061 4061 4061 4061
538 1777388284 3558 3703 3675 3655 3590 570 278 616 4061 4061 4061 4061 4061 4061 4061 4061
539 1777388284 3556 3700 3672 3652 3587 526 282 3596 4061 4061 4061 4061 4061 4061 4061 4061
540 1777388284 3556 3701 3673 3652 3588 575 275 3596 4061 4061 4061 4061 4061 4061 4061 4061
541 1777388284 3557 3702 3674 3653 3589 559 280 3597 4061 4061 4061 4061 4061 4061 4061 4061
542 1777388284 3557 3701 3674 3653 3588 550 281 3597 4061 4061 4061 4061 4061 4061 4061 4061
543 1777388284 3558 3703 3676 3654 3589 566 279 596 4061 4061 4060 4060 4060 4060 4060 4060
544 1777388284 3558 3702 3674 3654 3589 568 278 3598 4061 4061 4060 4060 4060 4060 4060 4060
545 1777388284 3557 3702 3674 3653 3589 548 281 3597 4063 4063 4062 4062 4062 4062 4062 4062
546 1777388284 3557 3702 3674 3654 3589 565 279 583 4061 4061 4061 4061 4061 4061 4061 4061
547 1777388284 3556 3701 3673 3652 3588 570 278 3597 4063 4063 4062 4062 4062 4062 4062 4062
548 1777388284 3556 3700 3673 3652 3588 535 281 3597 4061 4061 4061 4061 4061 4061 4061 4061
549 1777388284 3558 3703 3675 3654 3590 559 280 597 4059 4059 4059 4059 4059 4059 4059 4059
550 1777388284 3559 3704 3675 3655 3590 567 279 634 4061 4061 4061 4061 4061 4061 4061 4061
551 1777388284 3558 3703 3675 3654 3589 570 279 616 4061 4061 4060 4060 4060 4060 4060 4060
552 1777388284 3557 3702 3675 3654 3589 553 281 3598 4061 4061 4061 4061 4061 4061 4061 4061
553 1777388284 3557 3702 3674 3653 3588 549 281 3597 4063 4063 4062 4062 4062 4062 4062 4062
554 1777388285 3556 3701 3673 3653 3588 553 280 3597 4061 4061 4061 4061 4061 4061 4061 4061
555 1777388285 3556 3702 3673 3653 3588 554 280 3597 4063 4063 4062 4062 4062 4062 4062 4062
556 1777388285 3557 3702 3674 3653 3589 554 281 3598 4063 4063 4062 4062 4062 4062 4062 4062
557 1777388285 3558 3702 3675 3654 3589 558 280 3597 4063 4063 4062 4062 4062 4062 4062 4062
558 1777388285 3557 3702 3674 3653 3589 573 277 3596 4061 4061 4061 4061 4061 4061 4061 4061
559 1777388285 3558 3703 3676 3655 3590 548 281 608 4061 4061 4061 4061 4061 4061 4061 4061
560 1777388285 3558 3703 3675 3654 3590 555 280 598 4061 4061 4060 4060 4060 4060 4060 4060
561 1777388285 3557 3701 3674 3653 3589 547 281 3597 4061 4061 4061 4061 4061 4061 4061 4061
562 1777388285 3560 3705 3677 3656 3591 560 280 605 4061 4061 4061 4061 4061 4061 4061 4061
563 1777388285 3556 3701 3674 3653 3588 560 280 3597 4061 4061 4061 4061 4061 4061 4061 4061
564 1777388285 3557 3702 3674 3653 3589 553 281 3597 4061 4061 4061 4061 4061 4061 4061 4061
565 1777388285 3556 3701 3674 3652 3588 576 276 3597 4063 4063 4062 4062 4062 4062 4062 4062
566 1777388285 3556 3701 3674 3653 3589 561 279 3597 4061 4061 4061 4061 4061 4061 4061 4061
567 1777388285 3559 3704 3676 3655 3590 559 280 587 4063 4063 4062 4062 4062 4062 4062 4062
568 1777388285 3556 3701 3673 3652 3588 547 281 3597 4061 4061 4061 4061 4061 4061 4061 4061
569 1777388285 3556 3701 3673 3653 3589 565 279 3597 4061 4061 4060 4060 4060 4060 4060 4060
570 1777388285 3556 3701 3673 3652 3588 565 279 3597 4061 4061 4061 4061 4061 4061 4061 4061
571 1777388285 3556 3701 3674 3653 3589 568 279 3597 4057 4057 4056 4056 4056 4056 4056 4056
572 1777388285 3556 3701 3673 3652 3587 547 281 3596 4061 4061 4061 4061 4061 4061 4061 4061
573 1777388285 3558 3703 3676 3654 3590 551 281 584 4063 4063 4062 4062 4062 4062 4062 4062
574 1777388285 3556 3701 3673 3653 3588 567 279 3596 4063 4063 4062 4062 4062 4062 4062 4062
575 1777388285 3557 3702 3674 3652 3588 545 282 3597 4061 4061 4061 4061 4061 4061 4061 4061
576 1777388285 3556 3701 3673 3652 3588 560 280 3597 4061 4061 4061 4061 4061 4061 4061 4061
577 1777388285 3558 3702 3675 3654 3589 544 282 3597 4061 4061 4061 4061 4061 4061 4061 4061
578 1777388285 3557 3702 3674 3653 3589 543 281 3597 4061 4061 4060 4060 4060 4060 4060 4060
579 1777388285 3557 3701 3674 3653 3589 547 281 3597 4061 4061 4061 4061 4061 4061 4061 4061
580 1777388286 3557 3702 3674 3653 3589 559 281 3598 4061 4061 4061 4061 4061 4061 4061 4061
581 1777388286 3557 3702 3674 3653 3589 545 282 3597 4061 4061 4060 4060 4060 4060 4060 4060
582 1777388286 3558 3703 3675 3654 3590 560 280 3598 4061 4061 4061 4061 4061 4061 4061 4061
583 1777388286 3557 3702 3675 3653 3589 574 277 3597 4061 4061 4061 4061 4061 4061 4061 4061
584 1777388286 3558 3704 3676 3654 3591 577 276 592 4061 4061 4061 4061 4061 4061 4061 4061
585 1777388286 3557 3702 3674 3654 3589 554 281 3597 4061 4061 4061 4061 4061 4061 4061 4061
586 1777388286 3557 3702 3674 3653 3589 565 279 3597 4061 4061 4061 4061 4061 4061 4061 4061
587 1777388286 3557 3701 3674 3653 3588 563 280 3597 4061 4061 4061 4061 4061 4061 4061 4061
588 1777388286 3558 3703 3675 3655 3590 572 278 605 4063 4063 4062 4062 4062 4062 4062 4062
589 1777388286 3557 3702 3674 3653 3588 559 281 3597 4063 4063 4062 4062 4062 4062 4062 4062
590 1777388286 3557 3701 3674 3653 3589 549 281 3596 4061 4061 4061 4061 4061 4061 4061 4061
591 1777388286 3559 3703 3676 3655 3590 580 274 594 4063 4063 4062 4062 4062 4062 4062 4062
592 1777388286 3557 3702 3675 3654 3589 569 278 3597 4063 4063 4062 4062 4062 4062 4062 4062
593 1777388286 3557 3702 3674 3653 3589 562 280 3597 4063 4063 4062 4062 4062 4062 4062 4062
594 1777388286 3557 3702 3674 3653 3589 572 278 3597 4061 4061 4061 4061 4061 4061 4061 4061
595 1777388286 3557 3702 3674 3654 3589 556 280 3598 4061 4061 4060 4060 4060 4060 4060 4060
596 1777388286 3557 3702 3675 3654 3589 560 280 3598 4061 4061 4061 4061 4061 4061 4061 4061
597 1777388286 3557 3701 3674 3653 3589 576 276 3597 4061 4061 4061 4061 4061 4061 4061 4061
598 1777388286 3558 3703 3675 3655 3590 561 280 597 4061 4061 4061 4061 4061 4061 4061 4061
599 1777388286 3557 3702 3674 3653 3588 548 281 3597 4061 4061 4060 4060 4060 4060 4060 4060
600 1777388286 3557 3702 3675 3653 3589 551 281 3597 4061 4061 4061 4061 4061 4061 4061 4061
601 1777388286 3558 3702 3675 3654 3589 555 281 3598 4063 4063 4062 4062 4062 4062 4062 4062
602 1777388286 3559 3704 3676 3655 3591 559 280 595 4061 4061 4061 4061 4061 4061 4061 4061
603 1777388286 3558 3703 3675 3654 3590 541 281 3598 4059 4059 4059 4059 4059 4059 4059 4059
604 1777388287 3560 3705 3677 3656 3591 566 279 598 4061 4061 4060 4060 4060 4060 4060 4060
605 1777388287 3556 3701 3674 3653 3589 550 281 3597 4063 4063 4062 4062 4062 4062 4062 4062
606 1777388287 3557 3702 3674 3653 3589 567 279 3598 4061 4061 4060 4060 4060 4060 4060 4060
607 1777388287 3557 3702 3675 3653 3589 553 281 3598 4061 4061 4060 4060 4060 4060 4060 4060
608 1777388287 3557 3701 3674 3653 3588 559 280 3597 4061 4061 4061 4061 4061 4061 4061 4061
609 1777388287 3560 3705 3677 3656 3592 560 280 599 4063 4063 4062 4062 4062 4062 4062 4062
610 1777388287 3557 3702 3674 3653 3588 566 280 3596 4061 4061 4060 4060 4060 4060 4060 4060
611 1777388287 3559 3704 3676 3656 3591 546 281 555 4061 4061 4061 4061 4061 4061 4061 4061
612 1777388287 3556 3701 3674 3653 3589 559 280 3597 4061 4061 4061 4061 4061 4061 4061 4061
613 1777388287 3559 3705 3677 3656 3592 573 278 633 4061 4061 4060 4060 4060 4060 4060 4060
614 1777388287 3559 3704 3676 3654 3590 577 276 603 4061 4061 4061 4061 4061 4061 4061 4061
615 1777388287 3557 3701 3674 3653 3588 551 282 3597 4061 4061 4060 4060 4060 4060 4060 4060
616 1777388287 3558 3703 3676 3654 3591 559 280 599 4061 4061 4061 4061 4061 4061 4061 4061
617 1777388287 3558 3703 3674 3654 3589 560 281 3597 4063 4063 4062 4062 4062 4062 4062 4062
618 1777388287 3559 3704 3677 3656 3591 543 282 604 4061 4061 4061 4061 4061 4061 4061 4061
619 1777388287 3558 3702 3674 3654 3589 567 279 3598 4061 4061 4061 4061 4061 4061 4061 4061
620 1777388287 3558 3702 3675 3653 3589 546 282 3598 4061 4061 4061 4061 4061 4061 4061 4061
621 1777388287 3557 3702 3674 3654 3589 552 281 3597 4061 4061 4060 4060 4060 4060 4060 4060
622 1777388287 3557 3702 3674 3653 3589 565 280 3596 4061 4061 4061 4061 4061 4061 4061 4061
623 1777388287 3558 3703 3675 3655 3590 525 282 3599 4061 4061 4061 4061 4061 4061 4061 4061
624 1777388287 3558 3703 3675 3655 3590 557 281 3598 4061 4061 4061 4061 4061 4061 4061 4061
625 1777388287 3557 3702 3674 3654 3589 560 281 3597 4061 4061 4061 4061 4061 4061 4061 4061
626 1777388287 3557 3702 3675 3653 3589 558 281 3598 4063 4063 4062 4062 4062 4062 4062 4062
627 1777388287 3558 3704 3675 3655 3590 559 280 598 4061 4061 4061 4061 4061 4061 4061 4061
628 1777388287 3559 3703 3676 3655 3591 556 281 588 4061 4061 4061 4061 4061 4061 4061 4061
629 1777388287 3557 3701 3674 3654 3589 559 281 3597 4061 4061 4061 4061 4061 4061 4061 4061
630 1777388287 3558 3702 3674 3653 3589 561 280 3598 4063 4063 4062 4062 4062 4062 4062 4062
631 1777388287 3558 3703 3676 3655 3591 565 280 594 4061 4061 4061 4061 4061 4061 4061 4061
632 1777388287 3557 3702 3675 3654 3590 568 279 3598 4061 4061 4061 4061 4061 4061 4061 4061
633 1777388287 3558 3703 3675 3654 3590 572 278 3598 4061 4061 4061 4061 4061 4061 4061 4061
634 1777388287 3558 3703 3674 3653 3589 558 281 3597 4061 4061 4060 4060 4060 4060 4060 4060
635 1777388287 3557 3702 3674 3654 3589 558 281 3598 4061 4061 4061 4061 4061 4061 4061 4061
636 1777388288 3558 3702 3675 3654 3589 550 282 3598 4061 4061 4061 4061 4061 4061 4061 4061
637 1777388288 3559 3704 3676 3655 3591 563 280 598 4063 4063 4062 4062 4062 4062 4062 4062
638 1777388288 3557 3702 3674 3653 3589 543 282 3598 4061 4061 4061 4061 4061 4061 4061 4061
639 1777388288 3557 3702 3674 3653 3590 569 279 621 4063 4063 4062 4062 4062 4062 4062 4062
640 1777388288 3558 3703 3675 3654 3590 559 281 3598 4063 4063 4062 4062 4062 4062 4062 4062
641 1777388288 3558 3702 3675 3653 3589 555 281 3598 4061 4061 4061 4061 4061 4061 4061 4061
642 1777388288 3559 3704 3676 3655 3591 557 281 597 4061 4061 4060 4060 4060 4060 4060 4060
643 1777388288 3558 3703 3676 3654 3590 560 280 3598 4061 4061 4061 4061 4061 4061 4061 4061
644 1777388288 3557 3702 3674 3653 3589 557 281 3597 4061 4061 4061 4061 4061 4061 4061 4061
645 1777388288 3558 3703 3675 3654 3590 531 282 3598 4061 4061 4061 4061 4061 4061 4061 4061
646 1777388288 3558 3702 3674 3653 3589 553 281 3598 4061 4061 4061 4061 4061 4061 4061 4061
647 1777388288 3558 3702 3675 3654 3590 573 278 3599 4061 4061 4061 4061 4061 4061 4061 4061
648 1777388288 3557 3701 3673 3653 3588 571 278 3598 4061 4061 4060 4060 4060 4060 4060 4060
649 1777388288 3558 3702 3674 3653 3589 546 282 3597 4061 4061 4061 4061 4061 4061 4061 4061
650 1777388288 3558 3703 3676 3655 3591 553 281 616 4061 4061 4061 4061 4061 4061 4061 4061
651 1777388288 3558 3702 3674 3654 3589 552 281 3597 4063 4063 4062 4062 4062 4062 4062 4062
652 1777388288 3558 3703 3675 3654 3589 559 281 3598 4063 4063 4062 4062 4062 4062 4062 4062
653 1777388288 3560 3706 3677 3656 3592 558 281 591 4061 4061 4060 4060 4060 4060 4060 4060
654 1777388288 3560 3705 3677 3656 3592 569 279 602 4061 4061 4061 4061 4061 4061 4061 4061
655 1777388288 3560 3704 3677 3655 3591 548 282 591 4061 4061 4060 4060 4060 4060 4060 4060
656 1777388288 3558 3703 3675 3654 3590 561 281 3598 4061 4061 4061 4061 4061 4061 4061 4061
657 1777388288 3558 3703 3675 3654 3590 576 277 3598 4061 4061 4061 4061 4061 4061 4061 4061
658 1777388288 3558 3703 3675 3655 3590 575 277 619 4061 4061 4061 4061 4061 4061 4061 4061
659 1777388288 3557 3703 3675 3654 3590 548 281 3599 4061 4061 4060 4060 4060 4060 4060 4060
660 1777388288 3558 3703 3675 3654 3589 546 282 3598 4061 4061 4060 4060 4060 4060 4060 4060
661 1777388288 3558 3702 3674 3654 3590 558 281 3598 4061 4061 4061 4061 4061 4061 4061 4061
662 1777388288 3558 3703 3675 3654 3589 561 281 3598 4061 4061 4060 4060 4060 4060 4060 4060
663 1777388288 3558 3703 3675 3653 3589 559 281 3598 4061 4061 4060 4060 4060 4060 4060 4060
664 1777388288 3558 3703 3675 3654 3590 582 275 3598 4063 4063 4062 4062 4062 4062 4062 4062
665 1777388288 3558 3702 3675 3654 3589 560 281 3597 4063 4063 4062 4062 4062 4062 4062 4062
666 1777388288 3559 3703 3675 3654 3590 559 281 3599 4061 4061 4061 4061 4061 4061 4061 4061
667 1777388289 3558 3702 3675 3654 3589 555 281 3598 4063 4063 4062 4062 4062 4062 4062 4062
668 1777388289 3560 3704 3677 3656 3592 569 279 592 4061 4061 4060 4060 4060 4060 4060 4060
669 1777388289 3560 3705 3677 3656 3591 563 281 617 4063 4063 4062 4062 4062 4062 4062 4062
670 1777388289 3559 3704 3676 3655 3591 574 278 610 4061 4061 4061 4061 4061 4061 4061 4061
671 1777388289 3558 3703 3675 3654 3589 578 276 3597 4061 4061 4060 4060 4060 4060 4060 4060
672 1777388289 3559 3703 3675 3655 3590 540 282 3599 4061 4061 4061 4061 4061 4061 4061 4061
673 1777388289 3558 3703 3675 3654 3590 566 280 3599 4063 4063 4062 4062 4062 4062 4062 4062
674 1777388289 3558 3703 3676 3655 3590 569 280 3598 4061 4061 4061 4061 4061 4061 4061 4061
675 1777388289 3558 3702 3675 3654 3589 565 280 3598 4061 4061 4061 4061 4061 4061 4061 4061
676 1777388289 3558 3703 3676 3655 3591 554 281 3599 4061 4061 4061 4061 4061 4061 4061 4061
677 1777388289 3560 3705 3677 3656 3591 543 282 581 4061 4061 4061 4061 4061 4061 4061 4061
678 1777388289 3557 3702 3675 3654 3589 561 281 3598 4061 4061 4061 4061 4061 4061 4061 4061
679 1777388289 3558 3702 3675 3654 3589 556 281 3598 4061 4061 4061 4061 4061 4061 4061 4061
680 1777388289 3557 3703 3675 3654 3589 559 281 3598 4061 4061 4061 4061 4061 4061 4061 4061
681 1777388289 3559 3704 3676 3655 3590 554 282 3600 4061 4061 4061 4061 4061 4061 4061 4061
682 1777388289 3559 3704 3676 3655 3590 555 281 3599 4061 4061 4061 4061 4061 4061 4061 4061
683 1777388289 3558 3703 3675 3654 3590 548 282 3599 4061 4061 4061 4061 4061 4061 4061 4061
684 1777388289 3557 3703 3675 3654 3590 553 282 3598 4061 4061 4061 4061 4061 4061 4061 4061
685 1777388289 3557 3702 3674 3654 3589 553 282 3597 4061 4061 4060 4060 4060 4060 4060 4060
686 1777388289 3558 3704 3676 3655 3591 551 282 3598 4061 4061 4061 4061 4061 4061 4061 4061
687 1777388289 3558 3703 3675 3654 3590 562 280 3599 4061 4061 4060 4060 4060 4060 4060 4060
688 1777388289 3560 3705 3677 3656 3592 561 281 567 4061 4061 4061 4061 4061 4061 4061 4061
689 1777388289 3558 3703 3675 3654 3590 543 282 3599 4061 4061 4061 4061 4061 4061 4061 4061
690 1777388289 3559 3704 3676 3655 3591 527 283 3599 4061 4061 4061 4061 4061 4061 4061 4061
691 1777388290 3558 3703 3675 3654 3589 590 269 3598 4061 4061 4061 4061 4061 4061 4061 4061
692 1777388290 3557 3703 3675 3654 3589 544 282 3598 4061 4061 4060 4060 4060 4060 4060 4060
693 1777388290 3558 3703 3676 3654 3590 564 281 3599 4061 4061 4061 4061 4061 4061 4061 4061
694 1777388290 3558 3703 3675 3654 3590 563 281 3598 4061 4061 4060 4060 4060 4060 4060 4060
695 1777388290 3559 3704 3677 3655 3591 573 279 582 4061 4061 4060 4060 4060 4060 4060 4060
696 1777388290 3558 3703 3675 3654 3590 563 281 3598 4063 4063 4062 4062 4062 4062 4062 4062
697 1777388290 3558 3702 3675 3654 3590 558 281 3599 4061 4061 4060 4060 4060 4060 4060 4060
698 1777388290 3561 3706 3678 3657 3592 563 281 616 4061 4061 4061 4061 4061 4061 4061 4061
699 1777388290 3556 3701 3673 3652 3588 543 280 3596 4061 4061 4060 4060 4060 4060 4060 4060
700 1777388290 3558 3703 3675 3654 3590 561 279 608 4061 4061 4060 4060 4060 4060 4060 4060
701 1777388290 3556 3700 3672 3651 3587 547 280 3596 4061 4061 4060 4060 4060 4060 4060 4060
702 1777388290 3557 3702 3674 3654 3589 558 279 610 4061 4061 4061 4061 4061 4061 4061 4061
703 1777388290 3557 3702 3674 3653 3589 543 280 580 4061 4061 4060 4060 4060 4060 4060 4060
704 1777388290 3556 3701 3673 3652 3587 575 275 3596 4061 4061 4061 4061 4061 4061 4061 4061
705 1777388290 3556 3701 3674 3652 3588 534 280 3597 4061 4061 4061 4061 4061 4061 4061 4061
706 1777388290 3557 3702 3673 3653 3588 545 280 3597 4061 4061 4060 4060 4060 4060 4060 4060
707 1777388290 3556 3701 3673 3652 3588 516 281 3596 4063 4063 4062 4062 4062 4062 4062 4062
708 1777388290 3557 3702 3674 3653 3589 576 275 3597 4061 4061 4060 4060 4060 4060 4060 4060
709 1777388290 3558 3703 3675 3654 3590 576 274 610 4061 4061 4061 4061 4061 4061 4061 4061
710 1777388290 3556 3701 3673 3652 3588 556 279 3596 4061 4061 4061 4061 4061 4061 4061 4061
711 1777388290 3557 3702 3675 3653 3589 546 280 3597 4063 4063 4062 4062 4062 4062 4062 4062
712 1777388290 3557 3701 3674 3653 3588 550 280 3597 4063 4063 4062 4062 4062 4062 4062 4062
713 1777388290 3558 3703 3676 3655 3590 594 261 588 4061 4061 4061 4061 4061 4061 4061 4061
714 1777388290 3557 3702 3674 3653 3588 556 280 3596 4061 4061 4061 4061 4061 4061 4061 4061
715 1777388290 3556 3701 3673 3653 3588 541 280 3597 4061 4061 4060 4060 4060 4060 4060 4060
716 1777388290 3556 3701 3674 3653 3589 557 279 3597 4061 4061 4061 4061 4061 4061 4061 4061
717 1777388290 3557 3702 3674 3653 3589 552 279 3597 4061 4061 4060 4060 4060 4060 4060 4060
718 1777388291 3558 3703 3675 3654 3589 573 276 606 4061 4061 4061 4061 4061 4061 4061 4061
719 1777388291 3559 3704 3676 3656 3591 554 280 604 4061 4061 4060 4060 4060 4060 4060 4060
720 1777388291 3557 3702 3674 3653 3588 563 278 3597 4061 4061 4061 4061 4061 4061 4061 4061
721 1777388291 3558 3703 3675 3654 3590 566 278 587 4063 4063 4062 4062 4062 4062 4062 4062
722 1777388291 3556 3700 3673 3652 3587 559 279 3596 4063 4063 4062 4062 4062 4062 4062 4062
723 1777388291 3556 3700 3673 3652 3588 552 280 3597 4061 4061 4060 4060 4060 4060 4060 4060
724 1777388291 3562 3707 3679 3658 3593 557 279 589 4061 4061 4061 4061 4061 4061 4061 4061
725 1777388291 3556 3701 3674 3653 3588 545 281 3597 4063 4063 4062 4062 4062 4062 4062 4062
726 1777388291 3558 3703 3675 3655 3590 573 276 614 4061 4061 4061 4061 4061 4061 4061 4061
727 1777388291 3556 3701 3673 3652 3588 566 278 3597 4061 4061 4061 4061 4061 4061 4061 4061
728 1777388291 3557 3702 3674 3653 3589 560 279 3598 4061 4061 4060 4060 4060 4060 4060 4060
729 1777388291 3556 3701 3674 3653 3588 558 279 3597 4061 4061 4061 4061 4061 4061 4061 4061
730 1777388291 3556 3701 3673 3652 3587 567 278 3596 4061 4061 4061 4061 4061 4061 4061 4061
731 1777388291 3556 3701 3673 3652 3588 544 281 3596 4061 4061 4060 4060 4060 4060 4060 4060
732 1777388291 3557 3701 3674 3653 3588 559 280 3597 4061 4061 4060 4060 4060 4060 4060 4060
733 1777388291 3556 3701 3673 3653 3588 558 279 3597 4061 4061 4061 4061 4061 4061 4061 4061
734 1777388291 3555 3700 3673 3652 3587 562 279 3596 4061 4061 4061 4061 4061 4061 4061 4061
735 1777388291 3556 3700 3673 3652 3587 550 280 3597 4061 4061 4061 4061 4061 4061 4061 4061
736 1777388291 3557 3702 3674 3653 3589 543 281 3597 4061 4061 4060 4060 4060 4060 4060 4060
737 1777388291 3558 3703 3675 3654 3590 569 278 624 4061 4061 4060 4060 4060 4060 4060 4060
738 1777388291 3557 3702 3674 3653 3588 555 280 3598 4061 4061 4061 4061 4061 4061 4061 4061
739 1777388291 3556 3701 3674 3653 3588 557 280 3597 4061 4061 4061 4061 4061 4061 4061 4061
740 1777388291 3557 3702 3674 3653 3588 559 279 3597 4061 4061 4060 4060 4060 4060 4060 4060
741 1777388291 3557 3702 3674 3653 3589 556 280 3597 4061 4061 4060 4060 4060 4060 4060 4060
742 1777388291 3557 3703 3675 3654 3589 567 279 590 4061 4061 4061 4061 4061 4061 4061 4061
743 1777388291 3556 3701 3673 3652 3588 571 277 3597 4061 4061 4061 4061 4061 4061 4061 4061
744 1777388291 3557 3702 3675 3654 3589 543 281 3598 4063 4063 4062 4062 4062 4062 4062 4062
745 1777388291 3555 3700 3672 3652 3587 567 278 3596 4061 4061 4061 4061 4061 4061 4061 4061
746 1777388291 3556 3700 3673 3652 3587 551 280 3597 4061 4061 4061 4061 4061 4061 4061 4061
747 1777388291 3557 3702 3674 3653 3589 568 278 3598 4061 4061 4061 4061 4061 4061 4061 4061
748 1777388291 3556 3701 3674 3652 3588 559 280 3598 4061 4061 4060 4060 4060 4060 4060 4060
749 1777388291 3558 3702 3675 3654 3590 579 274 591 4061 4061 4061 4061 4061 4061 4061 4061
750 1777388292 3558 3702 3674 3654 3589 569 278 3596 4063 4061 4061 4061 4061 4061 4061 4061
751 1777388292 3556 3701 3674 3653 3588 564 279 3597 4063 4063 4062 4062 4062 4062 4062 4062
752 1777388292 3558 3702 3675 3653 3589 600 255 3597 4061 4061 4061 4061 4061 4061 4061 4061
753 1777388292 3558 3702 3675 3654 3589 549 281 3597 4063 4061 4061 4061 4061 4061 4061 4061
754 1777388292 3556 3701 3673 3652 3587 559 280 3596 4063 4063 4062 4062 4062 4062 4062 4062
755 1777388292 3559 3703 3675 3654 3590 571 278 605 4061 4061 4060 4060 4060 4060 4060 4060
756 1777388292 3556 3700 3673 3652 3588 558 279 3597 4061 4061 4060 4060 4060 4060 4060 4060
757 1777388292 3559 3704 3676 3655 3590 545 280 599 4061 4061 4060 4060 4060 4060 4060 4060
758 1777388292 3557 3701 3674 3653 3589 570 278 3597 4059 4059 4059 4059 4059 4059 4059 4059
759 1777388292 3557 3702 3674 3653 3589 566 278 641 4061 4061 4060 4060 4060 4060 4060 4060
760 1777388292 3557 3701 3673 3653 3588 541 281 3597 4061 4061 4060 4060 4060 4060 4060 4060
761 1777388292 3557 3702 3674 3653 3589 579 274 3597 4061 4061 4061 4061 4061 4061 4061 4061
762 1777388292 3559 3704 3676 3654 3589 566 279 618 4061 4061 4060 4060 4060 4060 4060 4060
763 1777388292 3558 3703 3675 3655 3590 576 275 615 4063 4063 4062 4062 4062 4062 4062 4062
764 1777388292 3557 3702 3674 3653 3589 570 278 3597 4063 4063 4062 4062 4062 4062 4062 4062
765 1777388292 3558 3703 3675 3654 3590 574 276 586 4063 4063 4062 4062 4062 4062 4062 4062
766 1777388292 3556 3701 3673 3652 3588 550 280 3596 4061 4061 4061 4061 4061 4061 4061 4061
767 1777388292 3557 3702 3674 3653 3588 577 275 3597 4063 4061 4061 4061 4061 4061 4061 4061
768 1777388292 3558 3703 3675 3654 3589 576 275 595 4061 4061 4060 4060 4060 4060 4060 4060
769 1777388292 3557 3702 3674 3653 3588 551 280 3597 4061 4061 4061 4061 4061 4061 4061 4061
770 1777388292 3559 3704 3676 3655 3591 548 281 584 4063 4063 4062 4062 4062 4062 4062 4062
771 1777388293 3557 3702 3674 3653 3589 542 281 3598 4061 4061 4061 4061 4061 4061 4061 4061
772 1777388293 3559 3703 3676 3654 3590 556 279 621 4061 4061 4061 4061 4061 4061 4061 4061
773 1777388293 3557 3702 3674 3653 3589 564 279 3597 4061 4061 4061 4061 4061 4061 4061 4061
774 1777388293 3559 3704 3677 3656 3591 563 279 603 4061 4061 4061 4061 4061 4061 4061 4061
775 1777388293 3557 3702 3674 3653 3589 559 280 3597 4061 4061 4061 4061 4061 4061 4061 4061
776 1777388293 3557 3701 3674 3653 3588 560 280 3597 4061 4061 4060 4060 4060 4060 4060 4060
777 1777388293 3558 3704 3676 3655 3590 562 279 605 4061 4061 4061 4061 4061 4061 4061 4061
778 1777388293 3556 3701 3674 3653 3589 549 280 3597 4061 4061 4061 4061 4061 4061 4061 4061
779 1777388293 3560 3704 3676 3655 3591 580 273 612 4061 4061 4061 4061 4061 4061 4061 4061
780 1777388293 3557 3701 3674 3653 3589 557 280 3597 4063 4063 4062 4062 4062 4062 4062 4062
781 1777388293 3557 3702 3674 3653 3589 561 280 3597 4063 4063 4062 4062 4062 4062 4062 4062
782 1777388293 3558 3702 3675 3654 3589 551 281 3598 4061 4061 4061 4061 4061 4061 4061 4061
783 1777388293 3557 3702 3674 3653 3589 559 280 3597 4061 4061 4060 4060 4060 4060 4060 4060
784 1777388293 3557 3703 3675 3654 3589 571 278 3598 4060 4061 4060 4060 4060 4060 4060 4060
785 1777388293 3556 3701 3673 3652 3588 538 281 3597 4061 4061 4061 4061 4061 4061 4061 4061
786 1777388293 3559 3703 3675 3654 3590 546 281 599 4061 4061 4061 4061 4061 4061 4061 4061
787 1777388293 3557 3701 3674 3653 3588 547 281 3597 4063 4061 4061 4061 4061 4061 4061 4061
788 1777388293 3556 3701 3673 3652 3588 554 281 3597 4061 4061 4060 4060 4061 4060 4060 4060
789 1777388293 3559 3704 3676 3656 3591 545 281 588 4061 4061 4061 4061 4061 4061 4061 4061
790 1777388293 3557 3702 3674 3653 3589 540 281 3597 4061 4061 4061 4061 4061 4061 4061 4061
791 1777388293 3557 3702 3674 3654 3589 548 281 3597 4061 4061 4061 4061 4061 4061 4061 4061
792 1777388293 3557 3702 3675 3654 3590 555 280 3598 4061 4061 4060 4060 4060 4060 4060 4060
793 1777388293 3557 3702 3674 3653 3589 539 281 3597 4061 4061 4061 4061 4061 4061 4061 4061
794 1777388293 3557 3702 3674 3653 3589 545 281 3597 4061 4061 4061 4061 4061 4061 4061 4061
795 1777388293 3557 3701 3673 3652 3588 579 275 3597 4061 4061 4061 4061 4061 4061 4061 4061
796 1777388293 3557 3701 3674 3653 3588 559 280 3597 4061 4061 4060 4060 4060 4060 4060 4060
797 1777388293 3559 3703 3676 3655 3590 550 280 603 4061 4061 4061 4061 4061 4061 4061 4061
798 1777388293 3557 3702 3674 3653 3589 557 280 3597 4061 4061 4060 4060 4060 4060 4060 4060
799 1777388293 3557 3702 3674 3653 3589 556 280 3598 4063 4063 4062 4062 4062 4062 4062 4062
800 1777388293 3557 3703 3675 3654 3589 549 281 3598 4061 4061 4061 4061 4061 4061 4061 4061
801 1777388293 3558 3703 3675 3654 3590 555 280 601 4063 4063 4062 4062 4062 4062 4062 4062
802 1777388293 3557 3702 3674 3653 3589 579 275 3598 4061 4061 4061 4061 4061 4061 4061 4061
803 1777388294 3557 3702 3675 3654 3589 561 280 3598 4061 4061 4061 4061 4061 4061 4061 4061
804 1777388294 3557 3702 3674 3653 3588 570 278 3598 4063 4063 4062 4062 4062 4062 4062 4062
805 1777388294 3559 3704 3676 3655 3590 577 275 596 4063 4061 4061 4061 4061 4061 4061 4061
806 1777388294 3558 3703 3676 3655 3590 558 280 616 4061 4061 4061 4061 4061 4061 4061 4061
807 1777388294 3557 3703 3674 3653 3589 548 281 3597 4061 4061 4061 4061 4061 4061 4061 4061
808 1777388294 3557 3702 3674 3653 3588 545 281 3597 4061 4061 4061 4061 4061 4061 4061 4061
809 1777388294 3557 3702 3674 3652 3588 541 281 3597 4061 4061 4060 4060 4060 4060 4060 4060
810 1777388294 3558 3703 3675 3654 3589 552 281 3598 4063 4063 4062 4062 4062 4062 4062 4062
811 1777388294 3558 3703 3676 3655 3591 553 280 598 4063 4063 4062 4062 4062 4062 4062 4062
812 1777388294 3557 3701 3674 3653 3588 559 280 3597 4063 4063 4062 4062 4062 4062 4062 4062
813 1777388294 3557 3702 3674 3653 3589 561 280 3597 4061 4061 4061 4061 4061 4061 4061 4061
814 1777388294 3557 3702 3674 3653 3589 570 278 3596 4061 4061 4061 4061 4061 4061 4061 4061
815 1777388294 3559 3704 3676 3655 3591 560 280 591 4061 4061 4060 4060 4060 4060 4060 4060
816 1777388294 3557 3701 3674 3654 3589 559 280 3597 4061 4061 4061 4061 4061 4061 4061 4061
817 1777388294 3557 3702 3674 3653 3589 549 281 3597 4061 4061 4061 4061 4061 4061 4061 4061
818 1777388294 3557 3701 3674 3653 3589 546 281 3598 4061 4061 4061 4061 4061 4061 4061 4061
819 1777388294 3558 3702 3674 3653 3589 563 279 3598 4063 4063 4062 4062 4062 4062 4062 4062
820 1777388294 3559 3704 3676 3655 3591 552 280 594 4061 4061 4060 4060 4060 4060 4060 4060
821 1777388294 3557 3702 3674 3653 3588 526 282 3597 4063 4063 4062 4062 4062 4062 4062 4062
822 1777388294 3556 3701 3673 3652 3588 561 280 3598 4061 4061 4061 4061 4061 4061 4061 4061
823 1777388294 3560 3704 3677 3656 3592 555 280 613 4063 4063 4062 4062 4062 4062 4062 4062
824 1777388294 3559 3704 3676 3654 3590 569 278 574 4061 4061 4061 4061 4061 4061 4061 4061
825 1777388294 3556 3702 3674 3653 3589 562 279 3597 4061 4061 4060 4060 4060 4060 4060 4060
826 1777388294 3557 3701 3674 3653 3588 559 280 3598 4063 4063 4062 4062 4062 4062 4062 4062
827 1777388294 3558 3703 3675 3654 3590 539 281 3598 4061 4061 4061 4061 4061 4061 4061 4061
828 1777388294 3558 3702 3675 3654 3589 572 278 3598 4061 4061 4060 4060 4060 4060 4060 4060
829 1777388294 3557 3702 3674 3653 3589 562 280 3597 4061 4061 4061 4061 4061 4061 4061 4061
830 1777388294 3558 3703 3676 3655 3590 549 281 604 4063 4063 4062 4062 4062 4062 4062 4062
831 1777388294 3557 3702 3674 3654 3589 546 281 3597 4061 4061 4060 4060 4060 4060 4060 4060
832 1777388294 3556 3701 3673 3652 3589 553 281 3597 4061 4061 4061 4061 4061 4061 4061 4061
833 1777388294 3558 3703 3675 3654 3590 575 277 612 4063 4063 4062 4062 4062 4062 4062 4062
834 1777388294 3558 3703 3676 3655 3590 566 278 602 4061 4061 4060 4060 4060 4060 4060 4060
835 1777388294 3557 3702 3674 3653 3589 548 281 3597 4061 4061 4061 4061 4061 4061 4061 4061
836 1777388295 3557 3702 3674 3653 3589 557 280 3598 4061 4061 4060 4060 4060 4060 4060 4060
837 1777388295 3559 3705 3677 3656 3591 554 281 590 4061 4061 4061 4061 4061 4061 4061 4061
838 1777388295 3557 3701 3674 3653 3589 568 278 3597 4061 4061 4061 4061 4061 4061 4061 4061
839 1777388295 3558 3702 3674 3653 3588 550 281 3597 4061 4061 4061 4061 4061 4061 4061 4061
840 1777388295 3557 3702 3674 3653 3589 559 281 3598 4061 4061 4060 4060 4060 4060 4060 4060
841 1777388295 3558 3702 3674 3654 3589 559 281 3597 4063 4063 4062 4062 4062 4062 4062 4062
842 1777388295 3559 3704 3676 3655 3591 565 279 593 4061 4061 4060 4060 4060 4060 4060 4060
843 1777388295 3559 3704 3677 3656 3591 567 278 593 4061 4061 4061 4061 4061 4061 4061 4061
844 1777388295 3557 3702 3674 3654 3589 569 279 3598 4061 4061 4060 4060 4060 4060 4060 4060
845 1777388295 3559 3704 3676 3655 3591 572 278 638 4061 4061 4061 4061 4061 4061 4061 4061
846 1777388295 3557 3701 3674 3653 3589 561 280 3596 4061 4061 4061 4061 4061 4061 4061 4061
847 1777388295 3556 3702 3674 3653 3589 548 281 3597 4061 4061 4060 4060 4060 4060 4060 4060
848 1777388295 3560 3705 3677 3656 3591 580 274 604 4061 4061 4061 4061 4061 4061 4061 4061
849 1777388295 3558 3702 3675 3654 3589 549 281 3598 4059 4059 4059 4059 4059 4059 4059 4059
850 1777388295 3558 3703 3675 3654 3590 555 281 3598 4061 4061 4061 4061 4061 4061 4061 4061
851 1777388295 3558 3702 3674 3654 3589 560 280 3598 4061 4061 4060 4060 4060 4060 4060 4060
852 1777388295 3558 3703 3675 3653 3589 554 281 3598 4061 4061 4060 4060 4060 4060 4060 4060
853 1777388295 3558 3703 3675 3654 3589 559 280 3597 4061 4061 4061 4061 4061 4061 4061 4061
854 1777388295 3557 3702 3674 3653 3589 555 281 3598 4063 4063 4062 4062 4062 4062 4062 4062
855 1777388295 3557 3702 3675 3654 3590 522 282 3599 4061 4061 4061 4061 4061 4061 4061 4061
856 1777388295 3558 3702 3675 3654 3589 560 280 3598 4063 4061 4061 4061 4061 4061 4061 4061
857 1777388295 3558 3704 3676 3655 3591 542 281 576 4061 4061 4061 4061 4061 4061 4061 4061
858 1777388295 3557 3703 3675 3654 3590 573 278 3598 4061 4061 4061 4061 4061 4061 4061 4061
859 1777388295 3559 3704 3676 3655 3591 555 280 603 4061 4061 4061 4061 4061 4061 4061 4061
860 1777388295 3558 3702 3675 3653 3589 566 279 3598 4061 4061 4060 4060 4060 4060 4060 4060
861 1777388295 3558 3703 3676 3654 3590 551 282 3597 4061 4061 4061 4061 4061 4061 4061 4061
862 1777388295 3558 3702 3675 3653 3589 549 281 3598 4059 4059 4059 4059 4059 4059 4059 4059
863 1777388295 3556 3701 3673 3652 3588 570 279 3596 4061 4061 4061 4061 4061 4061 4061 4061
864 1777388295 3558 3703 3675 3654 3590 557 280 3598 4061 4061 4061 4061 4061 4061 4061 4061
865 1777388295 3557 3702 3674 3653 3589 544 281 3597 4061 4061 4060 4060 4060 4060 4060 4060
866 1777388295 3558 3702 3675 3654 3589 558 280 3597 4063 4063 4062 4062 4062 4062 4062 4062
867 1777388295 3557 3702 3674 3653 3589 544 281 3597 4061 4061 4061 4061 4061 4061 4061 4061
868 1777388296 3557 3702 3674 3653 3589 560 280 3598 4061 4061 4061 4061 4061 4061 4061 4061
869 1777388296 3557 3702 3674 3654 3589 550 281 3597 4061 4061 4061 4061 4061 4061 4061 4061
870 1777388296 3557 3702 3675 3653 3589 549 281 3598 4061 4061 4061 4061 4061 4061 4061 4061
871 1777388296 3559 3704 3676 3655 3591 573 278 577 4061 4061 4060 4060 4060 4060 4060 4060
872 1777388304 3556 3700 3673 3652 3587 573 278 3596 4061 4061 4061 4061 4061 4061 4061 4061
873 1777388304 3557 3701 3674 3653 3589 572 278 3597 4061 4061 4061 4061 4061 4061 4061 4061
874 1777388304 3556 3701 3673 3652 3588 528 283 3597 4061 4061 4061 4061 4061 4061 4061 4061
875 1777388304 3558 3704 3676 3655 3591 568 279 589 4061 4061 4061 4061 4061 4061 4061 4061
876 1777388304 3556 3701 3673 3652 3588 542 282 3596 4061 4061 4061 4061 4061 4061 4061 4061
877 1777388304 3559 3704 3676 3655 3590 568 279 594 4063 4061 4061 4061 4061 4061 4061 4061
878 1777388304 3558 3703 3675 3654 3590 552 281 603 4063 4063 4062 4062 4062 4062 4062 4062
879 1777388304 3558 3703 3675 3654 3590 559 280 605 4061 4061 4061 4061 4061 4061 4061 4061
880 1777388304 3557 3701 3674 3653 3588 558 280 3597 4061 4061 4061 4061 4061 4061 4061 4061
881 1777388304 3556 3701 3673 3653 3588 565 279 3597 4063 4063 4062 4062 4062 4062 4062 4062
882 1777388304 3559 3704 3676 3655 3590 572 278 588 4063 4063 4062 4062 4062 4062 4062 4062
883 1777388304 3559 3704 3675 3655 3590 585 272 589 4061 4061 4061 4061 4061 4061 4061 4061
884 1777388304 3557 3702 3674 3653 3588 562 280 3597 4063 4063 4062 4062 4062 4062 4062 4062
885 1777388304 3557 3701 3674 3653 3589 551 281 3597 4061 4061 4060 4060 4060 4060 4060 4060
886 1777388304 3557 3702 3674 3653 3589 545 282 3598 4061 4061 4061 4061 4061 4061 4061 4061
887 1777388304 3557 3701 3674 3653 3588 564 280 3597 4061 4061 4060 4060 4060 4060 4060 4060
888 1777388304 3558 3702 3674 3654 3589 562 280 3598 4061 4061 4061 4061 4061 4061 4061 4061
889 1777388304 3557 3703 3675 3654 3590 579 276 3598 4063 4061 4061 4061 4061 4061 4061 4061
890 1777388304 3558 3702 3674 3653 3589 545 282 3598 4061 4061 4061 4061 4061 4061 4061 4061
891 1777388304 3558 3703 3675 3654 3589 575 277 3598 4063 4063 4062 4062 4062 4062 4062 4062
892 1777388304 3557 3702 3674 3654 3589 558 281 3597 4063 4063 4062 4062 4062 4062 4062 4062
893 1777388304 3557 3702 3675 3654 3589 569 279 3598 4061 4061 4061 4061 4061 4061 4061 4061
894 1777388304 3556 3701 3674 3653 3588 551 282 3597 4061 4061 4060 4060 4060 4060 4060 4060
895 1777388304 3559 3703 3675 3654 3590 573 278 3598 4063 4063 4062 4062 4062 4062 4062 4062
896 1777388304 3557 3702 3674 3653 3589 534 282 3598 4061 4061 4061 4061 4061 4061 4061 4061
897 1777388304 3559 3704 3676 3655 3591 545 282 604 4061 4061 4061 4061 4061 4061 4061 4061
898 1777388304 3558 3702 3675 3654 3590 543 281 3598 4061 4061 4061 4061 4061 4061 4061 4061
899 1777388305 3556 3701 3674 3653 3589 553 281 3597 4063 4063 4062 4062 4062 4062 4062 4062
900 1777388305 3557 3702 3674 3652 3588 541 282 3597 4061 4061 4061 4061 4061 4061 4061 4061
901 1777388305 3558 3703 3675 3654 3590 570 279 591 4061 4061 4061 4061 4061 4061 4061 4061
902 1777388305 3556 3701 3673 3652 3588 536 282 3597 4061 4061 4061 4061 4061 4061 4061 4061
903 1777388305 3557 3702 3674 3654 3589 565 280 3598 4063 4063 4062 4062 4062 4062 4062 4062
904 1777388305 3558 3702 3674 3653 3589 538 282 3597 4061 4061 4061 4061 4061 4061 4061 4061
905 1777388305 3557 3703 3675 3654 3589 541 282 3597 4061 4061 4061 4061 4061 4061 4061 4061
906 1777388305 3558 3703 3675 3654 3590 547 282 3599 4061 4061 4061 4061 4061 4061 4061 4061
907 1777388305 3557 3702 3674 3653 3589 561 281 3597 4061 4061 4060 4060 4060 4060 4060 4060
908 1777388305 3559 3704 3676 3655 3591 547 282 592 4061 4061 4061 4061 4061 4061 4061 4061
909 1777388305 3557 3702 3674 3653 3589 558 281 3598 4061 4061 4061 4061 4061 4061 4061 4061
910 1777388305 3558 3703 3675 3654 3590 566 280 3599 4061 4061 4061 4061 4061 4061 4061 4061
911 1777388305 3557 3701 3674 3653 3588 563 280 3597 4061 4061 4060 4060 4060 4060 4060 4060
912 1777388305 3557 3702 3674 3654 3589 568 280 3597 4061 4061 4061 4061 4061 4061 4061 4061
913 1777388305 3557 3703 3675 3654 3589 561 280 3599 4061 4061 4061 4061 4061 4061 4061 4061
914 1777388305 3560 3704 3677 3656 3591 558 280 592 4061 4061 4060 4060 4060 4060 4060 4060
915 1777388305 3558 3703 3675 3654 3589 560 281 3598 4061 4061 4061 4061 4061 4061 4061 4061
916 1777388305 3560 3705 3677 3656 3591 568 279 597 4063 4061 4061 4061 4061 4061 4061 4061
917 1777388306 3558 3703 3675 3654 3589 541 282 3598 4061 4061 4061 4061 4061 4061 4061 4061
918 1777388306 3559 3703 3676 3654 3590 559 281 3599 4061 4061 4060 4060 4060 4060 4060 4060
919 1777388306 3559 3705 3677 3656 3592 560 281 617 4061 4061 4061 4061 4061 4061 4061 4061
920 1777388306 3560 3705 3677 3656 3592 546 282 604 4061 4061 4061 4061 4061 4061 4061 4061
921 1777388306 3559 3704 3677 3656 3591 570 279 598 4061 4061 4061 4061 4061 4061 4061 4061
922 1777388306 3558 3702 3675 3654 3590 566 280 3598 4061 4061 4060 4060 4060 4060 4060 4060
923 1777388306 3557 3702 3675 3653 3589 555 281 3598 4061 4061 4060 4060 4060 4060 4060 4060
924 1777388306 3558 3703 3675 3654 3590 554 281 3599 4061 4061 4061 4061 4061 4061 4061 4061
925 1777388306 3559 3703 3676 3654 3590 585 273 3598 4061 4061 4061 4061 4061 4061 4061 4061
926 1777388306 3558 3703 3676 3655 3590 566 280 612 4061 4061 4061 4061 4061 4061 4061 4061
927 1777388306 3557 3701 3674 3654 3589 565 280 3598 4061 4061 4061 4061 4061 4061 4061 4061
928 1777388306 3558 3702 3675 3654 3589 564 280 3598 4061 4061 4061 4061 4061 4061 4061 4061
929 1777388306 3558 3703 3675 3655 3590 569 279 3599 4061 4061 4060 4060 4060 4060 4060 4060
930 1777388306 3558 3702 3675 3654 3589 560 281 3598 4061 4061 4060 4060 4060 4060 4060 4060
931 1777388306 3560 3705 3677 3655 3591 557 281 591 4061 4061 4061 4061 4061 4061 4061 4061
932 1777388306 3560 3705 3676 3656 3592 572 279 585 4061 4061 4061 4061 4061 4061 4061 4061
933 1777388306 3558 3703 3675 3655 3590 550 282 3598 4063 4063 4062 4062 4062 4062 4062 4062
934 1777388306 3559 3703 3676 3655 3590 554 282 3599 4061 4061 4061 4061 4061 4061 4061 4061
935 1777388306 3557 3702 3674 3653 3588 555 282 3598 4061 4061 4061 4061 4061 4061 4061 4061
936 1777388306 3557 3702 3674 3654 3589 554 281 3598 4061 4061 4060 4060 4060 4060 4060 4060
937 1777388306 3557 3702 3675 3654 3590 553 281 3598 4061 4061 4061 4061 4061 4061 4061 4061
938 1777388306 3558 3702 3675 3654 3589 566 280 3598 4061 4061 4060 4060 4060 4060 4060 4060
939 1777388306 3559 3704 3676 3656 3591 561 281 611 4061 4061 4061 4061 4061 4061 4061 4061
940 1777388306 3559 3704 3676 3655 3591 571 279 596 4061 4061 4061 4061 4061 4061 4061 4061
941 1777388306 3557 3702 3675 3654 3589 571 279 3596 4063 4061 4061 4061 4061 4061 4061 4061
942 1777388306 3558 3703 3675 3654 3590 551 282 3598 4061 4061 4061 4061 4061 4061 4061 4061
943 1777388307 3558 3703 3675 3654 3589 557 281 3598 4061 4061 4061 4061 4061 4061 4061 4061
944 1777388307 3558 3703 3675 3654 3590 555 281 3599 4063 4063 4062 4062 4062 4062 4062 4062
945 1777388307 3558 3703 3675 3654 3590 561 280 3599 4061 4061 4060 4060 4060 4060 4060 4060
946 1777388307 3560 3705 3677 3656 3592 544 282 604 4061 4061 4061 4061 4061 4061 4061 4061
947 1777388307 3558 3703 3675 3654 3589 571 278 3598 4061 4061 4061 4061 4061 4061 4061 4061
948 1777388307 3557 3702 3675 3654 3590 562 281 3598 4061 4061 4061 4061 4061 4061 4061 4061
949 1777388307 3557 3702 3674 3653 3589 581 276 3598 4061 4061 4060 4060 4060 4060 4060 4060
950 1777388307 3558 3703 3675 3654 3589 558 282 3598 4061 4061 4061 4061 4061 4061 4061 4061
951 1777388307 3558 3703 3676 3655 3590 555 281 608 4063 4063 4062 4062 4062 4062 4062 4062
952 1777388307 3559 3704 3676 3655 3590 552 282 609 4061 4061 4061 4061 4061 4061 4061 4061
953 1777388307 3558 3703 3675 3655 3591 554 281 3599 4061 4061 4061 4061 4061 4061 4061 4061
954 1777388307 3557 3701 3673 3653 3588 564 279 3597 4061 4061 4061 4061 4061 4061 4061 4061
955 1777388307 3557 3702 3674 3653 3589 552 280 3597 4061 4061 4060 4060 4060 4060 4060 4060
956 1777388307 3556 3701 3673 3652 3588 559 279 3597 4061 4061 4060 4060 4060 4060 4060 4060
957 1777388307 3558 3703 3675 3654 3590 579 273 581 4061 4061 4061 4061 4061 4061 4061 4061
958 1777388307 3557 3703 3675 3654 3589 572 277 614 4063 4061 4061 4061 4061 4061 4061 4061
959 1777388307 3555 3700 3673 3652 3587 571 277 3596 4061 4061 4061 4061 4061 4061 4061 4061
960 1777388307 3557 3702 3674 3653 3589 557 279 3597 4061 4061 4060 4060 4060 4060 4060 4060
961 1777388307 3559 3704 3676 3655 3590 567 278 596 4061 4061 4061 4061 4061 4061 4061 4061
962 1777388307 3556 3700 3673 3652 3588 552 280 3596 4061 4061 4061 4061 4061 4061 4061 4061
963 1777388307 3556 3701 3673 3652 3588 589 266 3596 4061 4061 4060 4060 4060 4060 4060 4060
964 1777388307 3556 3700 3673 3652 3587 564 279 3596 4061 4061 4060 4060 4060 4060 4060 4060
965 1777388307 3556 3702 3674 3653 3589 548 280 3597 4061 4061 4060 4060 4060 4060 4060 4060
966 1777388307 3556 3701 3673 3652 3588 568 277 3597 4061 4061 4061 4061 4061 4061 4061 4061
967 1777388307 3558 3703 3676 3654 3590 552 280 599 4061 4061 4060 4060 4060 4060 4060 4060
968 1777388307 3556 3701 3673 3652 3587 565 278 3596 4061 4061 4061 4061 4061 4061 4061 4061
969 1777388307 3556 3701 3673 3652 3588 529 280 3596 4061 4061 4061 4061 4061 4061 4061 4061
970 1777388307 3557 3702 3674 3653 3589 550 280 3597 4061 4061 4060 4060 4060 4060 4060 4060
971 1777388307 3558 3703 3675 3654 3590 550 280 578 4063 4063 4062 4062 4062 4062 4062 4062
972 1777388307 3558 3702 3674 3653 3589 545 280 577 4061 4061 4060 4060 4060 4060 4060 4060
973 1777388308 3557 3701 3673 3653 3588 562 278 3596 4061 4061 4061 4061 4061 4061 4061 4061
974 1777388308 3556 3701 3673 3652 3588 557 279 3595 4059 4059 4059 4059 4059 4059 4059 4059
975 1777388308 3556 3701 3673 3653 3588 543 280 3597 4061 4061 4061 4061 4061 4061 4061 4061
976 1777388308 3556 3701 3674 3653 3588 551 280 3597 4061 4061 4061 4061 4061 4061 4061 4061
977 1777388308 3557 3702 3675 3654 3589 564 279 624 4061 4061 4061 4061 4061 4061 4061 4061
978 1777388308 3558 3703 3676 3655 3590 553 279 591 4063 4063 4062 4062 4062 4062 4062 4062
979 1777388308 3556 3701 3673 3652 3588 566 278 3596 4061 4061 4060 4060 4060 4060 4060 4060
980 1777388316 3554 3698 3671 3649 3585 570 278 3595 4061 4061 4060 4060 4060 4060 4060 4060
981 1777388316 3555 3700 3672 3651 3586 552 280 3595 4061 4061 4060 4060 4060 4060 4060 4060
982 1777388316 3555 3699 3672 3651 3587 539 280 3596 4063 4061 4061 4061 4061 4061 4061 4061
983 1777388316 3554 3699 3671 3650 3586 559 279 3595 4063 4063 4062 4062 4062 4062 4062 4062
984 1777388316 3555 3700 3672 3651 3587 554 280 3596 4063 4063 4062 4062 4062 4062 4062 4062
985 1777388316 3557 3702 3673 3653 3588 559 279 596 4061 4061 4060 4060 4060 4060 4060 4060
986 1777388316 3554 3699 3671 3650 3585 568 277 3594 4061 4061 4061 4061 4061 4061 4061 4061
987 1777388316 3556 3700 3673 3652 3588 553 280 3597 4061 4061 4061 4061 4061 4061 4061 4061
988 1777388316 3556 3700 3672 3651 3587 576 275 3596 4061 4061 4061 4061 4061 4061 4061 4061
989 1777388316 3555 3700 3672 3651 3587 549 281 3595 4061 4061 4060 4060 4060 4060 4060 4060
990 1777388316 3556 3701 3673 3652 3587 579 274 3596 4061 4061 4061 4061 4061 4061 4061 4061
991 1777388316 3554 3699 3671 3650 3585 556 280 3595 4061 4061 4061 4061 4061 4061 4061 4061
992 1777388316 3558 3703 3675 3653 3589 549 280 596 4061 4061 4061 4061 4061 4061 4061 4061
993 1777388316 3556 3700 3672 3651 3587 552 280 3596 4061 4061 4061 4061 4061 4061 4061 4061
994 1777388316 3557 3702 3675 3653 3589 572 277 586 4061 4061 4060 4060 4060 4060 4060 4060
995 1777388316 3557 3702 3674 3654 3589 553 280 611 4063 4063 4062 4062 4062 4062 4062 4062
996 1777388316 3555 3700 3672 3651 3587 521 281 3595 4061 4061 4061 4061 4061 4061 4061 4061
997 1777388316 3555 3700 3671 3651 3586 530 282 3595 4061 4061 4061 4061 4061 4061 4061 4061
998 1777388316 3557 3702 3674 3653 3589 573 277 608 4061 4061 4061 4061 4061 4061 4061 4061
999 1777388316 3555 3700 3672 3651 3587 542 281 3595 4061 4061 4061 4061 4061 4061 4061 4061
1000 1777388316 3557 3703 3674 3653 3589 554 280 600 4061 4061 4061 4061 4061 4061 4061 4061
