1 1777388642 3553 3697 3669 3648 3584 560 279 3593 4061 4061 4060 4060 4060 4060 4060 4060
2 1777388642 3553 3697 3670 3649 3585 555 280 3593 4061 4061 4060 4060 4060 4060 4060 4060
3 1777388642 3554 3698 3670 3649 3585 571 277 3593 4061 4061 4060 4060 4060 4060 4060 4060
4 1777388643 3554 3698 3671 3650 3586 578 274 588 4061 4061 4061 4061 4061 4061 4061 4061
5 1777388643 3552 3697 3669 3648 3584 549 280 3593 4061 4061 4061 4061 4061 4061 4061 4061
6 1777388643 3553 3698 3670 3649 3585 554 280 3594 4061 4061 4061 4061 4061 4061 4061 4061
7 1777388643 3553 3698 3670 3649 3586 550 280 3593 4061 4061 4061 4061 4061 4061 4061 4061
8 1777388643 3553 3698 3670 3650 3585 542 281 3594 4061 4061 4061 4061 4061 4061 4061 4061
9 1777388643 3553 3698 3670 3649 3584 575 276 3594 4061 4061 4060 4060 4060 4060 4060 4060
10 1777388643 3556 3701 3673 3652 3587 555 280 588 4061 4061 4060 4060 4060 4060 4060 4060
11 1777388643 3554 3699 3672 3650 3586 575 276 3594 4061 4061 4061 4061 4061 4061 4061 4061
12 1777388643 3553 3698 3670 3649 3585 575 276 3594 4061 4061 4060 4060 4060 4060 4060 4060
13 1777388643 3553 3699 3671 3650 3586 527 281 3594 4061 4061 4061 4061 4061 4061 4061 4061
14 1777388643 3553 3698 3670 3650 3586 541 281 3594 4061 4061 4060 4060 4060 4060 4060 4060
15 1777388643 3552 3697 3669 3648 3584 557 280 3593 4059 4059 4059 4059 4059 4059 4059 4059
16 1777388643 3555 3699 3671 3650 3587 562 279 593 4061 4061 4060 4060 4060 4060 4060 4060
17 1777388643 3554 3699 3671 3650 3585 551 281 3594 4061 4061 4060 4060 4060 4060 4060 4060
18 1777388643 3553 3698 3670 3649 3585 539 281 3594 4061 4061 4061 4061 4061 4061 4061 4061
19 1777388643 3554 3699 3671 3650 3586 576 275 3595 4061 4061 4060 4060 4060 4060 4060 4060
20 1777388643 3554 3698 3671 3650 3585 564 279 3594 4061 4061 4060 4060 4060 4060 4060 4060
21 1777388643 3554 3699 3671 3650 3586 554 280 3595 4059 4059 4059 4059 4059 4059 4059 4059
22 1777388643 3554 3698 3670 3650 3585 556 280 3594 4061 4061 4061 4061 4061 4061 4061 4061
23 1777388643 3554 3699 3672 3650 3587 556 280 3596 4059 4059 4059 4059 4059 4059 4059 4059
24 1777388643 3557 3701 3674 3653 3588 560 280 594 4061 4061 4060 4060 4060 4060 4060 4060
25 1777388643 3555 3700 3672 3651 3587 560 279 589 4059 4059 4059 4059 4059 4059 4059 4059
26 1777388643 3553 3697 3670 3649 3585 551 280 3593 4061 4061 4060 4060 4060 4060 4060 4060
27 1777388643 3554 3699 3671 3650 3586 576 276 3593 4059 4059 4059 4059 4059 4059 4059 4059
28 1777388643 3554 3698 3670 3649 3585 569 278 3594 4061 4061 4061 4061 4061 4061 4061 4061
29 1777388643 3554 3698 3670 3650 3585 554 280 3593 4061 4061 4061 4061 4061 4061 4061 4061
30 1777388643 3554 3698 3671 3650 3585 552 280 3594 4059 4059 4059 4059 4059 4059 4059 4059
31 1777388644 3554 3699 3671 3649 3585 566 279 3595 4061 4061 4061 4061 4061 4061 4061 4061
32 1777388644 3554 3699 3672 3651 3586 529 281 3595 4059 4059 4059 4059 4059 4059 4059 4059
33 1777388644 3553 3698 3671 3650 3585 559 280 3594 4061 4061 4060 4060 4060 4060 4060 4060
34 1777388644 3554 3699 3671 3650 3586 552 280 3595 4063 4061 4061 4061 4061 4061 4061 4061
35 1777388644 3555 3699 3672 3651 3587 561 279 3596 4061 4061 4061 4061 4061 4061 4061 4061
36 1777388644 3556 3701 3674 3653 3588 575 276 618 4061 4061 4061 4061 4061 4061 4061 4061
37 1777388644 3554 3698 3671 3650 3586 551 281 3595 4061 4061 4060 4060 4060 4060 4060 4060
38 1777388644 3557 3702 3674 3653 3588 567 279 593 4061 4061 4061 4061 4061 4061 4061 4061
39 1777388644 3556 3701 3673 3652 3588 567 278 595 4061 4061 4060 4060 4060 4060 4060 4060
40 1777388644 3556 3701 3674 3653 3588 592 265 609 4059 4059 4059 4059 4059 4059 4059 4059
41 1777388644 3554 3699 3671 3650 3586 584 271 3594 4061 4061 4060 4060 4060 4060 4060 4060
42 1777388644 3554 3699 3671 3650 3586 547 281 3594 4061 4061 4061 4061 4061 4061 4061 4061
43 1777388644 3554 3699 3671 3650 3585 579 275 3595 4061 4061 4061 4061 4061 4061 4061 4061
44 1777388644 3555 3700 3672 3651 3586 545 281 3595 4061 4061 4060 4060 4060 4060 4060 4060
45 1777388644 3556 3701 3673 3653 3588 552 280 580 4061 4061 4060 4060 4060 4060 4060 4060
46 1777388644 3554 3698 3670 3650 3586 567 278 3594 4061 4061 4060 4060 4060 4060 4060 4060
47 1777388644 3556 3700 3673 3652 3588 555 280 607 4061 4061 4060 4060 4060 4060 4060 4060
48 1777388644 3555 3699 3672 3651 3587 558 279 3596 4061 4061 4060 4060 4060 4060 4060 4060
49 1777388644 3554 3698 3671 3650 3585 560 280 3595 4061 4061 4061 4061 4061 4061 4061 4061
50 1777388644 3557 3701 3673 3652 3588 566 278 611 4059 4059 4059 4059 4059 4059 4059 4059
51 1777388644 3554 3698 3671 3649 3585 558 280 3594 4061 4061 4061 4061 4061 4061 4061 4061
52 1777388644 3557 3701 3673 3652 3587 531 282 622 4061 4061 4061 4061 4061 4061 4061 4061
53 1777388644 3556 3700 3673 3652 3587 561 280 597 4059 4059 4059 4059 4059 4059 4059 4059
54 1777388644 3555 3699 3672 3650 3587 580 274 3595 4061 4061 4060 4060 4060 4060 4060 4060
55 1777388644 3554 3699 3671 3650 3586 547 281 3595 4059 4059 4059 4059 4059 4059 4059 4059
56 1777388644 3556 3700 3673 3652 3587 544 281 577 4059 4059 4059 4059 4059 4059 4059 4059
57 1777388644 3554 3700 3672 3651 3587 542 281 3594 4061 4061 4061 4061 4061 4061 4061 4061
58 1777388645 3555 3699 3672 3651 3586 557 280 3594 4061 4061 4060 4060 4060 4060 4060 4060
59 1777388645 3554 3699 3672 3651 3587 559 280 3595 4061 4061 4060 4060 4060 4060 4060 4060
60 1777388645 3555 3699 3672 3651 3586 557 280 3595 4061 4061 4061 4061 4061 4061 4061 4061
61 1777388645 3554 3699 3672 3650 3585 547 281 3595 4061 4061 4060 4060 4060 4060 4060 4060
62 1777388645 3555 3699 3672 3651 3587 553 281 3596 4061 4061 4060 4060 4060 4060 4060 4060
63 1777388645 3554 3699 3671 3650 3586 548 281 3595 4061 4061 4060 4060 4060 4060 4060 4060
64 1777388645 3555 3699 3672 3651 3587 558 280 3595 4061 4061 4060 4060 4060 4060 4060 4060
65 1777388645 3555 3699 3671 3650 3586 564 279 3595 4061 4061 4060 4060 4060 4060 4060 4060
66 1777388645 3555 3700 3672 3651 3587 547 281 3595 4061 4061 4060 4060 4060 4060 4060 4060
67 1777388645 3555 3700 3672 3651 3587 534 282 3595 4061 4061 4061 4061 4061 4061 4061 4061
68 1777388645 3555 3700 3672 3651 3587 565 279 3596 4061 4061 4061 4061 4061 4061 4061 4061
69 1777388645 3555 3700 3672 3652 3587 557 280 582 4061 4061 4060 4060 4060 4060 4060 4060
70 1777388645 3556 3701 3673 3652 3588 559 280 605 4061 4061 4061 4061 4061 4061 4061 4061
71 1777388645 3555 3700 3672 3652 3587 546 281 3595 4061 4061 4061 4061 4061 4061 4061 4061
72 1777388645 3557 3701 3674 3653 3588 548 281 600 4059 4059 4059 4059 4059 4059 4059 4059
73 1777388653 3554 3699 3671 3650 3586 566 278 623 4061 4061 4060 4060 4060 4060 4060 4060
74 1777388653 3555 3699 3672 3651 3586 573 278 598 4059 4059 4059 4059 4059 4059 4059 4059
75 1777388653 3553 3698 3670 3649 3585 533 281 3594 4061 4061 4061 4061 4061 4061 4061 4061
76 1777388653 3554 3699 3671 3650 3586 549 281 3594 4061 4061 4061 4061 4061 4061 4061 4061
77 1777388653 3554 3699 3671 3650 3586 559 281 3595 4061 4061 4060 4060 4060 4060 4060 4060
78 1777388653 3556 3700 3673 3652 3587 550 281 591 4061 4061 4060 4060 4060 4060 4060 4060
79 1777388653 3554 3699 3671 3650 3586 565 279 3595 4061 4061 4061 4061 4061 4061 4061 4061
80 1777388653 3554 3699 3671 3650 3586 560 280 3595 4061 4061 4061 4061 4061 4061 4061 4061
81 1777388653 3554 3699 3671 3651 3586 551 281 3595 4061 4061 4061 4061 4061 4061 4061 4061
82 1777388653 3554 3699 3671 3650 3586 553 281 3595 4061 4061 4061 4061 4061 4061 4061 4061
83 1777388653 3554 3699 3671 3650 3586 541 281 3595 4059 4059 4059 4059 4059 4059 4059 4059
84 1777388653 3555 3699 3672 3651 3587 540 281 3595 4059 4059 4059 4059 4059 4059 4059 4059
85 1777388653 3554 3699 3671 3651 3586 547 280 3595 4061 4061 4060 4060 4060 4060 4060 4060
86 1777388653 3555 3700 3672 3651 3587 566 279 3595 4061 4061 4060 4060 4060 4060 4060 4060
87 1777388653 3555 3700 3672 3651 3586 569 278 3596 4061 4061 4061 4061 4061 4061 4061 4061
88 1777388653 3554 3699 3671 3650 3586 557 280 3595 4061 4061 4060 4060 4060 4060 4060 4060
89 1777388653 3555 3700 3673 3652 3587 559 281 3594 4061 4061 4061 4061 4061 4061 4061 4061
90 1777388653 3554 3699 3672 3651 3586 556 280 3593 4061 4061 4061 4061 4061 4061 4061 4061
91 1777388653 3553 3698 3671 3650 3586 545 281 3594 4061 4061 4060 4060 4060 4060 4060 4060
92 1777388654 3556 3700 3673 3652 3586 554 281 3595 4059 4059 4059 4059 4059 4059 4059 4059
93 1777388654 3555 3700 3671 3651 3586 556 280 3595 4061 4061 4060 4060 4060 4060 4060 4060
94 1777388654 3555 3699 3672 3650 3586 548 281 3595 4061 4061 4061 4061 4061 4061 4061 4061
95 1777388654 3554 3699 3671 3650 3586 571 279 3595 4059 4059 4059 4059 4059 4059 4059 4059
96 1777388654 3555 3700 3672 3651 3586 566 279 3595 4059 4059 4059 4059 4059 4059 4059 4059
97 1777388654 3555 3700 3672 3651 3587 540 282 3595 4061 4059 4059 4059 4059 4059 4059 4059
98 1777388654 3556 3701 3673 3652 3588 563 280 612 4059 4059 4059 4059 4059 4059 4059 4059
99 1777388654 3554 3699 3672 3650 3587 558 281 3595 4061 4061 4060 4060 4060 4060 4060 4060
100 1777388654 3554 3699 3671 3650 3585 538 282 3595 4061 4061 4061 4061 4061 4061 4061 4061
101 1777388654 3554 3699 3671 3650 3586 546 281 3594 4061 4061 4061 4061 4061 4061 4061 4061
102 1777388654 3556 3700 3673 3652 3588 562 279 622 4061 4061 4060 4060 4060 4060 4060 4060
103 1777388654 3556 3701 3673 3652 3588 571 278 602 4061 4061 4060 4060 4060 4060 4060 4060
104 1777388654 3554 3699 3671 3650 3586 559 280 3595 4061 4061 4061 4061 4061 4061 4061 4061
105 1777388654 3555 3699 3672 3651 3587 559 281 3595 4059 4059 4059 4059 4059 4059 4059 4059
106 1777388654 3555 3700 3673 3651 3587 546 281 3596 4061 4061 4061 4061 4061 4061 4061 4061
107 1777388654 3556 3700 3673 3652 3588 560 280 614 4061 4061 4061 4061 4061 4061 4061 4061
108 1777388654 3555 3700 3672 3651 3586 568 279 3595 4059 4059 4059 4059 4059 4059 4059 4059
109 1777388654 3554 3699 3671 3651 3587 559 280 3596 4061 4061 4060 4060 4060 4060 4060 4060
110 1777388654 3557 3702 3674 3653 3588 556 281 593 4061 4061 4061 4061 4061 4061 4061 4061
111 1777388654 3555 3699 3671 3651 3586 560 280 3594 4061 4061 4061 4061 4061 4061 4061 4061
112 1777388654 3557 3702 3674 3654 3589 556 280 594 4061 4061 4060 4060 4060 4060 4060 4060
113 1777388654 3556 3701 3673 3653 3587 555 281 584 4061 4061 4060 4060 4060 4060 4060 4060
114 1777388654 3555 3700 3672 3652 3587 554 281 3596 4061 4061 4060 4060 4060 4060 4060 4060
115 1777388654 3555 3700 3672 3651 3587 549 281 3596 4061 4061 4060 4060 4060 4060 4060 4060
116 1777388655 3555 3700 3672 3651 3586 566 279 3595 4061 4061 4061 4061 4061 4061 4061 4061
117 1777388655 3555 3700 3672 3651 3586 554 281 3596 4059 4059 4059 4059 4059 4059 4059 4059
118 1777388655 3556 3701 3674 3652 3588 569 278 598 4061 4061 4060 4060 4060 4060 4060 4060
119 1777388655 3557 3702 3675 3653 3589 560 281 589 4059 4059 4059 4059 4059 4059 4059 4059
120 1777388655 3555 3700 3672 3651 3587 573 277 3595 4061 4061 4060 4060 4060 4060 4060 4060
121 1777388655 3555 3700 3672 3651 3587 545 282 3594 4061 4061 4060 4060 4060 4060 4060 4060
122 1777388655 3555 3700 3672 3651 3586 559 280 3596 4061 4061 4060 4060 4060 4060 4060 4060
123 1777388655 3555 3700 3672 3651 3587 537 282 3596 4061 4061 4060 4060 4060 4060 4060 4060
124 1777388655 3556 3700 3673 3652 3587 541 283 3596 4061 4061 4060 4060 4060 4060 4060 4060
125 1777388655 3555 3700 3672 3651 3587 558 281 3596 4061 4061 4060 4060 4060 4060 4060 4060
126 1777388655 3557 3702 3674 3653 3588 573 278 614 4061 4061 4060 4060 4060 4060 4060 4060
127 1777388655 3555 3699 3672 3651 3586 536 282 3595 4061 4061 4060 4060 4060 4060 4060 4060
128 1777388655 3556 3701 3674 3653 3588 548 281 607 4059 4059 4059 4059 4059 4059 4059 4059
129 1777388655 3557 3702 3674 3653 3588 559 281 609 4061 4061 4060 4060 4060 4060 4060 4060
130 1777388655 3555 3700 3672 3651 3586 554 281 3596 4061 4061 4061 4061 4061 4061 4061 4061
131 1777388655 3554 3700 3672 3651 3586 553 281 3595 4061 4061 4060 4060 4060 4060 4060 4060
132 1777388655 3556 3701 3673 3652 3588 566 279 600 4059 4059 4059 4059 4059 4059 4059 4059
133 1777388655 3554 3699 3671 3650 3586 553 281 3595 4061 4061 4061 4061 4061 4061 4061 4061
134 1777388655 3556 3701 3673 3652 3588 552 282 3596 4059 4059 4059 4059 4059 4059 4059 4059
135 1777388655 3556 3701 3672 3652 3587 552 281 3596 4061 4061 4061 4061 4061 4061 4061 4061
136 1777388655 3557 3702 3674 3653 3589 556 281 596 4061 4061 4061 4061 4061 4061 4061 4061
137 1777388655 3555 3700 3673 3651 3588 563 280 3596 4061 4061 4060 4060 4060 4060 4060 4060
138 1777388655 3555 3700 3673 3652 3587 555 282 3596 4061 4061 4061 4061 4061 4061 4061 4061
139 1777388655 3557 3702 3674 3653 3589 575 277 602 4061 4061 4060 4060 4060 4060 4060 4060
140 1777388655 3556 3700 3673 3652 3588 577 276 603 4061 4061 4061 4061 4061 4061 4061 4061
141 1777388655 3555 3699 3671 3650 3586 571 279 3595 4059 4059 4059 4059 4059 4059 4059 4059
142 1777388655 3557 3702 3675 3654 3590 553 281 634 4059 4059 4059 4059 4059 4059 4059 4059
143 1777388656 3557 3701 3674 3653 3588 543 282 615 4061 4059 4059 4059 4059 4059 4059 4059
144 1777388656 3555 3700 3672 3651 3586 545 282 3595 4061 4061 4060 4060 4060 4060 4060 4060
145 1777388656 3556 3701 3674 3653 3588 555 281 587 4061 4061 4061 4061 4061 4061 4061 4061
146 1777388656 3556 3700 3672 3651 3587 550 282 3595 4061 4061 4060 4060 4060 4060 4060 4060
147 1777388656 3556 3700 3673 3652 3587 570 279 3596 4061 4061 4061 4061 4061 4061 4061 4061
148 1777388656 3555 3699 3671 3651 3586 541 282 3595 4061 4061 4061 4061 4061 4061 4061 4061
149 1777388656 3557 3701 3674 3653 3589 557 281 641 4059 4059 4059 4059 4059 4059 4059 4059
150 1777388656 3555 3700 3672 3651 3587 549 282 3596 4061 4061 4060 4060 4060 4060 4060 4060
151 1777388656 3556 3701 3673 3652 3588 545 282 3596 4061 4061 4061 4061 4061 4061 4061 4061
152 1777388656 3555 3699 3672 3651 3586 547 282 3595 4059 4059 4059 4059 4059 4059 4059 4059
153 1777388656 3555 3700 3672 3651 3587 555 281 3596 4061 4061 4060 4060 4060 4060 4060 4060
154 1777388656 3557 3702 3674 3653 3589 570 279 593 4061 4061 4061 4061 4061 4061 4061 4061
155 1777388656 3555 3700 3672 3652 3587 532 282 3596 4061 4061 4060 4060 4060 4060 4060 4060
156 1777388656 3556 3700 3672 3651 3587 546 281 3596 4061 4061 4061 4061 4061 4061 4061 4061
157 1777388656 3556 3700 3672 3652 3587 548 282 3595 4061 4061 4060 4060 4060 4060 4060 4060
158 1777388656 3556 3700 3673 3652 3588 530 282 3596 4061 4061 4060 4060 4060 4060 4060 4060
159 1777388656 3557 3702 3675 3653 3589 578 276 596 4061 4061 4060 4060 4060 4060 4060 4060
160 1777388656 3556 3701 3673 3652 3588 529 283 3595 4061 4061 4060 4060 4060 4060 4060 4060
161 1777388656 3556 3701 3674 3653 3589 550 281 598 4059 4059 4059 4059 4059 4059 4059 4059
162 1777388656 3556 3701 3673 3652 3588 544 281 3597 4061 4061 4060 4060 4060 4060 4060 4060
163 1777388656 3555 3700 3673 3652 3588 559 282 3596 4061 4061 4061 4061 4061 4061 4061 4061
164 1777388656 3557 3702 3674 3654 3589 570 279 594 4061 4061 4061 4061 4061 4061 4061 4061
165 1777388656 3555 3701 3673 3652 3587 573 279 3596 4061 4061 4061 4061 4061 4061 4061 4061
166 1777388657 3557 3701 3674 3652 3588 556 282 3596 4061 4061 4060 4060 4060 4060 4060 4060
167 1777388657 3556 3701 3673 3652 3586 563 281 3596 4061 4061 4060 4060 4060 4060 4060 4060
168 1777388657 3556 3701 3673 3652 3587 536 282 3596 4061 4061 4061 4061 4061 4061 4061 4061
169 1777388657 3558 3702 3675 3654 3589 561 281 618 4061 4061 4060 4060 4060 4060 4060 4060
170 1777388657 3555 3700 3672 3652 3587 558 281 3595 4059 4059 4059 4059 4059 4059 4059 4059
171 1777388657 3555 3700 3672 3651 3587 569 280 3596 4061 4061 4060 4060 4060 4060 4060 4060
172 1777388657 3556 3701 3673 3652 3588 552 281 3597 4061 4061 4061 4061 4061 4061 4061 4061
173 1777388657 3557 3702 3674 3653 3588 538 282 3596 4061 4059 4059 4059 4059 4059 4059 4059
174 1777388657 3558 3703 3674 3654 3589 554 281 602 4061 4061 4060 4060 4060 4060 4060 4060
175 1777388657 3556 3700 3673 3652 3587 563 280 3596 4061 4061 4061 4061 4061 4061 4061 4061
176 1777388657 3556 3700 3672 3651 3587 568 279 3596 4057 4057 4057 4057 4057 4057 4057 4057
177 1777388657 3558 3702 3674 3654 3589 549 281 582 4061 4061 4060 4060 4060 4060 4060 4060
178 1777388657 3555 3700 3673 3652 3587 544 282 3595 4061 4061 4061 4061 4061 4061 4061 4061
179 1777388657 3557 3702 3674 3653 3589 551 281 587 4061 4061 4061 4061 4061 4061 4061 4061
180 1777388657 3556 3701 3673 3652 3588 556 281 3596 4059 4059 4059 4059 4059 4059 4059 4059
181 1777388657 3556 3701 3673 3652 3588 564 279 3596 4061 4061 4060 4060 4060 4060 4060 4060
182 1777388657 3556 3701 3674 3652 3588 570 279 3597 4061 4061 4061 4061 4061 4061 4061 4061
183 1777388657 3556 3700 3673 3652 3587 551 282 3596 4061 4061 4060 4060 4060 4060 4060 4060
184 1777388657 3556 3701 3673 3653 3588 563 280 3597 4061 4061 4060 4060 4060 4060 4060 4060
185 1777388657 3558 3703 3675 3654 3590 583 274 602 4061 4061 4060 4060 4060 4060 4060 4060
186 1777388657 3556 3701 3673 3652 3588 540 282 3596 4061 4061 4060 4060 4060 4060 4060 4060
187 1777388657 3557 3702 3675 3654 3589 557 281 618 4061 4061 4060 4060 4060 4060 4060 4060
188 1777388657 3556 3700 3673 3652 3588 547 282 3596 4061 4061 4061 4061 4061 4061 4061 4061
189 1777388657 3557 3702 3674 3653 3589 530 283 3597 4061 4061 4060 4060 4060 4060 4060 4060
190 1777388657 3556 3700 3673 3652 3587 558 281 3596 4059 4059 4059 4059 4059 4059 4059 4059
191 1777388665 3556 3701 3673 3652 3587 572 279 614 4061 4061 4060 4060 4060 4060 4060 4060
192 1777388665 3556 3701 3673 3652 3588 552 282 581 4061 4061 4061 4061 4061 4061 4061 4061
193 1777388665 3554 3699 3671 3650 3586 540 282 3594 4061 4061 4061 4061 4061 4061 4061 4061
194 1777388666 3555 3699 3672 3651 3586 559 281 3596 4061 4061 4061 4061 4061 4061 4061 4061
195 1777388666 3556 3702 3674 3653 3588 576 277 593 4061 4061 4060 4060 4060 4060 4060 4060
196 1777388666 3556 3701 3673 3652 3588 568 279 603 4061 4061 4060 4060 4060 4060 4060 4060
197 1777388666 3554 3700 3672 3650 3586 546 282 3595 4059 4059 4059 4059 4059 4059 4059 4059
198 1777388666 3556 3700 3672 3652 3587 561 281 3596 4061 4061 4061 4061 4061 4061 4061 4061
199 1777388666 3557 3702 3674 3654 3589 572 279 612 4059 4059 4059 4059 4059 4059 4059 4059
200 1777388666 3554 3699 3671 3651 3586 563 280 3594 4061 4061 4061 4061 4061 4061 4061 4061
201 1777388666 3554 3699 3672 3651 3586 546 282 3595 4061 4061 4060 4060 4060 4060 4060 4060
202 1777388666 3555 3700 3672 3651 3587 571 279 3595 4061 4061 4060 4060 4060 4060 4060 4060
203 1777388666 3556 3700 3673 3652 3587 564 281 3596 4061 4061 4061 4061 4061 4061 4061 4061
204 1777388666 3555 3700 3672 3651 3587 571 279 3596 4061 4061 4061 4061 4061 4061 4061 4061
205 1777388666 3558 3702 3674 3653 3589 554 281 608 4061 4061 4061 4061 4061 4061 4061 4061
206 1777388666 3557 3701 3674 3653 3589 565 280 581 4061 4061 4061 4061 4061 4061 4061 4061
207 1777388666 3557 3702 3674 3653 3589 580 276 599 4061 4061 4060 4060 4060 4060 4060 4060
208 1777388666 3554 3699 3671 3650 3586 547 282 3594 4061 4061 4060 4060 4060 4060 4060 4060
209 1777388666 3556 3700 3673 3651 3587 570 279 3596 4061 4061 4060 4060 4060 4060 4060 4060
210 1777388666 3556 3701 3674 3653 3589 563 280 584 4061 4061 4060 4060 4060 4060 4060 4060
211 1777388666 3557 3702 3675 3654 3589 558 282 663 4061 4059 4059 4059 4059 4059 4059 4059
212 1777388666 3556 3700 3672 3651 3587 546 282 3596 4057 4057 4057 4057 4057 4057 4057 4057
213 1777388666 3556 3700 3673 3651 3587 550 282 3596 4061 4061 4061 4061 4061 4061 4061 4061
214 1777388666 3557 3701 3674 3652 3588 575 279 3596 4061 4061 4060 4060 4060 4060 4060 4060
215 1777388666 3555 3699 3672 3651 3587 564 280 3595 4061 4061 4060 4060 4060 4060 4060 4060
216 1777388666 3556 3701 3673 3651 3587 561 281 3594 4061 4061 4061 4061 4061 4061 4061 4061
217 1777388666 3557 3703 3675 3654 3589 562 281 594 4061 4061 4060 4060 4060 4060 4060 4060
218 1777388666 3557 3702 3674 3654 3589 561 281 608 4061 4061 4060 4060 4060 4060 4060 4060
219 1777388666 3556 3701 3673 3652 3588 550 282 3596 4061 4061 4060 4060 4060 4060 4060 4060
220 1777388666 3557 3701 3673 3652 3588 558 282 3597 4059 4059 4059 4059 4059 4059 4059 4059
221 1777388666 3557 3702 3674 3653 3588 559 281 613 4059 4059 4059 4059 4059 4059 4059 4059
222 1777388666 3555 3699 3672 3651 3587 555 282 3596 4060 4061 4060 4060 4060 4060 4060 4060
223 1777388666 3555 3700 3673 3651 3588 558 281 3595 4061 4061 4060 4060 4060 4060 4060 4060
224 1777388666 3555 3699 3672 3651 3587 556 282 3596 4061 4061 4060 4060 4060 4060 4060 4060
225 1777388666 3558 3702 3674 3653 3589 546 282 604 4061 4061 4061 4061 4061 4061 4061 4061
226 1777388666 3555 3699 3672 3651 3587 557 281 3596 4061 4061 4061 4061 4061 4061 4061 4061
227 1777388666 3553 3698 3671 3650 3586 569 278 3595 4061 4061 4060 4060 4060 4060 4060 4060
228 1777388666 3554 3698 3671 3650 3586 553 279 3594 4061 4061 4060 4060 4060 4060 4060 4060
229 1777388666 3555 3699 3672 3650 3586 543 281 3595 4061 4061 4060 4060 4060 4060 4060 4060
230 1777388667 3555 3700 3673 3651 3587 550 280 629 4061 4061 4061 4061 4061 4061 4061 4061
231 1777388667 3552 3697 3669 3648 3584 542 280 3593 4061 4061 4061 4061 4061 4061 4061 4061
232 1777388667 3555 3699 3671 3650 3585 565 278 3594 4061 4061 4061 4061 4061 4061 4061 4061
233 1777388667 3554 3698 3671 3650 3586 539 281 3593 4061 4061 4060 4060 4060 4060 4060 4060
234 1777388667 3554 3699 3671 3650 3586 563 279 3594 4061 4061 4060 4060 4060 4060 4060 4060
235 1777388667 3554 3698 3671 3650 3585 573 276 3594 4061 4061 4060 4060 4060 4060 4060 4060
236 1777388667 3555 3700 3672 3651 3587 557 279 599 4061 4061 4060 4060 4060 4060 4060 4060
237 1777388667 3554 3698 3671 3650 3586 571 277 3594 4061 4061 4060 4060 4060 4060 4060 4060
238 1777388667 3555 3699 3672 3651 3586 573 276 600 4061 4061 4061 4061 4061 4061 4061 4061
239 1777388667 3554 3698 3671 3650 3586 540 280 3595 4059 4059 4058 4058 4058 4058 4058 4058
240 1777388667 3555 3699 3671 3650 3586 548 280 3595 4059 4059 4059 4059 4059 4059 4059 4059
241 1777388667 3556 3701 3673 3652 3588 551 280 580 4061 4061 4060 4060 4060 4060 4060 4060
242 1777388667 3555 3700 3672 3651 3587 569 277 615 4061 4061 4061 4061 4061 4061 4061 4061
243 1777388667 3554 3699 3671 3651 3586 566 278 3594 4061 4061 4060 4060 4060 4060 4060 4060
244 1777388667 3555 3699 3671 3651 3586 573 276 3594 4061 4061 4061 4061 4061 4061 4061 4061
245 1777388667 3554 3699 3671 3650 3585 555 280 3594 4061 4061 4060 4060 4060 4060 4060 4060
246 1777388667 3554 3699 3672 3650 3586 568 278 3595 4059 4059 4058 4058 4058 4058 4058 4058
247 1777388667 3554 3698 3671 3650 3586 563 279 3594 4061 4061 4060 4060 4060 4060 4060 4060
248 1777388667 3555 3699 3671 3651 3586 559 279 3594 4061 4061 4060 4060 4060 4060 4060 4060
249 1777388667 3555 3700 3672 3651 3587 556 279 3595 4061 4061 4061 4061 4061 4061 4061 4061
250 1777388667 3554 3698 3671 3650 3586 569 278 3592 4059 4059 4059 4059 4059 4059 4059 4059
251 1777388667 3555 3699 3671 3650 3586 558 280 3595 4061 4061 4061 4061 4061 4061 4061 4061
252 1777388667 3554 3699 3671 3651 3586 539 281 3594 4061 4061 4060 4060 4060 4060 4060 4060
253 1777388667 3554 3699 3672 3650 3586 546 281 3595 4061 4061 4061 4061 4061 4061 4061 4061
254 1777388667 3554 3699 3671 3650 3586 556 280 3595 4059 4059 4059 4059 4059 4059 4059 4059
255 1777388667 3554 3699 3671 3650 3586 572 277 3595 4061 4061 4061 4061 4061 4061 4061 4061
256 1777388667 3556 3700 3673 3651 3587 569 278 620 4061 4061 4060 4060 4060 4060 4060 4060
257 1777388667 3555 3700 3672 3651 3586 558 279 3595 4061 4061 4060 4060 4060 4060 4060 4060
258 1777388667 3555 3700 3672 3651 3586 553 280 3595 4061 4061 4061 4061 4061 4061 4061 4061
259 1777388667 3554 3698 3670 3650 3585 556 279 3594 4061 4061 4060 4060 4060 4060 4060 4060
260 1777388667 3554 3699 3671 3650 3585 550 280 3595 4061 4061 4060 4060 4060 4060 4060 4060
261 1777388667 3554 3698 3671 3650 3586 578 273 3595 4061 4061 4060 4060 4060 4060 4060 4060
262 1777388667 3554 3699 3671 3650 3586 553 280 3595 4061 4061 4061 4061 4061 4061 4061 4061
263 1777388667 3554 3698 3671 3650 3586 570 277 3594 4061 4061 4061 4061 4061 4061 4061 4061
264 1777388668 3555 3700 3672 3651 3587 548 280 3595 4061 4061 4060 4060 4060 4060 4060 4060
265 1777388668 3554 3699 3672 3651 3587 533 281 3595 4061 4061 4060 4060 4060 4060 4060 4060
266 1777388668 3556 3701 3673 3652 3588 555 280 583 4061 4061 4061 4061 4061 4061 4061 4061
267 1777388668 3555 3700 3672 3651 3586 541 281 3595 4061 4061 4060 4060 4060 4060 4060 4060
268 1777388668 3555 3699 3672 3651 3586 576 276 3595 4061 4061 4060 4060 4060 4060 4060 4060
269 1777388668 3554 3699 3671 3650 3586 554 281 3595 4061 4061 4061 4061 4061 4061 4061 4061
270 1777388668 3555 3700 3672 3651 3587 552 281 3595 4061 4061 4061 4061 4061 4061 4061 4061
271 1777388668 3554 3699 3671 3650 3586 557 280 3594 4061 4061 4060 4060 4060 4060 4060 4060
272 1777388668 3554 3699 3672 3651 3586 573 278 3595 4059 4059 4059 4059 4059 4059 4059 4059
273 1777388668 3555 3699 3672 3651 3587 550 280 584 4061 4061 4060 4060 4060 4060 4060 4060
274 1777388668 3554 3699 3672 3651 3586 561 279 3594 4061 4061 4060 4060 4060 4060 4060 4060
275 1777388668 3556 3700 3672 3652 3587 537 281 591 4061 4061 4061 4061 4061 4061 4061 4061
276 1777388668 3554 3699 3671 3650 3585 571 278 3595 4061 4061 4061 4061 4061 4061 4061 4061
277 1777388668 3554 3699 3671 3650 3586 570 278 3595 4061 4061 4061 4061 4061 4061 4061 4061
278 1777388668 3556 3701 3672 3652 3587 555 280 3596 4061 4061 4061 4061 4061 4061 4061 4061
279 1777388668 3557 3701 3674 3653 3588 562 279 565 4061 4061 4060 4060 4060 4060 4060 4060
280 1777388668 3554 3698 3671 3650 3586 547 280 3594 4061 4061 4060 4060 4060 4060 4060 4060
281 1777388668 3555 3700 3673 3651 3587 558 280 3595 4061 4061 4060 4060 4060 4060 4060 4060
282 1777388668 3554 3699 3672 3650 3586 571 277 3595 4061 4061 4060 4060 4060 4060 4060 4060
283 1777388668 3557 3701 3674 3653 3589 572 277 615 4061 4061 4061 4061 4061 4061 4061 4061
284 1777388668 3555 3699 3671 3651 3587 546 281 3594 4061 4061 4060 4060 4060 4060 4060 4060
285 1777388668 3554 3699 3672 3650 3587 560 280 3595 4061 4061 4060 4060 4060 4060 4060 4060
286 1777388668 3554 3699 3671 3651 3587 553 280 3595 4061 4061 4061 4061 4061 4061 4061 4061
287 1777388668 3554 3699 3671 3650 3585 559 279 3594 4061 4061 4060 4060 4060 4060 4060 4060
288 1777388668 3556 3701 3673 3652 3587 563 279 638 4061 4061 4061 4061 4061 4061 4061 4061
289 1777388668 3555 3700 3672 3651 3586 551 281 3595 4059 4059 4059 4059 4059 4059 4059 4059
290 1777388668 3554 3699 3671 3650 3586 535 282 3596 4061 4061 4060 4060 4060 4060 4060 4060
291 1777388668 3555 3700 3672 3651 3587 562 279 3595 4059 4059 4059 4059 4059 4059 4059 4059
292 1777388668 3554 3699 3672 3650 3586 559 279 3595 4059 4059 4059 4059 4059 4059 4059 4059
293 1777388668 3554 3698 3671 3650 3585 535 282 3594 4061 4061 4061 4061 4061 4061 4061 4061
294 1777388669 3555 3699 3671 3650 3586 548 281 3595 4061 4061 4061 4061 4061 4061 4061 4061
295 1777388669 3555 3700 3672 3651 3586 560 279 3595 4061 4061 4060 4060 4060 4060 4060 4060
296 1777388669 3554 3699 3672 3651 3587 550 281 3594 4061 4061 4061 4061 4061 4061 4061 4061
297 1777388669 3556 3701 3673 3652 3588 558 279 620 4061 4061 4060 4060 4060 4060 4060 4060
298 1777388669 3555 3700 3672 3651 3587 560 280 3596 4059 4059 4059 4059 4059 4059 4059 4059
299 1777388669 3555 3700 3671 3650 3586 551 281 3595 4061 4061 4061 4061 4061 4061 4061 4061
300 1777388669 3556 3700 3673 3651 3587 541 281 3596 4061 4061 4061 4061 4061 4061 4061 4061
301 1777388669 3554 3699 3671 3650 3586 559 280 3595 4061 4061 4060 4060 4060 4060 4060 4060
302 1777388669 3557 3701 3673 3652 3588 573 277 613 4061 4061 4060 4060 4060 4060 4060 4060
303 1777388669 3554 3699 3671 3650 3586 542 281 3594 4061 4061 4061 4061 4061 4061 4061 4061
304 1777388669 3555 3700 3672 3651 3587 548 281 3596 4061 4061 4061 4061 4061 4061 4061 4061
305 1777388669 3555 3700 3672 3651 3586 543 281 3595 4061 4061 4060 4060 4060 4060 4060 4060
306 1777388669 3555 3700 3672 3651 3586 551 281 3595 4061 4061 4060 4060 4060 4060 4060 4060
307 1777388669 3555 3700 3672 3651 3586 553 280 3595 4059 4059 4059 4059 4059 4059 4059 4059
308 1777388669 3555 3699 3671 3650 3586 553 281 3595 4061 4061 4061 4061 4061 4061 4061 4061
309 1777388669 3557 3702 3674 3654 3589 562 279 601 4059 4059 4059 4059 4059 4059 4059 4059
310 1777388669 3555 3700 3672 3651 3587 537 281 3596 4061 4061 4061 4061 4061 4061 4061 4061
311 1777388669 3555 3699 3671 3651 3586 543 281 3595 4059 4059 4059 4059 4059 4059 4059 4059
312 1777388669 3557 3701 3673 3652 3588 563 279 603 4061 4061 4060 4060 4060 4060 4060 4060
313 1777388669 3557 3701 3674 3652 3588 560 280 608 4061 4061 4060 4060 4060 4060 4060 4060
314 1777388669 3556 3701 3673 3652 3587 577 276 591 4061 4061 4060 4060 4060 4060 4060 4060
315 1777388669 3556 3701 3674 3652 3588 563 279 592 4061 4061 4060 4060 4060 4060 4060 4060
316 1777388669 3555 3700 3672 3651 3587 552 280 3595 4061 4061 4060 4060 4060 4060 4060 4060
317 1777388670 3554 3699 3671 3650 3586 566 279 3595 4061 4061 4061 4061 4061 4061 4061 4061
318 1777388677 3553 3698 3671 3649 3585 552 281 3593 4061 4061 4060 4060 4060 4060 4060 4060
319 1777388678 3555 3699 3672 3651 3586 552 281 594 4063 4061 4061 4061 4061 4061 4061 4061
320 1777388678 3553 3698 3671 3650 3586 560 280 3593 4059 4059 4059 4059 4059 4059 4059 4059
321 1777388678 3556 3700 3673 3652 3587 555 281 3596 4061 4061 4060 4060 4060 4060 4060 4060
322 1777388678 3554 3698 3671 3650 3585 573 277 3594 4061 4061 4061 4061 4061 4061 4061 4061
323 1777388678 3555 3699 3672 3651 3586 575 276 3595 4061 4061 4060 4060 4060 4060 4060 4060
324 1777388678 3554 3699 3671 3650 3586 558 280 3595 4061 4061 4060 4060 4060 4060 4060 4060
325 1777388678 3554 3699 3671 3650 3586 565 279 3595 4061 4061 4060 4060 4060 4060 4060 4060
326 1777388678 3554 3699 3672 3650 3586 554 280 3595 4061 4061 4060 4060 4060 4060 4060 4060
327 1777388678 3555 3700 3673 3651 3586 552 281 3594 4061 4061 4060 4060 4060 4060 4060 4060
328 1777388678 3554 3699 3671 3650 3586 558 280 3595 4061 4061 4061 4061 4061 4061 4061 4061
329 1777388678 3554 3699 3671 3651 3586 540 281 3595 4061 4061 4060 4060 4060 4060 4060 4060
330 1777388678 3554 3699 3672 3651 3587 550 280 3595 4061 4061 4060 4060 4060 4060 4060 4060
331 1777388678 3557 3701 3673 3652 3588 556 280 572 4061 4061 4060 4060 4060 4060 4060 4060
332 1777388678 3555 3700 3671 3651 3586 552 281 3595 4061 4061 4060 4060 4060 4060 4060 4060
333 1777388678 3555 3699 3672 3651 3586 569 278 3595 4061 4061 4061 4061 4061 4061 4061 4061
334 1777388678 3557 3702 3674 3652 3588 570 278 606 4059 4059 4059 4059 4059 4059 4059 4059
335 1777388678 3554 3699 3672 3651 3587 545 281 3595 4061 4061 4061 4061 4061 4061 4061 4061
336 1777388678 3555 3700 3672 3651 3586 564 279 3595 4059 4059 4059 4059 4059 4059 4059 4059
337 1777388678 3555 3700 3672 3651 3587 557 280 3596 4061 4061 4061 4061 4061 4061 4061 4061
338 1777388678 3556 3701 3673 3652 3587 563 280 598 4061 4061 4060 4060 4060 4060 4060 4060
339 1777388678 3555 3700 3672 3651 3587 544 281 3595 4061 4061 4061 4061 4061 4061 4061 4061
340 1777388678 3555 3700 3672 3651 3587 564 279 3596 4061 4061 4060 4060 4060 4060 4060 4060
341 1777388678 3556 3700 3672 3651 3587 552 281 3596 4061 4061 4060 4060 4060 4060 4060 4060
342 1777388678 3554 3699 3671 3650 3586 556 280 3595 4061 4061 4060 4060 4060 4060 4060 4060
343 1777388678 3556 3700 3673 3651 3587 557 281 3594 4061 4061 4060 4060 4060 4060 4060 4060
344 1777388678 3557 3702 3674 3653 3589 555 280 583 4059 4059 4059 4059 4059 4059 4059 4059
345 1777388678 3557 3702 3674 3653 3589 566 279 628 4061 4061 4060 4060 4060 4060 4060 4060
346 1777388678 3557 3702 3674 3653 3588 543 281 599 4061 4061 4060 4060 4060 4060 4060 4060
347 1777388678 3556 3700 3673 3652 3587 539 282 3595 4061 4061 4060 4060 4060 4060 4060 4060
348 1777388678 3557 3701 3674 3653 3588 562 280 598 4061 4061 4060 4060 4060 4060 4060 4060
349 1777388678 3554 3700 3672 3651 3587 553 281 3596 4061 4061 4060 4060 4060 4060 4060 4060
350 1777388679 3556 3700 3673 3652 3587 546 281 3595 4059 4059 4059 4059 4059 4059 4059 4059
351 1777388679 3556 3701 3673 3652 3587 573 278 3596 4061 4061 4060 4060 4060 4060 4060 4060
352 1777388679 3556 3701 3674 3653 3588 566 279 637 4061 4061 4060 4060 4060 4060 4060 4060
353 1777388679 3555 3700 3672 3652 3587 554 281 3596 4061 4061 4060 4060 4060 4060 4060 4060
354 1777388679 3555 3700 3672 3651 3587 549 281 3596 4061 4061 4061 4061 4061 4061 4061 4061
355 1777388679 3554 3699 3671 3651 3586 552 280 3596 4061 4061 4061 4061 4061 4061 4061 4061
356 1777388679 3555 3699 3672 3651 3587 506 282 3595 4061 4061 4060 4060 4060 4060 4060 4060
357 1777388679 3555 3700 3672 3651 3587 551 281 3595 4061 4061 4061 4061 4061 4061 4061 4061
358 1777388679 3557 3702 3674 3653 3589 566 279 616 4061 4061 4060 4060 4060 4060 4060 4060
359 1777388679 3555 3699 3672 3651 3587 569 278 3594 4061 4061 4061 4061 4061 4061 4061 4061
360 1777388679 3556 3701 3673 3653 3588 541 281 3597 4061 4061 4061 4061 4061 4061 4061 4061
361 1777388679 3557 3702 3675 3654 3589 565 279 603 4061 4061 4061 4061 4061 4061 4061 4061
362 1777388679 3556 3700 3673 3652 3587 546 281 3596 4061 4061 4061 4061 4061 4061 4061 4061
363 1777388679 3555 3700 3672 3651 3587 532 282 3596 4061 4061 4060 4060 4060 4060 4060 4060
364 1777388679 3556 3700 3673 3652 3588 550 281 3596 4061 4061 4061 4061 4061 4061 4061 4061
365 1777388679 3556 3701 3673 3652 3588 569 278 3596 4059 4059 4059 4059 4059 4059 4059 4059
366 1777388679 3557 3702 3674 3653 3588 564 280 598 4061 4061 4061 4061 4061 4061 4061 4061
367 1777388679 3555 3700 3672 3651 3587 534 282 3596 4061 4061 4061 4061 4061 4061 4061 4061
368 1777388679 3555 3700 3673 3652 3587 557 280 3596 4061 4061 4060 4060 4060 4060 4060 4060
369 1777388679 3555 3699 3672 3651 3587 533 282 3595 4061 4061 4060 4060 4060 4060 4060 4060
370 1777388679 3557 3702 3675 3654 3589 560 280 594 4061 4061 4060 4060 4060 4060 4060 4060
371 1777388679 3555 3699 3672 3651 3587 558 280 3596 4061 4061 4060 4060 4060 4060 4060 4060
372 1777388679 3555 3700 3673 3652 3587 552 281 3596 4061 4061 4061 4061 4061 4061 4061 4061
373 1777388679 3558 3702 3674 3653 3589 560 280 602 4061 4061 4061 4061 4061 4061 4061 4061
374 1777388679 3558 3703 3675 3654 3589 566 280 602 4061 4061 4060 4060 4060 4060 4060 4060
375 1777388679 3555 3700 3672 3651 3587 557 281 3595 4061 4061 4060 4060 4060 4060 4060 4060
376 1777388679 3556 3701 3673 3652 3587 554 281 3597 4061 4061 4061 4061 4061 4061 4061 4061
377 1777388679 3555 3699 3672 3651 3587 561 280 3595 4061 4061 4061 4061 4061 4061 4061 4061
378 1777388680 3555 3700 3672 3652 3587 552 281 3596 4061 4061 4061 4061 4061 4061 4061 4061
379 1777388680 3555 3700 3672 3651 3587 538 282 3596 4061 4061 4061 4061 4061 4061 4061 4061
380 1777388680 3556 3700 3672 3652 3588 570 279 3596 4061 4061 4060 4060 4060 4060 4060 4060
381 1777388680 3555 3700 3672 3651 3587 568 280 3596 4061 4061 4060 4060 4060 4060 4060 4060
382 1777388680 3557 3702 3674 3653 3589 562 280 618 4061 4061 4060 4060 4060 4060 4060 4060
383 1777388680 3555 3700 3673 3651 3587 544 282 3594 4063 4061 4061 4061 4061 4061 4061 4061
384 1777388680 3558 3702 3675 3654 3589 568 280 622 4061 4061 4061 4061 4061 4061 4061 4061
385 1777388680 3556 3700 3673 3652 3587 557 281 3596 4061 4061 4060 4060 4060 4060 4060 4060
386 1777388680 3558 3703 3675 3654 3589 568 280 634 4061 4061 4061 4061 4061 4061 4061 4061
387 1777388680 3556 3700 3672 3651 3587 557 281 3596 4059 4059 4059 4059 4059 4059 4059 4059
388 1777388688 3553 3698 3671 3650 3586 559 280 3594 4061 4061 4060 4060 4060 4060 4060 4060
389 1777388688 3556 3700 3673 3652 3587 575 277 3595 4061 4061 4060 4060 4060 4060 4060 4060
390 1777388688 3555 3699 3672 3651 3586 574 278 3594 4061 4061 4060 4060 4060 4060 4060 4060
391 1777388688 3556 3701 3674 3653 3589 566 279 626 4061 4061 4061 4061 4061 4061 4061 4061
392 1777388688 3556 3700 3673 3651 3587 554 281 3596 4059 4059 4059 4059 4059 4059 4059 4059
393 1777388688 3555 3700 3672 3651 3587 549 281 3595 4061 4061 4060 4060 4060 4060 4060 4060
394 1777388688 3555 3699 3671 3651 3586 548 281 3595 4061 4061 4060 4060 4060 4060 4060 4060
395 1777388688 3555 3700 3672 3652 3587 571 278 3596 4061 4061 4061 4061 4061 4061 4061 4061
396 1777388688 3557 3701 3674 3653 3589 569 279 605 4061 4061 4061 4061 4061 4061 4061 4061
397 1777388688 3556 3700 3673 3652 3588 568 279 621 4061 4061 4060 4060 4060 4060 4060 4060
398 1777388688 3557 3702 3674 3653 3588 565 279 612 4061 4061 4061 4061 4061 4061 4061 4061
399 1777388688 3555 3699 3671 3651 3586 566 279 3595 4061 4061 4060 4060 4060 4060 4060 4060
400 1777388688 3556 3700 3672 3651 3587 551 282 3595 4061 4061 4061 4061 4061 4061 4061 4061
401 1777388688 3554 3699 3672 3650 3586 562 280 3594 4061 4061 4060 4060 4060 4060 4060 4060
402 1777388688 3554 3699 3671 3650 3586 543 282 3595 4061 4061 4061 4061 4061 4061 4061 4061
403 1777388688 3557 3701 3674 3653 3588 546 281 577 4061 4061 4060 4060 4060 4060 4060 4060
404 1777388688 3554 3699 3671 3650 3585 551 282 3595 4061 4061 4061 4061 4061 4061 4061 4061
405 1777388688 3555 3701 3673 3652 3588 552 281 3595 4061 4061 4060 4060 4060 4060 4060 4060
406 1777388688 3555 3700 3673 3652 3588 548 282 3596 4061 4061 4061 4061 4061 4061 4061 4061
407 1777388688 3558 3702 3675 3654 3589 562 280 611 4061 4061 4060 4060 4060 4060 4060 4060
408 1777388688 3556 3701 3673 3651 3587 559 281 3596 4061 4061 4060 4060 4060 4060 4060 4060
409 1777388688 3556 3700 3672 3651 3587 575 278 3595 4061 4061 4060 4060 4060 4060 4060 4060
410 1777388688 3555 3700 3672 3651 3587 563 280 3596 4061 4061 4061 4061 4061 4061 4061 4061
411 1777388688 3555 3700 3672 3652 3587 562 281 3595 4061 4061 4061 4061 4061 4061 4061 4061
412 1777388688 3555 3700 3672 3651 3587 547 282 3596 4061 4061 4061 4061 4061 4061 4061 4061
413 1777388689 3556 3701 3674 3653 3588 564 279 591 4061 4061 4061 4061 4061 4061 4061 4061
414 1777388689 3557 3701 3673 3653 3588 549 281 573 4061 4061 4060 4060 4060 4060 4060 4060
415 1777388689 3557 3701 3673 3652 3588 555 281 3596 4061 4061 4060 4060 4060 4060 4060 4060
416 1777388689 3557 3702 3674 3653 3590 561 281 582 4061 4061 4060 4060 4060 4060 4060 4060
417 1777388689 3556 3700 3673 3651 3587 544 282 3595 4061 4061 4061 4061 4061 4061 4061 4061
418 1777388689 3558 3703 3675 3654 3589 566 280 591 4059 4059 4059 4059 4059 4059 4059 4059
419 1777388689 3556 3700 3673 3652 3587 555 281 3597 4061 4061 4060 4060 4060 4060 4060 4060
420 1777388689 3556 3701 3674 3653 3589 554 281 3597 4061 4061 4060 4060 4060 4060 4060 4060
421 1777388689 3556 3700 3673 3652 3587 545 282 3595 4061 4061 4060 4060 4060 4060 4060 4060
422 1777388689 3556 3701 3673 3652 3587 558 281 3596 4061 4061 4061 4061 4061 4061 4061 4061
423 1777388689 3557 3702 3674 3653 3588 570 280 587 4061 4061 4060 4060 4060 4060 4060 4060
424 1777388689 3556 3701 3673 3652 3587 569 279 3597 4061 4061 4060 4060 4060 4060 4060 4060
425 1777388689 3555 3700 3672 3651 3587 573 278 3595 4061 4061 4061 4061 4061 4061 4061 4061
426 1777388689 3557 3702 3675 3653 3589 567 279 610 4059 4059 4059 4059 4059 4059 4059 4059
427 1777388689 3555 3700 3673 3652 3587 562 280 3597 4061 4061 4060 4060 4060 4060 4060 4060
428 1777388689 3557 3702 3675 3653 3589 551 282 608 4063 4061 4061 4061 4061 4061 4061 4061
429 1777388689 3556 3700 3672 3652 3587 551 282 3595 4061 4061 4061 4061 4061 4061 4061 4061
430 1777388689 3557 3701 3674 3653 3588 558 281 3598 4061 4061 4061 4061 4061 4061 4061 4061
431 1777388689 3557 3702 3675 3654 3589 571 279 613 4061 4061 4060 4060 4060 4060 4060 4060
432 1777388689 3556 3701 3673 3652 3588 568 279 3596 4061 4061 4061 4061 4061 4061 4061 4061
433 1777388689 3556 3700 3672 3651 3587 542 282 3596 4061 4061 4060 4060 4060 4060 4060 4060
434 1777388689 3557 3703 3675 3654 3590 563 280 601 4061 4061 4060 4060 4060 4060 4060 4060
435 1777388689 3557 3701 3674 3652 3588 544 282 3597 4059 4059 4059 4059 4059 4059 4059 4059
436 1777388689 3556 3701 3673 3653 3588 547 282 3596 4061 4061 4061 4061 4061 4061 4061 4061
437 1777388689 3558 3702 3675 3654 3590 575 277 619 4061 4061 4060 4060 4060 4060 4060 4060
438 1777388689 3556 3701 3673 3652 3588 573 278 3596 4059 4059 4059 4059 4059 4059 4059 4059
439 1777388689 3556 3700 3674 3653 3588 551 282 3597 4061 4061 4060 4060 4060 4060 4060 4060
440 1777388689 3556 3701 3673 3652 3588 574 278 3596 4061 4061 4060 4060 4060 4060 4060 4060
441 1777388689 3558 3703 3675 3654 3590 555 281 602 4059 4059 4059 4059 4059 4059 4059 4059
442 1777388689 3555 3700 3672 3651 3587 547 282 3596 4059 4059 4059 4059 4059 4059 4059 4059
443 1777388690 3555 3700 3672 3651 3587 561 281 3596 4061 4061 4060 4060 4060 4060 4060 4060
444 1777388690 3556 3701 3673 3652 3588 546 282 3597 4061 4061 4060 4060 4060 4060 4060 4060
445 1777388690 3557 3701 3674 3653 3589 541 282 3597 4061 4061 4061 4061 4061 4061 4061 4061
446 1777388690 3556 3701 3673 3652 3588 574 278 3598 4061 4061 4060 4060 4060 4060 4060 4060
447 1777388690 3557 3702 3675 3654 3590 559 281 628 4061 4061 4060 4060 4060 4060 4060 4060
448 1777388690 3558 3702 3674 3654 3589 546 282 591 4061 4061 4061 4061 4061 4061 4061 4061
449 1777388690 3557 3702 3674 3653 3589 563 280 632 4059 4059 4059 4059 4059 4059 4059 4059
450 1777388690 3556 3701 3673 3652 3587 561 281 3596 4061 4061 4060 4060 4060 4060 4060 4060
451 1777388690 3556 3702 3674 3653 3588 562 281 3597 4061 4061 4060 4060 4060 4060 4060 4060
452 1777388690 3556 3701 3673 3652 3588 559 282 3596 4061 4061 4061 4061 4061 4061 4061 4061
453 1777388690 3556 3700 3673 3652 3588 559 281 3597 4061 4061 4060 4060 4060 4060 4060 4060
454 1777388690 3558 3703 3675 3654 3590 559 282 613 4061 4061 4061 4061 4061 4061 4061 4061
455 1777388690 3557 3702 3674 3653 3588 558 282 3597 4059 4059 4059 4059 4059 4059 4059 4059
456 1777388690 3556 3701 3673 3652 3589 560 281 3596 4061 4061 4061 4061 4061 4061 4061 4061
457 1777388690 3556 3701 3674 3652 3588 572 279 3597 4061 4061 4060 4060 4060 4060 4060 4060
458 1777388690 3558 3703 3675 3654 3590 567 280 606 4061 4061 4060 4060 4060 4060 4060 4060
459 1777388690 3557 3703 3674 3654 3589 554 282 593 4061 4061 4060 4060 4060 4060 4060 4060
460 1777388690 3556 3701 3672 3652 3587 572 279 3596 4061 4061 4060 4060 4060 4060 4060 4060
461 1777388690 3556 3700 3673 3652 3588 544 282 3596 4061 4061 4060 4060 4060 4060 4060 4060
462 1777388690 3555 3701 3673 3651 3587 560 281 3596 4061 4061 4061 4061 4061 4061 4061 4061
463 1777388690 3558 3703 3675 3655 3590 538 283 591 4061 4061 4061 4061 4061 4061 4061 4061
464 1777388690 3556 3700 3673 3652 3588 562 280 3597 4061 4061 4061 4061 4061 4061 4061 4061
465 1777388690 3559 3704 3675 3654 3590 576 278 620 4061 4061 4060 4060 4060 4060 4060 4060
466 1777388690 3556 3701 3674 3653 3588 552 282 3597 4061 4061 4061 4061 4061 4061 4061 4061
467 1777388690 3558 3702 3674 3653 3588 546 282 3597 4061 4061 4060 4060 4060 4060 4060 4060
468 1777388690 3555 3700 3672 3652 3587 557 281 3596 4061 4061 4060 4060 4060 4060 4060 4060
469 1777388690 3556 3700 3673 3652 3588 532 283 3595 4059 4059 4059 4059 4059 4059 4059 4059
470 1777388690 3555 3700 3673 3651 3587 555 281 3594 4061 4061 4060 4060 4060 4060 4060 4060
471 1777388690 3559 3703 3676 3655 3590 554 282 611 4059 4059 4059 4059 4059 4059 4059 4059
472 1777388690 3557 3702 3675 3653 3589 546 282 615 4061 4061 4061 4061 4061 4061 4061 4061
473 1777388690 3556 3701 3672 3652 3587 575 278 3595 4061 4061 4060 4060 4060 4060 4060 4060
474 1777388691 3559 3703 3676 3655 3591 563 280 602 4061 4061 4060 4060 4060 4060 4060 4060
475 1777388691 3556 3701 3674 3652 3588 560 281 3597 4059 4059 4059 4059 4059 4059 4059 4059
476 1777388691 3556 3701 3673 3651 3588 543 283 3596 4061 4061 4061 4061 4061 4061 4061 4061
477 1777388691 3557 3702 3674 3652 3588 549 283 3597 4061 4061 4060 4060 4060 4060 4060 4060
478 1777388691 3558 3703 3675 3654 3590 562 281 610 4061 4061 4061 4061 4061 4061 4061 4061
479 1777388691 3557 3702 3675 3654 3590 554 281 602 4061 4061 4061 4061 4061 4061 4061 4061
480 1777388691 3556 3701 3673 3652 3588 562 281 3597 4061 4061 4060 4060 4060 4060 4060 4060
481 1777388691 3555 3700 3672 3651 3587 538 280 3596 4061 4061 4060 4060 4060 4060 4060 4060
482 1777388691 3555 3700 3672 3652 3587 559 279 3596 4061 4061 4060 4060 4060 4060 4060 4060
483 1777388691 3557 3702 3674 3653 3589 546 280 608 4061 4061 4060 4060 4060 4060 4060 4060
484 1777388691 3554 3698 3671 3650 3586 549 280 3595 4061 4061 4060 4060 4060 4060 4060 4060
485 1777388691 3556 3700 3673 3652 3588 553 280 3595 4061 4061 4060 4060 4060 4060 4060 4060
486 1777388691 3556 3701 3673 3652 3588 557 279 587 4061 4061 4060 4060 4060 4060 4060 4060
487 1777388691 3554 3699 3672 3650 3586 515 281 3595 4061 4061 4060 4060 4060 4060 4060 4060
488 1777388691 3556 3701 3673 3652 3587 541 281 3596 4061 4061 4060 4060 4060 4060 4060 4060
489 1777388691 3555 3699 3672 3650 3586 558 279 3595 4061 4061 4060 4060 4060 4060 4060 4060
490 1777388691 3554 3699 3671 3650 3586 546 281 3594 4061 4061 4060 4060 4060 4060 4060 4060
491 1777388691 3557 3702 3674 3652 3588 571 276 600 4061 4061 4060 4060 4060 4060 4060 4060
492 1777388691 3556 3701 3672 3652 3587 549 280 3596 4061 4061 4060 4060 4060 4060 4060 4060
493 1777388691 3554 3699 3671 3650 3585 541 281 3595 4061 4061 4060 4060 4060 4060 4060 4060
494 1777388691 3555 3700 3672 3651 3587 555 280 3596 4061 4061 4061 4061 4061 4061 4061 4061
495 1777388691 3555 3700 3673 3652 3587 566 278 564 4061 4061 4060 4060 4060 4060 4060 4060
496 1777388691 3554 3699 3671 3651 3586 559 279 3595 4059 4059 4059 4059 4059 4059 4059 4059
497 1777388691 3555 3700 3672 3651 3587 560 279 3595 4061 4061 4061 4061 4061 4061 4061 4061
498 1777388691 3554 3699 3672 3651 3586 529 280 3595 4059 4059 4059 4059 4059 4059 4059 4059
499 1777388691 3554 3699 3672 3651 3586 546 280 3596 4061 4061 4061 4061 4061 4061 4061 4061
500 1777388691 3555 3699 3672 3651 3586 561 279 3595 4061 4061 4061 4061 4061 4061 4061 4061
501 1777388691 3556 3700 3672 3652 3587 576 275 3595 4061 4061 4060 4060 4060 4060 4060 4060
502 1777388691 3555 3700 3672 3651 3587 552 280 3595 4059 4059 4059 4059 4059 4059 4059 4059
503 1777388691 3554 3698 3671 3650 3585 562 279 3593 4061 4061 4060 4060 4060 4060 4060 4060
504 1777388692 3554 3699 3671 3650 3585 541 281 3594 4059 4059 4059 4059 4059 4059 4059 4059
505 1777388692 3555 3700 3672 3651 3587 545 281 3595 4061 4061 4060 4060 4060 4060 4060 4060
506 1777388692 3555 3699 3672 3651 3586 541 281 3595 4061 4061 4060 4060 4060 4060 4060 4060
507 1777388692 3555 3699 3672 3651 3587 546 281 3596 4059 4059 4059 4059 4059 4059 4059 4059
508 1777388692 3555 3700 3672 3651 3586 566 278 3595 4061 4061 4060 4060 4060 4060 4060 4060
509 1777388692 3554 3699 3672 3651 3586 540 281 3595 4059 4059 4059 4059 4059 4059 4059 4059
510 1777388692 3556 3701 3673 3652 3588 566 278 600 4061 4061 4060 4060 4060 4060 4060 4060
511 1777388692 3556 3701 3674 3653 3588 565 278 602 4061 4061 4060 4060 4060 4060 4060 4060
512 1777388692 3556 3700 3673 3652 3588 533 281 3596 4061 4061 4061 4061 4061 4061 4061 4061
513 1777388692 3555 3699 3672 3651 3586 545 281 3595 4061 4061 4061 4061 4061 4061 4061 4061
514 1777388692 3555 3699 3672 3650 3587 563 279 3595 4059 4059 4059 4059 4059 4059 4059 4059
515 1777388692 3554 3700 3672 3651 3587 568 278 3596 4061 4061 4060 4060 4060 4060 4060 4060
516 1777388692 3554 3698 3671 3650 3585 561 279 3594 4061 4061 4061 4061 4061 4061 4061 4061
517 1777388692 3554 3699 3672 3650 3586 559 280 3595 4055 4055 4054 4054 4054 4054 4054 4054
518 1777388692 3557 3702 3674 3653 3588 568 278 601 4061 4061 4061 4061 4061 4061 4061 4061
519 1777388692 3554 3699 3672 3651 3586 553 280 3595 4061 4061 4061 4061 4061 4061 4061 4061
520 1777388692 3555 3699 3671 3651 3586 551 280 3596 4063 4061 4061 4061 4061 4061 4061 4061
521 1777388692 3556 3701 3673 3652 3588 571 277 593 4061 4061 4061 4061 4061 4061 4061 4061
522 1777388692 3556 3700 3673 3652 3588 554 280 591 4059 4059 4059 4059 4059 4059 4059 4059
523 1777388692 3555 3700 3672 3651 3587 549 281 3596 4061 4061 4060 4060 4060 4060 4060 4060
524 1777388692 3555 3699 3672 3651 3587 575 276 3596 4061 4061 4060 4060 4060 4060 4060 4060
525 1777388692 3557 3702 3674 3653 3589 558 280 607 4061 4061 4060 4060 4060 4060 4060 4060
526 1777388692 3555 3700 3672 3651 3587 557 280 3596 4061 4061 4061 4061 4061 4061 4061 4061
527 1777388692 3557 3701 3673 3653 3588 556 280 3597 4061 4061 4060 4060 4060 4060 4060 4060
528 1777388692 3557 3702 3674 3653 3588 564 279 844 4061 4061 4060 4060 4060 4060 4060 4060
529 1777388692 3556 3700 3672 3651 3587 560 279 3595 4061 4061 4060 4060 4060 4060 4060 4060
530 1777388693 3556 3701 3672 3652 3587 568 279 3597 4059 4059 4059 4059 4059 4059 4059 4059
531 1777388693 3556 3700 3673 3652 3587 550 281 3596 4061 4061 4061 4061 4061 4061 4061 4061
532 1777388693 3557 3702 3674 3653 3589 519 282 564 4061 4061 4061 4061 4061 4061 4061 4061
533 1777388693 3556 3700 3672 3652 3587 568 278 3595 4061 4061 4061 4061 4061 4061 4061 4061
534 1777388693 3556 3700 3672 3651 3587 574 277 3596 4061 4061 4060 4060 4060 4060 4060 4060
535 1777388693 3555 3700 3672 3651 3587 551 281 3595 4061 4061 4060 4060 4060 4060 4060 4060
536 1777388693 3555 3699 3671 3650 3586 558 280 3595 4061 4061 4060 4060 4060 4060 4060 4060
537 1777388693 3555 3700 3672 3651 3587 564 279 3595 4061 4061 4061 4061 4061 4061 4061 4061
538 1777388693 3557 3702 3674 3653 3589 558 279 608 4059 4059 4059 4059 4059 4059 4059 4059
539 1777388693 3558 3702 3674 3654 3589 554 280 591 4061 4061 4060 4060 4060 4060 4060 4060
540 1777388693 3556 3700 3673 3651 3587 559 280 3595 4059 4059 4058 4058 4058 4058 4058 4058
541 1777388693 3555 3700 3672 3651 3587 565 279 3595 4061 4061 4061 4061 4061 4061 4061 4061
542 1777388693 3555 3700 3672 3651 3587 567 278 3596 4061 4061 4060 4060 4060 4060 4060 4060
543 1777388693 3555 3699 3672 3650 3586 568 278 3595 4061 4061 4060 4060 4060 4060 4060 4060
544 1777388693 3557 3701 3674 3653 3588 565 279 601 4061 4061 4061 4061 4061 4061 4061 4061
545 1777388693 3555 3700 3672 3651 3586 560 280 3595 4061 4061 4060 4060 4060 4060 4060 4060
546 1777388693 3555 3700 3672 3651 3587 557 280 3596 4059 4059 4059 4059 4059 4059 4059 4059
547 1777388693 3556 3701 3673 3652 3588 574 277 3596 4061 4061 4060 4060 4060 4060 4060 4060
548 1777388693 3554 3699 3672 3651 3586 569 278 3596 4061 4061 4060 4060 4060 4060 4060 4060
549 1777388693 3555 3699 3672 3651 3586 554 280 3595 4061 4061 4061 4061 4061 4061 4061 4061
550 1777388693 3555 3700 3673 3651 3587 525 281 3596 4061 4061 4061 4061 4061 4061 4061 4061
551 1777388693 3555 3700 3672 3652 3587 537 281 3596 4061 4061 4060 4060 4060 4060 4060 4060
552 1777388693 3554 3698 3671 3650 3586 561 279 3596 4061 4061 4061 4061 4061 4061 4061 4061
553 1777388693 3555 3700 3672 3651 3587 553 280 3595 4061 4061 4061 4061 4061 4061 4061 4061
554 1777388693 3555 3699 3672 3651 3587 567 278 3596 4061 4061 4060 4060 4060 4060 4060 4060
555 1777388693 3556 3701 3673 3652 3587 561 280 3597 4059 4059 4058 4058 4058 4058 4058 4058
556 1777388693 3556 3701 3673 3652 3587 542 281 3596 4061 4061 4060 4060 4060 4060 4060 4060
557 1777388693 3556 3700 3672 3651 3587 549 281 3595 4061 4061 4061 4061 4061 4061 4061 4061
558 1777388693 3555 3700 3673 3652 3587 560 280 3596 4059 4059 4059 4059 4059 4059 4059 4059
559 1777388693 3558 3703 3675 3654 3589 558 280 600 4061 4061 4061 4061 4061 4061 4061 4061
560 1777388693 3555 3700 3672 3651 3586 542 281 3596 4061 4061 4061 4061 4061 4061 4061 4061
561 1777388694 3556 3701 3673 3653 3588 572 277 585 4059 4059 4059 4059 4059 4059 4059 4059
562 1777388694 3555 3700 3672 3651 3587 565 278 3596 4061 4061 4061 4061 4061 4061 4061 4061
563 1777388694 3556 3700 3672 3651 3587 555 281 3596 4061 4061 4061 4061 4061 4061 4061 4061
564 1777388694 3557 3701 3674 3653 3589 566 279 601 4061 4061 4060 4060 4060 4060 4060 4060
565 1777388694 3558 3702 3674 3654 3589 556 280 602 4061 4061 4060 4060 4060 4060 4060 4060
566 1777388694 3556 3700 3672 3651 3587 555 281 3594 4059 4059 4059 4059 4059 4059 4059 4059
567 1777388694 3556 3701 3673 3652 3588 568 278 3596 4061 4061 4060 4060 4060 4060 4060 4060
568 1777388694 3556 3701 3673 3652 3588 559 280 3597 4059 4059 4059 4059 4059 4059 4059 4059
569 1777388694 3556 3700 3672 3652 3587 552 281 3596 4061 4061 4061 4061 4061 4061 4061 4061
570 1777388694 3558 3703 3675 3655 3590 577 276 595 4061 4061 4060 4060 4060 4060 4060 4060
571 1777388694 3555 3700 3672 3651 3587 558 280 3595 4061 4061 4061 4061 4061 4061 4061 4061
572 1777388694 3556 3701 3673 3653 3588 557 280 3596 4061 4061 4060 4060 4060 4060 4060 4060
573 1777388694 3556 3700 3673 3652 3589 564 279 3597 4061 4061 4060 4060 4060 4060 4060 4060
574 1777388694 3556 3700 3672 3651 3587 557 280 3596 4061 4061 4061 4061 4061 4061 4061 4061
575 1777388694 3556 3700 3673 3652 3588 556 280 3596 4061 4061 4060 4060 4060 4060 4060 4060
576 1777388694 3555 3699 3671 3651 3586 549 280 3596 4061 4061 4060 4060 4060 4060 4060 4060
577 1777388694 3557 3702 3675 3653 3589 555 281 590 4059 4059 4059 4059 4059 4059 4059 4059
578 1777388694 3557 3701 3674 3653 3588 559 280 603 4059 4059 4059 4059 4059 4059 4059 4059
579 1777388694 3557 3702 3674 3653 3589 559 280 609 4061 4061 4060 4060 4060 4060 4060 4060
580 1777388694 3558 3702 3675 3654 3590 551 281 600 4061 4061 4060 4060 4060 4060 4060 4060
581 1777388694 3556 3701 3673 3653 3588 552 281 590 4061 4061 4061 4061 4061 4061 4061 4061
582 1777388694 3555 3699 3671 3651 3587 548 281 3595 4059 4059 4059 4059 4059 4059 4059 4059
583 1777388694 3557 3702 3674 3653 3588 571 278 3597 4061 4061 4060 4060 4060 4060 4060 4060
584 1777388695 3555 3700 3672 3651 3587 533 282 3596 4061 4061 4061 4061 4061 4061 4061 4061
585 1777388695 3556 3700 3673 3651 3587 540 281 3596 4061 4061 4060 4060 4060 4060 4060 4060
586 1777388695 3555 3699 3672 3651 3586 546 281 3596 4061 4061 4060 4060 4060 4060 4060 4060
587 1777388695 3556 3701 3673 3652 3587 560 280 3596 4059 4059 4059 4059 4059 4059 4059 4059
588 1777388695 3555 3699 3672 3651 3586 562 280 3596 4061 4061 4061 4061 4061 4061 4061 4061
589 1777388695 3555 3700 3672 3652 3587 544 281 3595 4061 4061 4060 4060 4060 4060 4060 4060
590 1777388695 3556 3700 3673 3652 3588 561 280 3596 4061 4061 4060 4060 4060 4060 4060 4060
591 1777388695 3556 3700 3673 3652 3587 575 277 3596 4061 4061 4060 4060 4060 4060 4060 4060
592 1777388695 3556 3701 3673 3652 3588 558 280 3596 4061 4061 4060 4060 4060 4060 4060 4060
593 1777388695 3556 3700 3673 3651 3587 566 279 3596 4061 4061 4061 4061 4061 4061 4061 4061
594 1777388695 3555 3700 3673 3652 3587 553 281 3596 4061 4061 4060 4060 4060 4060 4060 4060
595 1777388695 3555 3700 3673 3651 3587 505 283 3595 4061 4061 4061 4061 4061 4061 4061 4061
596 1777388695 3556 3701 3673 3653 3588 569 278 3596 4061 4061 4060 4060 4060 4060 4060 4060
597 1777388695 3556 3700 3673 3652 3588 573 278 3595 4061 4061 4060 4060 4060 4060 4060 4060
598 1777388695 3556 3701 3674 3653 3588 543 282 3597 4061 4061 4060 4060 4060 4060 4060 4060
599 1777388695 3557 3702 3674 3653 3589 560 280 617 4061 4061 4060 4060 4060 4060 4060 4060
600 1777388695 3556 3701 3673 3651 3587 553 281 3596 4061 4061 4061 4061 4061 4061 4061 4061
601 1777388695 3558 3702 3675 3654 3590 551 281 600 4061 4061 4060 4060 4060 4060 4060 4060
602 1777388695 3555 3700 3673 3651 3587 562 281 3595 4061 4061 4061 4061 4061 4061 4061 4061
603 1777388695 3556 3701 3673 3652 3588 558 281 3597 4059 4059 4059 4059 4059 4059 4059 4059
604 1777388695 3558 3703 3675 3654 3590 538 281 567 4061 4061 4061 4061 4061 4061 4061 4061
605 1777388695 3556 3700 3673 3652 3587 531 282 3595 4061 4061 4061 4061 4061 4061 4061 4061
606 1777388695 3557 3701 3674 3653 3588 570 278 3596 4061 4061 4061 4061 4061 4061 4061 4061
607 1777388695 3556 3700 3673 3652 3588 559 280 3597 4061 4061 4060 4060 4060 4060 4060 4060
608 1777388695 3556 3700 3673 3652 3588 562 280 3596 4061 4061 4060 4060 4060 4060 4060 4060
609 1777388695 3556 3701 3673 3652 3587 524 282 3597 4059 4059 4059 4059 4059 4059 4059 4059
610 1777388695 3557 3702 3674 3653 3589 565 279 599 4061 4061 4060 4060 4060 4060 4060 4060
611 1777388695 3556 3701 3673 3652 3587 545 281 3596 4061 4061 4061 4061 4061 4061 4061 4061
612 1777388695 3555 3701 3672 3652 3588 579 275 3596 4061 4061 4060 4060 4060 4060 4060 4060
613 1777388695 3558 3703 3675 3654 3590 566 280 579 4061 4061 4060 4060 4060 4060 4060 4060
614 1777388695 3555 3700 3671 3651 3587 568 279 3596 4059 4059 4059 4059 4059 4059 4059 4059
615 1777388695 3555 3701 3673 3652 3587 545 281 3596 4061 4061 4060 4060 4060 4060 4060 4060
616 1777388695 3556 3700 3673 3652 3588 549 281 3597 4059 4059 4059 4059 4059 4059 4059 4059
617 1777388696 3556 3701 3673 3652 3588 545 281 3596 4061 4061 4060 4060 4060 4060 4060 4060
618 1777388696 3557 3702 3673 3653 3588 550 282 3596 4061 4061 4060 4060 4060 4060 4060 4060
619 1777388696 3557 3702 3674 3653 3589 566 279 618 4061 4061 4060 4060 4060 4060 4060 4060
620 1777388696 3558 3703 3675 3654 3589 562 280 608 4061 4061 4060 4060 4060 4060 4060 4060
621 1777388696 3556 3701 3673 3652 3588 545 282 3596 4061 4061 4060 4060 4060 4060 4060 4060
622 1777388696 3558 3702 3675 3654 3590 559 281 579 4061 4061 4061 4061 4061 4061 4061 4061
623 1777388696 3555 3700 3673 3651 3587 564 279 3596 4061 4061 4061 4061 4061 4061 4061 4061
624 1777388696 3556 3701 3673 3652 3588 566 279 3596 4061 4061 4060 4060 4060 4060 4060 4060
625 1777388696 3556 3701 3674 3652 3588 553 281 3596 4061 4061 4060 4060 4060 4060 4060 4060
626 1777388696 3557 3701 3674 3652 3588 559 280 3597 4061 4061 4061 4061 4061 4061 4061 4061
627 1777388696 3557 3702 3674 3653 3589 566 279 617 4061 4061 4061 4061 4061 4061 4061 4061
628 1777388696 3556 3700 3672 3651 3587 542 282 3596 4061 4061 4060 4060 4060 4060 4060 4060
629 1777388696 3556 3701 3673 3652 3588 567 279 3595 4059 4059 4059 4059 4059 4059 4059 4059
630 1777388696 3556 3700 3673 3651 3587 555 281 3594 4059 4059 4059 4059 4059 4059 4059 4059
631 1777388696 3556 3701 3673 3652 3588 574 276 3597 4059 4059 4059 4059 4059 4059 4059 4059
632 1777388696 3557 3702 3674 3653 3589 558 280 587 4061 4061 4061 4061 4061 4061 4061 4061
633 1777388696 3554 3699 3672 3651 3586 544 282 3595 4061 4061 4060 4060 4060 4060 4060 4060
634 1777388696 3558 3703 3675 3654 3589 561 280 593 4061 4061 4061 4061 4061 4061 4061 4061
635 1777388696 3555 3700 3673 3652 3587 533 282 3596 4061 4061 4060 4060 4060 4060 4060 4060
636 1777388696 3557 3701 3674 3652 3588 571 278 3597 4059 4059 4059 4059 4059 4059 4059 4059
637 1777388696 3556 3700 3672 3652 3587 603 251 3597 4061 4061 4060 4060 4060 4060 4060 4060
638 1777388696 3556 3700 3673 3651 3587 571 278 3596 4059 4059 4059 4059 4059 4059 4059 4059
639 1777388696 3556 3700 3673 3652 3587 552 282 3596 4061 4061 4060 4060 4060 4060 4060 4060
640 1777388697 3556 3700 3672 3651 3587 551 281 3596 4061 4061 4060 4060 4060 4060 4060 4060
641 1777388697 3555 3700 3673 3652 3588 572 278 3596 4061 4061 4060 4060 4060 4060 4060 4060
642 1777388697 3557 3701 3674 3653 3588 569 279 3597 4061 4061 4061 4061 4061 4061 4061 4061
643 1777388697 3557 3702 3674 3654 3590 566 280 571 4059 4059 4059 4059 4059 4059 4059 4059
644 1777388697 3556 3701 3673 3652 3588 562 280 3596 4061 4061 4061 4061 4061 4061 4061 4061
645 1777388697 3558 3703 3676 3655 3590 561 281 673 4061 4061 4061 4061 4061 4061 4061 4061
646 1777388697 3557 3702 3674 3653 3589 560 280 608 4061 4061 4060 4060 4060 4060 4060 4060
647 1777388697 3557 3702 3674 3653 3589 556 281 613 4061 4061 4060 4060 4060 4060 4060 4060
648 1777388697 3555 3700 3673 3651 3587 563 280 3596 4061 4061 4061 4061 4061 4061 4061 4061
649 1777388697 3556 3700 3673 3652 3588 566 280 3596 4061 4061 4060 4060 4060 4060 4060 4060
650 1777388697 3559 3704 3676 3655 3590 560 281 605 4059 4059 4059 4059 4059 4059 4059 4059
651 1777388697 3557 3702 3674 3654 3589 570 278 609 4061 4061 4061 4061 4061 4061 4061 4061
652 1777388697 3557 3702 3674 3653 3589 560 280 624 4059 4059 4059 4059 4059 4059 4059 4059
653 1777388697 3557 3702 3674 3653 3589 572 279 3597 4059 4059 4059 4059 4059 4059 4059 4059
654 1777388697 3556 3701 3674 3653 3589 563 280 3597 4061 4061 4061 4061 4061 4061 4061 4061
655 1777388697 3556 3701 3673 3653 3588 558 281 3597 4061 4061 4061 4061 4061 4061 4061 4061
656 1777388697 3556 3701 3674 3653 3588 548 282 3597 4061 4061 4060 4060 4060 4060 4060 4060
657 1777388697 3557 3702 3674 3653 3589 565 280 3597 4061 4061 4061 4061 4061 4061 4061 4061
658 1777388697 3555 3701 3672 3652 3588 561 281 3596 4061 4061 4060 4060 4060 4060 4060 4060
659 1777388697 3558 3703 3676 3655 3590 573 278 606 4061 4061 4060 4060 4060 4060 4060 4060
660 1777388697 3556 3701 3673 3652 3587 556 281 3595 4061 4061 4060 4060 4060 4060 4060 4060
661 1777388697 3556 3701 3674 3653 3589 549 282 3598 4061 4059 4059 4059 4059 4059 4059 4059
662 1777388697 3557 3701 3674 3653 3588 521 283 3597 4061 4061 4060 4060 4060 4060 4060 4060
663 1777388697 3556 3701 3673 3652 3587 544 282 3597 4059 4059 4059 4059 4059 4059 4059 4059
664 1777388697 3556 3701 3673 3652 3588 565 280 3597 4061 4061 4061 4061 4061 4061 4061 4061
665 1777388697 3557 3702 3675 3653 3589 565 280 600 4061 4061 4061 4061 4061 4061 4061 4061
666 1777388697 3556 3701 3674 3653 3588 543 282 3596 4061 4061 4060 4060 4060 4060 4060 4060
667 1777388697 3556 3701 3673 3652 3588 571 279 3597 4061 4061 4060 4060 4060 4060 4060 4060
668 1777388705 3554 3698 3671 3650 3586 543 282 3595 4061 4061 4060 4060 4060 4060 4060 4060
669 1777388705 3555 3699 3672 3651 3586 537 282 3595 4059 4059 4059 4059 4059 4059 4059 4059
670 1777388705 3555 3699 3672 3650 3586 530 283 3595 4061 4061 4061 4061 4061 4061 4061 4061
671 1777388705 3554 3699 3671 3651 3586 547 281 3595 4061 4061 4061 4061 4061 4061 4061 4061
672 1777388705 3556 3701 3673 3652 3588 563 280 608 4061 4061 4061 4061 4061 4061 4061 4061
673 1777388705 3555 3699 3672 3651 3587 560 280 3595 4061 4061 4060 4060 4060 4060 4060 4060
674 1777388705 3555 3699 3672 3650 3586 571 279 3596 4059 4059 4058 4058 4058 4058 4058 4058
675 1777388705 3556 3700 3673 3652 3587 550 282 3596 4061 4061 4061 4060 4061 4061 4061 4061
676 1777388705 3554 3699 3672 3651 3586 557 281 3595 4061 4061 4061 4061 4061 4061 4061 4061
677 1777388705 3558 3702 3675 3654 3589 559 281 630 4061 4061 4061 4061 4061 4061 4061 4061
678 1777388706 3556 3701 3673 3652 3588 547 282 3597 4061 4061 4060 4060 4060 4060 4060 4060
679 1777388706 3557 3702 3674 3653 3589 560 280 632 4061 4061 4061 4061 4061 4061 4061 4061
680 1777388706 3557 3701 3673 3652 3588 569 279 614 4061 4061 4060 4060 4060 4060 4060 4060
681 1777388706 3557 3702 3674 3653 3589 561 281 632 4061 4061 4060 4060 4060 4060 4060 4060
682 1777388706 3557 3702 3674 3653 3589 561 281 586 4059 4059 4059 4059 4059 4059 4059 4059
683 1777388706 3555 3700 3672 3651 3587 554 281 3595 4061 4061 4061 4061 4061 4061 4061 4061
684 1777388706 3557 3702 3674 3653 3588 566 280 3597 4061 4061 4060 4060 4060 4060 4060 4060
685 1777388706 3556 3701 3673 3652 3588 551 282 3597 4061 4061 4060 4060 4060 4060 4060 4060
686 1777388706 3556 3701 3673 3652 3587 557 281 3596 4061 4061 4060 4060 4060 4060 4060 4060
687 1777388706 3558 3703 3675 3654 3589 558 281 592 4061 4061 4060 4060 4060 4060 4060 4060
688 1777388706 3556 3700 3673 3652 3588 542 282 3596 4059 4059 4059 4059 4059 4059 4059 4059
689 1777388706 3555 3701 3673 3652 3587 571 278 3597 4061 4061 4061 4061 4061 4061 4061 4061
690 1777388706 3556 3701 3674 3653 3588 544 282 3597 4059 4059 4059 4059 4059 4059 4059 4059
691 1777388706 3556 3700 3673 3652 3588 550 281 3596 4061 4061 4061 4061 4061 4061 4061 4061
692 1777388706 3556 3700 3673 3651 3587 547 282 3595 4061 4061 4060 4060 4060 4060 4060 4060
693 1777388706 3555 3700 3673 3651 3587 552 282 3596 4063 4061 4061 4061 4061 4061 4061 4061
694 1777388706 3556 3700 3673 3652 3588 576 277 3597 4061 4061 4061 4061 4061 4061 4061 4061
695 1777388706 3556 3701 3673 3652 3588 525 283 3597 4060 4061 4060 4060 4060 4060 4060 4060
696 1777388706 3558 3703 3675 3654 3589 564 280 624 4059 4059 4059 4059 4059 4059 4059 4059
697 1777388706 3558 3703 3675 3654 3590 555 281 579 4059 4059 4059 4059 4059 4059 4059 4059
698 1777388706 3558 3703 3675 3654 3590 546 282 613 4059 4059 4059 4059 4059 4059 4059 4059
699 1777388706 3557 3701 3674 3653 3589 567 279 593 4061 4061 4060 4060 4060 4060 4060 4060
700 1777388706 3556 3700 3672 3652 3588 574 278 3596 4061 4061 4060 4060 4060 4060 4060 4060
701 1777388706 3555 3700 3672 3652 3587 531 283 3596 4061 4061 4060 4060 4060 4060 4060 4060
702 1777388706 3556 3701 3673 3652 3588 572 279 3596 4061 4061 4060 4060 4060 4060 4060 4060
703 1777388706 3558 3703 3675 3654 3589 575 278 593 4059 4059 4059 4059 4059 4059 4059 4059
704 1777388706 3558 3702 3675 3654 3589 568 280 627 4061 4061 4060 4060 4060 4060 4060 4060
705 1777388706 3558 3703 3674 3654 3589 554 282 581 4061 4061 4061 4061 4061 4061 4061 4061
706 1777388706 3555 3700 3672 3651 3587 566 280 3595 4061 4061 4060 4060 4060 4060 4060 4060
707 1777388707 3556 3701 817 3652 3588 558 281 3596 4061 4061 4061 4061 4061 4061 4061 4061
708 1777388707 3557 3701 3673 3653 3588 552 281 3598 4061 4061 4060 4060 4060 4060 4060 4060
709 1777388707 3556 3701 3673 3652 3587 567 280 3596 4061 4061 4061 4061 4061 4061 4061 4061
710 1777388707 3558 3702 3675 3654 3589 564 281 617 4061 4061 4061 4061 4061 4061 4061 4061
711 1777388707 3556 3701 3673 3652 3587 517 283 3596 4061 4061 4060 4060 4060 4060 4060 4060
712 1777388707 3555 3700 3672 3652 3587 555 281 3596 4061 4061 4061 4061 4061 4061 4061 4061
713 1777388707 3558 3703 3675 3654 3590 554 282 592 4061 4061 4061 4061 4061 4061 4061 4061
714 1777388707 3556 3701 3673 3652 3588 578 277 3596 4061 4061 4060 4060 4060 4060 4060 4060
715 1777388707 3556 3701 3673 3652 3588 552 282 3596 4061 4061 4061 4061 4061 4061 4061 4061
716 1777388707 3558 3702 3675 3654 3589 559 281 3598 4061 4061 4061 4061 4061 4061 4061 4061
717 1777388707 3556 3700 3672 3652 3587 546 282 3596 4059 4059 4059 4059 4059 4059 4059 4059
718 1777388707 3556 3701 3674 3653 3589 573 278 3597 4061 4061 4061 4061 4061 4061 4061 4061
719 1777388707 3558 3703 3675 3653 3589 566 280 605 4061 4061 4061 4061 4061 4061 4061 4061
720 1777388707 3556 3701 3672 3652 3588 562 281 3596 4061 4061 4060 4060 4060 4060 4060 4060
721 1777388707 3556 3701 3673 3652 3588 568 280 3597 4061 4061 4061 4061 4061 4061 4061 4061
722 1777388707 3557 3702 3674 3652 3588 547 283 3597 4059 4059 4059 4059 4059 4059 4059 4059
723 1777388707 3556 3701 3673 3652 3587 566 281 3596 4061 4061 4060 4060 4060 4060 4060 4060
724 1777388707 3556 3701 3674 3653 3588 569 279 3597 4059 4059 4059 4059 4059 4059 4059 4059
725 1777388707 3556 3701 3673 3652 3588 547 282 3597 4061 4061 4060 4060 4060 4060 4060 4060
726 1777388707 3557 3701 3674 3653 3588 554 282 3597 4061 4061 4060 4060 4060 4060 4060 4060
727 1777388707 3555 3700 3673 3652 3587 521 283 3596 4061 4061 4061 4061 4061 4061 4061 4061
728 1777388707 3558 3702 3675 3654 3590 560 281 601 4061 4061 4061 4061 4061 4061 4061 4061
729 1777388707 3555 3700 3672 3652 3587 567 280 3596 4059 4059 4059 4059 4059 4059 4059 4059
730 1777388707 3556 3701 3673 3652 3588 566 280 3597 4061 4061 4060 4060 4060 4060 4060 4060
731 1777388707 3556 3701 3673 3652 3587 552 282 3596 4059 4059 4059 4059 4059 4059 4059 4059
732 1777388707 3556 3701 3674 3652 3588 561 281 3597 4061 4061 4060 4060 4060 4060 4060 4060
733 1777388707 3557 3701 3673 3653 3589 572 278 3596 4061 4061 4060 4060 4060 4060 4060 4060
734 1777388707 3558 3704 3675 3655 3590 562 281 606 4061 4061 4060 4060 4060 4060 4060 4060
735 1777388707 3556 3700 3673 3652 3588 568 280 3596 4061 4061 4060 4060 4060 4060 4060 4060
736 1777388707 3555 3700 3672 3652 3587 535 282 3595 4061 4061 4060 4060 4060 4060 4060 4060
737 1777388707 3554 3699 3671 3650 3586 552 280 3594 4061 4061 4061 4061 4061 4061 4061 4061
738 1777388708 3556 3701 3673 3652 3588 569 277 591 4061 4061 4060 4060 4060 4060 4060 4060
739 1777388708 3554 3699 3671 3650 3586 560 280 3594 4061 4061 4060 4060 4060 4060 4060 4060
740 1777388708 3554 3699 3671 3650 3586 570 277 3595 4061 4061 4060 4060 4060 4060 4060 4060
741 1777388708 3554 3699 3671 3651 3586 562 279 3594 4063 4061 4061 4061 4061 4061 4061 4061
742 1777388708 3555 3699 3671 3651 3586 562 279 3595 4061 4061 4061 4061 4061 4061 4061 4061
743 1777388708 3554 3698 3671 3650 3585 556 280 3595 4061 4061 4061 4061 4061 4061 4061 4061
744 1777388708 3554 3700 3672 3651 3587 548 280 3595 4059 4059 4059 4059 4059 4059 4059 4059
745 1777388708 3555 3700 3672 3651 3587 554 279 3595 4061 4061 4061 4061 4061 4061 4061 4061
746 1777388708 3557 3701 3674 3653 3588 552 279 612 4061 4061 4060 4060 4060 4060 4060 4060
747 1777388708 3554 3698 3671 3650 3585 574 276 3594 4061 4061 4060 4060 4060 4060 4060 4060
748 1777388708 3556 3700 3673 3652 3587 535 281 3596 4061 4061 4061 4061 4061 4061 4061 4061
749 1777388708 3555 3699 3671 3650 3586 560 280 3594 4061 4061 4061 4061 4061 4061 4061 4061
750 1777388708 3556 3700 3673 3652 3588 554 280 578 4061 4061 4061 4061 4061 4061 4061 4061
751 1777388708 3554 3698 3671 3650 3585 539 281 3594 4061 4061 4061 4061 4061 4061 4061 4061
752 1777388708 3557 3702 3674 3653 3589 561 279 581 4061 4061 4061 4061 4061 4061 4061 4061
753 1777388708 3554 3699 3671 3650 3586 544 281 3594 4059 4059 4058 4058 4058 4058 4058 4058
754 1777388708 3556 3700 3673 3652 3587 565 278 3595 4061 4061 4060 4060 4060 4060 4060 4060
755 1777388708 3554 3699 3671 3650 3585 553 280 3594 4061 4061 4061 4061 4061 4061 4061 4061
756 1777388708 3555 3700 3672 3651 3587 553 280 3595 4061 4061 4060 4060 4060 4060 4060 4060
757 1777388708 3555 3699 3671 3651 3587 557 279 3594 4061 4061 4060 4060 4060 4060 4060 4060
758 1777388708 3554 3699 3671 3650 3586 572 277 3593 4061 4061 4060 4060 4060 4060 4060 4060
759 1777388708 3556 3701 3673 3652 3588 560 279 610 4061 4061 4061 4061 4061 4061 4061 4061
760 1777388708 3554 3699 3672 3651 3586 550 280 3594 4061 4061 4060 4060 4060 4060 4060 4060
761 1777388708 3555 3700 3672 3651 3587 537 281 3596 4061 4061 4060 4060 4060 4060 4060 4060
762 1777388708 3557 3701 3674 3653 3588 561 279 607 4061 4061 4061 4061 4061 4061 4061 4061
763 1777388708 3554 3699 3671 3650 3586 553 280 3595 4061 4061 4060 4060 4060 4060 4060 4060
764 1777388708 3556 3701 3673 3652 3588 552 280 583 4061 4061 4060 4060 4060 4060 4060 4060
765 1777388709 3555 3700 3672 3651 3586 575 276 3594 4059 4059 4059 4059 4059 4059 4059 4059
766 1777388709 3556 3701 3673 3651 3587 555 280 605 4059 4059 4059 4059 4059 4059 4059 4059
767 1777388709 3556 3700 3672 3651 3587 551 280 3595 4063 4061 4061 4061 4061 4061 4061 4061
768 1777388709 3554 3699 3671 3650 3586 560 279 3594 4061 4061 4061 4061 4061 4061 4061 4061
769 1777388709 3554 3699 3671 3651 3586 571 277 3595 4061 4061 4060 4060 4060 4060 4060 4060
770 1777388709 3555 3700 3672 3651 3587 568 278 3595 4061 4061 4061 4061 4061 4061 4061 4061
771 1777388709 3556 3701 3673 3653 3588 576 275 578 4061 4061 4060 4060 4060 4060 4060 4060
772 1777388709 3554 3699 3671 3650 3586 564 279 3594 4061 4061 4061 4061 4061 4061 4061 4061
773 1777388709 3554 3699 3672 3651 3586 550 280 3595 4061 4061 4060 4060 4060 4060 4060 4060
774 1777388709 3555 3700 3672 3651 3587 556 280 3596 4061 4061 4060 4060 4060 4060 4060 4060
775 1777388709 3555 3699 3671 3650 3586 535 281 3595 4061 4061 4060 4060 4060 4060 4060 4060
776 1777388709 3555 3699 3672 3651 3586 562 279 3595 4059 4059 4059 4059 4059 4059 4059 4059
777 1777388709 3556 3701 3673 3652 3588 552 280 584 4061 4061 4061 4061 4061 4061 4061 4061
778 1777388709 3555 3700 3672 3652 3587 530 281 3596 4061 4061 4060 4060 4060 4060 4060 4060
779 1777388709 3556 3701 3673 3651 3587 549 280 3596 4061 4061 4061 4061 4061 4061 4061 4061
780 1777388709 3555 3700 3672 3651 3586 563 279 3595 4061 4061 4060 4060 4060 4060 4060 4060
781 1777388709 3556 3700 3673 3651 3587 561 279 3596 4059 4059 4059 4059 4059 4059 4059 4059
782 1777388709 3554 3699 3672 3651 3587 574 277 3595 4061 4061 4060 4060 4060 4060 4060 4060
783 1777388709 3555 3699 3672 3651 3586 562 279 3595 4059 4059 4059 4059 4059 4059 4059 4059
784 1777388709 3556 3701 3674 3653 3588 581 273 587 4059 4059 4059 4059 4059 4059 4059 4059
785 1777388709 3557 3701 3674 3652 3587 559 280 616 4061 4061 4061 4061 4061 4061 4061 4061
786 1777388709 3555 3699 3671 3651 3586 563 279 3595 4061 4061 4061 4061 4061 4061 4061 4061
787 1777388709 3556 3701 3673 3652 3588 550 280 576 4061 4061 4061 4061 4061 4061 4061 4061
788 1777388709 3556 3701 3673 3652 3588 577 275 591 4061 4061 4060 4060 4060 4060 4060 4060
789 1777388709 3557 3702 3673 3652 3588 563 279 622 4061 4061 4061 4061 4061 4061 4061 4061
790 1777388709 3556 3700 3673 3652 3587 560 279 622 4061 4061 4060 4060 4060 4060 4060 4060
791 1777388710 3556 3701 3673 3652 3588 561 280 3596 4061 4061 4060 4060 4060 4060 4060 4060
792 1777388710 3558 3702 3675 3653 3589 560 279 602 4061 4061 4061 4061 4061 4061 4061 4061
793 1777388710 3555 3699 3672 3651 3587 551 280 3596 4060 4061 4060 4060 4060 4060 4060 4060
794 1777388710 3555 3699 3672 3651 3586 566 279 3595 4061 4061 4060 4060 4060 4060 4060 4060
795 1777388710 3554 3699 3672 3651 3587 571 277 3595 4059 4059 4059 4059 4059 4059 4059 4059
796 1777388710 3555 3700 3672 3651 3587 551 281 3595 4061 4061 4061 4061 4061 4061 4061 4061
797 1777388710 3555 3700 3672 3651 3586 580 274 3595 4059 4059 4059 4059 4059 4059 4059 4059
798 1777388710 3557 3701 3674 3653 3589 558 280 589 4061 4061 4061 4061 4061 4061 4061 4061
799 1777388710 3555 3700 3673 3651 3587 548 281 3596 4061 4061 4060 4060 4060 4060 4060 4060
800 1777388710 3556 3701 3673 3652 3588 556 279 3596 4061 4061 4061 4061 4061 4061 4061 4061
801 1777388710 3555 3699 3672 3651 3587 551 281 3596 4061 4061 4061 4061 4061 4061 4061 4061
802 1777388710 3556 3700 3672 3651 3587 558 280 3597 4061 4061 4060 4060 4060 4060 4060 4060
803 1777388710 3555 3700 3672 3651 3586 549 281 3596 4061 4061 4060 4060 4060 4060 4060 4060
804 1777388710 3555 3700 3671 3651 3587 548 281 3595 4061 4061 4061 4061 4061 4061 4061 4061
805 1777388710 3556 3700 3672 3652 3587 561 280 3596 4061 4061 4060 4060 4060 4060 4060 4060
806 1777388710 3557 3701 3674 3653 3588 559 280 609 4061 4061 4060 4060 4060 4060 4060 4060
807 1777388710 3557 3702 3674 3653 3589 565 280 603 4061 4061 4060 4060 4060 4060 4060 4060
808 1777388710 3555 3700 3672 3651 3587 543 281 3595 4061 4061 4061 4061 4061 4061 4061 4061
809 1777388710 3555 3700 3672 3651 3587 547 281 3596 4061 4061 4060 4060 4060 4060 4060 4060
810 1777388710 3555 3700 3672 3651 3587 548 280 3596 4061 4061 4061 4061 4061 4061 4061 4061
811 1777388710 3557 3702 3674 3653 3589 552 281 590 4061 4061 4060 4060 4060 4060 4060 4060
812 1777388710 3557 3702 3675 3654 3589 566 279 603 4061 4061 4061 4061 4061 4061 4061 4061
813 1777388710 3555 3699 3671 3650 3586 552 281 3594 4061 4061 4060 4060 4060 4060 4060 4060
814 1777388710 3556 3701 3673 3652 3587 517 282 3597 4061 4061 4060 4060 4060 4060 4060 4060
815 1777388710 3554 3699 3671 3650 3587 552 280 3595 4059 4059 4059 4059 4059 4059 4059 4059
816 1777388710 3555 3699 3672 3651 3586 564 279 3595 4061 4061 4061 4061 4061 4061 4061 4061
817 1777388710 3558 3703 3675 3653 3589 568 278 582 4059 4059 4059 4059 4059 4059 4059 4059
818 1777388710 3555 3700 3672 3651 3587 550 280 3596 4061 4061 4061 4061 4061 4061 4061 4061
819 1777388710 3555 3700 3673 3652 3587 562 279 3596 4061 4061 4060 4060 4060 4060 4060 4060
820 1777388710 3555 3699 3672 3651 3587 557 280 3595 4061 4061 4060 4060 4060 4060 4060 4060
821 1777388710 3556 3700 3673 3652 3588 529 282 3597 4061 4061 4060 4060 4060 4060 4060 4060
822 1777388710 3558 3703 3675 3654 3590 557 280 600 4061 4061 4060 4060 4060 4060 4060 4060
823 1777388711 3556 3701 3673 3652 3587 501 283 3596 4061 4061 4060 4060 4060 4060 4060 4060
824 1777388711 3557 3702 3674 3653 3589 565 279 610 4061 4061 4061 4061 4061 4061 4061 4061
825 1777388711 3555 3699 3672 3651 3587 552 280 3596 4061 4061 4060 4060 4060 4060 4060 4060
826 1777388711 3556 3700 3673 3652 3587 559 280 3595 4061 4061 4061 4061 4061 4061 4061 4061
827 1777388711 3557 3702 3674 3653 3589 556 281 662 4061 4061 4061 4061 4061 4061 4061 4061
828 1777388711 3555 3700 3672 3651 3587 572 278 3595 4061 4061 4060 4060 4060 4060 4060 4060
829 1777388711 3555 3700 3672 3651 3587 553 280 3596 4061 4061 4060 4060 4060 4060 4060 4060
830 1777388711 3558 3702 3675 3654 3589 565 279 625 4059 4059 4059 4059 4059 4059 4059 4059
831 1777388711 3557 3702 3674 3653 3588 559 280 641 4061 4061 4060 4060 4060 4060 4060 4060
832 1777388711 3556 3700 3673 3652 3587 548 281 3595 4061 4061 4061 4061 4061 4061 4061 4061
833 1777388711 3555 3700 3672 3652 3587 551 281 3596 4061 4061 4061 4061 4061 4061 4061 4061
834 1777388711 3556 3701 3674 3652 3588 563 279 3597 4061 4061 4061 4061 4061 4061 4061 4061
835 1777388711 3556 3701 3673 3652 3587 552 281 3596 4061 4061 4060 4060 4060 4060 4060 4060
836 1777388711 3556 3700 3672 3651 3587 560 280 3595 4061 4061 4060 4060 4060 4060 4060 4060
837 1777388711 3556 3700 3673 3652 3588 531 282 3596 4061 4061 4060 4060 4060 4060 4060 4060
838 1777388711 3556 3701 3673 3652 3587 550 281 3596 4061 4061 4060 4060 4060 4060 4060 4060
839 1777388711 3556 3700 3673 3651 3587 564 279 3596 4061 4061 4061 4061 4061 4061 4061 4061
840 1777388711 3557 3703 3674 3654 3589 566 279 600 4059 4059 4059 4059 4059 4059 4059 4059
841 1777388711 3555 3700 3672 3651 3587 564 279 3596 4063 4061 4061 4061 4061 4061 4061 4061
842 1777388711 3556 3700 3673 3652 3588 563 279 3597 4059 4059 4059 4059 4059 4059 4059 4059
843 1777388711 3556 3701 3673 3653 3588 555 281 3596 4061 4061 4060 4060 4060 4060 4060 4060
844 1777388711 3556 3701 3673 3652 3587 543 282 3595 4061 4061 4060 4060 4060 4060 4060 4060
845 1777388711 3557 3701 3674 3653 3589 568 278 603 4059 4059 4059 4059 4059 4059 4059 4059
846 1777388711 3555 3700 3673 3651 3586 567 279 3595 4061 4061 4060 4060 4060 4060 4060 4060
847 1777388711 3556 3700 3673 3652 3587 565 280 3596 4061 4061 4061 4061 4061 4061 4061 4061
848 1777388711 3555 3700 3672 3651 3587 558 281 3595 4061 4061 4060 4060 4060 4060 4060 4060
849 1777388711 3556 3701 3673 3652 3587 539 282 3595 4059 4059 4059 4059 4059 4059 4059 4059
850 1777388711 3556 3700 3673 3652 3588 569 279 3597 4061 4061 4060 4060 4060 4060 4060 4060
851 1777388711 3558 3703 3675 3654 3589 545 281 640 4061 4061 4060 4060 4060 4060 4060 4060
852 1777388711 3558 3702 3675 3654 3590 575 277 619 4061 4061 4060 4060 4060 4060 4060 4060
853 1777388711 3557 3701 3674 3653 3588 555 281 584 4061 4061 4060 4060 4060 4060 4060 4060
854 1777388711 3555 3700 3672 3651 3587 560 280 3595 4059 4059 4059 4059 4059 4059 4059 4059
855 1777388711 3557 3701 3674 3653 3588 553 281 3596 4061 4061 4060 4060 4060 4060 4060 4060
856 1777388711 3555 3700 3672 3651 3587 562 280 3595 4061 4061 4061 4061 4061 4061 4061 4061
857 1777388711 3558 3703 3675 3654 3589 556 280 599 4061 4061 4061 4061 4061 4061 4061 4061
858 1777388711 3556 3701 3673 3652 3588 562 280 3596 4059 4059 4059 4059 4059 4059 4059 4059
859 1777388712 3555 3701 3672 3652 3587 551 281 3596 4061 4061 4060 4060 4060 4060 4060 4060
860 1777388712 3556 3701 3673 3652 3588 541 282 3597 4061 4061 4060 4060 4060 4060 4060 4060
861 1777388712 3557 3702 3674 3653 3589 567 279 598 4061 4061 4060 4060 4060 4060 4060 4060
862 1777388712 3555 3700 3673 3651 3587 559 281 3596 4061 4061 4061 4061 4061 4061 4061 4061
863 1777388712 3556 3701 3673 3652 3588 542 281 3596 4061 4061 4060 4060 4060 4060 4060 4060
864 1777388712 3559 3703 3676 3654 3590 565 279 606 4059 4059 4059 4059 4059 4059 4059 4059
865 1777388712 3558 3702 3675 3653 3590 561 280 607 4061 4061 4061 4061 4061 4061 4061 4061
866 1777388712 3557 3701 3673 3652 3588 555 281 3597 4061 4061 4060 4060 4060 4060 4060 4060
867 1777388712 3558 3702 3675 3654 3589 553 281 580 4061 4061 4061 4061 4061 4061 4061 4061
868 1777388712 3555 3700 3672 3651 3587 573 277 3595 4061 4061 4060 4060 4060 4060 4060 4060
869 1777388712 3556 3701 3673 3653 3588 566 279 3596 4061 4061 4060 4060 4060 4060 4060 4060
870 1777388712 3556 3701 3673 3652 3587 566 279 3596 4061 4059 4059 4059 4059 4059 4059 4059
871 1777388712 3556 3700 3673 3652 3587 546 281 3596 4061 4061 4060 4060 4060 4060 4060 4060
872 1777388712 3557 3701 3673 3652 3588 574 276 587 4061 4061 4061 4061 4061 4061 4061 4061
873 1777388712 3555 3700 3672 3652 3587 547 281 3596 4061 4061 4060 4060 4060 4060 4060 4060
874 1777388712 3556 3701 3673 3652 3588 550 281 3596 4061 4061 4060 4060 4060 4060 4060 4060
875 1777388712 3556 3701 3672 3651 3587 536 282 3596 4061 4061 4060 4060 4060 4060 4060 4060
876 1777388712 3557 3703 3675 3654 3589 576 277 604 4061 4061 4061 4061 4061 4061 4061 4061
877 1777388712 3558 3702 3675 3653 3589 563 280 624 4059 4059 4059 4059 4059 4059 4059 4059
878 1777388712 3556 3701 3673 3652 3587 541 282 3596 4061 4061 4061 4061 4061 4061 4061 4061
879 1777388712 3556 3701 3673 3652 3588 536 282 3596 4061 4061 4061 4061 4061 4061 4061 4061
880 1777388713 3556 3700 3673 3652 3588 562 279 3597 4061 4061 4061 4061 4061 4061 4061 4061
881 1777388713 3557 3702 3674 3653 3589 568 278 585 4061 4061 4060 4060 4060 4060 4060 4060
882 1777388713 3556 3701 3673 3652 3587 544 281 3596 4061 4061 4060 4060 4060 4060 4060 4060
883 1777388713 3555 3700 3673 3652 3587 544 281 3596 4061 4061 4060 4060 4060 4060 4060 4060
884 1777388713 3557 3702 3674 3653 3589 570 279 599 4061 4061 4061 4061 4061 4061 4061 4061
885 1777388713 3557 3702 3673 3653 3588 570 279 614 4061 4061 4060 4060 4060 4060 4060 4060
886 1777388713 3556 3701 3673 3652 3588 546 281 3596 4061 4061 4061 4061 4061 4061 4061 4061
887 1777388713 3558 3703 3675 3654 3590 587 270 588 4061 4061 4060 4060 4060 4060 4060 4060
888 1777388713 3557 3701 3674 3653 3588 542 282 3597 4061 4061 4061 4061 4061 4061 4061 4061
889 1777388713 3556 3700 3673 3652 3587 551 282 3596 4059 4059 4059 4059 4059 4059 4059 4059
890 1777388713 3558 3703 3675 3654 3590 556 281 593 4059 4059 4059 4059 4059 4059 4059 4059
891 1777388713 3557 3702 3674 3653 3589 558 280 596 4059 4059 4059 4059 4059 4059 4059 4059
892 1777388713 3555 3700 3673 3652 3587 561 280 3595 4061 4061 4060 4060 4060 4060 4060 4060
893 1777388713 3555 3700 3672 3652 3587 560 280 3596 4061 4061 4060 4060 4061 4060 4061 4061
894 1777388713 3557 3702 3674 3653 3588 561 281 3597 4059 4059 4059 4059 4059 4059 4059 4059
895 1777388713 3559 3703 3676 3655 3590 589 269 594 4059 4059 4059 4059 4059 4059 4059 4059
896 1777388713 3555 3700 3672 3651 3587 559 280 3595 4061 4061 4060 4060 4060 4060 4060 4060
897 1777388713 3557 3702 3674 3653 3588 568 279 3598 4061 4061 4061 4061 4061 4061 4061 4061
898 1777388713 3556 3701 3673 3652 3588 552 281 3597 4061 4061 4060 4060 4060 4060 4060 4060
899 1777388713 3556 3701 3673 3653 3588 583 274 3596 4059 4059 4059 4059 4059 4059 4059 4059
900 1777388713 3556 3700 3673 3652 3587 547 282 3597 4061 4061 4061 4061 4061 4061 4061 4061
901 1777388713 3558 3703 3675 3654 3590 573 278 595 4059 4059 4059 4059 4059 4059 4059 4059
902 1777388713 3557 3702 3674 3653 3589 551 281 592 4061 4061 4061 4061 4061 4061 4061 4061
903 1777388713 3556 3700 3673 3652 3587 533 282 3595 4059 4059 4059 4059 4059 4059 4059 4059
904 1777388713 3556 3700 3673 3652 3588 547 281 3597 4061 4061 4060 4060 4060 4060 4060 4060
905 1777388713 3556 3700 3672 3652 3587 553 281 3596 4061 4061 4061 4061 4061 4061 4061 4061
906 1777388714 3556 3702 3673 3652 3588 559 281 3597 4061 4061 4060 4060 4060 4060 4060 4060
907 1777388714 3557 3702 3674 3653 3589 539 282 3597 4061 4061 4061 4061 4061 4061 4061 4061
908 1777388714 3558 3703 3675 3654 3590 560 280 623 4059 4059 4059 4059 4059 4059 4059 4059
909 1777388714 3558 3703 3675 3654 3589 577 277 579 4059 4059 4059 4059 4059 4059 4059 4059
910 1777388714 3558 3702 3675 3654 3590 570 279 613 4061 4061 4061 4061 4061 4061 4061 4061
911 1777388714 3556 3700 3673 3652 3588 555 281 3596 4059 4059 4059 4059 4059 4059 4059 4059
912 1777388714 3557 3702 3673 3652 3588 554 281 3597 4059 4059 4059 4059 4059 4059 4059 4059
913 1777388714 3557 3702 3674 3654 3589 565 280 619 4061 4061 4061 4061 4061 4061 4061 4061
914 1777388714 3557 3702 3673 3652 3588 559 281 3597 4061 4061 4060 4060 4060 4060 4060 4060
915 1777388714 3556 3701 3673 3652 3588 554 282 3596 4061 4061 4060 4060 4060 4060 4060 4060
916 1777388714 3556 3701 3673 3652 3587 562 281 3595 4061 4061 4060 4060 4060 4060 4060 4060
917 1777388714 3557 3701 3673 3652 3588 523 283 3597 4061 4061 4060 4060 4060 4060 4060 4060
918 1777388714 3555 3700 3672 3652 3587 562 280 3597 4061 4061 4061 4061 4061 4061 4061 4061
919 1777388714 3558 3702 3675 3654 3589 555 281 590 4061 4061 4060 4060 4060 4060 4060 4060
920 1777388714 3558 3702 3675 3654 3589 584 274 597 4060 4061 4060 4060 4060 4060 4060 4060
921 1777388714 3556 3701 3673 3652 3588 551 281 3597 4061 4061 4061 4061 4061 4061 4061 4061
922 1777388714 3555 3700 3673 3651 3587 562 280 3596 4061 4061 4061 4061 4061 4061 4061 4061
923 1777388714 3558 3703 3675 3654 3590 541 282 599 4061 4061 4061 4061 4061 4061 4061 4061
924 1777388714 3555 3700 3672 3652 3588 552 281 3595 4061 4061 4060 4060 4060 4060 4060 4060
925 1777388714 3556 3701 3673 3652 3587 554 281 3596 4061 4061 4060 4060 4060 4060 4060 4060
926 1777388714 3559 3703 3675 3655 3590 562 281 634 4061 4061 4061 4061 4061 4061 4061 4061
927 1777388714 3556 3701 3674 3652 3588 572 278 3597 4060 4061 4060 4060 4060 4060 4060 4060
928 1777388714 3556 3701 3673 3652 3588 546 282 3597 4061 4061 4061 4061 4061 4061 4061 4061
929 1777388714 3555 3700 3672 3652 3587 546 281 3596 4061 4061 4061 4061 4061 4061 4061 4061
930 1777388714 3557 3702 3674 3653 3589 566 280 3597 4061 4061 4061 4061 4061 4061 4061 4061
931 1777388714 3555 3700 3673 3652 3588 574 278 3596 4061 4061 4060 4060 4060 4060 4060 4060
932 1777388714 3556 3701 3673 3652 3587 558 281 3596 4061 4061 4060 4060 4060 4060 4060 4060
933 1777388714 3558 3702 3675 3653 3589 561 280 3598 4061 4061 4061 4061 4061 4061 4061 4061
934 1777388714 3556 3701 3673 3652 3588 550 281 3597 4059 4059 4059 4059 4059 4059 4059 4059
935 1777388714 3556 3701 3674 3653 3588 554 281 3597 4061 4061 4060 4060 4060 4060 4060 4060
936 1777388714 3558 3702 3675 3654 3589 568 280 3598 4061 4061 4061 4061 4061 4061 4061 4061
937 1777388714 3557 3701 3674 3653 3588 549 282 3598 4061 4061 4060 4060 4060 4060 4060 4060
938 1777388714 3557 3702 3674 3653 3588 566 281 3597 4061 4061 4061 4061 4061 4061 4061 4061
939 1777388715 3556 3701 3673 3653 3588 551 281 3597 4061 4059 4059 4059 4059 4059 4059 4059
940 1777388715 3558 3703 3675 3653 3590 557 281 618 4061 4061 4060 4060 4060 4060 4060 4060
941 1777388715 3557 3702 3675 3654 3589 573 278 610 4061 4061 4061 4061 4061 4061 4061 4061
942 1777388715 3557 3701 3674 3653 3588 571 279 3597 4059 4059 4059 4059 4059 4059 4059 4059
943 1777388715 3556 3702 3674 3653 3589 580 276 625 4059 4059 4059 4059 4059 4059 4059 4059
944 1777388715 3557 3702 3674 3653 3589 529 283 3597 4061 4061 4060 4060 4060 4060 4060 4060
945 1777388715 2264 3700 3673 3653 3588 561 280 3597 4059 4059 4059 4059 4059 4059 4059 4059
946 1777388715 3557 3702 3675 3654 3589 568 280 602 4061 4061 4060 4060 4060 4060 4060 4060
947 1777388715 3557 3702 3675 3653 3589 557 281 3596 4059 4059 4059 4059 4059 4059 4059 4059
948 1777388715 3557 3702 3675 3654 3590 588 271 561 4061 4061 4061 4061 4061 4061 4061 4061
949 1777388715 3557 3702 3674 3653 3589 565 280 643 4061 4061 4060 4060 4060 4060 4060 4060
950 1777388715 3556 3701 3673 3653 3589 563 280 3597 4061 4061 4060 4060 4060 4060 4060 4060
951 1777388715 3557 3702 3674 3653 3588 546 283 3597 4061 4061 4060 4060 4060 4060 4060 4060
952 1777388715 3557 3703 3674 3654 3590 594 265 582 4061 4061 4060 4060 4060 4060 4060 4060
953 1777388715 3556 3701 3673 3652 3588 546 282 3596 4059 4059 4059 4059 4059 4059 4059 4059
954 1777388715 3557 3702 3674 3653 3588 571 279 601 4061 4061 4060 4060 4060 4060 4060 4060
955 1777388715 3557 3701 3673 3652 3588 561 280 3597 4061 4061 4060 4060 4060 4060 4060 4060
956 1777388715 3556 3701 3674 3652 3588 561 281 3597 4061 4061 4060 4060 4060 4060 4060 4060
957 1777388715 3559 3704 3676 3656 3591 553 281 570 4061 4061 4061 4061 4061 4061 4061 4061
958 1777388715 3556 3700 3673 3652 3587 548 282 3596 4061 4061 4060 4060 4060 4060 4060 4060
959 1777388715 3558 3703 3675 3655 3590 568 280 605 4061 4061 4061 4061 4061 4061 4061 4061
960 1777388715 3557 3702 3674 3653 3588 548 282 3597 4061 4061 4060 4060 4060 4060 4060 4060
961 1777388715 3557 3702 3674 3653 3589 549 282 3597 4061 4061 4061 4061 4061 4061 4061 4061
962 1777388716 3556 3701 3674 3652 3588 564 281 3596 4061 4061 4061 4061 4061 4061 4061 4061
963 1777388716 3558 3703 3675 3654 3590 557 281 585 4061 4061 4060 4060 4060 4060 4060 4060
964 1777388716 3557 3701 3674 3653 3588 552 282 3597 4061 4061 4061 4061 4061 4061 4061 4061
965 1777388716 3559 3704 3676 3655 3591 574 278 621 4061 4061 4060 4060 4060 4060 4060 4060
966 1777388716 3558 3703 3675 3654 3590 570 279 607 4061 4061 4060 4060 4060 4060 4060 4060
967 1777388716 3556 3701 3674 3653 3588 557 281 3597 4061 4061 4060 4060 4060 4060 4060 4060
968 1777388716 3556 3701 3673 3653 3588 554 281 3597 4061 4061 4060 4060 4060 4060 4060 4060
969 1777388716 3558 3703 3675 3653 3589 543 282 3598 4061 4061 4061 4061 4061 4061 4061 4061
970 1777388716 3557 3702 3674 3652 3589 564 280 3597 4060 4061 4060 4060 4060 4060 4060 4060
971 1777388716 3556 3701 3674 3653 3589 571 279 3598 4061 4061 4060 4060 4060 4060 4060 4060
972 1777388716 3558 3703 3675 3654 3589 585 273 605 4059 4059 4059 4059 4059 4059 4059 4059
973 1777388716 3557 3701 3673 3652 3588 557 282 3596 4061 4061 4060 4060 4060 4060 4060 4060
974 1777388716 3557 3701 3674 3653 3588 569 280 3597 4063 4061 4061 4061 4061 4061 4061 4061
975 1777388716 3559 3703 3676 3655 3590 561 281 620 4061 4061 4060 4060 4060 4060 4060 4060
976 1777388716 3557 3701 3674 3653 3588 572 279 3598 4061 4061 4060 4060 4060 4060 4060 4060
977 1777388716 3557 3701 3674 3653 3588 553 282 3597 4061 4061 4060 4060 4060 4060 4060 4060
978 1777388716 3557 3701 3674 3653 3588 558 281 3597 4059 4059 4059 4059 4059 4059 4059 4059
979 1777388716 3558 3703 3675 3655 3590 573 279 614 4061 4061 4060 4060 4060 4060 4060 4060
980 1777388716 3557 3701 3674 3653 3589 562 281 3597 4061 4061 4061 4061 4061 4061 4061 4061
981 1777388716 3557 3702 3674 3653 3589 554 282 3598 4061 4061 4060 4060 4060 4060 4060 4060
982 1777388716 3557 3702 3674 3653 3588 568 281 3597 4061 4061 4061 4061 4061 4061 4061 4061
983 1777388716 3557 3701 3673 3653 3588 563 280 3598 4059 4059 4059 4059 4059 4059 4059 4059
984 1777388716 3557 3702 3675 3653 3589 584 274 598 4061 4061 4060 4060 4060 4060 4060 4060
985 1777388716 3558 3703 3675 3654 3590 565 281 591 4061 4061 4060 4060 4060 4060 4060 4060
986 1777388716 3556 3700 3673 3652 3587 569 280 3596 4061 4061 4061 4061 4061 4061 4061 4061
987 1777388716 3558 3703 3676 3655 3590 561 281 611 4061 4061 4060 4060 4060 4060 4060 4060
988 1777388716 3557 3702 3673 3653 3588 541 282 3597 4061 4061 4060 4060 4060 4060 4060 4060
989 1777388716 3557 3702 3674 3653 3589 564 281 3598 4059 4059 4059 4059 4059 4059 4059 4059
990 1777388716 3557 3702 3674 3653 3589 562 281 3598 4061 4061 4060 4060 4060 4060 4060 4060
991 1777388717 3557 3702 3673 3653 3589 538 282 3597 4061 4061 4060 4060 4060 4060 4060 4060
992 1777388717 3556 3701 3673 3652 3588 568 278 610 4059 4059 4059 4059 4059 4059 4059 4059
993 1777388717 3555 3699 3671 3650 3586 554 280 3595 4061 4061 4061 4061 4061 4061 4061 4061
994 1777388717 3555 3699 3672 3650 3587 556 279 3595 4061 4061 4060 4060 4060 4060 4060 4060
995 1777388717 3557 3701 3674 3653 3589 565 278 608 4061 4061 4060 4060 4060 4060 4060 4060
996 1777388717 3557 3702 3674 3653 3588 563 278 611 4061 4061 4060 4060 4060 4060 4060 4060
997 1777388717 3557 3702 3674 3653 3588 555 279 587 4061 4061 4060 4060 4060 4060 4060 4060
998 1777388717 3554 3699 3671 3650 3586 558 279 3593 4061 4061 4060 4060 4060 4060 4060 4060
999 1777388717 3556 3700 3673 3652 3588 548 280 3596 4059 4059 4059 4059 4059 4059 4059 4059
1000 1777388717 3554 3699 3672 3650 3586 581 273 3595 4059 4059 4059 4059 4059 4059 4059 4059
