1 1777389468 3553 3697 3669 3649 3584 557 281 3593 4059 4059 4059 4059 4059 4059 4059 4059
2 1777389468 3553 3698 3670 3649 3584 544 281 3594 4059 4059 4059 4059 4059 4059 4059 4059
3 1777389468 3552 3697 3670 3649 3585 545 282 3594 4061 4061 4060 4060 4060 4060 4060 4060
4 1777389468 3556 3701 3673 3652 3588 578 276 598 4059 4059 4059 4059 4059 4059 4059 4059
5 1777389468 3553 3697 3670 3649 3585 538 283 3593 4059 4059 4059 4059 4059 4059 4059 4059
6 1777389468 3553 3697 3670 3649 3585 558 281 3593 4061 4061 4060 4060 4060 4060 4060 4060
7 1777389468 3555 3699 3671 3650 3586 558 280 3594 4061 4061 4060 4060 4060 4060 4060 4060
8 1777389468 3555 3700 3673 3652 3587 554 281 590 4061 4061 4060 4060 4060 4060 4060 4060
9 1777389468 3555 3700 3673 3652 3587 577 277 621 4061 4061 4060 4060 4060 4060 4060 4060
10 1777389468 3557 3701 3674 3652 3588 581 276 599 4061 4061 4060 4060 4060 4060 4060 4060
11 1777389468 3554 3698 3671 3650 3586 556 281 3594 4061 4060 4060 4060 4060 4060 4060 4060
12 1777389468 3554 3699 3671 3650 3586 546 282 3595 4059 4059 4059 4059 4059 4059 4059 4059
13 1777389468 3556 3701 3673 3652 3589 577 277 618 4059 4059 4059 4059 4059 4059 4059 4059
14 1777389469 3554 3698 3670 3650 3585 551 282 3594 4059 4059 4059 4059 4059 4059 4059 4059
15 1777389469 3554 3699 3671 3651 3586 570 279 3595 4061 4061 4060 4060 4060 4060 4060 4060
16 1777389469 3556 3700 3673 3652 3588 572 278 595 4061 4061 4060 4060 4060 4060 4060 4060
17 1777389469 3554 3699 3671 3650 3586 558 281 3594 4061 4061 4060 4060 4060 4060 4060 4060
18 1777389469 3554 3698 3671 3650 3586 565 281 3595 4059 4059 4059 4059 4059 4059 4059 4059
19 1777389469 3553 3699 3670 3650 3585 555 281 3594 4061 4061 4060 4060 4060 4060 4060 4060
20 1777389469 3557 3701 3673 3652 3588 568 280 588 4061 4061 4060 4060 4060 4060 4060 4060
21 1777389469 3555 3699 3672 3651 3586 560 281 3595 4059 4059 4059 4059 4059 4059 4059 4059
22 1777389469 3553 3698 3671 3650 3586 553 282 3595 4059 4059 4059 4059 4059 4059 4059 4059
23 1777389469 3554 3698 3671 3650 3585 563 281 3594 4059 4059 4059 4059 4059 4059 4059 4059
24 1777389469 3554 3698 3671 3650 3586 559 281 3595 4061 4061 4060 4060 4060 4060 4060 4060
25 1777389469 3554 3699 3670 3649 3585 568 280 3594 4061 4061 4060 4060 4060 4060 4060 4060
26 1777389469 3555 3699 3671 3651 3586 574 279 3595 4061 4061 4060 4060 4060 4060 4060 4060
27 1777389469 3554 3699 3671 3650 3585 552 281 3594 4059 4059 4059 4059 4059 4059 4059 4059
28 1777389469 3554 3699 3671 3650 3586 543 283 3595 4059 4059 4059 4059 4059 4059 4059 4059
29 1777389469 3555 3700 3672 3651 3586 546 282 3595 4061 4061 4060 4060 4060 4060 4060 4060
30 1777389469 3555 3700 3672 3651 3587 568 280 3595 4059 4059 4059 4059 4059 4059 4059 4059
31 1777389469 3555 3699 3672 3651 3587 536 283 3595 4059 4059 4059 4059 4059 4059 4059 4059
32 1777389469 3555 3700 3672 3651 3586 547 282 3596 4061 4061 4060 4060 4060 4060 4060 4060
33 1777389470 3554 3699 3671 3650 3586 558 282 3594 4059 4059 4059 4059 4059 4059 4059 4059
34 1777389470 3556 3701 3673 3652 3588 562 280 613 4061 4061 4060 4060 4060 4060 4060 4060
35 1777389470 3556 3701 3673 3652 3587 578 277 604 4061 4061 4061 4061 4061 4061 4061 4061
36 1777389470 3556 3701 3673 3652 3588 568 280 605 4059 4059 4059 4059 4059 4059 4059 4059
37 1777389470 3556 3701 3673 3653 3588 577 277 625 4061 4060 4060 4060 4060 4060 4060 4060
38 1777389470 3554 3698 3671 3650 3585 552 282 3594 4061 4061 4060 4060 4060 4060 4060 4060
39 1777389470 3557 3702 3674 3653 3589 562 281 582 4059 4059 4059 4059 4059 4059 4059 4059
40 1777389470 3554 3699 3671 3650 3586 553 282 3595 4061 4061 4060 4060 4060 4060 4060 4060
41 1777389470 3555 3700 3672 3651 3587 568 280 3596 4059 4059 4059 4059 4059 4059 4059 4059
42 1777389470 3554 3699 3671 3650 3586 567 280 3595 4061 4061 4060 4060 4060 4060 4060 4060
43 1777389470 3555 3700 3672 3651 3587 562 281 3596 4059 4059 4059 4059 4059 4059 4059 4059
44 1777389470 3554 3698 3671 3650 3586 539 283 3594 4061 4061 4061 4061 4061 4061 4061 4061
45 1777389470 3555 3700 3672 3651 3586 565 281 3595 4061 4061 4060 4060 4060 4060 4060 4060
46 1777389470 3554 3698 3671 3649 3585 572 277 3594 4061 4061 4060 4060 4060 4060 4060 4060
47 1777389470 3553 3698 3670 3649 3585 556 280 3594 4061 4061 4060 4060 4060 4060 4060 4060
48 1777389470 3552 3697 3669 3648 3584 554 280 3592 4061 4061 4060 4060 4060 4060 4060 4060
49 1777389470 3553 3697 3670 3649 3584 536 281 3593 4061 4061 4060 4060 4060 4060 4060 4060
50 1777389470 3553 3697 3670 3649 3584 538 281 3594 4061 4061 4060 4060 4060 4060 4060 4060
51 1777389470 3552 3697 3669 3648 3584 559 280 3594 4061 4061 4060 4060 4060 4060 4060 4060
52 1777389470 3554 3699 3671 3650 3586 566 278 641 4059 4059 4059 4059 4059 4059 4059 4059
53 1777389470 3553 3697 3670 3649 3584 557 280 3592 4059 4059 4059 4059 4059 4059 4059 4059
54 1777389470 3555 3700 3672 3650 3586 560 279 619 4059 4059 4059 4059 4059 4059 4059 4059
55 1777389470 3553 3697 3670 3649 3584 565 278 3593 4059 4059 4059 4059 4059 4059 4059 4059
56 1777389471 3554 3698 3671 3650 3585 551 280 3594 4061 4061 4060 4060 4060 4060 4060 4060
57 1777389471 3553 3698 3670 3649 3585 551 280 3594 4061 4061 4060 4060 4060 4060 4060 4060
58 1777389471 3555 3700 3672 3651 3586 568 278 599 4061 4061 4060 4060 4060 4060 4060 4060
59 1777389471 3553 3698 3670 3649 3586 567 278 3594 4057 4057 4057 4057 4057 4057 4057 4057
60 1777389471 3553 3698 3670 3649 3584 537 281 3593 4061 4061 4060 4060 4060 4060 4060 4060
61 1777389471 3553 3698 3670 3649 3585 558 279 3594 4061 4061 4060 4060 4060 4060 4060 4060
62 1777389471 3553 3698 3670 3649 3585 562 279 3594 4059 4059 4059 4059 4059 4059 4059 4059
63 1777389471 3553 3698 3670 3649 3585 542 281 3594 4061 4061 4060 4060 4060 4060 4060 4060
64 1777389471 3553 3698 3670 3649 3585 560 279 3593 4061 4061 4060 4060 4060 4060 4060 4060
65 1777389471 3556 3700 3672 3651 3587 571 277 617 4059 4059 4059 4059 4059 4059 4059 4059
66 1777389471 3554 3698 3671 3650 3585 535 281 3593 4061 4061 4060 4060 4060 4060 4060 4060
67 1777389471 3555 3699 3671 3650 3585 558 279 595 4059 4059 4059 4059 4059 4059 4059 4059
68 1777389471 3554 3698 3670 3650 3585 558 280 3593 4059 4059 4059 4059 4059 4059 4059 4059
69 1777389471 3553 3697 3669 3648 3584 553 281 3592 4059 4059 4059 4059 4059 4059 4059 4059
70 1777389471 3553 3698 3670 3649 3585 554 281 3594 4061 4061 4060 4060 4060 4060 4060 4060
71 1777389471 3552 3697 3669 3648 3584 568 278 3593 4061 4061 4060 4060 4060 4060 4060 4060
72 1777389471 3552 3697 3669 3648 3584 561 280 3593 4061 4061 4060 4060 4060 4060 4060 4060
73 1777389471 3554 3698 3670 3649 3585 560 279 3594 4061 4061 4060 4060 4060 4060 4060 4060
74 1777389471 3555 3699 3671 3651 3586 555 280 627 4061 4061 4060 4060 4060 4060 4060 4060
75 1777389471 3553 3698 3670 3649 3585 555 279 3594 4059 4059 4059 4059 4059 4059 4059 4059
76 1777389471 3555 3700 3672 3651 3587 550 280 625 4059 4059 4059 4059 4059 4059 4059 4059
77 1777389471 3553 3698 3670 3649 3584 549 280 3594 4061 4061 4060 4060 4060 4060 4060 4060
78 1777389471 3554 3698 3670 3649 3584 569 277 3594 4061 4061 4060 4060 4060 4060 4060 4060
79 1777389471 3553 3697 3670 3649 3585 560 279 3593 4061 4061 4060 4060 4060 4060 4060 4060
80 1777389471 3555 3700 3672 3651 3587 558 279 605 4059 4059 4059 4059 4059 4059 4059 4059
81 1777389471 3555 3699 3671 3651 3586 562 279 630 4059 4059 4059 4059 4059 4059 4059 4059
82 1777389471 3553 3697 3669 3648 3584 565 279 3593 4059 4059 4059 4059 4059 4059 4059 4059
83 1777389471 3553 3698 3670 3650 3586 576 275 3594 4061 4061 4060 4060 4060 4060 4060 4060
84 1777389471 3553 3698 3670 3649 3585 545 281 3593 4061 4061 4060 4060 4060 4060 4060 4060
85 1777389471 3553 3698 3671 3649 3585 540 281 3594 4059 4059 4059 4059 4059 4059 4059 4059
86 1777389471 3553 3697 3670 3649 3585 571 277 3593 4061 4061 4060 4060 4060 4060 4060 4060
87 1777389472 3554 3699 3670 3649 3585 568 278 3594 4061 4061 4060 4060 4060 4060 4060 4060
88 1777389472 3553 3697 3670 3649 3585 552 280 3593 4059 4059 4059 4059 4059 4059 4059 4059
89 1777389472 3553 3698 3670 3649 3585 551 280 3594 4061 4061 4060 4060 4060 4060 4060 4060
90 1777389472 3555 3699 3671 3651 3586 549 280 3595 4059 4059 4059 4059 4059 4059 4059 4059
91 1777389472 3553 3698 3670 3650 3585 539 282 3594 4059 4059 4059 4059 4059 4059 4059 4059
92 1777389472 3554 3698 3670 3650 3585 550 281 3593 4061 4061 4061 4061 4061 4061 4061 4061
93 1777389472 3554 3698 3671 3650 3586 561 280 3594 4059 4059 4059 4059 4059 4059 4059 4059
94 1777389472 3554 3698 3671 3650 3586 560 279 3595 4059 4059 4059 4059 4059 4059 4059 4059
95 1777389472 3553 3698 3670 3649 3585 553 280 3594 4061 4061 4060 4060 4060 4060 4060 4060
96 1777389472 3553 3698 3670 3649 3585 544 281 3594 4061 4061 4060 4060 4060 4060 4060 4060
97 1777389472 3553 3698 3670 3649 3585 558 280 3593 4061 4059 4059 4059 4059 4059 4059 4059
98 1777389472 3556 3700 3672 3652 3587 582 273 603 4061 4061 4060 4060 4060 4060 4060 4060
99 1777389472 3554 3698 3670 3650 3585 524 282 3594 4061 4061 4060 4060 4060 4060 4060 4060
100 1777389472 3554 3698 3670 3649 3585 565 279 3593 4059 4059 4059 4059 4059 4059 4059 4059
101 1777389472 3554 3698 3670 3649 3585 568 278 3592 4059 4059 4059 4059 4059 4059 4059 4059
102 1777389472 3553 3698 3670 3649 3585 561 280 3594 4061 4061 4060 4060 4060 4060 4060 4060
103 1777389472 3554 3698 3671 3649 3586 535 281 3594 4059 4059 4059 4059 4059 4059 4059 4059
104 1777389472 3553 3698 3670 3649 3585 543 281 3594 4059 4059 4059 4059 4059 4059 4059 4059
105 1777389472 3553 3697 3670 3649 3584 563 279 3593 4059 4059 4059 4059 4059 4059 4059 4059
106 1777389472 3554 3699 3671 3651 3586 558 280 599 4061 4061 4060 4060 4060 4060 4060 4060
107 1777389472 3555 3699 3672 3651 3586 584 271 607 4059 4059 4059 4059 4059 4059 4059 4059
108 1777389472 3554 3699 3671 3651 3586 551 280 3595 4061 4061 4060 4060 4060 4060 4060 4060
109 1777389472 3554 3699 3671 3650 3585 548 281 3594 4059 4059 4059 4059 4059 4059 4059 4059
110 1777389472 3553 3698 3670 3649 3585 553 280 3594 4059 4059 4059 4059 4059 4059 4059 4059
111 1777389472 3553 3697 3670 3649 3584 567 278 3594 4061 4061 4060 4060 4060 4060 4060 4060
112 1777389472 3554 3698 3671 3650 3585 553 281 3595 4061 4061 4061 4061 4061 4061 4061 4061
113 1777389472 3555 3699 3672 3651 3586 550 281 601 4061 4061 4060 4060 4060 4060 4060 4060
114 1777389473 3554 3699 3671 3651 3586 552 280 3594 4059 4059 4059 4059 4059 4059 4059 4059
115 1777389473 3555 3699 3672 3652 3587 574 276 595 4059 4059 4059 4059 4059 4059 4059 4059
116 1777389473 3553 3698 3670 3650 3585 536 282 3593 4061 4061 4060 4060 4060 4060 4060 4060
117 1777389473 3555 3699 3672 3651 3587 559 280 582 4059 4059 4059 4059 4059 4059 4059 4059
118 1777389473 3555 3700 3672 3651 3587 576 275 611 4059 4059 4059 4059 4059 4059 4059 4059
119 1777389473 3556 3701 3673 3652 3588 572 277 589 4061 4061 4060 4060 4060 4060 4060 4060
120 1777389473 3553 3698 3670 3649 3585 554 280 3593 4061 4061 4060 4060 4060 4060 4060 4060
121 1777389473 3555 3700 3672 3651 3587 569 278 594 4059 4059 4059 4059 4059 4059 4059 4059
122 1777389473 3554 3699 3671 3650 3585 561 280 3594 4059 4059 4059 4059 4059 4059 4059 4059
123 1777389473 3555 3699 3672 3651 3586 562 280 3596 4061 4061 4060 4060 4060 4060 4060 4060
124 1777389473 3554 3698 3670 3650 3585 568 279 3594 4059 4059 4059 4059 4059 4059 4059 4059
125 1777389473 3556 3700 3672 3651 3587 557 281 628 4059 4059 4059 4059 4059 4059 4059 4059
126 1777389473 3553 3697 3670 3650 3585 564 279 3594 4059 4059 4059 4059 4059 4059 4059 4059
127 1777389473 3554 3699 3671 3650 3586 550 281 3594 4061 4061 4060 4060 4060 4060 4060 4060
128 1777389473 3553 3698 3671 3649 3585 583 273 3594 4059 4059 4059 4059 4059 4059 4059 4059
129 1777389473 3552 3697 3669 3649 3585 560 280 3593 4061 4061 4060 4060 4060 4060 4060 4060
130 1777389473 3553 3698 3670 3649 3585 562 280 3593 4061 4061 4060 4060 4060 4060 4060 4060
131 1777389473 3555 3699 3671 3651 3587 559 280 3594 4061 4061 4060 4060 4060 4060 4060 4060
132 1777389473 3552 3697 3670 3648 3584 560 279 3593 4061 4059 4059 4059 4059 4059 4059 4059
133 1777389473 3553 3698 3670 3649 3585 560 280 3594 4059 4059 4059 4059 4059 4059 4059 4059
134 1777389473 3554 3698 3671 3650 3586 584 272 3595 4061 4061 4060 4060 4060 4060 4060 4060
135 1777389473 3553 3698 3670 3649 3585 551 281 3594 4061 4061 4060 4060 4060 4060 4060 4060
136 1777389473 3554 3699 3671 3650 3586 554 281 3595 4061 4061 4061 4061 4061 4061 4061 4061
137 1777389473 3554 3699 3671 3650 3586 557 280 3594 4059 4059 4059 4059 4059 4059 4059 4059
138 1777389473 3554 3699 3672 3651 3587 551 281 3595 4061 4061 4060 4060 4060 4060 4060 4060
139 1777389473 3554 3699 3671 3650 3586 563 280 3594 4061 4061 4060 4060 4060 4060 4060 4060
140 1777389473 3554 3698 3670 3650 3586 549 281 3595 4059 4059 4059 4059 4059 4059 4059 4059
141 1777389474 3554 3698 3671 3650 3585 548 281 3594 4059 4059 4059 4059 4059 4059 4059 4059
142 1777389474 3554 3698 3671 3650 3586 560 280 3595 4061 4061 4060 4060 4060 4060 4060 4060
143 1777389474 3554 3699 3672 3651 3587 575 277 3595 4061 4061 4060 4060 4060 4060 4060 4060
144 1777389474 3556 3700 3672 3651 3587 559 280 598 4061 4061 4060 4060 4060 4060 4060 4060
145 1777389474 3553 3697 3670 3649 3585 544 281 3593 4059 4059 4059 4059 4059 4059 4059 4059
146 1777389474 3554 3699 3671 3650 3586 552 280 3595 4059 4059 4059 4059 4059 4059 4059 4059
147 1777389474 3554 3699 3671 3650 3586 567 279 3595 4059 4059 4059 4059 4059 4059 4059 4059
148 1777389474 3554 3698 3671 3651 3586 579 274 3595 4061 4061 4060 4060 4060 4060 4060 4060
149 1777389474 3554 3698 3671 3650 3586 545 281 3594 4059 4059 4059 4059 4059 4059 4059 4059
150 1777389474 3554 3698 3671 3650 3586 544 282 3595 4059 4059 4059 4059 4059 4059 4059 4059
151 1777389474 3555 3699 3672 3651 3587 559 280 3596 4059 4059 4059 4059 4059 4059 4059 4059
152 1777389474 3555 3700 3672 3651 3586 564 279 599 4061 4061 4060 4060 4060 4060 4060 4060
153 1777389474 3554 3698 3671 3650 3586 567 279 3594 4061 4061 4060 4060 4060 4060 4060 4060
154 1777389474 3553 3697 3670 3649 3585 560 280 3594 4061 4061 4060 4060 4060 4060 4060 4060
155 1777389474 3554 3699 3671 3651 3587 550 281 3595 4061 4061 4060 4060 4060 4060 4060 4060
156 1777389474 3554 3699 3671 3650 3586 566 279 3595 4061 4061 4060 4060 4060 4060 4060 4060
157 1777389474 3553 3697 3670 3649 3584 541 281 3593 4061 4061 4060 4060 4060 4060 4060 4060
158 1777389474 3554 3698 3671 3649 3585 540 282 3595 4059 4059 4059 4059 4059 4059 4059 4059
159 1777389474 3554 3698 3671 3650 3586 547 281 3595 4061 4061 4060 4060 4060 4060 4060 4060
160 1777389474 3556 3700 3672 3652 3588 564 279 605 4061 4061 4060 4060 4060 4060 4060 4060
161 1777389474 3555 3699 3672 3651 3586 560 280 589 4061 4061 4061 4061 4061 4061 4061 4061
162 1777389474 3554 3699 3671 3650 3586 546 281 3594 4061 4061 4060 4060 4060 4060 4060 4060
163 1777389474 3553 3698 3670 3649 3585 585 272 3594 4061 4060 4060 4060 4060 4060 4060 4060
164 1777389474 3554 3699 3671 3651 3586 565 280 3593 4061 4061 4060 4060 4060 4060 4060 4060
165 1777389474 3554 3698 3671 3650 3586 571 278 3595 4059 4059 4058 4058 4058 4058 4058 4058
166 1777389474 3554 3699 3671 3651 3586 550 281 3595 4059 4059 4059 4059 4059 4059 4059 4059
167 1777389474 3555 3699 3671 3651 3586 565 280 3594 4061 4061 4060 4060 4060 4060 4060 4060
168 1777389474 3554 3699 3671 3650 3585 538 281 3594 4059 4059 4059 4059 4059 4059 4059 4059
169 1777389474 3556 3700 3673 3652 3588 569 278 607 4059 4059 4059 4059 4059 4059 4059 4059
170 1777389474 3554 3698 3670 3649 3585 538 282 3594 4061 4061 4060 4060 4060 4060 4060 4060
171 1777389475 3555 3699 3671 3651 3586 547 282 3594 4059 4059 4059 4059 4059 4059 4059 4059
172 1777389475 3554 3699 3671 3650 3586 551 281 3595 4061 4061 4060 4060 4060 4060 4060 4060
173 1777389475 3556 3701 3673 3652 3588 551 281 573 4059 4059 4059 4059 4059 4059 4059 4059
174 1777389475 3553 3697 3670 3649 3584 558 280 3593 4059 4059 4059 4059 4059 4059 4059 4059
175 1777389475 3554 3699 3672 3650 3586 529 282 3595 4059 4059 4059 4059 4059 4059 4059 4059
176 1777389475 3554 3698 3671 3650 3586 545 282 3595 4061 4061 4060 4060 4060 4060 4060 4060
177 1777389475 3553 3697 3670 3649 3584 538 281 3593 4059 4059 4059 4059 4059 4059 4059 4059
178 1777389475 3556 3701 3673 3652 3588 558 280 603 4061 4061 4060 4060 4060 4060 4060 4060
179 1777389475 3554 3699 3671 3650 3586 556 280 3594 4059 4059 4059 4059 4059 4059 4059 4059
180 1777389475 3554 3699 3672 3651 3586 571 279 3594 4061 4061 4060 4060 4060 4060 4060 4060
181 1777389475 3554 3698 3671 3650 3586 564 280 3594 4061 4061 4060 4060 4060 4060 4060 4060
182 1777389475 3553 3697 3669 3648 3584 548 281 3593 4061 4061 4060 4060 4060 4060 4060 4060
183 1777389475 3556 3701 3673 3652 3587 559 280 620 4061 4061 4060 4060 4060 4060 4060 4060
184 1777389475 3554 3699 3672 3651 3586 558 281 3595 4061 4061 4060 4060 4060 4060 4060 4060
185 1777389475 3553 3698 3670 3649 3585 549 281 3594 4059 4059 4059 4059 4059 4059 4059 4059
186 1777389475 3554 3700 3672 3651 3586 558 280 3595 4059 4059 4059 4059 4059 4059 4059 4059
187 1777389475 3554 3699 3671 3650 3586 557 281 3594 4059 4059 4059 4059 4059 4059 4059 4059
188 1777389475 3553 3698 3670 3650 3585 548 281 3593 4059 4059 4059 4059 4059 4059 4059 4059
189 1777389475 3554 3699 3671 3650 3586 572 278 3595 4061 4061 4060 4060 4060 4060 4060 4060
190 1777389475 3554 3699 3671 3651 3587 554 280 3595 4061 4061 4060 4060 4060 4060 4060 4060
191 1777389475 3554 3699 3671 3650 3586 546 282 3595 4061 4061 4060 4060 4060 4060 4060 4060
192 1777389475 3554 3699 3671 3650 3586 565 280 3595 4061 4061 4060 4060 4060 4060 4060 4060
193 1777389475 3554 3698 3670 3649 3585 549 281 3595 4061 4061 4060 4060 4060 4060 4060 4060
194 1777389475 3556 3700 3673 3652 3587 564 280 627 4061 4061 4060 4060 4060 4060 4060 4060
195 1777389475 3555 3699 3671 3650 3586 560 280 3594 4061 4061 4060 4060 4060 4060 4060 4060
196 1777389476 3555 3699 3672 3650 3586 544 282 3595 4061 4061 4061 4061 4061 4061 4061 4061
197 1777389476 3556 3701 3673 3652 3588 568 280 613 4059 4059 4059 4059 4059 4059 4059 4059
198 1777389476 3554 3699 3671 3650 3586 565 279 3595 4061 4061 4060 4060 4060 4060 4060 4060
199 1777389476 3555 3701 3673 3651 3587 567 280 597 4061 4061 4060 4060 4060 4060 4060 4060
200 1777389476 3556 3701 3673 3652 3588 547 281 602 4059 4059 4058 4058 4058 4058 4058 4058
201 1777389476 3554 3699 3671 3649 3585 551 281 3594 4059 4059 4059 4059 4059 4059 4059 4059
202 1777389476 3554 3699 3671 3650 3586 568 279 3595 4059 4059 4059 4059 4059 4059 4059 4059
203 1777389476 3554 3699 3671 3650 3585 571 278 3594 4059 4059 4059 4059 4059 4059 4059 4059
204 1777389476 3554 3698 3670 3650 3585 566 279 3594 4061 4061 4060 4060 4060 4060 4060 4060
205 1777389476 3554 3698 3671 3649 3585 555 281 3595 4059 4059 4059 4059 4059 4059 4059 4059
206 1777389476 3554 3699 3672 3650 3586 570 279 3595 4059 4059 4059 4059 4059 4059 4059 4059
207 1777389476 3555 3700 3672 3651 3587 559 280 3595 4061 4061 4060 4060 4060 4060 4060 4060
208 1777389476 3555 3700 3671 3650 3586 568 280 3595 4061 4061 4060 4060 4060 4060 4060 4060
209 1777389476 3555 3699 3671 3651 3586 570 279 3595 4061 4061 4060 4060 4060 4060 4060 4060
210 1777389476 3554 3699 3672 3650 3586 556 281 3595 4059 4059 4059 4059 4059 4059 4059 4059
211 1777389476 3555 3699 3672 3651 3587 560 281 3595 4059 4059 4059 4059 4059 4059 4059 4059
212 1777389476 3558 3702 3674 3653 3589 556 281 590 4061 4061 4060 4060 4060 4060 4060 4060
213 1777389476 3556 3701 3673 3652 3588 550 281 621 4059 4059 4059 4059 4059 4059 4059 4059
214 1777389476 3556 3700 3673 3651 3587 562 281 645 4059 4059 4059 4059 4059 4059 4059 4059
215 1777389476 3553 3698 3670 3650 3586 566 279 3594 4061 4061 4060 4060 4060 4060 4060 4060
216 1777389476 3556 3701 3673 3652 3588 545 281 594 4061 4061 4060 4060 4060 4060 4060 4060
217 1777389476 3556 3701 3673 3652 3588 576 277 586 4061 4061 4060 4060 4060 4060 4060 4060
218 1777389477 3556 3700 3673 3652 3588 576 276 645 4059 4059 4059 4059 4059 4059 4059 4059
219 1777389477 3557 3701 3674 3653 3588 579 275 619 4059 4059 4059 4059 4059 4059 4059 4059
220 1777389477 3556 3701 3673 3652 3588 565 280 622 4059 4059 4059 4059 4059 4059 4059 4059
221 1777389477 3555 3700 3672 3651 3587 575 277 620 4059 4059 4059 4059 4059 4059 4059 4059
222 1777389477 3555 3699 3672 3650 3586 554 281 3595 4061 4061 4060 4060 4060 4060 4060 4060
223 1777389477 3554 3699 3671 3650 3587 546 282 3595 4059 4059 4059 4059 4059 4059 4059 4059
224 1777389477 3554 3699 3672 3650 3586 565 280 3595 4061 4061 4060 4060 4060 4060 4060 4060
225 1777389477 3557 3701 3673 3653 3588 570 279 603 4061 4061 4060 4060 4060 4060 4060 4060
226 1777389477 3556 3701 3673 3652 3588 556 281 614 4059 4059 4059 4059 4059 4059 4059 4059
227 1777389477 3555 3700 3672 3651 3587 561 281 3594 4059 4059 4059 4059 4059 4059 4059 4059
228 1777389477 3554 3699 3671 3650 3586 565 280 3593 4059 4059 4059 4059 4059 4059 4059 4059
229 1777389477 3555 3700 3672 3651 3586 562 281 3595 4061 4061 4060 4060 4060 4060 4060 4060
230 1777389477 3555 3699 3672 3651 3586 557 281 3595 4059 4059 4059 4059 4059 4059 4059 4059
231 1777389477 3556 3701 3673 3652 3588 583 274 585 4059 4059 4059 4059 4059 4059 4059 4059
232 1777389477 3554 3699 3671 3650 3586 569 279 3594 4059 4059 4059 4059 4059 4059 4059 4059
233 1777389477 3556 3701 3674 3653 3589 553 281 602 4061 4061 4060 4060 4060 4060 4060 4060
234 1777389477 3557 3701 3674 3652 3588 547 282 600 4059 4059 4059 4059 4059 4059 4059 4059
235 1777389477 3557 3701 3674 3653 3588 571 279 623 4059 4059 4059 4059 4059 4059 4059 4059
236 1777389477 3554 3699 3671 3651 3586 560 281 3594 4059 4059 4059 4059 4059 4059 4059 4059
237 1777389477 3555 3700 3672 3651 3586 569 279 3595 4061 4061 4060 4060 4060 4060 4060 4060
238 1777389477 3555 3699 3672 3651 3586 565 280 3595 4061 4061 4060 4060 4060 4060 4060 4060
239 1777389477 3555 3699 3671 3651 3587 562 281 3595 4059 4059 4059 4059 4059 4059 4059 4059
240 1777389477 3556 3701 3674 3653 3588 577 277 618 4061 4061 4060 4060 4060 4060 4060 4060
241 1777389477 3555 3699 3671 3650 3585 575 277 3595 4061 4061 4060 4060 4060 4060 4060 4060
242 1777389477 3554 3699 3672 3650 3586 555 281 3595 4061 4061 4060 4060 4060 4060 4060 4060
243 1777389477 3554 3699 3672 3651 3586 551 282 3595 4061 4061 4060 4060 4060 4060 4060 4060
244 1777389477 3554 3699 3671 3651 3586 557 281 616 4061 4061 4060 4060 4060 4060 4060 4060
245 1777389478 3556 3701 3673 3652 3588 570 279 640 4059 4059 4059 4059 4059 4059 4059 4059
246 1777389478 3555 3700 3672 3651 3586 545 282 3595 4059 4059 4059 4059 4059 4059 4059 4059
247 1777389478 3557 3702 3674 3653 3589 555 281 622 4061 4061 4061 4061 4061 4061 4061 4061
248 1777389478 3554 3699 3671 3650 3586 552 282 3595 4061 4061 4060 4060 4060 4060 4060 4060
249 1777389478 3557 3702 3674 3653 3589 572 278 601 4061 4061 4060 4060 4060 4060 4060 4060
250 1777389478 3555 3699 3672 3651 3586 544 282 3595 4061 4061 4060 4060 4060 4060 4060 4060
251 1777389478 3555 3699 3671 3650 3587 565 280 3595 4059 4059 4059 4059 4059 4059 4059 4059
252 1777389478 3556 3701 3673 3652 3587 565 281 3597 4061 4061 4061 4061 4061 4061 4061 4061
253 1777389478 3555 3699 3672 3650 3586 551 282 3595 4061 4061 4060 4060 4060 4060 4060 4060
254 1777389478 3555 3699 3672 3651 3587 561 281 3595 4061 4061 4060 4060 4060 4060 4060 4060
255 1777389478 3554 3699 3671 3650 3586 560 281 3595 4061 4061 4060 4060 4060 4060 4060 4060
256 1777389478 3554 3699 3671 3650 3586 563 280 3595 4061 4061 4060 4060 4060 4060 4060 4060
257 1777389478 3556 3700 3673 3652 3588 560 281 3596 4059 4059 4059 4059 4059 4059 4059 4059
258 1777389478 3555 3700 3672 3651 3587 564 280 3595 4059 4059 4059 4059 4059 4059 4059 4059
259 1777389478 3555 3699 3672 3651 3586 557 281 3594 4059 4059 4059 4059 4059 4059 4059 4059
260 1777389478 3555 3700 3672 3651 3587 560 281 3596 4061 4061 4060 4060 4060 4060 4060 4060
261 1777389478 3555 3700 3673 3651 3587 571 279 3596 4061 4061 4060 4060 4060 4060 4060 4060
262 1777389478 3556 3700 3672 3651 3587 547 282 3596 4061 4061 4061 4061 4061 4061 4061 4061
263 1777389478 3554 3699 3671 3650 3585 557 281 3595 4059 4059 4059 4059 4059 4059 4059 4059
264 1777389478 3555 3700 3673 3652 3586 570 279 3596 4061 4061 4060 4060 4060 4060 4060 4060
265 1777389478 3555 3699 3672 3651 3586 559 280 3595 4061 4061 4060 4060 4060 4060 4060 4060
266 1777389478 3555 3699 3671 3651 3586 560 282 3595 4061 4061 4060 4060 4060 4060 4060 4060
267 1777389478 3554 3698 3671 3649 3585 548 282 3594 4059 4059 4059 4059 4059 4059 4059 4059
268 1777389478 3554 3699 3671 3650 3586 552 281 3595 4061 4061 4060 4060 4060 4060 4060 4060
269 1777389478 3554 3699 3672 3650 3586 565 280 3595 4061 4061 4060 4060 4060 4060 4060 4060
270 1777389478 3555 3700 3672 3651 3586 551 282 3595 4061 4061 4060 4060 4060 4060 4060 4060
271 1777389478 3555 3699 3672 3651 3586 566 280 3596 4059 4059 4059 4059 4059 4059 4059 4059
272 1777389478 3556 3700 3672 3652 3587 565 280 3596 4061 4061 4060 4060 4060 4060 4060 4060
273 1777389478 3555 3700 3672 3651 3587 541 282 3596 4061 4061 4060 4060 4060 4060 4060 4060
274 1777389479 3555 3700 3672 3652 3588 556 281 3595 4059 4059 4059 4059 4059 4059 4059 4059
275 1777389479 3554 3699 3671 3650 3586 549 282 3594 4059 4059 4059 4059 4059 4059 4059 4059
276 1777389479 3555 3700 3672 3651 3587 546 282 3596 4061 4061 4061 4061 4061 4061 4061 4061
277 1777389479 3555 3699 3672 3651 3587 555 281 3596 4059 4059 4059 4059 4059 4059 4059 4059
278 1777389479 3555 3700 3672 3651 3587 561 281 3595 4061 4060 4060 4060 4060 4060 4060 4060
279 1777389479 3556 3701 3673 3652 3588 551 282 3596 4061 4061 4060 4060 4060 4060 4060 4060
280 1777389479 3555 3700 3672 3650 3586 570 280 3595 4061 4061 4061 4061 4061 4061 4061 4061
281 1777389479 3555 3700 3672 3651 3587 547 282 3596 4061 4061 4060 4060 4060 4060 4060 4060
282 1777389479 3555 3700 3672 3652 3587 548 282 3595 4061 4061 4061 4061 4061 4061 4061 4061
283 1777389479 3557 3702 3674 3653 3589 564 280 617 4061 4061 4060 4060 4060 4060 4060 4060
284 1777389479 3557 3701 3673 3652 3588 558 281 617 4061 4061 4060 4060 4060 4060 4060 4060
285 1777389479 3555 3699 3672 3650 3587 563 280 3596 4061 4061 4060 4060 4060 4060 4060 4060
286 1777389479 3556 3700 3673 3652 3588 561 281 3597 4061 4061 4060 4060 4060 4060 4060 4060
287 1777389479 3555 3699 3671 3651 3586 540 283 3595 4059 4059 4059 4059 4059 4059 4059 4059
288 1777389479 3557 3701 3674 3653 3588 559 281 3597 4059 4059 4059 4059 4059 4059 4059 4059
289 1777389479 3555 3700 3672 3651 3587 557 282 3596 4061 4061 4060 4060 4060 4060 4060 4060
290 1777389479 3556 3701 3674 3652 3588 558 281 611 4059 4059 4059 4059 4059 4059 4059 4059
291 1777389479 3555 3699 3672 3651 3587 559 281 3594 4059 4059 4059 4059 4059 4059 4059 4059
292 1777389479 3556 3701 3673 3652 3588 560 281 3596 4061 4061 4060 4060 4060 4060 4060 4060
293 1777389479 3555 3699 3671 3651 3586 538 283 3596 4061 4061 4060 4060 4060 4060 4060 4060
294 1777389479 3555 3699 3672 3650 3586 567 280 3595 4059 4059 4059 4059 4059 4059 4059 4059
295 1777389479 3556 3701 3673 3652 3588 568 280 622 4061 4061 4060 4060 4060 4060 4060 4060
296 1777389479 3556 3700 3673 3652 3587 559 281 3596 4061 4061 4060 4060 4060 4060 4060 4060
297 1777389479 3555 3699 3672 3650 3586 569 280 3596 4061 4061 4060 4060 4060 4060 4060 4060
298 1777389479 3556 3701 3673 3652 3588 562 281 3596 4061 4061 4060 4060 4060 4060 4060 4060
299 1777389480 3557 3703 3675 3653 3589 545 282 614 4061 4061 4061 4061 4061 4061 4061 4061
300 1777389480 3555 3700 3672 3651 3586 526 283 3596 4059 4059 4059 4059 4059 4059 4059 4059
301 1777389480 3556 3701 3673 3652 3588 550 282 3596 4059 4059 4059 4059 4059 4059 4059 4059
302 1777389480 3554 3698 3670 3649 3585 563 279 3594 4061 4061 4060 4060 4060 4060 4060 4060
303 1777389480 3553 3698 3670 3649 3585 556 279 3594 4061 4061 4060 4060 4060 4060 4060 4060
304 1777389480 3556 3700 3672 3651 3587 571 277 620 4061 4061 4060 4060 4060 4060 4060 4060
305 1777389480 3553 3698 3670 3650 3585 551 280 3593 4061 4061 4060 4060 4060 4060 4060 4060
306 1777389480 3553 3698 3670 3649 3584 541 280 3593 4061 4061 4060 4060 4060 4060 4060 4060
307 1777389480 3555 3700 3672 3651 3587 571 277 596 4061 4061 4060 4060 4060 4060 4060 4060
308 1777389480 3553 3698 3670 3649 3584 558 279 3593 4061 4061 4060 4060 4060 4060 4060 4060
309 1777389480 3553 3698 3670 3649 3584 575 276 3593 4059 4059 4059 4059 4059 4059 4059 4059
310 1777389480 3554 3698 3670 3649 3585 563 279 3593 4059 4059 4059 4059 4059 4059 4059 4059
311 1777389480 3554 3699 3671 3650 3585 541 281 3594 4059 4059 4059 4059 4059 4059 4059 4059
312 1777389480 3553 3698 3670 3649 3585 555 279 3593 4061 4061 4060 4060 4060 4060 4060 4060
313 1777389480 3554 3699 3671 3650 3587 565 278 608 4061 4061 4060 4060 4060 4060 4060 4060
314 1777389480 3554 3699 3671 3649 3585 554 280 3595 4061 4061 4060 4060 4060 4060 4060 4060
315 1777389480 3554 3699 3671 3650 3585 561 279 3594 4059 4059 4059 4059 4059 4059 4059 4059
316 1777389480 3555 3699 3672 3651 3587 562 279 593 4061 4061 4060 4060 4060 4060 4060 4060
317 1777389480 3553 3698 3670 3650 3585 546 281 3594 4061 4061 4060 4060 4060 4060 4060 4060
318 1777389480 3554 3698 3671 3650 3586 532 280 3595 4059 4059 4059 4059 4059 4059 4059 4059
319 1777389480 3554 3698 3671 3650 3585 544 280 3594 4061 4061 4060 4060 4060 4060 4060 4060
320 1777389480 3554 3699 3670 3650 3585 560 280 3594 4059 4059 4059 4059 4059 4059 4059 4059
321 1777389480 3553 3698 3670 3649 3585 539 280 3594 4061 4060 4060 4060 4060 4060 4060 4060
322 1777389480 3554 3698 3670 3649 3585 543 281 3594 4059 4059 4059 4059 4059 4059 4059 4059
323 1777389480 3554 3698 3670 3649 3585 563 279 3594 4061 4061 4060 4060 4060 4060 4060 4060
324 1777389480 3554 3698 3671 3650 3586 573 276 3595 4059 4059 4059 4059 4059 4059 4059 4059
325 1777389480 3557 3701 3674 3653 3587 557 280 621 4061 4061 4060 4060 4060 4060 4060 4060
326 1777389481 3554 3698 3671 3650 3585 552 280 3594 4061 4061 4060 4060 4060 4060 4060 4060
327 1777389481 3553 3697 3670 3649 3584 553 280 3593 4061 4061 4060 4060 4060 4060 4060 4060
328 1777389481 3554 3698 3670 3649 3585 556 280 3594 4059 4059 4059 4059 4059 4059 4059 4059
329 1777389481 3555 3699 3671 3650 3586 570 277 592 4061 4061 4060 4060 4060 4060 4060 4060
330 1777389481 3554 3699 3671 3650 3586 546 280 3595 4061 4061 4060 4060 4060 4060 4060 4060
331 1777389481 3555 3699 3671 3650 3586 560 279 3594 4061 4061 4060 4060 4060 4060 4060 4060
332 1777389481 3555 3699 3672 3650 3586 556 279 3595 4059 4059 4059 4059 4059 4059 4059 4059
333 1777389481 3554 3699 3672 3650 3586 542 281 3595 4061 4061 4060 4060 4060 4060 4060 4060
334 1777389481 3554 3699 3671 3650 3586 580 274 3595 4059 4059 4059 4059 4059 4059 4059 4059
335 1777389481 3555 3700 3672 3651 3587 576 275 608 4061 4061 4060 4060 4060 4060 4060 4060
336 1777389481 3554 3698 3670 3649 3585 523 282 3594 4059 4059 4059 4059 4059 4059 4059 4059
337 1777389481 3553 3699 3670 3649 3585 553 280 3594 4059 4059 4059 4059 4059 4059 4059 4059
338 1777389481 3553 3698 3671 3649 3585 550 280 3594 4059 4059 4059 4059 4059 4059 4059 4059
339 1777389481 3554 3699 3671 3650 3585 566 279 3594 4059 4059 4059 4059 4059 4059 4059 4059
340 1777389481 3553 3698 3670 3649 3585 566 278 3593 4061 4061 4060 4060 4060 4060 4060 4060
341 1777389481 3553 3698 3670 3649 3585 550 281 3594 4061 4061 4060 4060 4060 4060 4060 4060
342 1777389481 3556 3700 3673 3652 3587 576 276 609 4059 4059 4059 4059 4059 4059 4059 4059
343 1777389481 3554 3698 3671 3650 3585 553 280 3594 4061 4061 4060 4060 4060 4060 4060 4060
344 1777389481 3554 3698 3671 3650 3586 541 281 3594 4061 4061 4060 4060 4060 4060 4060 4060
345 1777389481 3553 3698 3670 3650 3585 560 279 3594 4061 4061 4060 4060 4060 4060 4060 4060
346 1777389481 3555 3700 3672 3651 3587 560 279 609 4061 4061 4060 4060 4060 4060 4060 4060
347 1777389481 3554 3698 3671 3649 3585 557 280 3594 4059 4059 4059 4059 4059 4059 4059 4059
348 1777389481 3555 3700 3672 3651 3587 560 280 606 4061 4061 4060 4060 4060 4060 4060 4060
349 1777389481 3554 3699 3671 3650 3586 547 280 3594 4061 4061 4060 4060 4060 4060 4060 4060
350 1777389481 3553 3697 3670 3649 3584 549 280 3594 4059 4059 4059 4059 4059 4059 4059 4059
351 1777389481 3556 3701 3673 3652 3588 561 280 597 4061 4061 4060 4060 4060 4060 4060 4060
352 1777389481 3554 3698 3671 3650 3586 556 279 3595 4061 4061 4061 4061 4061 4061 4061 4061
353 1777389481 3554 3699 3671 3650 3586 546 281 3594 4059 4059 4059 4059 4059 4059 4059 4059
354 1777389482 3555 3699 3672 3651 3586 568 278 618 4061 4061 4060 4060 4060 4060 4060 4060
355 1777389482 3554 3698 3670 3649 3586 578 275 3594 4059 4059 4059 4059 4059 4059 4059 4059
356 1777389482 3555 3700 3672 3651 3586 572 278 624 4061 4061 4060 4060 4060 4060 4060 4060
357 1777389482 3556 3700 3672 3651 3587 550 281 575 4059 4059 4059 4059 4059 4059 4059 4059
358 1777389482 3554 3698 3671 3650 3585 569 278 3595 4059 4059 4059 4059 4059 4059 4059 4059
359 1777389482 3554 3698 3671 3650 3586 554 280 3594 4059 4059 4059 4059 4059 4059 4059 4059
360 1777389482 3554 3699 3671 3650 3586 574 277 3594 4059 4059 4059 4059 4059 4059 4059 4059
361 1777389482 3555 3699 3671 3650 3586 565 279 3594 4061 4061 4060 4060 4060 4060 4060 4060
362 1777389482 3555 3700 3671 3650 3586 562 280 3595 4061 4061 4060 4060 4060 4060 4060 4060
363 1777389482 3554 3699 3670 3649 3586 547 281 3594 4059 4059 4059 4059 4059 4059 4059 4059
364 1777389482 3554 3698 3671 3650 3586 547 281 3595 4059 4059 4059 4059 4059 4059 4059 4059
365 1777389482 3553 3698 3670 3649 3585 558 280 3594 4059 4059 4059 4059 4059 4059 4059 4059
366 1777389482 3555 3699 3671 3651 3586 554 280 3595 4059 4059 4059 4059 4059 4059 4059 4059
367 1777389482 3554 3699 3671 3650 3586 558 279 3594 4059 4059 4059 4059 4059 4059 4059 4059
368 1777389482 3554 3699 3671 3650 3586 558 280 3595 4061 4061 4061 4061 4061 4061 4061 4061
369 1777389482 3555 3699 3671 3650 3585 549 281 3595 4059 4059 4059 4059 4059 4059 4059 4059
370 1777389482 3553 3698 3670 3649 3585 557 280 3594 4059 4059 4059 4059 4059 4059 4059 4059
371 1777389482 3554 3699 3671 3650 3585 559 280 3594 4061 4061 4060 4060 4060 4060 4060 4060
372 1777389482 3554 3698 3671 3649 3585 543 281 3593 4061 4061 4060 4060 4060 4060 4060 4060
373 1777389482 3552 3698 3670 3649 3585 545 281 3594 4061 4061 4060 4060 4060 4060 4060 4060
374 1777389482 3555 3699 3671 3650 3586 533 282 3594 4061 4061 4060 4060 4060 4060 4060 4060
375 1777389482 3554 3698 3670 3650 3586 559 281 3594 4061 4061 4060 4060 4060 4060 4060 4060
376 1777389482 3554 3698 3671 3650 3586 551 281 3595 4061 4061 4060 4060 4060 4060 4060 4060
377 1777389482 3554 3699 3671 3650 3585 540 281 3594 4061 4061 4060 4060 4060 4060 4060 4060
378 1777389482 3555 3699 3671 3650 3586 549 281 3595 4061 4061 4060 4060 4060 4060 4060 4060
379 1777389482 3553 3698 3671 3650 3586 567 279 3594 4059 4059 4059 4059 4059 4059 4059 4059
380 1777389482 3554 3698 3671 3650 3586 558 280 3595 4061 4061 4060 4060 4060 4060 4060 4060
381 1777389483 3555 3699 3672 3651 3586 557 280 590 4061 4061 4060 4060 4060 4060 4060 4060
382 1777389483 3555 3699 3671 3650 3586 568 278 3595 4061 4061 4060 4060 4060 4060 4060 4060
383 1777389483 3554 3698 3671 3650 3586 541 281 3594 4061 4061 4060 4060 4060 4060 4060 4060
384 1777389483 3554 3698 3670 3649 3585 562 280 3594 4061 4061 4060 4060 4060 4060 4060 4060
385 1777389483 3554 3699 3671 3650 3586 558 280 3594 4061 4061 4060 4060 4060 4060 4060 4060
386 1777389483 3554 3700 3672 3651 3586 564 280 3595 4059 4059 4059 4059 4059 4059 4059 4059
387 1777389483 3555 3700 3672 3651 3587 556 280 3594 4059 4059 4059 4059 4059 4059 4059 4059
388 1777389483 3556 3700 3673 3652 3587 547 280 602 4059 4059 4059 4059 4059 4059 4059 4059
389 1777389483 3553 3698 3671 3650 3585 561 280 3595 4061 4061 4061 4061 4061 4061 4061 4061
390 1777389483 3556 3701 3673 3653 3588 569 279 594 4061 4061 4061 4061 4061 4061 4061 4061
391 1777389483 3554 3699 3671 3650 3586 554 281 3594 4059 4059 4059 4059 4059 4059 4059 4059
392 1777389483 3554 3698 3670 3649 3584 553 281 3593 4059 4059 4059 4059 4059 4059 4059 4059
393 1777389483 3555 3700 3672 3651 3586 543 282 3595 4059 4059 4059 4059 4059 4059 4059 4059
394 1777389483 3554 3700 3671 3651 3586 554 280 3595 4061 4061 4060 4060 4060 4060 4060 4060
395 1777389483 3556 3700 3673 3651 3587 576 276 606 4061 4061 4060 4060 4060 4060 4060 4060
396 1777389483 3554 3699 3671 3651 3586 560 280 3594 4061 4061 4060 4060 4060 4060 4060 4060
397 1777389483 3554 3698 3671 3650 3585 546 281 3594 4059 4059 4059 4059 4059 4059 4059 4059
398 1777389483 3554 3698 3671 3650 3586 554 281 3595 4059 4059 4059 4059 4059 4059 4059 4059
399 1777389483 3554 3698 3670 3650 3585 541 282 3594 4059 4059 4059 4059 4059 4059 4059 4059
400 1777389483 3553 3698 3670 3650 3585 568 279 3593 4061 4061 4060 4060 4060 4060 4060 4060
401 1777389483 3555 3699 3672 3651 3586 571 278 600 4059 4059 4059 4059 4059 4059 4059 4059
402 1777389484 3556 3700 3672 3651 3587 568 279 601 4061 4061 4060 4060 4060 4060 4060 4060
403 1777389484 3557 3701 3673 3652 3588 560 280 606 4061 4061 4060 4060 4060 4060 4060 4060
404 1777389484 3553 3698 3670 3650 3585 546 281 3594 4061 4061 4060 4060 4060 4060 4060 4060
405 1777389484 3554 3699 3671 3650 3586 556 281 3595 4061 4061 4060 4060 4060 4060 4060 4060
406 1777389484 3554 3699 3672 3651 3586 514 282 3594 4061 4061 4060 4060 4060 4060 4060 4060
407 1777389484 3554 3699 3671 3650 3585 572 278 3594 4061 4061 4060 4060 4060 4060 4060 4060
408 1777389484 3553 3698 3670 3650 3585 555 281 3594 4059 4059 4059 4059 4059 4059 4059 4059
409 1777389484 3554 3699 3672 3651 3587 556 280 3595 4061 4061 4060 4060 4060 4060 4060 4060
410 1777389484 3555 3699 3672 3651 3586 543 281 3595 4061 4061 4060 4060 4060 4060 4060 4060
411 1777389484 3554 3699 3671 3651 3586 566 279 3595 4059 4059 4059 4059 4059 4059 4059 4059
412 1777389484 3554 3699 3671 3650 3586 552 281 3594 4059 4059 4059 4059 4059 4059 4059 4059
413 1777389484 3554 3699 3672 3650 3587 551 281 3595 4059 4059 4059 4059 4059 4059 4059 4059
414 1777389484 3554 3698 3671 3650 3586 564 280 3595 4061 4061 4060 4060 4060 4060 4060 4060
415 1777389484 3556 3700 3672 3652 3587 559 280 587 4061 4061 4060 4060 4060 4060 4060 4060
416 1777389484 3554 3698 3671 3650 3586 562 280 3595 4061 4061 4060 4060 4060 4060 4060 4060
417 1777389484 3556 3700 3673 3652 3588 559 281 598 4061 4060 4060 4060 4060 4060 4060 4060
418 1777389484 3557 3701 3673 3652 3588 560 280 601 4061 4061 4060 4060 4060 4060 4060 4060
419 1777389484 3555 3700 3672 3652 3587 577 275 608 4061 4061 4060 4060 4060 4060 4060 4060
420 1777389484 3555 3699 3672 3650 3586 579 275 3593 4059 4059 4059 4059 4059 4059 4059 4059
421 1777389484 3555 3700 3672 3651 3587 569 279 604 4061 4061 4060 4060 4060 4060 4060 4060
422 1777389484 3554 3699 3671 3650 3586 579 275 3595 4061 4061 4060 4060 4060 4060 4060 4060
423 1777389484 3556 3701 3673 3653 3587 567 279 591 4059 4059 4059 4059 4059 4059 4059 4059
424 1777389484 3556 3700 3673 3652 3588 567 278 620 4061 4061 4060 4060 4060 4060 4060 4060
425 1777389484 3554 3699 3671 3650 3586 561 280 3594 4061 4061 4060 4060 4060 4060 4060 4060
426 1777389484 3556 3701 3674 3653 3588 576 276 604 4061 4061 4060 4060 4060 4060 4060 4060
427 1777389485 3556 3701 3673 3652 3588 555 281 584 4061 4061 4061 4061 4061 4061 4061 4061
428 1777389485 3556 3701 3674 3653 3588 575 277 589 4061 4061 4060 4060 4060 4060 4060 4060
429 1777389485 3554 3699 3672 3651 3586 550 281 3594 4061 4061 4060 4060 4060 4060 4060 4060
430 1777389485 3557 3701 3674 3653 3588 560 280 593 4059 4059 4059 4059 4059 4059 4059 4059
431 1777389485 3556 3701 3674 3652 3588 559 280 652 4061 4061 4061 4061 4061 4061 4061 4061
432 1777389485 3554 3699 3671 3650 3586 546 281 3594 4059 4059 4059 4059 4059 4059 4059 4059
433 1777389485 3555 3699 3671 3651 3586 569 279 3595 4059 4059 4059 4059 4059 4059 4059 4059
434 1777389485 3555 3699 3672 3651 3587 547 281 3595 4061 4059 4059 4059 4059 4059 4059 4059
435 1777389485 3557 3701 3673 3652 3588 578 276 601 4059 4059 4059 4059 4059 4059 4059 4059
436 1777389485 3555 3699 3672 3651 3587 546 281 3595 4061 4061 4060 4060 4060 4060 4060 4060
437 1777389485 3555 3700 3673 3651 3587 560 280 3596 4059 4059 4059 4059 4059 4059 4059 4059
438 1777389485 3556 3700 3673 3652 3588 568 279 594 4061 4061 4060 4060 4060 4060 4060 4060
439 1777389485 3554 3699 3671 3650 3586 547 281 3594 4059 4059 4059 4059 4059 4059 4059 4059
440 1777389485 3555 3700 3672 3651 3587 559 281 3596 4059 4059 4059 4059 4059 4059 4059 4059
441 1777389485 3555 3700 3672 3651 3587 546 281 3596 4061 4061 4060 4060 4060 4060 4060 4060
442 1777389485 3554 3698 3671 3650 3586 561 280 3595 4059 4059 4059 4059 4059 4059 4059 4059
443 1777389485 3556 3701 3674 3652 3588 549 282 596 4059 4059 4059 4059 4059 4059 4059 4059
444 1777389485 3555 3699 3671 3650 3586 569 280 3594 4061 4061 4060 4060 4060 4060 4060 4060
445 1777389485 3555 3699 3672 3651 3586 558 280 3595 4061 4061 4060 4060 4060 4060 4060 4060
446 1777389485 3555 3699 3672 3651 3587 556 281 3595 4061 4061 4060 4060 4060 4060 4060 4060
447 1777389485 3554 3698 3670 3649 3586 559 280 3594 4059 4059 4059 4059 4059 4059 4059 4059
448 1777389485 3554 3699 3671 3650 3585 564 280 3595 4059 4059 4059 4059 4059 4059 4059 4059
449 1777389485 3555 3700 3672 3651 3587 557 281 3595 4061 4061 4060 4060 4060 4060 4060 4060
450 1777389485 3557 3701 3674 3653 3588 567 279 609 4061 4061 4060 4060 4060 4060 4060 4060
451 1777389485 3556 3700 3672 3652 3587 571 279 624 4059 4059 4059 4059 4059 4059 4059 4059
452 1777389485 3556 3701 3673 3652 3587 573 278 623 4061 4061 4060 4060 4060 4060 4060 4060
453 1777389485 3556 3701 3673 3651 3587 556 281 591 4061 4061 4060 4060 4060 4060 4060 4060
454 1777389485 3555 3699 3672 3651 3587 537 282 3595 4061 4061 4060 4060 4060 4060 4060 4060
455 1777389485 3554 3699 3671 3650 3587 564 280 3595 4061 4061 4060 4060 4060 4060 4060 4060
456 1777389485 3554 3699 3671 3650 3586 569 279 3596 4061 4061 4060 4060 4060 4060 4060 4060
457 1777389485 3554 3699 3671 3651 3586 559 281 3595 4059 4059 4059 4059 4059 4059 4059 4059
458 1777389485 3556 3700 3672 3652 3587 570 278 597 4061 4061 4060 4060 4060 4060 4060 4060
459 1777389485 3557 3701 3673 3652 3587 568 279 598 4059 4059 4059 4059 4059 4059 4059 4059
460 1777389486 3555 3699 3672 3651 3587 586 271 3595 4061 4061 4060 4060 4060 4060 4060 4060
461 1777389486 3556 3701 3674 3652 3588 560 280 603 4059 4059 4059 4059 4059 4059 4059 4059
462 1777389486 3555 3700 3673 3652 3588 561 280 589 4061 4061 4060 4060 4060 4060 4060 4060
463 1777389486 3555 3699 3672 3651 3587 561 280 3595 4061 4061 4060 4060 4060 4060 4060 4060
464 1777389486 3554 3699 3672 3650 3586 545 282 3595 4061 4061 4060 4060 4060 4060 4060 4060
465 1777389486 3555 3700 3672 3651 3587 567 279 3596 4059 4059 4059 4059 4059 4059 4059 4059
466 1777389486 3554 3698 3671 3650 3586 553 281 3595 4059 4059 4059 4059 4059 4059 4059 4059
467 1777389486 3554 3699 3671 3650 3586 553 281 3594 4061 4061 4060 4060 4060 4060 4060 4060
468 1777389486 3554 3698 3671 3650 3586 559 281 3595 4061 4061 4060 4060 4060 4060 4060 4060
469 1777389486 3555 3699 3672 3651 3587 560 281 3596 4059 4059 4059 4059 4059 4059 4059 4059
470 1777389486 3554 3698 3670 3649 3585 544 282 3594 4061 4061 4060 4060 4060 4060 4060 4060
471 1777389486 3556 3701 3673 3653 3588 561 280 605 4059 4059 4059 4059 4059 4059 4059 4059
472 1777389486 3554 3699 3671 3650 3586 542 281 3595 4061 4061 4060 4060 4060 4060 4060 4060
473 1777389486 3556 3700 3672 3652 3588 546 281 3596 4061 4061 4061 4061 4061 4061 4061 4061
474 1777389486 3555 3699 3672 3651 3586 557 281 3595 4061 4061 4060 4060 4060 4060 4060 4060
475 1777389486 3555 3700 3672 3651 3587 559 281 3596 4059 4059 4059 4059 4059 4059 4059 4059
476 1777389486 3555 3699 3671 3651 3586 562 280 3595 4061 4061 4060 4060 4060 4060 4060 4060
477 1777389486 3554 3699 3672 3651 3586 546 281 3596 4061 4061 4060 4060 4060 4060 4060 4060
478 1777389486 3555 3700 3672 3651 3587 556 280 3596 4059 4059 4059 4059 4059 4059 4059 4059
479 1777389486 3555 3700 3672 3651 3586 545 282 3595 4061 4061 4060 4060 4060 4060 4060 4060
480 1777389486 3555 3700 3672 3651 3586 561 281 3596 4059 4059 4059 4059 4059 4059 4059 4059
481 1777389486 3556 3700 3672 3651 3586 557 281 3596 4061 4061 4060 4060 4060 4060 4060 4060
482 1777389486 3555 3700 3672 3651 3586 536 283 3595 4061 4061 4060 4060 4060 4060 4060 4060
483 1777389486 3555 3700 3672 3651 3587 555 281 3595 4059 4059 4059 4059 4059 4059 4059 4059
484 1777389486 3556 3701 3673 3652 3587 570 279 632 4059 4059 4059 4059 4059 4059 4059 4059
485 1777389486 3555 3700 3672 3650 3586 551 282 3595 4061 4061 4060 4060 4060 4060 4060 4060
486 1777389486 3553 3698 3670 3649 3585 553 281 3595 4059 4059 4059 4059 4059 4059 4059 4059
487 1777389486 3554 3699 3671 3650 3586 560 280 3596 4061 4061 4060 4060 4060 4060 4060 4060
488 1777389487 3554 3699 3672 3650 3586 556 281 3595 4061 4061 4060 4060 4060 4060 4060 4060
489 1777389487 3555 3701 3673 3652 3587 559 281 3596 4061 4061 4060 4060 4060 4060 4060 4060
490 1777389487 3554 3699 3671 3650 3586 576 277 3595 4061 4061 4060 4060 4060 4060 4060 4060
491 1777389487 3555 3699 3672 3651 3586 566 280 3596 4061 4061 4060 4060 4060 4060 4060 4060
492 1777389495 3553 3698 3670 3649 3585 552 281 3594 4059 4059 4059 4059 4059 4059 4059 4059
493 1777389495 3553 3697 3670 3649 3585 552 281 3594 4061 4061 4060 4060 4060 4060 4060 4060
494 1777389495 3554 3698 3671 3650 3586 561 281 3594 4061 4061 4060 4060 4060 4060 4060 4060
495 1777389495 3556 3700 3672 3651 3587 570 279 616 4061 4061 4060 4060 4060 4060 4060 4060
496 1777389495 3555 3699 3672 3651 3586 561 281 3595 4059 4059 4059 4059 4059 4059 4059 4059
497 1777389495 3553 3698 3670 3650 3585 525 283 3594 4061 4061 4060 4060 4060 4060 4060 4060
498 1777389495 3554 3698 3671 3650 3586 554 281 3594 4059 4059 4059 4059 4059 4059 4059 4059
499 1777389495 3555 3700 3672 3651 3586 525 283 3595 4059 4059 4059 4059 4059 4059 4059 4059
500 1777389495 3553 3699 3671 3649 3585 546 282 3594 4061 4061 4060 4060 4060 4060 4060 4060
501 1777389495 3555 3700 3672 3651 3587 557 280 638 4059 4059 4059 4059 4059 4059 4059 4059
502 1777389495 3555 3699 3671 3650 3586 576 278 3594 4059 4059 4059 4059 4059 4059 4059 4059
503 1777389495 3555 3700 3672 3651 3587 567 280 614 4061 4061 4060 4060 4060 4060 4060 4060
504 1777389495 3555 3699 3672 3650 3586 559 281 3594 4061 4061 4060 4060 4060 4060 4060 4060
505 1777389495 3554 3698 3671 3650 3585 559 281 3594 4059 4059 4059 4059 4059 4059 4059 4059
506 1777389495 3555 3699 3672 3651 3586 570 279 3595 4061 4061 4060 4060 4060 4060 4060 4060
507 1777389495 3556 3701 3673 3653 3588 571 278 598 4059 4059 4058 4058 4058 4058 4058 4058
508 1777389495 3555 3700 3672 3652 3587 573 278 626 4059 4059 4059 4059 4059 4059 4059 4059
509 1777389495 3556 3700 3673 3652 3588 552 282 584 4061 4061 4060 4060 4060 4060 4060 4060
510 1777389495 3557 3701 3673 3652 3588 563 280 606 4059 4059 4059 4059 4059 4059 4059 4059
511 1777389495 3555 3699 3671 3650 3585 562 281 3594 4059 4059 4059 4059 4059 4059 4059 4059
512 1777389495 3555 3699 3672 3651 3587 561 281 3596 4059 4059 4059 4059 4059 4059 4059 4059
513 1777389495 3554 3699 3672 3651 3587 561 281 3595 4061 4061 4060 4060 4060 4060 4060 4060
514 1777389495 3553 3698 3670 3649 3586 561 281 3594 4059 4059 4059 4059 4059 4059 4059 4059
515 1777389495 3554 3699 3671 3650 3586 570 279 3595 4061 4061 4060 4060 4060 4060 4060 4060
516 1777389495 3556 3701 3673 3652 3588 558 281 608 4061 4061 4060 4060 4060 4060 4060 4060
517 1777389495 3557 3701 3674 3653 3589 561 281 605 4059 4059 4059 4059 4059 4059 4059 4059
518 1777389495 3555 3699 3671 3650 3585 563 280 3594 4061 4061 4060 4060 4060 4060 4060 4060
519 1777389496 3556 3701 3673 3652 3588 550 281 623 4059 4059 4059 4059 4059 4059 4059 4059
520 1777389496 3556 3701 3673 3653 3588 570 280 603 4059 4059 4059 4059 4059 4059 4059 4059
521 1777389496 3554 3699 3671 3650 3586 543 282 3595 4059 4059 4059 4059 4059 4059 4059 4059
522 1777389496 3555 3699 3672 3651 3586 563 280 3596 4059 4059 4059 4059 4059 4059 4059 4059
523 1777389496 3555 3700 3672 3651 3587 570 279 3595 4059 4059 4059 4059 4059 4059 4059 4059
524 1777389496 3554 3699 3671 3650 3586 569 279 3595 4061 4061 4060 4060 4060 4060 4060 4060
525 1777389496 3554 3699 3672 3650 3586 582 275 3594 4059 4059 4059 4059 4059 4059 4059 4059
526 1777389496 3555 3699 3671 3650 3586 543 283 3595 4061 4061 4061 4061 4061 4061 4061 4061
527 1777389496 3557 3702 3674 3653 3588 546 282 575 4061 4061 4060 4060 4060 4060 4060 4060
528 1777389496 3555 3700 3672 3650 3587 544 282 3596 4061 4061 4060 4060 4060 4060 4060 4060
529 1777389496 3556 3701 3674 3653 3589 566 280 628 4061 4061 4060 4060 4060 4060 4060 4060
530 1777389496 3555 3700 3672 3651 3587 561 281 3595 4061 4061 4060 4060 4060 4060 4060 4060
531 1777389496 3555 3699 3672 3651 3586 552 282 3596 4059 4059 4058 4058 4058 4058 4058 4058
532 1777389496 3554 3699 3671 3651 3586 567 280 3595 4059 4059 4059 4059 4059 4059 4059 4059
533 1777389496 3557 3702 3674 3653 3588 573 278 602 4061 4061 4061 4061 4061 4061 4061 4061
534 1777389496 3555 3700 3672 3651 3587 561 282 3595 4061 4061 4060 4060 4060 4060 4060 4060
535 1777389496 3557 3702 3673 3653 3588 573 278 645 4061 4061 4060 4060 4060 4060 4060 4060
536 1777389496 3555 3699 3672 3651 3586 550 282 3595 4059 4059 4059 4059 4059 4059 4059 4059
537 1777389496 3556 3700 3672 3651 3587 572 280 3595 4061 4061 4060 4060 4060 4060 4060 4060
538 1777389496 3557 3701 3674 3653 3588 561 281 626 4059 4059 4059 4059 4059 4059 4059 4059
539 1777389496 3555 3699 3672 3650 3586 568 280 3595 4059 4059 4059 4059 4059 4059 4059 4059
540 1777389496 3555 3699 3672 3651 3586 545 282 3596 4059 4059 4059 4059 4059 4059 4059 4059
541 1777389496 3555 3699 3671 3651 3587 543 282 3595 4059 4059 4059 4059 4059 4059 4059 4059
542 1777389496 3556 3701 3674 3652 3588 585 273 605 4061 4061 4060 4060 4060 4060 4060 4060
543 1777389496 3555 3699 3672 3651 3586 554 282 3595 4059 4059 4059 4059 4059 4059 4059 4059
544 1777389496 3555 3700 3672 3651 3587 551 282 3595 4059 4059 4059 4059 4059 4059 4059 4059
545 1777389496 3554 3699 3671 3651 3587 578 276 3595 4061 4061 4060 4060 4060 4060 4060 4060
546 1777389496 3556 3700 3673 3651 3587 563 281 3594 4061 4061 4060 4060 4060 4060 4060 4060
547 1777389496 3557 3702 3674 3653 3588 574 278 584 4059 4059 4059 4059 4059 4059 4059 4059
548 1777389496 3557 3702 3674 3653 3589 570 279 619 4061 4061 4060 4060 4060 4060 4060 4060
549 1777389496 3556 3700 3673 3652 3588 566 280 3596 4061 4061 4060 4060 4060 4060 4060 4060
550 1777389496 3557 3702 3674 3652 3589 541 282 583 4061 4061 4060 4060 4060 4060 4060 4060
551 1777389496 3555 3700 3672 3651 3587 571 279 3596 4059 4059 4059 4059 4059 4059 4059 4059
552 1777389496 3556 3701 3673 3652 3587 545 282 3596 4059 4059 4059 4059 4059 4059 4059 4059
553 1777389497 3554 3698 3671 3650 3585 557 282 3594 4059 4059 4059 4059 4059 4059 4059 4059
554 1777389497 3555 3700 3672 3651 3587 543 283 3596 4059 4059 4059 4059 4059 4059 4059 4059
555 1777389497 3555 3700 3673 3651 3587 563 281 3595 4061 4060 4060 4060 4060 4060 4060 4060
556 1777389497 3558 3703 3675 3654 3589 566 281 594 4061 4061 4060 4060 4060 4060 4060 4060
557 1777389497 3554 3698 3671 3650 3585 563 278 3594 4061 4061 4060 4060 4060 4060 4060 4060
558 1777389497 3555 3700 3673 3651 3587 565 278 605 4059 4059 4058 4058 4058 4058 4058 4058
559 1777389497 3553 3697 3669 3648 3584 562 279 3593 4061 4061 4060 4060 4060 4060 4060 4060
560 1777389497 3554 3699 3671 3650 3586 573 276 600 4059 4059 4059 4059 4059 4059 4059 4059
561 1777389497 3553 3698 3670 3649 3584 573 276 3594 4059 4059 4059 4059 4059 4059 4059 4059
562 1777389497 3554 3699 3671 3650 3585 556 280 3594 4059 4059 4059 4059 4059 4059 4059 4059
563 1777389497 3552 3698 3669 3648 3584 552 280 3593 4063 4061 4061 4061 4061 4061 4061 4061
564 1777389497 3554 3699 3671 3650 3585 557 279 3595 4061 4061 4060 4060 4060 4060 4060 4060
565 1777389497 3554 3699 3671 3650 3585 528 281 3594 4061 4061 4060 4060 4060 4060 4060 4060
566 1777389497 3553 3698 3671 3650 3585 535 280 3594 4061 4059 4059 4059 4059 4059 4059 4059
567 1777389497 3555 3700 3672 3650 3586 544 281 607 4059 4059 4059 4059 4059 4059 4059 4059
568 1777389497 3553 3697 3669 3648 3584 555 280 3593 4061 4061 4060 4060 4060 4060 4060 4060
569 1777389497 3554 3699 3671 3650 3586 564 279 3594 4061 4061 4061 4061 4061 4061 4061 4061
570 1777389497 3554 3699 3671 3650 3585 549 280 3594 4061 4061 4060 4060 4060 4060 4060 4060
571 1777389497 3554 3698 3671 3650 3585 550 281 3594 4061 4061 4060 4060 4060 4060 4060 4060
572 1777389497 3553 3698 3670 3649 3584 566 278 3593 4061 4061 4060 4060 4060 4060 4060 4060
573 1777389497 3553 3698 3670 3649 3585 552 280 3594 4061 4061 4060 4060 4060 4060 4060 4060
574 1777389497 3553 3697 3669 3648 3584 557 280 3593 4061 4061 4060 4060 4060 4060 4060 4060
575 1777389497 3554 3698 3671 3650 3586 546 280 3595 4061 4061 4060 4060 4060 4060 4060 4060
576 1777389497 3553 3697 3670 3649 3584 569 278 3594 4061 4061 4061 4061 4061 4061 4061 4061
577 1777389497 3553 3697 3670 3649 3584 560 280 3593 4059 4059 4059 4059 4059 4059 4059 4059
578 1777389498 3555 3700 3673 3652 3587 567 278 647 4061 4061 4060 4060 4060 4060 4060 4060
579 1777389498 3554 3699 3671 3651 3587 562 278 592 4059 4059 4059 4059 4059 4059 4059 4059
580 1777389498 3554 3699 3671 3650 3586 560 279 584 4059 4059 4059 4059 4059 4059 4059 4059
581 1777389498 3554 3699 3671 3650 3586 555 280 3594 4059 4059 4058 4058 4058 4058 4058 4058
582 1777389498 3554 3699 3671 3650 3587 551 280 596 4061 4061 4060 4060 4060 4060 4060 4060
583 1777389498 3554 3698 3670 3650 3585 551 281 3593 4061 4061 4060 4060 4060 4060 4060 4060
584 1777389498 3552 3697 3669 3648 3584 579 274 3592 4061 4061 4060 4060 4060 4060 4060 4060
585 1777389498 3554 3699 3671 3650 3585 564 279 3594 4061 4061 4060 4060 4060 4060 4060 4060
586 1777389498 3555 3700 3673 3652 3587 563 279 635 4061 4061 4060 4060 4060 4060 4060 4060
587 1777389498 3556 3700 3672 3651 3587 567 279 582 4061 4061 4060 4060 4060 4060 4060 4060
588 1777389498 3554 3698 3671 3650 3585 554 280 3594 4061 4061 4060 4060 4060 4060 4060 4060
589 1777389498 3554 3699 3671 3650 3585 540 281 3595 4059 4059 4059 4059 4059 4059 4059 4059
590 1777389498 3555 3699 3672 3651 3587 553 280 599 4059 4059 4059 4059 4059 4059 4059 4059
591 1777389498 3554 3698 3670 3650 3585 557 281 3594 4061 4061 4061 4061 4061 4061 4061 4061
592 1777389498 3553 3698 3670 3650 3585 559 280 3594 4059 4059 4059 4059 4059 4059 4059 4059
593 1777389498 3554 3699 3671 3650 3585 546 281 3594 4061 4061 4060 4060 4060 4060 4060 4060
594 1777389498 3553 3698 3670 3649 3585 558 280 3594 4059 4059 4059 4059 4059 4059 4059 4059
595 1777389498 3555 3699 3671 3651 3586 570 278 576 4061 4061 4060 4060 4060 4060 4060 4060
596 1777389498 3553 3698 3670 3649 3586 553 280 3594 4059 4059 4059 4059 4059 4059 4059 4059
597 1777389498 3555 3700 3672 3651 3587 566 278 593 4061 4061 4060 4060 4060 4060 4060 4060
598 1777389498 3554 3699 3671 3650 3586 575 276 3594 4059 4059 4059 4059 4059 4059 4059 4059
599 1777389498 3556 3700 3673 3652 3587 569 278 585 4061 4061 4060 4060 4060 4060 4060 4060
600 1777389498 3554 3699 3670 3650 3585 556 280 3594 4059 4059 4059 4059 4059 4059 4059 4059
601 1777389498 3554 3699 3671 3650 3586 551 280 3595 4061 4061 4060 4060 4060 4060 4060 4060
602 1777389499 3554 3699 3671 3650 3586 542 281 3594 4061 4061 4060 4060 4060 4060 4060 4060
603 1777389499 3554 3699 3671 3651 3586 553 281 3595 4061 4061 4060 4060 4060 4060 4060 4060
604 1777389499 3554 3698 3671 3649 3585 562 279 3594 4059 4059 4059 4059 4059 4059 4059 4059
605 1777389499 3555 3699 3671 3650 3586 552 280 3595 4061 4061 4060 4060 4060 4060 4060 4060
606 1777389499 3556 3701 3673 3652 3587 565 279 570 4061 4061 4060 4060 4060 4060 4060 4060
607 1777389499 3553 3698 3670 3650 3585 554 281 3594 4059 4059 4059 4059 4059 4059 4059 4059
608 1777389499 3553 3697 3670 3649 3585 571 277 3594 4061 4061 4060 4060 4060 4060 4060 4060
609 1777389499 3553 3697 3670 3649 3584 548 281 3594 4061 4061 4060 4060 4060 4060 4060 4060
610 1777389499 3555 3700 3673 3652 3588 553 280 625 4059 4059 4059 4059 4059 4059 4059 4059
611 1777389499 3554 3698 3671 3650 3585 555 280 3593 4061 4061 4060 4060 4060 4060 4060 4060
612 1777389499 3554 3699 3671 3650 3586 559 280 3594 4059 4059 4059 4059 4059 4059 4059 4059
613 1777389499 3555 3699 3672 3651 3587 558 280 601 4059 4059 4059 4059 4059 4059 4059 4059
614 1777389507 3552 3697 3669 3648 3584 534 281 3593 4061 4061 4060 4060 4060 4060 4060 4060
615 1777389507 3553 3697 3669 3649 3585 549 281 3593 4061 4061 4060 4060 4060 4060 4060 4060
616 1777389507 3553 3698 3670 3649 3585 554 281 3593 4061 4061 4060 4060 4060 4060 4060 4060
617 1777389507 3553 3697 3669 3649 3584 566 279 3593 4061 4061 4060 4060 4060 4060 4060 4060
618 1777389507 3553 3697 3669 3649 3584 530 281 3593 4061 4061 4061 4061 4061 4061 4061 4061
619 1777389507 3555 3699 3671 3650 3586 563 279 590 4061 4061 4060 4060 4060 4060 4060 4060
620 1777389507 3554 3698 3671 3650 3586 559 280 3595 4061 4061 4060 4060 4060 4060 4060 4060
621 1777389507 3555 3699 3672 3651 3586 549 280 602 4059 4059 4059 4059 4059 4059 4059 4059
622 1777389507 3553 3698 3670 3649 3584 567 278 3594 4061 4061 4060 4060 4060 4060 4060 4060
623 1777389507 3555 3699 3671 3650 3585 569 278 3595 4059 4059 4059 4059 4059 4059 4059 4059
624 1777389507 3554 3698 3670 3650 3585 569 278 3594 4061 4061 4060 4060 4060 4060 4060 4060
625 1777389507 3554 3698 3671 3650 3585 571 278 3594 4061 4061 4060 4060 4060 4060 4060 4060
626 1777389507 3554 3699 3671 3650 3585 538 281 3593 4061 4061 4060 4060 4060 4060 4060 4060
627 1777389507 3554 3698 3671 3650 3585 551 280 3595 4061 4061 4060 4060 4060 4060 4060 4060
628 1777389507 3553 3698 3670 3650 3586 549 281 3594 4059 4059 4059 4059 4059 4059 4059 4059
629 1777389507 3553 3697 3670 3649 3585 563 279 3594 4061 4061 4060 4060 4060 4060 4060 4060
630 1777389507 3554 3698 3671 3650 3586 560 280 3594 4059 4059 4059 4059 4059 4059 4059 4059
631 1777389507 3555 3699 3672 3651 3586 567 278 599 4061 4061 4060 4060 4060 4060 4060 4060
632 1777389507 3555 3700 3671 3651 3587 567 279 600 4059 4059 4059 4059 4059 4059 4059 4059
633 1777389507 3555 3700 3672 3652 3587 553 280 583 4059 4059 4059 4059 4059 4059 4059 4059
634 1777389507 3553 3698 3670 3649 3585 569 278 3594 4061 4061 4060 4060 4060 4060 4060 4060
635 1777389508 3553 3698 3670 3649 3585 548 281 3593 4059 4059 4059 4059 4059 4059 4059 4059
636 1777389508 3553 3698 3670 3649 3585 567 279 3594 4061 4061 4061 4061 4061 4061 4061 4061
637 1777389508 3554 3699 3671 3650 3586 545 281 3594 4061 4061 4060 4060 4060 4060 4060 4060
638 1777389508 3554 3699 3671 3650 3586 543 281 3595 4061 4061 4060 4060 4060 4060 4060 4060
639 1777389508 3553 3699 3671 3650 3586 544 281 3594 4061 4061 4060 4060 4060 4060 4060 4060
640 1777389508 3554 3698 3670 3649 3585 572 277 3595 4059 4059 4059 4059 4059 4059 4059 4059
641 1777389508 3555 3699 3672 3651 3586 545 281 3594 4061 4061 4060 4060 4060 4060 4060 4060
642 1777389508 3554 3699 3671 3650 3586 547 281 3593 4059 4059 4059 4059 4059 4059 4059 4059
643 1777389508 3553 3698 3671 3650 3585 554 280 3594 4061 4061 4060 4060 4060 4060 4060 4060
644 1777389508 3555 3700 3672 3651 3586 555 280 611 4061 4061 4060 4060 4060 4060 4060 4060
645 1777389508 3554 3699 3671 3650 3586 541 280 3594 4059 4059 4058 4058 4058 4058 4058 4058
646 1777389508 3552 3697 3670 3649 3585 550 280 3593 4061 4061 4060 4060 4060 4060 4060 4060
647 1777389508 3554 3699 3671 3650 3586 572 277 3595 4059 4059 4059 4059 4059 4059 4059 4059
648 1777389508 3553 3698 3670 3649 3585 536 282 3594 4061 4061 4060 4060 4060 4060 4060 4060
649 1777389508 3553 3698 3670 3650 3585 569 278 3594 4061 4061 4060 4060 4060 4060 4060 4060
650 1777389508 3554 3699 3671 3650 3586 546 281 3595 4059 4059 4059 4059 4059 4059 4059 4059
651 1777389508 3556 3701 3673 3652 3587 551 281 613 4061 4061 4060 4060 4060 4060 4060 4060
652 1777389508 3554 3699 3671 3650 3586 561 280 3594 4061 4061 4060 4060 4060 4060 4060 4060
653 1777389508 3556 3701 3673 3652 3588 570 279 614 4059 4059 4059 4059 4059 4059 4059 4059
654 1777389508 3555 3699 3672 3651 3586 550 282 3595 4059 4059 4059 4059 4059 4059 4059 4059
655 1777389508 3554 3699 3671 3650 3585 561 280 3594 4059 4059 4058 4058 4058 4058 4058 4058
656 1777389508 3555 3700 3672 3652 3587 560 280 579 4061 4061 4060 4060 4060 4060 4060 4060
657 1777389508 3553 3698 3670 3649 3586 518 282 3594 4061 4061 4060 4060 4060 4060 4060 4060
658 1777389508 3554 3699 3671 3650 3586 582 273 3595 4059 4059 4059 4059 4059 4059 4059 4059
659 1777389508 3556 3701 3673 3652 3587 576 276 611 4061 4061 4060 4060 4060 4060 4060 4060
660 1777389508 3556 3702 3674 3652 3588 555 281 605 4061 4061 4060 4060 4060 4060 4060 4060
661 1777389509 3554 3698 3670 3649 3585 556 281 3594 4061 4061 4061 4061 4061 4061 4061 4061
662 1777389509 3555 3700 3672 3651 3586 558 281 3595 4061 4061 4060 4060 4060 4060 4060 4060
663 1777389509 3554 3699 3671 3650 3586 552 280 3595 4061 4061 4060 4060 4060 4060 4060 4060
664 1777389509 3556 3701 3673 3653 3588 561 280 601 4061 4061 4060 4060 4060 4060 4060 4060
665 1777389509 3554 3699 3671 3650 3586 563 279 3594 4059 4059 4059 4059 4059 4059 4059 4059
666 1777389509 3556 3701 3673 3652 3588 575 277 622 4061 4061 4060 4060 4060 4060 4060 4060
667 1777389509 3556 3701 3673 3652 3588 559 281 621 4059 4059 4059 4059 4059 4059 4059 4059
668 1777389509 3554 3699 3672 3650 3586 534 282 3594 4059 4059 4059 4059 4059 4059 4059 4059
669 1777389509 3553 3698 3670 3650 3586 566 279 3594 4061 4061 4060 4060 4060 4060 4060 4060
670 1777389509 3553 3698 3670 3649 3585 546 281 3594 4059 4059 4059 4059 4059 4059 4059 4059
671 1777389509 3554 3699 3671 3650 3585 555 281 3594 4061 4061 4060 4060 4060 4060 4060 4060
672 1777389509 3554 3699 3671 3650 3585 562 280 3595 4061 4061 4060 4060 4060 4060 4060 4060
673 1777389509 3556 3700 3673 3652 3587 548 281 573 4059 4059 4059 4059 4059 4059 4059 4059
674 1777389509 3554 3698 3671 3650 3586 571 279 3593 4059 4059 4059 4059 4059 4059 4059 4059
675 1777389509 3554 3699 3671 3649 3585 578 276 3594 4061 4061 4060 4060 4060 4060 4060 4060
676 1777389509 3554 3698 3670 3649 3585 543 282 3594 4061 4061 4060 4060 4060 4060 4060 4060
677 1777389509 3555 3701 3673 3652 3587 559 280 586 4061 4061 4060 4060 4060 4060 4060 4060
678 1777389509 3556 3700 3673 3652 3587 563 280 601 4063 4061 4061 4061 4061 4061 4061 4061
679 1777389509 3557 3702 3674 3653 3589 552 281 582 4061 4061 4060 4060 4060 4060 4060 4060
680 1777389509 3555 3700 3672 3651 3586 567 279 3595 4061 4061 4060 4060 4060 4060 4060 4060
681 1777389509 3557 3701 3673 3653 3588 561 280 621 4059 4059 4059 4059 4059 4059 4059 4059
682 1777389509 3555 3700 3672 3651 3587 550 281 3596 4061 4061 4060 4060 4060 4060 4060 4060
683 1777389509 3556 3701 3674 3652 3588 575 277 637 4061 4061 4060 4060 4060 4060 4060 4060
684 1777389509 3554 3699 3672 3651 3587 545 281 3595 4061 4061 4060 4060 4060 4060 4060 4060
685 1777389509 3556 3701 3674 3653 3589 564 279 612 4059 4059 4059 4059 4059 4059 4059 4059
686 1777389509 3556 3701 3674 3652 3588 561 280 599 4061 4061 4060 4060 4060 4060 4060 4060
687 1777389509 3556 3701 3673 3652 3588 556 280 616 4061 4061 4060 4060 4060 4060 4060 4060
688 1777389509 3554 3698 3671 3650 3585 541 282 3594 4061 4061 4060 4060 4060 4060 4060 4060
689 1777389509 3555 3700 3672 3651 3586 555 282 3594 4061 4061 4060 4060 4060 4060 4060 4060
690 1777389509 3554 3698 3671 3650 3586 540 281 3595 4061 4061 4060 4060 4060 4060 4060 4060
691 1777389509 3555 3699 3671 3651 3586 543 282 3596 4061 4061 4060 4060 4060 4060 4060 4060
692 1777389510 3555 3699 3672 3651 3586 553 281 3595 4059 4059 4059 4059 4059 4059 4059 4059
693 1777389510 3554 3698 3671 3650 3585 535 282 3594 4059 4059 4059 4059 4059 4059 4059 4059
694 1777389510 3555 3699 3672 3651 3586 553 281 3596 4059 4059 4059 4059 4059 4059 4059 4059
695 1777389510 3554 3699 3671 3650 3586 580 275 3595 4061 4061 4060 4060 4060 4060 4060 4060
696 1777389510 3554 3698 3671 3650 3586 559 281 3594 4059 4059 4059 4059 4059 4059 4059 4059
697 1777389510 3554 3699 3671 3650 3586 552 282 3594 4059 4059 4059 4059 4059 4059 4059 4059
698 1777389510 3554 3698 3671 3650 3586 572 278 3595 4061 4061 4060 4060 4060 4060 4060 4060
699 1777389510 3555 3700 3672 3651 3587 563 280 3595 4061 4061 4060 4060 4060 4060 4060 4060
700 1777389510 3556 3701 3672 3651 3587 565 280 601 4061 4061 4060 4060 4060 4060 4060 4060
701 1777389510 3554 3698 3671 3650 3585 560 280 3594 4061 4061 4060 4060 4060 4060 4060 4060
702 1777389510 3554 3699 3671 3650 3586 554 281 3594 4061 4061 4061 4061 4061 4061 4061 4061
703 1777389510 3557 3702 3674 3653 3588 562 280 588 4059 4059 4059 4059 4059 4059 4059 4059
704 1777389510 3556 3701 3674 3653 3588 556 280 580 4059 4059 4059 4059 4059 4059 4059 4059
705 1777389510 3555 3699 3671 3650 3586 563 280 3594 4061 4061 4060 4060 4060 4060 4060 4060
706 1777389510 3555 3699 3672 3651 3587 552 281 3595 4059 4059 4059 4059 4059 4059 4059 4059
707 1777389510 3556 3701 3673 3651 3587 574 277 629 4061 4061 4060 4060 4060 4060 4060 4060
708 1777389510 3554 3699 3671 3650 3585 549 281 3595 4061 4061 4060 4060 4060 4060 4060 4060
709 1777389510 3555 3700 3672 3651 3586 559 281 3595 4061 4061 4060 4060 4060 4060 4060 4060
710 1777389510 3555 3700 3671 3650 3586 545 282 3596 4061 4061 4060 4060 4060 4060 4060 4060
711 1777389510 3554 3699 3671 3651 3586 569 279 3595 4059 4059 4059 4059 4059 4059 4059 4059
712 1777389510 3555 3700 3672 3651 3586 568 279 3595 4059 4059 4059 4059 4059 4059 4059 4059
713 1777389510 3555 3699 3672 3651 3586 569 279 3596 4061 4061 4060 4060 4060 4060 4060 4060
714 1777389510 3557 3702 3674 3653 3588 559 281 619 4061 4061 4060 4060 4060 4060 4060 4060
715 1777389510 3555 3699 3672 3650 3586 541 282 3595 4061 4061 4060 4060 4060 4060 4060 4060
716 1777389510 3555 3699 3672 3650 3586 553 281 3595 4059 4059 4059 4059 4059 4059 4059 4059
717 1777389510 3555 3699 3672 3651 3587 529 282 3595 4059 4059 4059 4059 4059 4059 4059 4059
718 1777389510 3554 3698 3671 3650 3585 554 281 3595 4061 4061 4060 4060 4060 4060 4060 4060
719 1777389510 3557 3701 3674 3653 3588 574 277 576 4059 4059 4059 4059 4059 4059 4059 4059
720 1777389510 3554 3698 3671 3650 3586 553 281 3594 4061 4061 4060 4060 4060 4060 4060 4060
721 1777389511 3554 3699 3671 3650 3586 570 278 3594 4059 4059 4059 4059 4059 4059 4059 4059
722 1777389511 3554 3700 3671 3651 3586 558 282 3594 4059 4059 4059 4059 4059 4059 4059 4059
723 1777389511 3555 3699 3671 3651 3586 560 281 3595 4059 4059 4059 4059 4059 4059 4059 4059
724 1777389511 3555 3699 3672 3651 3587 537 282 3595 4061 4061 4060 4060 4060 4060 4060 4060
725 1777389511 3555 3700 3672 3651 3587 576 277 3595 4061 4061 4060 4060 4060 4060 4060 4060
726 1777389511 3555 3700 3672 3651 3587 566 280 3596 4059 4059 4059 4059 4059 4059 4059 4059
727 1777389511 3555 3699 3672 3650 3586 568 280 3595 4059 4059 4059 4059 4059 4059 4059 4059
728 1777389511 3555 3700 3672 3652 3587 552 281 3596 4061 4061 4059 4059 4060 4059 4059 4060
729 1777389511 3555 3699 3671 3651 3586 580 275 3595 4061 4061 4060 4060 4060 4060 4060 4060
730 1777389511 3555 3699 3672 3650 3586 598 260 3595 4061 4059 4059 4059 4059 4059 4059 4059
731 1777389511 3554 3699 3672 3651 3586 544 282 3595 4061 4061 4060 4060 4060 4060 4060 4060
732 1777389511 3554 3698 3671 3650 3586 559 280 3595 4059 4059 4059 4059 4059 4059 4059 4059
733 1777389511 3555 3699 3672 3650 3586 556 281 3595 4059 4059 4059 4059 4059 4059 4059 4059
734 1777389511 3556 3700 3672 3651 3587 546 282 3596 4061 4061 4060 4060 4060 4060 4060 4060
735 1777389511 3557 3701 3674 3653 3588 575 277 595 4061 4061 4060 4060 4060 4060 4060 4060
736 1777389511 3555 3699 3672 3651 3586 558 280 3595 4061 4061 4060 4060 4060 4060 4060 4060
737 1777389511 3554 3699 3671 3650 3586 549 282 3594 4061 4061 4060 4060 4060 4060 4060 4060
738 1777389511 3556 3700 3673 3652 3588 550 281 3597 4061 4061 4060 4060 4060 4060 4060 4060
739 1777389511 3555 3700 3672 3651 3587 551 282 3596 4059 4059 4059 4059 4059 4059 4059 4059
740 1777389511 3555 3700 3672 3651 3587 552 281 3595 4061 4061 4060 4060 4060 4060 4060 4060
741 1777389511 3556 3700 3672 3651 3587 543 282 3596 4061 4061 4060 4060 4060 4060 4060 4060
742 1777389511 3554 3699 3672 3651 3587 570 279 3595 4059 4059 4059 4059 4059 4059 4059 4059
743 1777389511 3555 3700 3672 3651 3587 560 280 3596 4061 4061 4060 4060 4060 4060 4060 4060
744 1777389511 3555 3700 3672 3652 3587 560 281 3595 4061 4061 4060 4060 4060 4060 4060 4060
745 1777389511 3557 3701 3674 3653 3589 575 278 611 4059 4059 4058 4058 4058 4058 4058 4058
746 1777389511 3555 3700 3672 3651 3587 547 281 3595 4061 4061 4060 4060 4060 4060 4060 4060
747 1777389511 3554 3699 3671 3650 3586 561 281 3595 4061 4061 4060 4060 4060 4060 4060 4060
748 1777389511 3555 3700 3672 3652 3587 540 282 3596 4061 4061 4060 4060 4060 4060 4060 4060
749 1777389512 3557 3702 3674 3653 3589 565 280 586 4061 4061 4060 4060 4060 4060 4060 4060
750 1777389512 3555 3700 3672 3651 3587 562 281 3595 4061 4061 4060 4060 4060 4060 4060 4060
751 1777389512 3557 3701 3674 3653 3588 561 281 3596 4059 4059 4059 4059 4059 4059 4059 4059
752 1777389512 3555 3700 3671 3651 3586 550 282 3595 4061 4061 4060 4060 4060 4060 4060 4060
753 1777389512 3555 3700 3673 3652 3588 579 276 570 4059 4059 4059 4059 4059 4059 4059 4059
754 1777389512 3555 3700 3672 3651 3587 531 283 3595 4061 4061 4060 4060 4060 4060 4060 4060
755 1777389512 3555 3699 3672 3651 3586 569 279 3595 4061 4061 4060 4060 4060 4060 4060 4060
756 1777389512 3554 3699 3672 3651 3586 553 282 3595 4059 4059 4059 4059 4059 4059 4059 4059
757 1777389512 3556 3700 3672 3652 3588 545 282 3596 4061 4061 4060 4060 4060 4060 4060 4060
758 1777389512 3555 3699 3672 3651 3587 545 282 3596 4061 4061 4061 4061 4061 4061 4061 4061
759 1777389512 3556 3700 3672 3651 3587 569 280 3596 4059 4059 4059 4059 4059 4059 4059 4059
760 1777389512 3555 3699 3672 3651 3587 542 282 3596 4059 4059 4059 4059 4059 4059 4059 4059
761 1777389512 3555 3699 3671 3651 3586 540 282 3595 4061 4059 4059 4059 4059 4059 4059 4059
762 1777389512 3554 3699 3672 3651 3586 547 282 3595 4059 4059 4059 4059 4059 4059 4059 4059
763 1777389512 3556 3701 3673 3652 3587 555 282 3596 4061 4061 4060 4060 4060 4060 4060 4060
764 1777389512 3555 3699 3672 3651 3587 570 279 3596 4059 4059 4059 4059 4059 4059 4059 4059
765 1777389512 3555 3699 3672 3651 3586 563 281 3596 4059 4059 4059 4059 4059 4059 4059 4059
766 1777389512 3555 3700 3672 3651 3586 568 280 3596 4061 4061 4060 4060 4060 4060 4060 4060
767 1777389512 3555 3700 3672 3651 3587 578 276 3595 4061 4059 4059 4059 4059 4059 4059 4059
768 1777389512 3556 3701 3673 3652 3588 559 281 594 4061 4061 4060 4060 4060 4060 4060 4060
769 1777389512 3555 3699 3672 3650 3586 518 283 3594 4061 4061 4060 4060 4060 4060 4060 4060
770 1777389512 3558 3702 3674 3654 3589 554 281 629 4063 4061 4061 4061 4061 4061 4061 4061
771 1777389512 3554 3699 3672 3651 3586 550 281 3594 4061 4061 4060 4060 4060 4060 4060 4060
772 1777389512 3555 3700 3672 3651 3587 564 281 3596 4061 4061 4060 4060 4060 4060 4060 4060
773 1777389512 3557 3701 3673 3653 3588 577 277 586 4061 4061 4060 4060 4060 4060 4060 4060
774 1777389512 3558 3702 3674 3653 3589 557 281 606 4061 4061 4060 4060 4060 4060 4060 4060
775 1777389512 3556 3701 3673 3652 3587 569 279 3596 4061 4061 4060 4060 4060 4060 4060 4060
776 1777389512 3555 3700 3672 3651 3587 544 282 3595 4059 4059 4059 4059 4059 4059 4059 4059
777 1777389512 3555 3700 3672 3651 3587 564 281 3596 4059 4059 4059 4059 4059 4059 4059 4059
778 1777389512 3555 3699 3672 3650 3587 563 281 3596 4061 4061 4060 4060 4060 4060 4060 4060
779 1777389512 3555 3700 3673 3651 3587 572 279 3595 4061 4061 4060 4060 4060 4060 4060 4060
780 1777389512 3556 3700 3672 3651 3587 545 282 3595 4061 4061 4061 4061 4061 4061 4061 4061
781 1777389513 3554 3699 3671 3651 3586 543 282 3595 4061 4059 4059 4059 4059 4059 4059 4059
782 1777389513 3555 3700 3672 3651 3587 571 279 3595 4061 4061 4060 4060 4060 4060 4060 4060
783 1777389513 3557 3701 3674 3653 3589 548 282 584 4059 4059 4059 4059 4059 4059 4059 4059
784 1777389513 3554 3699 3671 3650 3586 544 282 3595 4061 4061 4060 4060 4060 4060 4060 4060
785 1777389513 3556 3699 3672 3651 3587 551 283 3596 4059 4059 4059 4059 4059 4059 4059 4059
786 1777389513 3555 3700 3672 3652 3587 552 282 3597 4061 4061 4060 4060 4060 4060 4060 4060
787 1777389513 3555 3700 3673 3652 3587 567 280 3596 4059 4059 4059 4059 4059 4059 4059 4059
788 1777389513 3556 3700 3672 3652 3587 552 282 3596 4061 4061 4060 4060 4060 4060 4060 4060
789 1777389513 3557 3702 3674 3653 3588 576 279 613 4061 4059 4059 4059 4059 4059 4059 4059
790 1777389513 3556 3700 3672 3652 3587 548 282 3595 4059 4059 4059 4059 4059 4059 4059 4059
791 1777389513 3556 3701 3673 3651 3587 563 281 3596 4059 4059 4059 4059 4059 4059 4059 4059
792 1777389513 3557 3702 3675 3654 3589 552 282 615 4059 4059 4059 4059 4059 4059 4059 4059
793 1777389513 3555 3700 3672 3651 3587 559 281 3595 4061 4061 4060 4060 4060 4060 4060 4060
794 1777389513 3556 3700 3672 3651 3587 569 280 3596 4059 4059 4059 4059 4059 4059 4059 4059
795 1777389513 3556 3701 3673 3651 3587 557 282 3596 4059 4059 4059 4059 4059 4059 4059 4059
796 1777389513 3556 3700 3673 3652 3587 570 280 3596 4061 4061 4060 4060 4060 4060 4060 4060
797 1777389513 3555 3700 3672 3651 3587 543 282 3596 4061 4061 4060 4060 4060 4060 4060 4060
798 1777389513 3555 3700 3672 3651 3586 553 282 3595 4059 4059 4059 4059 4059 4059 4059 4059
799 1777389513 3556 3701 3673 3652 3588 565 281 3596 4061 4061 4060 4060 4060 4060 4060 4060
800 1777389513 3554 3699 3672 3650 3585 532 283 3595 4061 4061 4061 4061 4061 4061 4061 4061
801 1777389513 3557 3702 3674 3654 3589 575 278 617 4061 4061 4060 4060 4060 4060 4060 4060
802 1777389513 3555 3699 3672 3651 3586 562 280 3595 4061 4059 4059 4059 4059 4059 4059 4059
803 1777389513 3555 3701 3672 3652 3587 539 283 3596 4059 4059 4059 4059 4059 4059 4059 4059
804 1777389513 3557 3702 3674 3653 3589 571 279 593 4059 4059 4059 4059 4059 4059 4059 4059
805 1777389514 3555 3699 3672 3651 3587 539 283 3595 4061 4061 4060 4060 4060 4060 4060 4060
806 1777389514 3558 3702 3674 3653 3589 574 279 636 4061 4061 4060 4060 4060 4060 4060 4060
807 1777389514 3557 3702 3674 3653 3589 562 281 615 4059 4059 4059 4059 4059 4059 4059 4059
808 1777389514 3556 3700 3672 3652 3587 556 281 3595 4059 4059 4059 4059 4059 4059 4059 4059
809 1777389514 3556 3700 3673 3652 3588 571 279 3597 4061 4061 4060 4060 4060 4060 4060 4060
810 1777389514 3555 3700 3673 3651 3587 553 282 3596 4059 4059 4059 4059 4059 4059 4059 4059
811 1777389514 3557 3702 3674 3653 3588 569 280 615 4061 4061 4060 4060 4060 4060 4060 4060
812 1777389514 3553 3698 3670 3649 3585 557 279 3594 4059 4059 4059 4059 4059 4059 4059 4059
813 1777389514 3554 3698 3671 3650 3586 543 280 3594 4061 4061 4060 4060 4060 4060 4060 4060
814 1777389514 3554 3700 3671 3650 3586 568 278 3595 4061 4061 4060 4060 4060 4060 4060 4060
815 1777389514 3555 3700 3673 3652 3587 573 276 599 4059 4059 4058 4058 4058 4058 4058 4058
816 1777389514 3553 3698 3670 3649 3585 570 278 3594 4059 4059 4059 4059 4059 4059 4059 4059
817 1777389514 3555 3700 3673 3652 3587 571 277 601 4059 4059 4059 4059 4059 4059 4059 4059
818 1777389514 3553 3698 3670 3650 3585 560 279 3593 4059 4059 4059 4059 4059 4059 4059 4059
819 1777389514 3555 3700 3673 3651 3587 551 280 619 4061 4061 4060 4060 4060 4060 4060 4060
820 1777389514 3553 3697 3669 3648 3584 558 279 3593 4061 4061 4060 4060 4060 4060 4060 4060
821 1777389514 3554 3699 3671 3650 3586 567 278 3594 4061 4061 4061 4061 4061 4061 4061 4061
822 1777389514 3554 3699 3671 3650 3586 540 281 3595 4061 4061 4060 4060 4060 4060 4060 4060
823 1777389514 3554 3698 3670 3650 3585 534 281 3594 4061 4061 4061 4061 4061 4061 4061 4061
824 1777389514 3555 3700 3672 3651 3587 560 279 592 4061 4061 4060 4060 4060 4060 4060 4060
825 1777389514 3555 3699 3672 3651 3586 561 279 632 4061 4061 4060 4060 4060 4060 4060 4060
826 1777389514 3555 3700 3672 3652 3587 562 280 613 4061 4061 4060 4060 4060 4060 4060 4060
827 1777389514 3554 3699 3671 3651 3586 555 280 3594 4061 4061 4060 4060 4060 4060 4060 4060
828 1777389514 3553 3698 3671 3650 3585 561 279 3594 4061 4061 4060 4060 4060 4060 4060 4060
829 1777389514 3554 3698 3670 3649 3585 567 277 3594 4061 4061 4060 4060 4060 4060 4060 4060
830 1777389514 3553 3697 3670 3649 3584 541 280 3594 4063 4059 4059 4059 4059 4059 4059 4059
831 1777389514 3554 3699 3671 3650 3586 557 279 3595 4059 4059 4059 4059 4059 4059 4059 4059
832 1777389514 3555 3699 3672 3650 3586 530 282 3595 4061 4061 4060 4060 4060 4060 4060 4060
833 1777389514 3553 3698 3671 3649 3585 539 281 3594 4061 4061 4060 4060 4060 4060 4060 4060
834 1777389515 3556 3700 3673 3652 3587 576 275 579 4061 4061 4060 4060 4060 4060 4060 4060
835 1777389515 3556 3700 3673 3652 3587 559 279 621 4059 4059 4059 4059 4059 4059 4059 4059
836 1777389515 3554 3698 3670 3649 3585 562 279 3593 4061 4061 4060 4060 4060 4060 4060 4060
837 1777389515 3554 3699 3671 3651 3586 567 277 3594 4059 4059 4059 4059 4059 4059 4059 4059
838 1777389515 3554 3699 3671 3650 3586 544 281 3594 4061 4061 4060 4060 4060 4060 4060 4060
839 1777389515 3555 3699 3671 3650 3586 553 280 3595 4061 4061 4060 4060 4060 4060 4060 4060
840 1777389515 3555 3699 3671 3650 3586 561 279 3595 4059 4059 4059 4059 4059 4059 4059 4059
841 1777389515 3554 3698 3671 3650 3586 568 278 3594 4059 4059 4059 4059 4059 4059 4059 4059
842 1777389515 3554 3698 3671 3650 3586 556 280 3594 4059 4059 4059 4059 4059 4059 4059 4059
843 1777389515 3556 3701 3674 3652 3588 559 280 579 4059 4059 4059 4059 4059 4059 4059 4059
844 1777389515 3553 3698 3671 3650 3586 557 279 3595 4059 4059 4059 4059 4059 4059 4059 4059
845 1777389515 3556 3700 3672 3651 3587 590 267 616 4059 4059 4059 4059 4059 4059 4059 4059
846 1777389515 3555 3699 3671 3650 3586 564 278 609 4059 4059 4058 4058 4058 4058 4058 4058
847 1777389515 3553 3698 3670 3649 3584 557 280 3593 4061 4061 4060 4060 4060 4060 4060 4060
848 1777389515 3555 3700 3672 3651 3587 556 280 3595 4059 4059 4059 4059 4059 4059 4059 4059
849 1777389515 3555 3699 3672 3651 3587 552 280 3594 4061 4061 4060 4060 4060 4060 4060 4060
850 1777389515 3554 3699 3671 3650 3586 570 278 3595 4061 4059 4059 4059 4059 4059 4059 4059
851 1777389515 3556 3701 3673 3652 3587 552 280 609 4059 4059 4059 4059 4059 4059 4059 4059
852 1777389516 3556 3701 3673 3652 3587 580 274 612 4061 4061 4060 4060 4060 4060 4060 4060
853 1777389516 3554 3698 3671 3650 3586 545 281 3594 4059 4059 4059 4059 4059 4059 4059 4059
854 1777389516 3556 3701 3673 3652 3587 582 273 605 4061 4061 4061 4061 4061 4061 4061 4061
855 1777389516 3555 3699 3671 3650 3586 558 280 3595 4059 4059 4059 4059 4059 4059 4059 4059
856 1777389516 3555 3700 3672 3652 3588 556 280 3595 4059 4059 4059 4059 4059 4059 4059 4059
857 1777389516 3554 3699 3671 3650 3586 545 281 3594 4061 4061 4060 4060 4060 4060 4060 4060
858 1777389516 3554 3699 3672 3651 3586 565 279 3595 4059 4059 4059 4059 4059 4059 4059 4059
859 1777389516 3555 3699 3671 3651 3586 547 281 3595 4059 4059 4059 4059 4059 4059 4059 4059
860 1777389516 3553 3698 3671 3650 3586 553 280 3595 4059 4059 4059 4059 4059 4059 4059 4059
861 1777389516 3557 3701 3674 3653 3588 563 279 600 4059 4059 4059 4059 4059 4059 4059 4059
862 1777389516 3554 3699 3671 3650 3586 566 278 3595 4061 4061 4060 4060 4060 4060 4060 4060
863 1777389516 3554 3699 3671 3650 3585 544 281 3595 4059 4059 4059 4059 4059 4059 4059 4059
864 1777389516 3554 3698 3670 3649 3585 548 281 3594 4061 4061 4060 4060 4060 4060 4060 4060
865 1777389516 3554 3699 3671 3651 3587 566 279 3594 4061 4061 4060 4060 4060 4060 4060 4060
866 1777389516 3554 3698 3671 3650 3585 527 281 3593 4061 4061 4060 4060 4060 4060 4060 4060
867 1777389516 3556 3701 3673 3652 3587 565 279 601 4059 4059 4059 4059 4059 4059 4059 4059
868 1777389516 3556 3700 3673 3652 3588 561 279 588 4059 4059 4059 4059 4059 4059 4059 4059
869 1777389516 3553 3698 3670 3649 3585 575 276 3594 4057 4057 4056 4056 4056 4056 4056 4056
870 1777389516 3556 3700 3673 3652 3588 569 277 609 4061 4061 4060 4060 4060 4060 4060 4060
871 1777389516 3554 3698 3670 3649 3585 567 279 3594 4061 4061 4060 4060 4060 4060 4060 4060
872 1777389516 3553 3698 3671 3649 3585 545 281 3595 4059 4059 4059 4059 4059 4059 4059 4059
873 1777389516 3553 3699 3670 3650 3585 553 281 3594 4061 4061 4060 4060 4060 4060 4060 4060
874 1777389516 3557 3700 3673 3652 3588 562 280 617 4061 4061 4060 4060 4060 4060 4060 4060
875 1777389516 3554 3698 3671 3650 3586 549 280 3594 4059 4059 4059 4059 4059 4059 4059 4059
876 1777389516 3554 3699 3671 3650 3586 557 280 3595 4059 4059 4059 4059 4059 4059 4059 4059
877 1777389516 3554 3698 3671 3650 3586 556 280 3595 4061 4061 4060 4060 4060 4060 4060 4060
878 1777389516 3554 3699 3671 3651 3586 540 281 3595 4059 4059 4059 4059 4059 4059 4059 4059
879 1777389517 3554 3698 3670 3649 3585 538 282 3594 4061 4061 4060 4060 4060 4060 4060 4060
880 1777389517 3554 3699 3671 3650 3586 548 281 3595 4061 4061 4060 4060 4060 4060 4060 4060
881 1777389517 3556 3701 3673 3652 3588 581 273 597 4057 4057 4057 4057 4057 4057 4057 4057
882 1777389517 3554 3698 3671 3650 3585 570 278 3593 4061 4061 4060 4060 4060 4060 4060 4060
883 1777389517 3555 3699 3672 3651 3586 551 281 3595 4061 4061 4060 4060 4060 4060 4060 4060
884 1777389517 3554 3698 3671 3650 3586 542 281 3595 4061 4061 4060 4060 4060 4060 4060 4060
885 1777389517 3554 3699 3671 3651 3586 557 280 3594 4061 4061 4060 4060 4060 4060 4060 4060
886 1777389517 3555 3699 3671 3650 3586 560 280 3595 4061 4061 4060 4060 4060 4060 4060 4060
887 1777389517 3555 3700 3673 3652 3587 565 279 3596 4061 4061 4060 4060 4060 4060 4060 4060
888 1777389517 3554 3699 3671 3650 3586 541 281 3595 4059 4059 4059 4059 4059 4059 4059 4059
889 1777389517 3555 3699 3671 3651 3586 547 281 3595 4059 4059 4059 4059 4059 4059 4059 4059
890 1777389517 3554 3699 3672 3650 3586 544 281 3595 4061 4061 4060 4060 4060 4060 4060 4060
891 1777389517 3554 3699 3671 3651 3586 555 281 3596 4061 4061 4060 4060 4060 4060 4060 4060
892 1777389517 3555 3700 3672 3652 3587 557 280 3596 4059 4059 4059 4059 4059 4059 4059 4059
893 1777389517 3554 3699 3672 3651 3586 538 281 3595 4061 4061 4060 4060 4060 4060 4060 4060
894 1777389517 3554 3700 3672 3651 3586 522 282 3595 4061 4061 4060 4060 4060 4060 4060 4060
895 1777389517 3554 3699 3671 3650 3585 559 280 3594 4059 4059 4059 4059 4059 4059 4059 4059
896 1777389517 3556 3700 3673 3652 3588 565 279 620 4059 4059 4059 4059 4059 4059 4059 4059
897 1777389517 3555 3700 3672 3651 3587 545 281 3594 4059 4059 4059 4059 4059 4059 4059 4059
898 1777389517 3557 3702 3674 3653 3588 556 280 585 4061 4061 4061 4061 4061 4061 4061 4061
899 1777389517 3555 3699 3671 3651 3586 544 282 3595 4061 4061 4060 4060 4060 4060 4060 4060
900 1777389518 3554 3699 3671 3650 3585 556 281 3594 4061 4061 4060 4060 4060 4060 4060 4060
901 1777389518 3554 3699 3671 3650 3586 547 281 3595 4061 4061 4060 4060 4060 4060 4060 4060
902 1777389518 3555 3699 3671 3651 3586 520 282 3595 4061 4061 4060 4060 4060 4060 4060 4060
903 1777389518 3556 3701 3673 3652 3588 573 277 594 4059 4059 4059 4059 4059 4059 4059 4059
904 1777389518 3554 3698 3671 3650 3586 548 280 3594 4059 4059 4059 4059 4059 4059 4059 4059
905 1777389518 3556 3700 3673 3652 3587 553 280 3596 4059 4059 4059 4059 4059 4059 4059 4059
906 1777389518 3554 3699 3671 3650 3586 557 280 3594 4059 4059 4059 4059 4059 4059 4059 4059
907 1777389518 3554 3699 3671 3650 3586 565 280 3595 4059 4059 4059 4059 4059 4059 4059 4059
908 1777389518 3554 3699 3671 3650 3586 562 280 3594 4061 4061 4060 4060 4060 4060 4060 4060
909 1777389518 3555 3699 3672 3651 3586 557 281 3596 4061 4061 4060 4060 4060 4060 4060 4060
910 1777389518 3556 3700 3673 3652 3587 551 281 3596 4059 4059 4059 4059 4059 4059 4059 4059
911 1777389518 3555 3700 3671 3651 3586 563 280 3595 4061 4061 4060 4060 4060 4060 4060 4060
912 1777389518 3554 3699 3671 3650 3586 549 280 3595 4061 4061 4061 4061 4061 4061 4061 4061
913 1777389518 3555 3700 3672 3651 3586 563 280 3595 4059 4059 4059 4059 4059 4059 4059 4059
914 1777389518 3556 3701 3673 3652 3587 576 277 604 4061 4061 4060 4060 4060 4060 4060 4060
915 1777389518 3555 3700 3672 3651 3587 572 277 3595 4061 4061 4060 4060 4060 4060 4060 4060
916 1777389518 3555 3699 3672 3651 3587 556 281 3595 4061 4061 4060 4060 4060 4060 4060 4060
917 1777389518 3555 3699 3672 3651 3586 546 281 3595 4061 4061 4060 4060 4060 4060 4060 4060
918 1777389518 3555 3700 3672 3651 3586 552 281 3595 4059 4059 4059 4059 4059 4059 4059 4059
919 1777389518 3557 3702 3674 3653 3589 587 269 596 4059 4059 4059 4059 4059 4059 4059 4059
920 1777389518 3555 3700 3672 3651 3587 564 279 3596 4059 4059 4059 4059 4059 4059 4059 4059
921 1777389518 3554 3699 3671 3651 3587 562 280 3596 4061 4061 4060 4060 4060 4060 4060 4060
922 1777389518 3557 3702 3674 3653 3588 571 278 606 4059 4059 4059 4059 4059 4059 4059 4059
923 1777389518 3554 3699 3671 3650 3586 568 279 3595 4059 4059 4059 4059 4059 4059 4059 4059
924 1777389518 3554 3698 3671 3649 3585 544 281 3594 4059 4059 4059 4059 4059 4059 4059 4059
925 1777389518 3555 3700 3672 3651 3587 575 278 3596 4059 4059 4059 4059 4059 4059 4059 4059
926 1777389519 3555 3700 3672 3651 3586 539 282 3595 4061 4061 4061 4061 4061 4061 4061 4061
927 1777389519 3555 3700 3672 3651 3587 552 281 3595 4061 4061 4060 4060 4060 4060 4060 4060
928 1777389519 3554 3699 3671 3650 3586 549 281 3595 4061 4061 4060 4060 4060 4060 4060 4060
929 1777389519 3555 3700 3672 3651 3587 549 281 3594 4061 4061 4060 4060 4060 4060 4060 4060
930 1777389519 3557 3702 3674 3653 3589 555 281 610 4059 4059 4059 4059 4059 4059 4059 4059
931 1777389519 3557 3701 3674 3653 3588 547 281 632 4061 4061 4060 4060 4060 4060 4060 4060
932 1777389519 3555 3699 3672 3651 3586 541 282 3595 4061 4061 4060 4060 4060 4060 4060 4060
933 1777389519 3555 3699 3671 3651 3586 567 280 3595 4061 4061 4060 4060 4060 4060 4060 4060
934 1777389519 3555 3700 3672 3652 3587 562 280 3595 4061 4059 4059 4059 4059 4059 4059 4059
935 1777389519 3556 3700 3673 3651 3587 553 281 3596 4061 4061 4060 4060 4060 4060 4060 4060
936 1777389519 3555 3700 3673 3652 3587 571 279 3596 4061 4061 4060 4060 4060 4060 4060 4060
937 1777389519 3555 3699 3672 3651 3587 567 279 3594 4061 4061 4060 4060 4060 4060 4060 4060
938 1777389519 3557 3702 3675 3653 3589 585 272 620 4059 4059 4059 4059 4059 4059 4059 4059
939 1777389519 3554 3699 3672 3651 3587 570 278 3596 4061 4061 4060 4060 4060 4060 4060 4060
940 1777389519 3554 3699 3672 3651 3586 544 281 3595 4059 4059 4059 4059 4059 4059 4059 4059
941 1777389519 3557 3701 3673 3653 3588 561 280 612 4061 4061 4060 4060 4060 4060 4060 4060
942 1777389519 3555 3700 3671 3651 3586 559 281 3595 4059 4059 4059 4059 4059 4059 4059 4059
943 1777389519 3556 3701 3673 3652 3588 557 281 3596 4059 4059 4059 4059 4059 4059 4059 4059
944 1777389519 3555 3700 3672 3652 3587 560 280 3595 4061 4061 4060 4060 4060 4060 4060 4060
945 1777389519 3556 3701 3673 3653 3588 555 281 593 4059 4059 4059 4059 4059 4059 4059 4059
946 1777389519 3554 3699 3671 3650 3586 555 281 3595 4061 4061 4061 4061 4061 4061 4061 4061
947 1777389519 3554 3699 3671 3651 3586 562 280 3595 4059 4059 4059 4059 4059 4059 4059 4059
948 1777389519 3555 3700 3672 3651 3587 549 281 3596 4061 4061 4060 4060 4060 4060 4060 4060
949 1777389519 3555 3700 3672 3651 3587 553 281 3596 4061 4061 4060 4060 4060 4060 4060 4060
950 1777389519 3555 3700 3672 3651 3587 566 280 3597 4059 4059 4059 4059 4059 4059 4059 4059
951 1777389519 3555 3699 3671 3651 3586 556 281 3595 4059 4059 4059 4059 4059 4059 4059 4059
952 1777389519 3555 3700 3672 3651 3587 557 281 3596 4059 4059 4059 4059 4059 4059 4059 4059
953 1777389519 3557 3701 3674 3652 3588 561 280 622 4059 4059 4059 4059 4059 4059 4059 4059
954 1777389519 3555 3700 3672 3651 3586 566 279 3596 4061 4061 4060 4060 4060 4060 4060 4060
955 1777389519 3557 3701 3673 3652 3588 558 281 614 4061 4061 4060 4060 4060 4060 4060 4060
956 1777389519 3555 3699 3672 3651 3586 566 280 3595 4061 4061 4060 4060 4060 4060 4060 4060
957 1777389519 3556 3701 3672 3652 3587 544 282 3596 4059 4059 4059 4059 4059 4059 4059 4059
958 1777389519 3554 3699 3671 3650 3586 552 281 3595 4061 4059 4059 4059 4059 4059 4059 4059
959 1777389519 3557 3701 3673 3652 3587 563 280 593 4061 4061 4060 4060 4060 4060 4060 4060
960 1777389519 3555 3700 3672 3651 3587 565 280 3595 4061 4061 4060 4060 4060 4060 4060 4060
961 1777389519 3555 3700 3671 3651 3586 551 281 3596 4059 4059 4059 4059 4059 4059 4059 4059
962 1777389520 3555 3700 3672 3651 3586 566 280 3596 4059 4059 4059 4059 4059 4059 4059 4059
963 1777389520 3555 3700 3671 3651 3586 577 276 3595 4061 4061 4060 4060 4060 4060 4060 4060
964 1777389520 3555 3700 3672 3651 3587 543 281 3596 4061 4061 4060 4060 4060 4060 4060 4060
965 1777389520 3557 3701 3673 3652 3587 549 282 598 4061 4061 4060 4060 4060 4060 4060 4060
966 1777389520 3554 3698 3670 3650 3585 562 281 3594 4059 4059 4059 4059 4059 4059 4059 4059
967 1777389520 3556 3701 3673 3652 3588 558 280 596 4061 4061 4060 4060 4060 4060 4060 4060
968 1777389520 3554 3699 3671 3651 3586 559 281 3595 4059 4059 4059 4059 4059 4059 4059 4059
969 1777389520 3555 3699 3672 3651 3586 563 280 3596 4059 4059 4059 4059 4059 4059 4059 4059
970 1777389520 3556 3701 3673 3652 3588 557 281 3597 4061 4061 4060 4060 4060 4060 4060 4060
971 1777389520 3555 3700 3672 3651 3587 564 280 3596 4061 4061 4060 4060 4060 4060 4060 4060
972 1777389520 3555 3699 3672 3651 3587 542 281 3596 4059 4059 4059 4059 4059 4059 4059 4059
973 1777389520 3557 3701 3674 3653 3589 559 280 621 4061 4061 4060 4060 4060 4060 4060 4060
974 1777389520 3555 3700 3672 3651 3586 565 279 3596 4061 4061 4060 4060 4060 4060 4060 4060
975 1777389520 3555 3700 3672 3652 3588 550 281 3596 4061 4061 4060 4060 4060 4060 4060 4060
976 1777389520 3555 3699 3671 3651 3587 548 281 3595 4061 4061 4060 4060 4060 4060 4060 4060
977 1777389520 3555 3699 3672 3651 3587 535 282 3596 4061 4061 4061 4061 4061 4061 4061 4061
978 1777389520 3555 3700 3672 3651 3587 552 281 3595 4061 4061 4060 4060 4060 4060 4060 4060
979 1777389520 3557 3701 3673 3652 3588 540 282 618 4059 4059 4059 4059 4059 4059 4059 4059
980 1777389520 3557 3701 3673 3652 3588 555 281 633 4059 4059 4059 4059 4059 4059 4059 4059
981 1777389520 3555 3699 3672 3651 3587 561 280 3596 4061 4061 4061 4061 4061 4061 4061 4061
982 1777389520 3555 3699 3672 3651 3587 552 281 3596 4061 4061 4060 4060 4060 4060 4060 4060
983 1777389520 3556 3701 3673 3652 3588 557 280 3597 4059 4059 4059 4059 4059 4059 4059 4059
984 1777389520 3555 3700 3671 3651 3586 565 279 3595 4061 4061 4060 4060 4060 4060 4060 4060
985 1777389520 3554 3699 3672 3651 3586 554 282 3595 4059 4059 4059 4059 4059 4059 4059 4059
986 1777389520 3555 3700 3672 3651 3586 601 256 3595 4059 4059 4059 4059 4059 4059 4059 4059
987 1777389521 3555 3700 3672 3651 3586 555 281 3596 4061 4061 4060 4060 4060 4060 4060 4060
988 1777389521 3555 3699 3672 3651 3586 564 280 3595 4059 4059 4059 4059 4059 4059 4059 4059
989 1777389521 3556 3699 3672 3651 3587 566 280 3596 4061 4061 4060 4060 4060 4060 4060 4060
990 1777389521 3558 3701 3674 3653 3588 578 276 651 4059 4059 4059 4059 4059 4059 4059 4059
991 1777389521 3556 3701 3673 3652 3588 560 280 621 4059 4059 4059 4059 4059 4059 4059 4059
992 1777389521 3556 3701 3673 3652 3588 565 280 3595 4059 4059 4059 4059 4059 4059 4059 4059
993 1777389521 3555 3700 3672 3651 3587 546 282 3594 4059 4059 4059 4059 4059 4059 4059 4059
994 1777389521 3556 3700 3673 3652 3587 563 280 3596 4059 4059 4059 4059 4059 4059 4059 4059
995 1777389521 3557 3702 3674 3653 3588 553 281 597 4059 4059 4059 4059 4059 4059 4059 4059
996 1777389521 3556 3700 3673 3652 3587 558 281 3596 4059 4059 4059 4059 4059 4059 4059 4059
997 1777389521 3558 3703 3675 3654 3590 564 280 611 4061 4061 4060 4060 4060 4060 4060 4060
998 1777389521 3556 3702 3674 3653 3589 556 281 587 4061 4061 4060 4060 4060 4060 4060 4060
999 1777389521 3555 3699 3672 3651 3587 545 281 3596 4059 4059 4059 4059 4059 4059 4059 4059
1000 1777389521 3555 3700 3672 3651 3587 558 281 3595 4061 4061 4060 4060 4060 4060 4060 4060
