1 1777389642 3554 3699 3671 3650 3586 581 275 606 4061 4061 4060 4060 4060 4060 4060 4060
2 1777389642 3553 3697 3670 3649 3584 544 282 3593 4061 4061 4060 4060 4060 4060 4060 4060
3 1777389642 3555 3700 3672 3651 3586 572 278 594 4061 4061 4060 4060 4060 4060 4060 4060
4 1777389642 3553 3697 3670 3649 3585 568 279 3593 4059 4059 4059 4059 4059 4059 4059 4059
5 1777389642 3553 3698 3670 3649 3585 562 280 3594 4061 4061 4060 4060 4060 4060 4060 4060
6 1777389642 3553 3698 3670 3649 3585 550 282 3594 4059 4059 4059 4059 4059 4059 4059 4059
7 1777389642 3553 3697 3670 3649 3585 591 268 3593 4061 4061 4060 4060 4060 4060 4060 4060
8 1777389642 3553 3697 3670 3649 3585 546 282 3593 4059 4059 4059 4059 4059 4059 4059 4059
9 1777389642 3555 3700 3672 3651 3587 556 282 618 4061 4061 4060 4060 4060 4060 4060 4060
10 1777389642 3553 3697 3670 3649 3584 559 281 3593 4061 4061 4060 4060 4060 4060 4060 4060
11 1777389642 3556 3701 3672 3652 3588 579 276 616 4061 4061 4060 4060 4060 4060 4060 4060
12 1777389642 3554 3698 3671 3650 3586 583 274 3593 4061 4061 4060 4060 4060 4060 4060 4060
13 1777389642 3554 3698 3670 3649 3585 531 283 3594 4061 4061 4060 4060 4060 4060 4060 4060
14 1777389642 3554 3699 3671 3650 3585 550 282 3595 4061 4061 4060 4060 4060 4060 4060 4060
15 1777389642 3554 3699 3671 3650 3586 563 281 3594 4061 4061 4060 4060 4060 4060 4060 4060
16 1777389642 3554 3698 3670 3649 3585 554 281 3595 4059 4059 4059 4059 4059 4059 4059 4059
17 1777389643 3554 3699 3671 3650 3585 565 280 3595 4061 4061 4060 4060 4060 4060 4060 4060
18 1777389643 3554 3698 3670 3649 3586 560 281 3595 4061 4061 4060 4060 4060 4060 4060 4060
19 1777389643 3555 3699 3672 3651 3587 577 277 614 4061 4061 4060 4060 4060 4060 4060 4060
20 1777389643 3556 3700 3673 3652 3588 578 276 619 4061 4061 4060 4060 4060 4060 4060 4060
21 1777389643 3554 3699 3671 3650 3585 557 282 3594 4061 4061 4060 4060 4060 4060 4060 4060
22 1777389643 3554 3698 3671 3650 3586 560 281 3594 4059 4059 4059 4059 4059 4059 4059 4059
23 1777389643 3554 3699 3671 3650 3586 555 282 3594 4059 4059 4059 4059 4059 4059 4059 4059
24 1777389643 3554 3699 3671 3650 3586 548 282 3595 4061 4061 4060 4060 4060 4060 4060 4060
25 1777389643 3555 3700 3672 3651 3587 566 280 586 4061 4061 4060 4060 4060 4060 4060 4060
26 1777389643 3555 3700 3672 3651 3587 552 281 614 4061 4059 4059 4059 4059 4059 4059 4059
27 1777389643 3554 3698 3670 3649 3585 573 279 3594 4059 4059 4059 4059 4059 4059 4059 4059
28 1777389643 3554 3699 3670 3649 3585 560 281 3594 4059 4059 4059 4059 4059 4059 4059 4059
29 1777389643 3553 3698 3670 3649 3585 555 281 3595 4059 4059 4059 4059 4059 4059 4059 4059
30 1777389643 3556 3701 3673 3652 3588 551 282 641 4059 4059 4059 4059 4059 4059 4059 4059
31 1777389643 3554 3699 3671 3651 3586 556 281 3594 4059 4061 4059 4059 4059 4059 4059 4059
32 1777389643 3554 3699 3671 3650 3586 532 283 3595 4061 4061 4060 4060 4060 4060 4060 4060
33 1777389643 3554 3699 3671 3650 3586 560 281 3595 4061 4061 4060 4060 4060 4060 4060 4060
34 1777389643 3555 3700 3673 3652 3588 561 281 615 4061 4061 4060 4060 4060 4060 4060 4060
35 1777389643 3553 3698 3670 3649 3585 559 281 3594 4061 4061 4061 4061 4061 4061 4061 4061
36 1777389643 3554 3698 3671 3650 3586 555 282 3595 4061 4061 4060 4060 4060 4060 4060 4060
37 1777389644 3555 3700 3672 3651 3587 559 281 594 4061 4061 4060 4060 4060 4060 4060 4060
38 1777389644 3554 3698 3671 3650 3586 554 283 3594 4059 4059 4059 4059 4059 4059 4059 4059
39 1777389644 3556 3700 3673 3651 3587 547 283 605 4059 4059 4059 4059 4059 4059 4059 4059
40 1777389644 3556 3701 3673 3652 3588 569 279 605 4061 4061 4060 4060 4060 4060 4060 4060
41 1777389644 3553 3698 3671 3650 3585 578 277 3594 4059 4059 4059 4059 4059 4059 4059 4059
42 1777389644 3555 3699 3671 3650 3586 561 281 3595 4061 4061 4060 4060 4060 4060 4060 4060
43 1777389644 3556 3701 3672 3651 3587 561 281 3596 4059 4059 4059 4059 4059 4059 4059 4059
44 1777389644 3554 3699 3672 3651 3587 571 279 3596 4061 4061 4060 4060 4060 4060 4060 4060
45 1777389644 3556 3700 3672 3651 3586 560 281 3595 4061 4061 4060 4060 4060 4060 4060 4060
46 1777389644 3553 3698 3670 3649 3586 561 280 3594 4061 4061 4061 4061 4061 4061 4061 4061
47 1777389644 3555 3700 3672 3651 3587 552 282 608 4060 4061 4060 4060 4060 4060 4060 4060
48 1777389644 3554 3699 3671 3650 3586 562 281 3595 4061 4061 4060 4060 4060 4060 4060 4060
49 1777389644 3554 3699 3671 3650 3586 556 282 3595 4059 4059 4059 4059 4059 4059 4059 4059
50 1777389644 3555 3699 3671 3650 3586 542 283 3595 4061 4061 4060 4060 4060 4060 4060 4060
51 1777389644 3554 3699 3671 3650 3586 566 280 3594 4061 4061 4060 4060 4060 4060 4060 4060
52 1777389644 3553 3699 3671 3650 3585 568 280 3594 4059 4059 4059 4059 4059 4059 4059 4059
53 1777389644 3555 3699 3672 3651 3587 537 283 3595 4061 4061 4060 4060 4060 4060 4060 4060
54 1777389644 3554 3699 3671 3650 3586 568 280 3595 4059 4059 4059 4059 4059 4059 4059 4059
55 1777389644 3556 3701 3673 3653 3589 571 279 599 4061 4061 4060 4060 4060 4060 4060 4060
56 1777389644 3555 3699 3672 3650 3586 567 280 3593 4059 4059 4059 4059 4059 4059 4059 4059
57 1777389644 3555 3699 3671 3651 3586 548 282 3596 4061 4061 4060 4060 4060 4060 4060 4060
58 1777389644 3555 3700 3672 3651 3587 577 278 617 4061 4061 4060 4060 4060 4060 4060 4060
59 1777389644 3554 3699 3671 3651 3586 560 281 3595 4059 4059 4059 4059 4059 4059 4059 4059
60 1777389644 3553 3698 3670 3650 3585 544 282 3595 4061 4061 4060 4060 4060 4060 4060 4060
61 1777389644 3557 3701 3673 3652 3588 553 282 578 4061 4061 4060 4060 4060 4060 4060 4060
62 1777389644 3554 3700 3671 3650 3586 552 282 3595 4059 4059 4059 4059 4059 4059 4059 4059
63 1777389644 3554 3699 3671 3650 3586 547 282 3594 4059 4059 4059 4059 4059 4059 4059 4059
64 1777389644 3554 3699 3672 3650 3586 569 280 3595 4061 4061 4060 4060 4060 4060 4060 4060
65 1777389644 3554 3699 3671 3650 3586 529 283 3595 4059 4059 4059 4059 4059 4059 4059 4059
66 1777389645 3553 3698 3670 3649 3585 572 276 3594 4061 4061 4060 4060 4060 4060 4060 4060
67 1777389645 3555 3699 3671 3650 3586 542 280 613 4061 4061 4060 4060 4060 4060 4060 4060
68 1777389645 3554 3698 3671 3650 3586 566 278 592 4061 4061 4060 4060 4060 4060 4060 4060
69 1777389645 3554 3699 3671 3650 3586 549 280 617 4061 4061 4060 4060 4060 4060 4060 4060
70 1777389645 3553 3697 3670 3649 3585 530 281 3593 4061 4061 4060 4060 4060 4060 4060 4060
71 1777389645 3553 3697 3670 3649 3585 541 280 3594 4061 4061 4060 4060 4060 4060 4060 4060
72 1777389645 3552 3696 3669 3648 3583 552 281 3593 4059 4059 4059 4059 4059 4059 4059 4059
73 1777389645 3554 3698 3671 3649 3585 565 278 3594 4061 4061 4060 4060 4060 4060 4060 4060
74 1777389645 3553 3698 3671 3649 3585 550 280 592 4059 4059 4059 4059 4059 4059 4059 4059
75 1777389645 3554 3699 3671 3650 3586 560 279 603 4059 4059 4059 4059 4059 4059 4059 4059
76 1777389645 3554 3698 3670 3650 3585 544 281 3594 4059 4059 4059 4059 4059 4059 4059 4059
77 1777389645 3553 3697 3670 3649 3585 552 280 3594 4061 4061 4060 4060 4060 4060 4060 4060
78 1777389645 3553 3698 3671 3649 3585 552 280 3594 4059 4059 4059 4059 4059 4059 4059 4059
79 1777389645 3552 3697 3670 3648 3584 575 276 3593 4059 4059 4059 4059 4059 4059 4059 4059
80 1777389645 3555 3699 3672 3650 3586 572 277 627 4061 4061 4060 4060 4060 4060 4060 4060
81 1777389645 3555 3699 3672 3651 3586 537 281 582 4059 4059 4059 4059 4059 4059 4059 4059
82 1777389645 3552 3697 3670 3648 3584 558 280 3593 4059 4059 4059 4059 4059 4059 4059 4059
83 1777389645 3553 3698 3670 3649 3585 573 276 3594 4059 4059 4059 4059 4059 4059 4059 4059
84 1777389645 3552 3697 3669 3648 3584 543 281 3593 4059 4059 4059 4059 4059 4059 4059 4059
85 1777389645 3555 3699 3672 3651 3586 560 280 589 4061 4061 4060 4060 4060 4060 4060 4060
86 1777389645 3554 3699 3672 3650 3586 556 280 583 4059 4059 4059 4059 4059 4059 4059 4059
87 1777389645 3552 3697 3669 3648 3584 540 280 3593 4059 4059 4059 4059 4059 4059 4059 4059
88 1777389645 3555 3700 3672 3651 3587 565 279 629 4061 4061 4061 4061 4061 4061 4061 4061
89 1777389645 3553 3697 3669 3649 3585 565 279 3592 4059 4059 4059 4059 4059 4059 4059 4059
90 1777389645 3553 3697 3670 3649 3585 549 281 3594 4061 4061 4060 4060 4060 4060 4060 4060
91 1777389645 3553 3697 3670 3649 3584 576 276 3593 4059 4059 4059 4059 4059 4059 4059 4059
92 1777389646 3554 3698 3671 3650 3586 568 278 3594 4059 4059 4059 4059 4059 4059 4059 4059
93 1777389646 3553 3697 3670 3649 3584 522 282 3593 4061 4061 4060 4060 4060 4060 4060 4060
94 1777389646 3554 3698 3671 3649 3585 564 279 3594 4059 4059 4059 4059 4059 4059 4059 4059
95 1777389646 3553 3698 3671 3649 3585 561 280 3594 4061 4061 4060 4060 4060 4060 4060 4060
96 1777389646 3553 3697 3669 3648 3584 546 281 3593 4059 4059 4059 4059 4059 4059 4059 4059
97 1777389646 3555 3699 3672 3651 3586 546 281 601 4061 4061 4060 4060 4060 4060 4060 4060
98 1777389646 3553 3698 3670 3649 3584 551 280 3593 4061 4061 4060 4060 4060 4060 4060 4060
99 1777389646 3553 3697 3670 3649 3585 552 280 3594 4061 4061 4060 4060 4060 4060 4060 4060
100 1777389646 3554 3698 3670 3649 3584 558 280 3593 4059 4059 4059 4059 4059 4059 4059 4059
101 1777389646 3553 3698 3670 3648 3584 584 272 3593 4061 4061 4060 4060 4060 4060 4060 4060
102 1777389646 3554 3699 3671 3650 3586 560 279 589 4059 4059 4059 4059 4059 4059 4059 4059
103 1777389646 3552 3697 3670 3649 3585 566 278 3594 4061 4061 4060 4060 4060 4060 4060 4060
104 1777389646 3554 3698 3670 3649 3585 554 280 3593 4061 4061 4060 4060 4060 4060 4060 4060
105 1777389646 3553 3697 3669 3649 3585 558 280 3593 4061 4061 4060 4060 4060 4060 4060 4060
106 1777389646 3553 3698 3670 3649 3585 549 281 3594 4059 4059 4059 4059 4059 4059 4059 4059
107 1777389646 3553 3698 3670 3649 3585 528 282 3594 4061 4061 4060 4060 4060 4060 4060 4060
108 1777389646 3552 3696 3669 3648 3583 569 278 3593 4059 4059 4059 4059 4059 4059 4059 4059
109 1777389646 3553 3698 3670 3649 3585 548 280 3594 4061 4061 4060 4060 4060 4060 4060 4060
110 1777389646 3553 3697 3669 3649 3584 553 280 3593 4061 4060 4060 4060 4060 4060 4060 4060
111 1777389646 3555 3700 3671 3651 3586 562 280 624 4061 4061 4060 4060 4060 4060 4060 4060
112 1777389646 3555 3699 3671 3650 3586 574 277 601 4059 4059 4059 4059 4059 4059 4059 4059
113 1777389646 3553 3697 3669 3648 3584 541 281 3593 4061 4061 4060 4060 4060 4060 4060 4060
114 1777389646 3554 3698 3671 3650 3585 543 281 3594 4061 4061 4060 4060 4060 4060 4060 4060
115 1777389646 3553 3698 3670 3649 3585 547 280 3594 4061 4061 4060 4060 4060 4060 4060 4060
116 1777389646 3553 3698 3670 3649 3585 555 280 3593 4059 4059 4058 4058 4058 4058 4058 4058
117 1777389646 3552 3697 3669 3648 3584 559 279 3594 4061 4061 4060 4060 4060 4060 4060 4060
118 1777389646 3554 3698 3671 3650 3586 556 280 3594 4061 4061 4060 4060 4060 4060 4060 4060
119 1777389646 3554 3699 3671 3650 3586 587 269 593 4059 4059 4059 4059 4059 4059 4059 4059
120 1777389646 3552 3697 3669 3648 3584 558 280 3593 4059 4059 4059 4059 4059 4059 4059 4059
121 1777389646 3553 3697 3670 3649 3585 547 281 3594 4059 4059 4059 4059 4059 4059 4059 4059
122 1777389646 3553 3697 3670 3648 3584 574 277 3593 4059 4059 4059 4059 4059 4059 4059 4059
123 1777389646 3553 3698 3670 3650 3585 566 278 3594 4059 4059 4059 4059 4059 4059 4059 4059
124 1777389646 3554 3698 3670 3650 3586 558 280 3594 4059 4059 4059 4059 4059 4059 4059 4059
125 1777389646 3553 3698 3670 3649 3585 572 278 3594 4059 4059 4059 4059 4059 4059 4059 4059
126 1777389647 3552 3698 3670 3649 3584 558 280 3593 4059 4059 4059 4059 4059 4059 4059 4059
127 1777389647 3553 3698 3670 3649 3584 548 281 3594 4059 4059 4059 4059 4059 4059 4059 4059
128 1777389647 3553 3697 3670 3649 3584 544 281 3593 4061 4061 4060 4060 4060 4060 4060 4060
129 1777389647 3553 3698 3670 3649 3585 560 280 3594 4061 4061 4060 4060 4060 4060 4060 4060
130 1777389647 3554 3698 3670 3649 3584 582 273 3594 4059 4059 4059 4059 4059 4059 4059 4059
131 1777389647 3554 3699 3671 3650 3586 549 281 599 4059 4059 4059 4059 4059 4059 4059 4059
132 1777389647 3554 3699 3671 3650 3585 550 280 3594 4061 4061 4060 4060 4060 4060 4060 4060
133 1777389647 3553 3698 3670 3649 3585 548 281 3594 4061 4061 4060 4060 4060 4060 4060 4060
134 1777389647 3554 3698 3671 3649 3585 521 281 3594 4061 4061 4060 4060 4060 4060 4060 4060
135 1777389647 3553 3698 3670 3649 3584 565 279 3594 4061 4061 4061 4061 4061 4061 4061 4061
136 1777389647 3555 3700 3672 3651 3587 556 281 599 4061 4060 4060 4060 4060 4060 4060 4060
137 1777389647 3553 3698 3670 3649 3585 543 281 3594 4059 4059 4059 4059 4059 4059 4059 4059
138 1777389647 3553 3697 3670 3649 3585 575 276 3593 4061 4061 4060 4060 4060 4060 4060 4060
139 1777389647 3554 3699 3671 3650 3586 558 280 3594 4059 4059 4059 4059 4059 4059 4059 4059
140 1777389647 3554 3699 3671 3651 3586 570 278 611 4061 4061 4060 4060 4060 4060 4060 4060
141 1777389647 3555 3699 3672 3651 3586 561 280 613 4061 4059 4059 4059 4059 4059 4059 4059
142 1777389647 3555 3700 3672 3651 3587 568 278 587 4059 4059 4059 4059 4059 4059 4059 4059
143 1777389647 3553 3698 3670 3649 3585 559 280 3594 4059 4059 4059 4059 4059 4059 4059 4059
144 1777389647 3554 2055 3670 3650 3586 565 279 3595 4061 4061 4060 4060 4060 4060 4060 4060
145 1777389647 3553 3698 3670 3649 3585 549 281 3594 4061 4061 4060 4060 4060 4060 4060 4060
146 1777389647 3554 3699 3671 3650 3585 547 281 3594 4061 4059 4059 4059 4059 4059 4059 4059
147 1777389647 3553 3698 3670 3650 3585 568 278 3594 4059 4059 4059 4059 4059 4059 4059 4059
148 1777389648 3554 3698 3670 3650 3585 564 279 3594 4061 4061 4060 4060 4060 4060 4060 4060
149 1777389648 3556 3701 3673 3652 3588 577 276 605 4059 4059 4059 4059 4059 4059 4059 4059
150 1777389648 3554 3699 3671 3650 3586 536 282 3594 4061 4061 4060 4060 4060 4060 4060 4060
151 1777389648 3554 3698 3671 3650 3585 556 281 3594 4059 4059 4059 4059 4059 4059 4059 4059
152 1777389648 3554 3699 3671 3650 3585 573 277 3595 4059 4059 4059 4059 4059 4059 4059 4059
153 1777389648 3554 3699 3671 3651 3586 557 280 571 4061 4061 4060 4060 4060 4060 4060 4060
154 1777389648 3555 3700 3673 3651 3587 513 282 574 4059 4059 4059 4059 4059 4059 4059 4059
155 1777389648 3554 3699 3671 3651 3586 544 282 3594 4059 4059 4059 4059 4059 4059 4059 4059
156 1777389648 3554 3698 3670 3650 3585 568 279 3594 4061 4061 4060 4060 4060 4060 4060 4060
157 1777389648 3554 3699 3672 3651 3587 561 279 589 4059 4059 4058 4058 4058 4058 4058 4058
158 1777389648 3553 3698 3670 3649 3584 536 282 3594 4059 4059 4059 4059 4059 4059 4059 4059
159 1777389648 3554 3698 3670 3650 3585 549 281 3594 4059 4059 4059 4059 4059 4059 4059 4059
160 1777389648 3555 3699 3672 3651 3587 554 281 603 4059 4059 4059 4059 4059 4059 4059 4059
161 1777389648 3554 3700 3672 3652 3587 558 280 597 4059 4059 4059 4059 4059 4059 4059 4059
162 1777389648 3554 3698 3671 3650 3586 561 280 3595 4061 4061 4060 4060 4060 4060 4060 4060
163 1777389648 3554 3699 3671 3650 3586 571 278 3594 4059 4059 4059 4059 4059 4059 4059 4059
164 1777389648 3553 3698 3670 3649 3585 548 281 3594 4061 4061 4060 4060 4060 4060 4060 4060
165 1777389648 3554 3699 3671 3650 3586 555 281 3594 4061 4059 4059 4059 4059 4059 4059 4059
166 1777389648 3555 3700 3672 3651 3587 561 280 593 4059 4059 4059 4059 4059 4059 4059 4059
167 1777389648 3555 3700 3672 3651 3587 543 281 584 4061 4061 4060 4060 4060 4060 4060 4060
168 1777389648 3552 3697 3669 3648 3584 570 279 3593 4061 4061 4060 4060 4060 4060 4060 4060
169 1777389648 3554 3699 3671 3650 3586 564 279 3594 4059 4059 4058 4058 4058 4058 4058 4058
170 1777389648 3553 3697 3670 3648 3584 528 282 3593 4059 4059 4059 4059 4059 4059 4059 4059
171 1777389648 3553 3697 3669 3649 3584 564 280 3594 4061 4061 4060 4060 4060 4060 4060 4060
172 1777389648 3554 3697 3670 3649 3584 546 281 3593 4061 4061 4060 4060 4060 4060 4060 4060
173 1777389648 3554 3699 3671 3650 3586 576 277 628 4061 4061 4060 4060 4060 4060 4060 4060
174 1777389648 3554 3699 3671 3650 3585 576 277 3594 4061 4060 4060 4060 4060 4060 4060 4060
175 1777389648 3553 3698 3670 3650 3585 543 281 3594 4061 4061 4060 4060 4060 4060 4060 4060
176 1777389648 3555 3700 3673 3651 3587 558 280 627 4059 4059 4059 4059 4059 4059 4059 4059
177 1777389648 3553 3698 3671 3649 3585 554 282 3594 4057 4057 4057 4057 4057 4057 4057 4057
178 1777389648 3554 3699 3671 3650 3586 566 279 3595 4059 4059 4059 4059 4059 4059 4059 4059
179 1777389649 3553 3697 3670 3649 3585 559 280 3594 4059 4059 4059 4059 4059 4059 4059 4059
180 1777389649 3554 3698 3670 3650 3585 547 281 3594 4061 4061 4060 4060 4060 4060 4060 4060
181 1777389649 3555 3700 3672 3651 3587 549 281 601 4059 4059 4059 4059 4059 4059 4059 4059
182 1777389649 3556 3700 3672 3651 3587 552 281 625 4061 4061 4060 4060 4060 4060 4060 4060
183 1777389649 3554 3698 3671 3650 3586 570 278 3594 4059 4059 4059 4059 4059 4059 4059 4059
184 1777389649 3554 3698 3670 3650 3585 540 281 3593 4061 4061 4060 4060 4060 4060 4060 4060
185 1777389649 3554 3699 3671 3649 3586 565 279 3595 4061 4061 4060 4060 4060 4060 4060 4060
186 1777389649 3556 3701 3673 3652 3588 562 280 606 4059 4059 4059 4059 4059 4059 4059 4059
187 1777389649 3554 3699 3671 3650 3586 562 280 3595 4061 4061 4060 4060 4060 4060 4060 4060
188 1777389649 3554 3699 3671 3650 3585 578 276 3594 4061 4061 4060 4060 4060 4060 4060 4060
189 1777389649 3553 3698 3670 3649 3585 545 281 3595 4061 4061 4060 4060 4060 4060 4060 4060
190 1777389649 3554 3698 3671 3650 3586 552 281 3595 4059 4059 4059 4059 4059 4059 4059 4059
191 1777389649 3553 3698 3670 3649 3584 547 282 3594 4059 4059 4059 4059 4059 4059 4059 4059
192 1777389649 3555 3700 3673 3651 3587 572 278 631 4061 4061 4060 4060 4060 4060 4060 4060
193 1777389649 3553 3698 3670 3649 3585 569 279 3594 4059 4059 4059 4059 4059 4059 4059 4059
194 1777389649 3555 3700 3672 3651 3587 547 282 601 4061 4061 4060 4060 4060 4060 4060 4060
195 1777389649 3554 3698 3671 3650 3586 568 278 3594 4061 4061 4060 4060 4060 4060 4060 4060
196 1777389649 3555 3700 3672 3651 3586 563 280 3596 4059 4059 4059 4059 4059 4059 4059 4059
197 1777389649 3555 3700 3672 3651 3587 566 279 3596 4061 4061 4060 4060 4060 4060 4060 4060
198 1777389649 3555 3700 3672 3651 3587 564 280 3595 4061 4061 4060 4060 4060 4060 4060 4060
199 1777389649 3556 3701 3673 3652 3588 562 280 593 4061 4061 4060 4060 4060 4060 4060 4060
200 1777389649 3554 3699 3671 3651 3586 566 279 606 4059 4059 4059 4059 4059 4059 4059 4059
201 1777389649 3554 3697 3670 3649 3585 566 279 3592 4059 4059 4059 4059 4059 4059 4059 4059
202 1777389649 3556 3701 3673 3652 3588 560 280 635 4059 4059 4059 4059 4059 4059 4059 4059
203 1777389649 3553 3698 3670 3649 3585 558 281 3594 4061 4061 4060 4060 4060 4060 4060 4060
204 1777389649 3554 3698 3671 3650 3586 554 281 3595 4061 4061 4060 4060 4060 4060 4060 4060
205 1777389650 3555 3699 3672 3650 3586 561 280 3595 4061 4061 4060 4060 4060 4060 4060 4060
206 1777389650 3554 3700 3672 3651 3586 560 280 3595 4059 4059 4059 4059 4059 4059 4059 4059
207 1777389650 3554 3699 3671 3650 3586 542 282 3595 4061 4061 4060 4060 4060 4060 4060 4060
208 1777389650 3554 3698 3671 3650 3586 544 281 3595 4061 4061 4060 4060 4060 4060 4060 4060
209 1777389650 3555 3699 3671 3651 3586 557 281 3594 4061 4061 4060 4060 4060 4060 4060 4060
210 1777389650 3553 3698 3670 3649 3584 547 281 3594 4061 4061 4060 4060 4060 4060 4060 4060
211 1777389650 3557 3702 3674 3653 3588 531 282 591 4059 4059 4059 4059 4059 4059 4059 4059
212 1777389650 3553 3698 3671 3650 3585 546 281 3595 4061 4061 4060 4060 4060 4060 4060 4060
213 1777389650 3554 3698 3671 3650 3586 551 281 3595 4059 4059 4059 4059 4059 4059 4059 4059
214 1777389650 3553 3698 3670 3650 3586 561 280 3594 4059 4059 4059 4059 4059 4059 4059 4059
215 1777389650 3556 3701 3673 3652 3588 549 281 598 4059 4059 4059 4059 4059 4059 4059 4059
216 1777389650 3554 3698 3671 3650 3585 558 281 3593 4059 4059 4059 4059 4059 4059 4059 4059
217 1777389650 3555 3700 3672 3652 3588 548 282 599 4061 4061 4061 4061 4061 4061 4061 4061
218 1777389650 3554 3698 3671 3651 3586 572 278 3594 4061 4061 4060 4060 4060 4060 4060 4060
219 1777389650 3554 3699 3671 3650 3586 552 281 3595 4061 4061 4060 4060 4060 4060 4060 4060
220 1777389650 3554 3699 3671 3650 3586 569 279 3595 4059 4059 4059 4059 4059 4059 4059 4059
221 1777389650 3553 3697 3670 3649 3585 555 280 3594 4061 4061 4060 4060 4060 4060 4060 4060
222 1777389650 3554 3699 3671 3650 3587 546 282 3595 4061 4061 4060 4060 4060 4060 4060 4060
223 1777389650 3555 3700 3672 3651 3587 568 279 617 4061 4061 4060 4060 4060 4060 4060 4060
224 1777389650 3554 3699 3671 3650 3586 559 280 3595 4059 4059 4059 4059 4059 4059 4059 4059
225 1777389650 3554 3699 3671 3650 3587 565 279 3595 4061 4061 4060 4060 4060 4060 4060 4060
226 1777389650 3555 3699 3672 3650 3586 545 281 3595 4061 4061 4060 4060 4060 4060 4060 4060
227 1777389650 3553 3698 3671 3649 3585 559 280 3594 4059 4059 4058 4058 4058 4058 4058 4058
228 1777389650 3555 3700 3672 3652 3587 556 281 3596 4061 4061 4060 4060 4060 4060 4060 4060
229 1777389650 3556 3700 3673 3652 3588 585 273 600 4061 4061 4060 4060 4060 4060 4060 4060
230 1777389650 3554 3699 3671 3650 3586 562 280 3595 4061 4061 4060 4060 4060 4060 4060 4060
231 1777389650 3554 3698 3671 3650 3586 564 279 3594 4061 4061 4060 4060 4060 4060 4060 4060
232 1777389650 3556 3700 3673 3651 3587 567 279 594 4061 4061 4060 4060 4060 4060 4060 4060
233 1777389650 3554 3699 3671 3650 3586 531 282 3595 4061 4061 4060 4060 4060 4060 4060 4060
234 1777389650 3554 3699 3672 3650 3586 576 277 3595 4061 4061 4060 4060 4060 4060 4060 4060
235 1777389651 3554 3699 3671 3651 3586 543 282 3595 4061 4061 4060 4060 4060 4060 4060 4060
236 1777389651 3554 3698 3670 3650 3585 566 279 3595 4061 4061 4060 4060 4060 4060 4060 4060
237 1777389651 3554 3698 3671 3650 3586 567 280 3595 4061 4061 4060 4060 4060 4060 4060 4060
238 1777389651 3555 3700 3672 3652 3588 562 280 626 4061 4061 4060 4060 4060 4060 4060 4060
239 1777389651 3555 3700 3672 3651 3587 566 280 633 4059 4059 4059 4059 4059 4059 4059 4059
240 1777389651 3554 3698 3671 3650 3586 564 280 3594 4061 4061 4061 4061 4061 4061 4061 4061
241 1777389651 3554 3699 3672 3651 3586 564 280 3596 4061 4061 4060 4060 4060 4060 4060 4060
242 1777389651 3554 3699 3672 3651 3586 558 281 3595 4061 4061 4060 4060 4060 4060 4060 4060
243 1777389651 3554 3699 3672 3651 3586 567 279 3595 4061 4061 4060 4060 4060 4060 4060 4060
244 1777389651 3554 3698 3670 3649 3585 559 280 3595 4061 4061 4060 4060 4060 4060 4060 4060
245 1777389651 3555 3700 3672 3651 3587 561 281 3595 4061 4061 4060 4060 4060 4060 4060 4060
246 1777389651 3554 3698 3671 3650 3586 540 282 3595 4059 4059 4059 4059 4059 4059 4059 4059
247 1777389651 3554 3699 3671 3650 3586 546 282 3594 4059 4059 4059 4059 4059 4059 4059 4059
248 1777389651 3554 3698 3671 3650 3586 587 271 3593 4059 4059 4059 4059 4059 4059 4059 4059
249 1777389651 3557 3701 3674 3653 3588 565 280 623 4059 4059 4059 4059 4059 4059 4059 4059
250 1777389651 3554 3699 3671 3650 3586 554 282 3595 4059 4059 4059 4059 4059 4059 4059 4059
251 1777389651 3555 3699 3671 3651 3587 543 282 3595 4061 4061 4060 4060 4060 4060 4060 4060
252 1777389651 3556 3700 3673 3652 3588 567 279 599 4061 4061 4060 4060 4060 4060 4060 4060
253 1777389651 3554 3699 3671 3650 3585 559 280 3595 4061 4061 4060 4060 4060 4060 4060 4060
254 1777389651 3554 3700 3672 3651 3587 552 281 3595 4061 4061 4060 4060 4060 4060 4060 4060
255 1777389651 3555 3700 3673 3651 3587 549 282 3596 4059 4059 4059 4059 4059 4059 4059 4059
256 1777389651 3555 3700 3672 3651 3586 567 279 3596 4059 4059 4059 4059 4059 4059 4059 4059
257 1777389651 3554 3699 3671 3650 3586 528 283 3595 4061 4061 4060 4060 4060 4060 4060 4060
258 1777389652 3556 3700 3673 3652 3588 556 281 605 4061 4061 4061 4061 4061 4061 4061 4061
259 1777389652 3554 3699 3671 3650 3586 562 280 3594 4061 4061 4060 4060 4060 4060 4060 4060
260 1777389652 3554 3699 3671 3650 3586 543 282 3595 4061 4061 4060 4060 4060 4060 4060 4060
261 1777389652 3555 3699 3671 3650 3586 563 281 3596 4061 4061 4060 4060 4060 4060 4060 4060
262 1777389652 3554 3700 3672 3651 3587 564 280 599 4061 4061 4060 4060 4060 4060 4060 4060
263 1777389652 3554 3699 3671 3650 3586 547 281 3594 4061 4061 4060 4060 4060 4060 4060 4060
264 1777389652 3556 3701 3673 3652 3588 565 280 611 4061 4061 4060 4060 4060 4060 4060 4060
265 1777389652 3553 3698 3671 3650 3586 559 281 3595 4059 4059 4058 4058 4058 4058 4058 4058
266 1777389652 3553 3698 3670 3649 3584 558 281 3594 4061 4061 4060 4060 4060 4060 4060 4060
267 1777389652 3554 3699 3671 3651 3586 559 281 3595 4059 4059 4059 4059 4059 4059 4059 4059
268 1777389652 3553 3698 3670 3649 3584 566 281 3593 4059 4059 4059 4059 4059 4059 4059 4059
269 1777389652 3556 3701 3672 3651 3587 561 281 3596 4059 4059 4059 4059 4059 4059 4059 4059
270 1777389652 3556 3700 3673 3652 3587 560 281 614 4061 4061 4060 4060 4060 4060 4060 4060
271 1777389652 3556 3700 3673 3652 3588 564 280 633 4059 4059 4059 4059 4059 4059 4059 4059
272 1777389652 3554 3699 3671 3650 3586 546 281 3595 4061 4061 4060 4060 4060 4060 4060 4060
273 1777389652 3555 3700 3672 3651 3587 550 282 3595 4061 4061 4060 4060 4060 4060 4060 4060
274 1777389652 3556 3701 3673 3652 3588 548 282 598 4059 4059 4059 4059 4059 4059 4059 4059
275 1777389652 3554 3699 3671 3650 3586 564 280 3594 4059 4059 4059 4059 4059 4059 4059 4059
276 1777389652 3554 3698 3671 3650 3586 545 282 3595 4061 4061 4060 4060 4060 4060 4060 4060
277 1777389652 3555 3700 3672 3652 3587 567 280 623 4061 4061 4060 4060 4060 4060 4060 4060
278 1777389652 3555 3699 3672 3650 3586 551 282 3595 4061 4061 4060 4060 4060 4060 4060 4060
279 1777389652 3554 3699 3671 3650 3586 542 283 3594 4059 4059 4059 4059 4059 4059 4059 4059
280 1777389652 3556 3701 3673 3653 3587 563 280 657 4061 4061 4060 4060 4060 4060 4060 4060
281 1777389652 3557 3701 3673 3652 3588 566 279 595 4061 4061 4060 4060 4060 4060 4060 4060
282 1777389652 3554 3699 3671 3650 3586 554 282 3594 4061 4061 4060 4060 4060 4060 4060 4060
283 1777389652 3555 3700 3672 3651 3587 545 282 3595 4061 4061 4060 4060 4060 4060 4060 4060
284 1777389652 3555 3700 3672 3650 3586 543 283 3595 4061 4061 4060 4060 4060 4060 4060 4060
285 1777389652 3555 3700 3672 3651 3587 573 279 3595 4059 4059 4059 4059 4059 4059 4059 4059
286 1777389652 3554 3699 3672 3651 3586 558 281 3595 4059 4059 4059 4059 4059 4059 4059 4059
287 1777389652 3554 3699 3671 3651 3586 554 282 3594 4061 4061 4060 4060 4060 4060 4060 4060
288 1777389652 3556 3700 3673 3651 3587 564 280 606 4061 4061 4060 4060 4060 4060 4060 4060
289 1777389653 3555 3699 3672 3651 3586 545 282 3596 4061 4061 4060 4060 4060 4060 4060 4060
290 1777389653 3555 3699 3672 3651 3587 567 280 3595 4059 4059 4059 4059 4059 4059 4059 4059
291 1777389653 3554 3698 3671 3649 3584 563 281 3594 4061 4061 4060 4060 4060 4060 4060 4060
292 1777389653 3557 3702 3674 3653 3589 559 281 597 4059 4059 4059 4059 4059 4059 4059 4059
293 1777389653 3555 3700 3672 3651 3586 542 282 3595 4061 4061 4061 4061 4061 4061 4061 4061
294 1777389653 3555 3700 3672 3651 3587 568 280 3595 4061 4059 4059 4059 4059 4059 4059 4059
295 1777389653 3556 3701 3674 3652 3588 571 280 616 4059 4059 4059 4059 4059 4059 4059 4059
296 1777389653 3554 3698 3670 3650 3586 558 282 3595 4061 4061 4060 4060 4060 4060 4060 4060
297 1777389653 3554 3699 3671 3650 3586 565 281 3595 4061 4061 4060 4060 4060 4060 4060 4060
298 1777389653 3555 3700 3672 3650 3587 561 280 3595 4059 4059 4058 4058 4058 4058 4058 4058
299 1777389653 3557 3701 3674 3653 3589 550 283 621 4061 4059 4059 4059 4059 4059 4059 4059
300 1777389653 3555 3699 3672 3651 3586 553 282 3596 4059 4059 4059 4059 4059 4059 4059 4059
301 1777389653 3556 3701 3672 3652 3588 561 281 614 4059 4059 4059 4059 4059 4059 4059 4059
302 1777389653 3555 3700 3672 3651 3587 567 280 613 4059 4059 4059 4059 4059 4059 4059 4059
303 1777389653 3554 3699 3671 3651 3586 544 282 3594 4061 4061 4060 4060 4060 4060 4060 4060
304 1777389653 3555 3700 3672 3651 3587 560 281 3596 4061 4061 4060 4060 4060 4060 4060 4060
305 1777389653 3554 3699 3671 3651 3586 555 282 3595 4059 4059 4059 4059 4059 4059 4059 4059
306 1777389653 3554 3698 3671 3650 3586 540 282 3595 4061 4061 4060 4060 4060 4060 4060 4060
307 1777389653 3555 3700 3672 3651 3587 567 280 603 4061 4061 4060 4060 4060 4060 4060 4060
308 1777389653 3556 3700 3673 3652 3588 575 278 601 4059 4059 4059 4059 4059 4059 4059 4059
309 1777389653 3554 3699 3671 3650 3586 554 282 3594 4061 4061 4060 4060 4060 4060 4060 4060
310 1777389653 3555 3699 3671 3650 3586 546 283 3595 4059 4059 4059 4059 4059 4059 4059 4059
311 1777389653 3555 3699 3672 3651 3587 531 283 3594 4061 4061 4060 4060 4060 4060 4060 4060
312 1777389653 3554 3698 3670 3650 3585 561 281 3593 4059 4059 4059 4059 4059 4059 4059 4059
313 1777389653 3555 3699 3672 3651 3587 553 281 3596 4059 4059 4059 4059 4059 4059 4059 4059
314 1777389653 3555 3700 3672 3651 3587 560 281 3595 4061 4061 4060 4060 4060 4060 4060 4060
315 1777389653 3555 3699 3671 3651 3587 547 282 3596 4059 4059 4059 4059 4059 4059 4059 4059
316 1777389653 3556 3701 3673 3652 3589 559 281 591 4059 4059 4059 4059 4059 4059 4059 4059
317 1777389653 3555 3699 3672 3651 3586 570 280 3596 4061 4061 4060 4060 4060 4060 4060 4060
318 1777389653 3556 3700 3673 3652 3588 577 278 3597 4061 4061 4060 4060 4060 4060 4060 4060
319 1777389653 3556 3700 3673 3652 3587 576 278 3033 4059 4059 4059 4059 4059 4059 4059 4059
320 1777389653 3557 3701 3674 3653 3588 564 281 594 4061 4061 4060 4060 4060 4060 4060 4060
321 1777389653 3555 3699 3671 3650 3586 549 282 3594 4059 4059 4059 4059 4059 4059 4059 4059
322 1777389653 3551 3696 3668 3648 3584 550 280 3592 4059 4059 4059 4059 4059 4059 4059 4059
323 1777389653 3553 3698 3671 3650 3585 545 281 3594 4059 4059 4059 4059 4059 4059 4059 4059
324 1777389653 3553 3698 3671 3649 3585 561 279 3595 4061 4061 4060 4060 4060 4060 4060 4060
325 1777389653 3553 3697 3670 3649 3584 561 279 3594 4061 4061 4060 4060 4060 4060 4060 4060
326 1777389654 3552 3697 3670 3649 3584 559 279 3593 4061 4061 4060 4060 4060 4060 4060 4060
327 1777389654 3554 3698 3670 3649 3585 563 279 3594 4061 4061 4060 4060 4060 4060 4060 4060
328 1777389654 3554 3698 3671 3650 3586 544 280 604 4059 4059 4059 4059 4059 4059 4059 4059
329 1777389654 3554 3699 3671 3650 3586 569 277 3595 4059 4059 4059 4059 4059 4059 4059 4059
330 1777389654 3552 3697 3669 3648 3584 553 281 3593 4061 4061 4060 4060 4060 4060 4060 4060
331 1777389654 3554 3698 3671 3650 3586 557 280 3594 4059 4059 4059 4059 4059 4059 4059 4059
332 1777389654 3554 3698 3670 3649 3585 569 278 3593 4059 4059 4059 4059 4059 4059 4059 4059
333 1777389654 3555 3701 3673 3652 3587 545 281 621 4059 4059 4059 4059 4059 4059 4059 4059
334 1777389654 3553 3698 3670 3649 3585 543 280 3593 4061 4061 4060 4060 4060 4060 4060 4060
335 1777389654 3554 3699 3670 3649 3586 557 280 3594 4059 4059 4059 4059 4059 4059 4059 4059
336 1777389654 3553 3698 3670 3649 3585 576 275 3593 4059 4059 4059 4059 4059 4059 4059 4059
337 1777389654 3556 3701 3673 3652 3587 559 279 611 4061 4061 4060 4060 4060 4060 4060 4060
338 1777389654 3552 3696 3670 3648 3584 568 277 3593 4059 4059 4059 4059 4059 4059 4059 4059
339 1777389654 3552 3697 3670 3648 3584 571 277 3594 4061 4061 4060 4060 4060 4060 4060 4060
340 1777389654 3554 3698 3670 3650 3585 551 280 3594 4059 4059 4059 4059 4059 4059 4059 4059
341 1777389654 3552 3697 3669 3649 3584 535 281 3593 4059 4059 4059 4059 4059 4059 4059 4059
342 1777389654 3552 3696 3669 3648 3583 570 277 3592 4061 4061 4060 4060 4060 4060 4060 4060
343 1777389654 3553 3697 3669 3648 3585 555 280 3593 4061 4061 4060 4060 4060 4060 4060 4060
344 1777389654 3554 3698 3671 3650 3586 552 281 3593 4059 4059 4059 4059 4059 4059 4059 4059
345 1777389654 3553 3697 3670 3649 3585 573 276 3594 4059 4059 4059 4059 4059 4059 4059 4059
346 1777389654 3552 3697 3670 3648 3584 562 279 3593 4059 4059 4059 4059 4059 4059 4059 4059
347 1777389654 3554 3699 3671 3650 3585 560 280 3594 4059 4059 4059 4059 4059 4059 4059 4059
348 1777389654 3552 3697 3670 3649 3584 552 280 3593 4061 4061 4060 4060 4060 4060 4060 4060
349 1777389654 3555 3700 3673 3651 3587 566 278 610 4059 4059 4058 4058 4058 4058 4058 4058
350 1777389654 3553 3697 3670 3649 3584 564 279 3593 4059 4059 4059 4059 4059 4059 4059 4059
351 1777389654 3555 3699 3671 3650 3586 556 280 3594 4061 4061 4061 4061 4061 4061 4061 4061
352 1777389655 3553 3697 3669 3648 3584 569 278 3593 4059 4059 4059 4059 4059 4059 4059 4059
353 1777389655 3553 3697 3669 3648 3584 569 278 3592 4061 4061 4060 4060 4060 4060 4060 4060
354 1777389655 3556 3700 3673 3652 3588 569 277 672 4059 4059 4059 4059 4059 4059 4059 4059
355 1777389655 3553 3698 3670 3649 3585 550 280 3594 4061 4061 4060 4060 4060 4060 4060 4060
356 1777389655 3553 3698 3670 3649 3585 556 280 3594 4059 4059 4059 4059 4059 4059 4059 4059
357 1777389655 3553 3698 3670 3649 3585 542 281 3594 4061 4061 4060 4060 4060 4060 4060 4060
358 1777389655 3554 3698 3671 3650 3585 567 279 3594 4059 4059 4059 4059 4059 4059 4059 4059
359 1777389655 3553 3698 3670 3649 3585 542 281 3594 4061 4061 4060 4060 4060 4060 4060 4060
360 1777389655 3554 3699 3671 3650 3586 575 276 3595 4059 4059 4059 4059 4059 4059 4059 4059
361 1777389655 3555 3699 3672 3651 3586 558 281 600 4059 4059 4059 4059 4059 4059 4059 4059
362 1777389655 3553 3698 3670 3649 3584 564 279 3593 4059 4059 4059 4059 4059 4059 4059 4059
363 1777389655 3553 3698 3671 3649 3585 557 280 3594 4059 4059 4059 4059 4059 4059 4059 4059
364 1777389655 3554 3698 3671 3650 3585 556 280 3594 4059 4059 4059 4059 4059 4059 4059 4059
365 1777389655 3557 3702 3674 3653 3589 568 278 601 4059 4059 4059 4059 4059 4059 4059 4059
366 1777389655 3554 3698 3671 3650 3585 536 281 3594 4061 4061 4060 4060 4060 4060 4060 4060
367 1777389655 3553 3697 3670 3649 3585 564 279 3594 4061 4061 4060 4060 4060 4060 4060 4060
368 1777389655 3554 3698 3670 3649 3585 542 281 3593 4059 4059 4059 4059 4059 4059 4059 4059
369 1777389655 3553 3698 3670 3649 3585 538 281 3594 4061 4061 4060 4060 4060 4060 4060 4060
370 1777389655 3555 3699 3671 3651 3586 566 279 3595 4059 4059 4059 4059 4059 4059 4059 4059
371 1777389655 3554 3698 3671 3650 3585 556 280 3594 4059 4059 4059 4059 4059 4059 4059 4059
372 1777389655 3555 3700 3672 3651 3587 557 279 603 4059 4059 4059 4059 4059 4059 4059 4059
373 1777389655 3554 3699 3671 3650 3586 561 279 3595 4061 4061 4060 4060 4060 4060 4060 4060
374 1777389655 3553 3698 3670 3649 3585 552 281 3593 4061 4061 4060 4060 4060 4060 4060 4060
375 1777389655 3555 3700 3672 3651 3587 570 278 587 4061 4061 4060 4060 4060 4060 4060 4060
376 1777389655 3553 3698 3670 3649 3585 557 280 3593 4059 4059 4059 4059 4059 4059 4059 4059
377 1777389655 3554 3699 3671 3650 3586 557 280 3595 4061 4061 4060 4060 4060 4060 4060 4060
378 1777389655 3554 3698 3670 3649 3585 548 281 3594 4059 4059 4059 4059 4059 4059 4059 4059
379 1777389655 3555 3700 3672 3651 3587 544 281 3596 4059 4059 4059 4059 4059 4059 4059 4059
380 1777389655 3554 3698 3670 3649 3584 554 280 3594 4059 4059 4059 4059 4059 4059 4059 4059
381 1777389655 3554 3698 3670 3650 3585 573 277 3594 4061 4061 4060 4060 4060 4060 4060 4060
382 1777389656 3556 3700 3672 3652 3587 568 278 607 4061 4061 4060 4060 4060 4060 4060 4060
383 1777389656 3556 3700 3672 3651 3587 571 277 625 4059 4059 4059 4059 4059 4059 4059 4059
384 1777389656 3553 3698 3670 3649 3585 552 280 3593 4059 4059 4059 4059 4059 4059 4059 4059
385 1777389656 3554 3699 3671 3650 3586 547 281 3595 4059 4059 4059 4059 4059 4059 4059 4059
386 1777389656 3553 3698 3671 3649 3585 559 280 3595 4061 4061 4060 4060 4060 4060 4060 4060
387 1777389656 3553 3698 3671 3649 3585 551 280 3594 4059 4059 4059 4059 4059 4059 4059 4059
388 1777389656 3553 3698 3670 3649 3585 558 280 3593 4061 4061 4060 4060 4060 4060 4060 4060
389 1777389656 3553 3698 3670 3649 3585 553 281 3594 4059 4059 4059 4059 4059 4059 4059 4059
390 1777389656 3554 3699 3671 3650 3585 586 271 3594 4061 4061 4060 4060 4060 4060 4060 4060
391 1777389656 3554 3698 3671 3649 3585 539 282 3594 4059 4059 4059 4059 4059 4059 4059 4059
392 1777389656 3554 3699 3671 3651 3586 558 280 3595 4059 4059 4059 4059 4059 4059 4059 4059
393 1777389656 3553 3698 3670 3649 3585 550 281 3594 4061 4061 4060 4060 4060 4060 4060 4060
394 1777389656 3555 3700 3671 3651 3587 572 277 601 4059 4059 4059 4059 4059 4059 4059 4059
395 1777389656 3553 3698 3670 3649 3585 549 281 3594 4059 4059 4059 4059 4059 4059 4059 4059
396 1777389656 3554 3698 3671 3649 3585 535 281 3595 4061 4061 4060 4060 4060 4060 4060 4060
397 1777389656 3554 3699 3671 3650 3586 565 279 3595 4061 4061 4060 4060 4060 4060 4060 4060
398 1777389656 3555 3700 3672 3651 3586 552 281 590 4061 4061 4060 4060 4060 4060 4060 4060
399 1777389656 3556 3700 3673 3652 3587 567 279 599 4061 4061 4060 4060 4060 4060 4060 4060
400 1777389656 3555 3700 3672 3652 3588 551 280 601 4059 4059 4059 4059 4059 4059 4059 4059
401 1777389656 3554 3698 3671 3650 3586 569 278 3594 4061 4059 4059 4059 4059 4059 4059 4059
402 1777389656 3554 3698 3671 3650 3586 555 281 3595 4059 4059 4059 4059 4059 4059 4059 4059
403 1777389656 3554 3698 3671 3650 3586 559 280 3594 4061 4060 4060 4060 4060 4060 4060 4060
404 1777389656 3553 3698 3670 3649 3585 548 281 3594 4061 4061 4060 4060 4060 4060 4060 4060
405 1777389656 3555 3700 3673 3651 3587 558 280 636 4059 4059 4059 4059 4059 4059 4059 4059
406 1777389656 3556 3700 3673 3652 3588 569 278 626 4061 4061 4060 4060 4060 4060 4060 4060
407 1777389656 3555 3699 3672 3652 3587 556 280 590 4059 4059 4059 4059 4059 4059 4059 4059
408 1777389656 3553 3697 3670 3649 3585 554 281 3593 4061 4061 4060 4060 4060 4060 4060 4060
409 1777389656 3555 3699 3671 3650 3586 559 280 3595 4061 4061 4060 4060 4060 4060 4060 4060
410 1777389656 3554 3698 3671 3650 3585 545 281 3595 4059 4059 4059 4059 4059 4059 4059 4059
411 1777389656 3552 3698 3670 3649 3585 560 279 3594 4059 4059 4059 4059 4059 4059 4059 4059
412 1777389656 3555 3699 3671 3650 3586 558 280 589 4059 4059 4059 4059 4059 4059 4059 4059
413 1777389656 3554 3699 3671 3649 3585 556 280 3594 4061 4060 4060 4060 4060 4060 4060 4060
414 1777389656 3556 3700 3673 3652 3587 568 278 626 4061 4061 4060 4060 4060 4060 4060 4060
415 1777389656 3553 3697 3669 3649 3585 573 277 3594 4061 4061 4061 4061 4061 4061 4061 4061
416 1777389656 3554 3698 3670 3649 3585 540 281 3594 4059 4059 4059 4059 4059 4059 4059 4059
417 1777389657 3553 3698 3671 3649 3585 562 280 3594 4061 4061 4060 4060 4060 4060 4060 4060
418 1777389657 3554 3699 3671 3650 3585 554 281 3594 4061 4061 4060 4060 4060 4060 4060 4060
419 1777389657 3555 3699 3672 3651 3587 571 277 618 4061 4061 4060 4060 4060 4060 4060 4060
420 1777389657 3554 3698 3671 3650 3586 563 279 3595 4059 4059 4059 4059 4059 4059 4059 4059
421 1777389657 3554 3698 3670 3650 3585 544 281 3594 4061 4061 4060 4060 4060 4060 4060 4060
422 1777389657 3554 3699 3671 3650 3586 561 280 3595 4061 4061 4060 4060 4060 4060 4060 4060
423 1777389657 3554 3699 3671 3650 3586 563 279 3594 4061 4061 4060 4060 4060 4060 4060 4060
424 1777389657 3554 3698 3671 3650 3585 562 279 3595 4061 4061 4060 4060 4060 4060 4060 4060
425 1777389657 3554 3698 3671 3650 3585 557 280 3594 4059 4059 4059 4059 4059 4059 4059 4059
426 1777389657 3554 3699 3671 3650 3585 578 276 3595 4061 4061 4060 4060 4060 4060 4060 4060
427 1777389657 3554 3698 3671 3650 3586 540 281 3594 4061 4061 4060 4060 4060 4060 4060 4060
428 1777389657 3554 3699 3671 3650 3586 540 281 3594 4059 4059 4059 4059 4059 4059 4059 4059
429 1777389657 3555 3699 3671 3650 3586 567 279 3595 4061 4061 4060 4060 4060 4060 4060 4060
430 1777389657 3553 3698 3670 3650 3585 568 279 3594 4061 4061 4060 4060 4060 4060 4060 4060
431 1777389657 3554 3699 3671 3650 3586 553 281 3594 4061 4061 4060 4060 4060 4060 4060 4060
432 1777389657 3554 3698 3671 3650 3586 552 281 3593 4061 4061 4060 4060 4060 4060 4060 4060
433 1777389657 3555 3701 3673 3652 3588 567 279 601 4059 4059 4059 4059 4059 4059 4059 4059
434 1777389657 3554 3699 3671 3650 3586 572 277 3595 4059 4059 4059 4059 4059 4059 4059 4059
435 1777389657 3554 3699 3671 3650 3586 583 273 3595 4059 4059 4059 4059 4059 4059 4059 4059
436 1777389657 3555 3699 3671 3650 3586 567 279 3595 4061 4061 4060 4060 4060 4060 4060 4060
437 1777389658 3555 3699 3671 3650 3586 567 279 3595 4061 4060 4060 4060 4060 4060 4060 4060
438 1777389658 3554 3699 3672 3650 3586 560 280 3595 4061 4061 4060 4060 4060 4060 4060 4060
439 1777389658 3554 3699 3671 3650 3585 556 281 3594 4061 4061 4061 4061 4061 4061 4061 4061
440 1777389658 3556 3701 3673 3653 3588 545 281 592 4059 4059 4059 4059 4059 4059 4059 4059
441 1777389658 3553 3698 3670 3649 3585 571 278 3592 4061 4061 4060 4060 4060 4060 4060 4060
442 1777389658 3556 3700 3673 3652 3588 569 278 609 4059 4059 4059 4059 4059 4059 4059 4059
443 1777389658 3554 3698 3671 3650 3586 561 280 3594 4059 4059 4058 4058 4058 4058 4058 4058
444 1777389658 3556 3700 3673 3652 3588 560 280 623 4061 4061 4060 4060 4060 4060 4060 4060
445 1777389658 3555 3699 3672 3651 3587 543 281 602 4061 4061 4061 4061 4061 4061 4061 4061
446 1777389658 3553 3698 3671 3650 3585 575 276 3595 4061 4061 4060 4060 4060 4060 4060 4060
447 1777389658 3554 3699 3671 3651 3586 560 281 3594 4059 4059 4059 4059 4059 4059 4059 4059
448 1777389658 3555 3700 3672 3651 3586 558 281 3595 4061 4061 4060 4060 4060 4060 4060 4060
449 1777389658 3554 3698 3671 3650 3586 546 281 3595 4061 4061 4060 4060 4060 4060 4060 4060
450 1777389658 3554 3699 3671 3651 3586 547 281 3595 4061 4061 4060 4060 4060 4060 4060 4060
451 1777389658 3554 3699 3671 3650 3586 549 282 3595 4059 4059 4058 4058 4058 4058 4058 4058
452 1777389658 3553 3698 3670 3650 3585 528 282 3594 4059 4059 4059 4059 4059 4059 4059 4059
453 1777389658 3553 3698 3670 3649 3584 573 279 3594 4059 4059 4059 4059 4059 4059 4059 4059
454 1777389658 3554 3699 3671 3651 3586 554 282 3595 4059 4059 4059 4059 4059 4059 4059 4059
455 1777389658 3553 3698 3671 3650 3585 549 282 3594 4061 4061 4060 4060 4060 4060 4060 4060
456 1777389658 3555 3699 3672 3651 3587 559 281 3596 4061 4061 4060 4060 4060 4060 4060 4060
457 1777389658 3555 3700 3672 3652 3587 546 281 3595 4061 4061 4060 4060 4060 4060 4060 4060
458 1777389658 3554 3699 3671 3650 3586 545 281 3595 4061 4061 4060 4060 4060 4060 4060 4060
459 1777389658 3554 3699 3671 3650 3586 547 281 3594 4061 4061 4060 4060 4060 4060 4060 4060
460 1777389658 3556 3701 3673 3652 3587 566 280 609 4061 4061 4060 4060 4060 4060 4060 4060
461 1777389658 3555 3701 3673 3652 3587 566 279 580 4061 4061 4060 4060 4060 4060 4060 4060
462 1777389658 3556 3700 3672 3652 3587 561 280 611 4059 4059 4059 4059 4059 4059 4059 4059
463 1777389658 3554 3699 3671 3650 3586 559 281 3594 4059 4059 4059 4059 4059 4059 4059 4059
464 1777389658 3555 3700 3672 3651 3587 560 280 621 4059 4059 4059 4059 4059 4059 4059 4059
465 1777389658 3555 3700 3672 3651 3586 561 280 633 4059 4059 4059 4059 4059 4059 4059 4059
466 1777389659 3556 3701 3673 3652 3587 560 280 610 4061 4061 4060 4060 4060 4060 4060 4060
467 1777389659 3555 3700 3672 3651 3586 560 280 3595 4061 4061 4060 4060 4060 4060 4060 4060
468 1777389659 3554 3698 3671 3650 3586 544 281 3594 4061 4061 4060 4060 4060 4060 4060 4060
469 1777389659 3555 3700 3672 3651 3587 568 279 3595 4059 4059 4059 4059 4059 4059 4059 4059
470 1777389659 3554 3699 3671 3650 3586 552 281 3595 4061 4061 4060 4060 4060 4060 4060 4060
471 1777389659 3555 3700 3673 3651 3587 563 280 600 4061 4059 4059 4059 4059 4059 4059 4059
472 1777389659 3554 3699 3671 3650 3586 526 283 3593 4059 4059 4059 4059 4059 4059 4059 4059
473 1777389659 3554 3699 3671 3650 3586 564 280 3594 4059 4059 4059 4059 4059 4059 4059 4059
474 1777389659 3554 3699 3671 3650 3586 566 279 3595 4059 4059 4059 4059 4059 4059 4059 4059
475 1777389659 3554 3698 3671 3650 3585 547 281 3594 4059 4059 4059 4059 4059 4059 4059 4059
476 1777389659 3554 3699 3671 3650 3586 575 277 3595 4061 4060 4060 4060 4060 4060 4060 4060
477 1777389659 3554 3699 3672 3651 3586 543 282 3595 4061 4061 4061 4061 4061 4061 4061 4061
478 1777389659 3556 3700 3673 3652 3587 558 281 608 4059 4059 4058 4058 4058 4058 4058 4058
479 1777389659 3557 3702 3674 3653 3589 549 281 585 4061 4061 4060 4060 4060 4060 4060 4060
480 1777389659 3555 3700 3672 3651 3586 559 281 3595 4061 4061 4061 4061 4061 4061 4061 4061
481 1777389659 3554 3699 3671 3650 3586 579 276 3595 4061 4061 4060 4060 4060 4060 4060 4060
482 1777389659 3555 3699 3672 3650 3587 555 281 3595 4059 4059 4059 4059 4059 4059 4059 4059
483 1777389659 3555 3699 3671 3650 3586 559 281 3595 4061 4061 4060 4060 4060 4060 4060 4060
484 1777389659 3555 3699 3672 3651 3586 532 283 3595 4061 4061 4060 4060 4060 4060 4060 4060
485 1777389659 3554 3698 3671 3650 3585 563 280 3594 4061 4061 4060 4060 4060 4060 4060 4060
486 1777389659 3556 3700 3672 3651 3587 557 280 3596 4059 4059 4059 4059 4059 4059 4059 4059
487 1777389659 3554 3699 3671 3650 3586 552 281 3594 4061 4061 4060 4060 4060 4060 4060 4060
488 1777389659 3555 3699 3672 3651 3586 561 281 3595 4061 4061 4060 4060 4060 4060 4060 4060
489 1777389659 3554 3700 3673 3651 3586 559 281 3595 4059 4059 4059 4059 4059 4059 4059 4059
490 1777389659 3556 3701 3673 3653 3588 568 279 646 4059 4059 4059 4059 4059 4059 4059 4059
491 1777389659 3556 3700 3673 3652 3588 576 277 581 4059 4059 4059 4059 4059 4059 4059 4059
492 1777389659 3553 3698 3671 3650 3586 539 281 3594 4061 4061 4060 4060 4060 4060 4060 4060
493 1777389659 3555 3700 3672 3651 3587 560 280 3596 4061 4061 4060 4060 4060 4060 4060 4060
494 1777389659 3557 3702 3674 3653 3588 562 281 585 4061 4061 4060 4060 4060 4060 4060 4060
495 1777389659 3553 3698 3671 3649 3585 543 282 3594 4061 4061 4060 4060 4060 4060 4060 4060
496 1777389659 3554 3699 3671 3650 3586 546 282 3595 4061 4061 4060 4060 4060 4060 4060 4060
497 1777389660 3554 3699 3671 3650 3585 551 282 3594 4059 4059 4059 4059 4059 4059 4059 4059
498 1777389660 3555 3700 3672 3651 3586 544 282 3595 4059 4059 4059 4059 4059 4059 4059 4059
499 1777389660 3555 3699 3671 3651 3586 567 280 3595 4061 4061 4060 4060 4060 4060 4060 4060
500 1777389660 3556 3701 3673 3652 3588 567 280 602 4059 4059 4059 4059 4059 4059 4059 4059
501 1777389660 3554 3699 3670 3650 3586 537 282 3595 4059 4059 4059 4059 4059 4059 4059 4059
502 1777389660 3554 3699 3671 3650 3586 559 281 3595 4059 4059 4059 4059 4059 4059 4059 4059
503 1777389660 3555 3700 3671 3651 3587 562 280 3594 4061 4061 4060 4060 4060 4060 4060 4060
504 1777389660 3555 3700 3672 3651 3586 541 282 3595 4061 4061 4060 4060 4060 4060 4060 4060
505 1777389660 3555 3699 3671 3650 3586 541 282 3595 4061 4061 4060 4060 4060 4060 4060 4060
506 1777389660 3555 3700 3672 3651 3587 558 281 3596 4061 4061 4061 4061 4061 4061 4061 4061
507 1777389660 3555 3699 3672 3650 3587 552 281 3595 4059 4059 4059 4059 4059 4059 4059 4059
508 1777389660 3556 3701 3673 3652 3587 569 280 3596 4059 4059 4059 4059 4059 4059 4059 4059
509 1777389660 3554 3699 3671 3650 3586 551 282 3595 4061 4061 4060 4060 4060 4060 4060 4060
510 1777389660 3555 3700 3672 3651 3587 562 280 3595 4059 4059 4059 4059 4059 4059 4059 4059
511 1777389660 3556 3701 3673 3652 3588 566 280 613 4059 4059 4059 4059 4059 4059 4059 4059
512 1777389660 3557 3700 3673 3652 3587 571 278 633 4061 4061 4060 4060 4060 4060 4060 4060
513 1777389660 3555 3699 3672 3651 3586 572 278 3596 4061 4061 4060 4060 4060 4060 4060 4060
514 1777389660 3555 3700 3672 3652 3587 544 282 3596 4061 4061 4060 4060 4060 4060 4060 4060
515 1777389660 3555 3700 3672 3651 3586 567 280 3595 4059 4059 4058 4058 4058 4058 4058 4058
516 1777389660 3556 3700 3673 3652 3588 543 283 3596 4061 4061 4060 4060 4060 4060 4060 4060
517 1777389660 3555 3699 3672 3651 3587 579 276 3595 4059 4059 4059 4059 4059 4059 4059 4059
518 1777389660 3554 3698 3671 3650 3586 541 283 3595 4061 4061 4060 4060 4060 4060 4060 4060
519 1777389661 3554 3699 3671 3651 3586 543 282 3594 4059 4059 4059 4059 4059 4059 4059 4059
520 1777389661 3555 3700 3672 3651 3587 558 281 3596 4061 4061 4060 4060 4060 4060 4060 4060
521 1777389661 3555 3700 3672 3652 3587 569 280 611 4059 4059 4059 4059 4059 4059 4059 4059
522 1777389661 3556 3701 3673 3652 3588 577 277 594 4061 4061 4060 4060 4060 4060 4060 4060
523 1777389661 3555 3699 3671 3651 3586 551 282 3595 4059 4059 4059 4059 4059 4059 4059 4059
524 1777389661 3556 3700 3673 3652 3587 553 281 581 4061 4061 4060 4060 4060 4060 4060 4060
525 1777389661 3557 3701 3673 3653 3588 582 274 625 4059 4059 4059 4059 4059 4059 4059 4059
526 1777389661 3556 3700 3672 3651 3587 570 279 3595 4059 4059 4059 4059 4059 4059 4059 4059
527 1777389661 3557 3702 3673 3652 3588 587 271 596 4061 4061 4061 4061 4061 4061 4061 4061
528 1777389661 3556 3701 3673 3652 3588 569 279 3596 4059 4059 4059 4059 4059 4059 4059 4059
529 1777389661 3556 3701 3673 3652 3588 565 281 3596 4061 4061 4060 4060 4060 4060 4060 4060
530 1777389661 3555 3700 3672 3651 3587 554 281 3597 4059 4059 4059 4059 4059 4059 4059 4059
531 1777389661 3556 3701 3673 3652 3587 562 281 606 4061 4061 4060 4060 4060 4060 4060 4060
532 1777389661 3557 3702 3674 3653 3589 560 281 597 4061 4061 4060 4060 4060 4060 4060 4060
533 1777389661 3554 3699 3671 3650 3586 541 282 3595 4059 4059 4059 4059 4059 4059 4059 4059
534 1777389661 3556 3701 3673 3652 3588 557 281 588 4059 4059 4059 4059 4059 4059 4059 4059
535 1777389661 3555 3699 3671 3651 3587 551 282 3596 4059 4059 4058 4058 4058 4058 4058 4058
536 1777389661 3555 3699 3672 3651 3586 554 282 3595 4059 4059 4059 4059 4059 4059 4059 4059
537 1777389661 3556 3701 3673 3652 3588 556 281 592 4059 4059 4059 4059 4059 4059 4059 4059
538 1777389661 3556 3701 3674 3653 3588 568 279 597 4061 4061 4060 4060 4060 4060 4060 4060
539 1777389661 3555 3700 3672 3651 3587 557 281 3595 4059 4059 4059 4059 4059 4059 4059 4059
540 1777389661 3555 3700 3673 3651 3586 571 279 3596 4059 4059 4059 4059 4059 4059 4059 4059
541 1777389661 3555 3699 3672 3651 3587 558 281 3596 4061 4061 4060 4060 4060 4060 4060 4060
542 1777389661 3557 3702 3674 3653 3588 578 277 625 4061 4061 4060 4060 4060 4060 4060 4060
543 1777389661 3555 3699 3671 3651 3587 563 280 3596 4061 4061 4060 4060 4060 4060 4060 4060
544 1777389661 3555 3700 3672 3651 3587 563 281 3595 4061 4061 4060 4060 4060 4060 4060 4060
545 1777389661 3556 3700 3672 3651 3587 546 282 3596 4059 4059 4059 4059 4059 4059 4059 4059
546 1777389661 3555 3699 3672 3651 3587 557 281 3595 4061 4061 4060 4060 4060 4060 4060 4060
547 1777389662 3555 3700 3672 3651 3587 560 281 3596 4059 4059 4059 4059 4059 4059 4059 4059
548 1777389662 3555 3700 3672 3652 3587 568 280 3596 4061 4061 4061 4061 4061 4061 4061 4061
549 1777389662 3556 3701 3673 3652 3587 557 281 3596 4059 4059 4059 4059 4059 4059 4059 4059
550 1777389662 3556 3700 3673 3652 3587 559 281 3595 4061 4061 4060 4060 4060 4060 4060 4060
551 1777389662 3556 3701 3673 3652 3588 557 281 636 4061 4061 4060 4060 4060 4060 4060 4060
552 1777389662 3555 3700 3672 3652 3587 538 282 3596 4059 4059 4059 4059 4059 4059 4059 4059
553 1777389662 3556 3701 3673 3653 3588 559 281 3597 4059 4059 4059 4059 4059 4059 4059 4059
554 1777389662 3556 3701 3673 3652 3587 559 281 3596 4059 4059 4059 4059 4059 4059 4059 4059
555 1777389662 3555 3700 3672 3651 3587 565 281 3596 4061 4061 4060 4060 4060 4060 4060 4060
556 1777389662 3556 3700 3673 3652 3587 558 281 3596 4061 4061 4060 4060 4060 4060 4060 4060
557 1777389662 3556 3700 3673 3652 3587 566 280 3596 4059 4059 4059 4059 4059 4059 4059 4059
558 1777389662 3554 3699 3671 3650 3586 549 282 3595 4061 4061 4060 4060 4060 4060 4060 4060
559 1777389662 3557 3701 3674 3653 3588 563 281 625 4061 4061 4060 4060 4060 4060 4060 4060
560 1777389662 3555 3700 3672 3651 3587 563 280 3596 4059 4059 4059 4059 4059 4059 4059 4059
561 1777389662 3556 3701 3673 3652 3588 552 282 3596 4061 4061 4060 4060 4060 4060 4060 4060
562 1777389662 3556 3701 3673 3652 3588 570 280 3596 4061 4059 4059 4059 4059 4059 4059 4059
563 1777389662 3553 3698 3671 3650 3586 551 282 3594 4061 4061 4060 4060 4060 4060 4060 4060
564 1777389662 3555 3699 3673 3651 3587 564 281 3595 4061 4060 4060 4060 4060 4060 4060 4060
565 1777389662 3554 3699 3671 3650 3586 545 282 3595 4059 4059 4059 4059 4059 4059 4059 4059
566 1777389662 3557 3702 3674 3653 3589 552 282 624 4061 4061 4060 4060 4060 4060 4060 4060
567 1777389662 3555 3700 3672 3652 3587 540 282 3594 4059 4059 4059 4059 4059 4059 4059 4059
568 1777389662 3557 3702 3674 3654 3590 558 281 600 4059 4059 4059 4059 4059 4059 4059 4059
569 1777389663 3554 3699 3671 3650 3586 569 280 3595 4061 4061 4060 4060 4060 4060 4060 4060
570 1777389663 3556 3700 3672 3652 3587 576 277 3596 4061 4061 4060 4060 4060 4060 4060 4060
571 1777389663 3557 3702 3674 3653 3589 560 281 633 4061 4061 4060 4060 4060 4060 4060 4060
572 1777389663 3555 3699 3672 3651 3587 546 283 3595 4059 4059 4059 4059 4059 4059 4059 4059
573 1777389663 3555 3699 3672 3651 3587 557 282 3596 4061 4061 4060 4060 4060 4060 4060 4060
574 1777389663 3555 3700 3673 3652 3588 553 282 3595 4061 4061 4060 4060 4060 4060 4060 4060
575 1777389663 3555 3700 3672 3651 3587 547 282 3596 4061 4061 4060 4060 4060 4060 4060 4060
576 1777389663 3557 3702 3674 3653 3589 562 281 616 4061 4061 4060 4060 4060 4060 4060 4060
577 1777389663 3557 3701 3673 3653 3588 563 281 612 4061 4061 4060 4060 4060 4060 4060 4060
578 1777389663 3554 3698 3671 3650 3585 560 280 3594 4061 4061 4060 4060 4060 4060 4060 4060
579 1777389663 3553 3698 3670 3649 3584 556 281 3593 4059 4059 4059 4059 4059 4059 4059 4059
580 1777389663 3553 3698 3671 3650 3586 561 279 3595 4061 4061 4060 4060 4060 4060 4060 4060
581 1777389663 3554 3698 3670 3649 3586 554 280 3594 4059 4059 4059 4059 4059 4059 4059 4059
582 1777389663 3554 3698 3671 3650 3586 565 278 3595 4061 4061 4060 4060 4060 4060 4060 4060
583 1777389663 3554 3698 3670 3649 3585 554 281 3594 4059 4059 4059 4059 4059 4059 4059 4059
584 1777389663 3553 3698 3670 3649 3585 567 278 3593 4061 4061 4060 4060 4060 4060 4060 4060
585 1777389663 3555 3700 3672 3652 3587 567 277 598 4061 4061 4060 4060 4060 4060 4060 4060
586 1777389663 3556 3700 3672 3652 3587 552 280 607 4059 4059 4059 4059 4059 4059 4059 4059
587 1777389663 3556 3700 3673 3651 3587 561 279 619 4061 4061 4060 4060 4060 4060 4060 4060
588 1777389663 3554 3698 3670 3650 3585 553 280 3593 4059 4059 4059 4059 4059 4059 4059 4059
589 1777389663 3554 3699 3670 3650 3586 577 274 3595 4059 4059 4059 4059 4059 4059 4059 4059
590 1777389663 3556 3700 3673 3652 3587 555 280 559 4061 4061 4060 4060 4060 4060 4060 4060
591 1777389663 3554 3699 3671 3650 3586 566 278 3594 4059 4059 4059 4059 4059 4059 4059 4059
592 1777389663 3556 3700 3673 3652 3588 568 277 625 4059 4059 4059 4059 4059 4059 4059 4059
593 1777389663 3554 3699 3671 3650 3586 582 272 3595 4061 4061 4060 4060 4060 4060 4060 4060
594 1777389663 3554 3699 3671 3650 3586 550 280 3595 4061 4059 4059 4059 4059 4059 4059 4059
595 1777389663 3556 3701 3673 3652 3587 556 280 584 4061 4061 4060 4060 4060 4060 4060 4060
596 1777389663 3554 3698 3670 3649 3585 555 280 3593 4059 4059 4059 4059 4059 4059 4059 4059
597 1777389663 3557 3701 3673 3653 3588 569 277 626 4059 4059 4059 4059 4059 4059 4059 4059
598 1777389663 3554 3698 3670 3650 3586 573 276 3595 4059 4059 4059 4059 4059 4059 4059 4059
599 1777389663 3555 3700 3673 3651 3587 562 279 613 4061 4061 4060 4060 4060 4060 4060 4060
600 1777389663 3555 3700 3672 3651 3587 531 281 577 4061 4060 4060 4060 4060 4060 4060 4060
601 1777389663 3556 3701 3674 3652 3588 575 276 614 4059 4059 4059 4059 4059 4059 4059 4059
602 1777389663 3555 3699 3672 3651 3587 565 278 583 4061 4061 4060 4060 4060 4060 4060 4060
603 1777389664 3554 3699 3671 3651 3586 539 280 3594 4061 4061 4060 4060 4060 4060 4060 4060
604 1777389664 3554 3698 3671 3650 3586 562 280 3594 4061 4061 4060 4060 4060 4060 4060 4060
605 1777389664 3554 3699 3671 3650 3585 549 281 3594 4061 4061 4060 4060 4060 4060 4060 4060
606 1777389664 3553 3698 3671 3650 3585 558 280 3593 4061 4061 4060 4060 4060 4060 4060 4060
607 1777389664 3556 3701 3673 3652 3587 563 279 620 4059 4059 4059 4059 4059 4059 4059 4059
608 1777389664 3555 3700 3672 3650 3586 567 278 608 4059 4059 4059 4059 4059 4059 4059 4059
609 1777389664 3554 3699 3672 3651 3587 543 280 3594 4061 4061 4060 4060 4060 4060 4060 4060
610 1777389664 3555 3699 3671 3650 3586 556 280 3595 4061 4061 4060 4060 4060 4060 4060 4060
611 1777389664 3556 3700 3673 3651 3587 563 279 601 4059 4059 4059 4059 4059 4059 4059 4059
612 1777389664 3553 3698 3670 3649 3585 564 278 3594 4061 4061 4060 4060 4060 4060 4060 4060
613 1777389664 3556 3701 3673 3652 3587 574 276 599 4059 4059 4059 4059 4059 4059 4059 4059
614 1777389664 3554 3699 3671 3650 3585 572 277 3594 4061 4061 4060 4060 4060 4060 4060 4060
615 1777389664 3554 3699 3671 3650 3586 561 279 3594 4061 4061 4061 4061 4061 4061 4061 4061
616 1777389664 3553 3698 3670 3649 3585 553 280 3593 4061 4061 4060 4060 4060 4060 4060 4060
617 1777389664 3554 3698 3671 3650 3585 569 278 3595 4059 4059 4059 4059 4059 4059 4059 4059
618 1777389664 3554 3699 3671 3650 3586 561 279 3595 4061 4061 4060 4060 4060 4060 4060 4060
619 1777389664 3557 3701 3673 3652 3588 571 276 623 4061 4059 4059 4059 4059 4059 4059 4059
620 1777389664 3555 3699 3671 3650 3586 569 278 3595 4059 4059 4059 4059 4059 4059 4059 4059
621 1777389664 3553 3698 3670 3649 3585 550 280 3594 4061 4061 4060 4060 4060 4060 4060 4060
622 1777389664 3553 3698 3670 3649 3585 528 281 3594 4061 4061 4060 4060 4060 4060 4060 4060
623 1777389664 3554 3699 3671 3650 3586 569 278 3594 4059 4059 4059 4059 4059 4059 4059 4059
624 1777389664 3554 3699 3671 3650 3586 527 282 3595 4059 4059 4059 4059 4059 4059 4059 4059
625 1777389664 3554 3698 3671 3650 3586 562 280 3594 4061 4061 4060 4060 4060 4060 4060 4060
626 1777389664 3556 3700 3673 3651 3587 561 279 612 4061 4061 4060 4060 4060 4060 4060 4060
627 1777389664 3556 3700 3672 3652 3588 530 281 579 4061 4061 4060 4060 4060 4060 4060 4060
628 1777389664 3554 3698 3670 3650 3585 564 278 3594 4061 4061 4060 4060 4060 4060 4060 4060
629 1777389665 3556 3701 3673 3653 3588 552 281 608 4061 4061 4060 4060 4060 4060 4060 4060
630 1777389665 3554 3698 3670 3649 3585 547 281 3594 4061 4061 4060 4060 4060 4060 4060 4060
631 1777389665 3557 3701 3673 3652 3588 543 281 602 4061 4061 4060 4060 4060 4060 4060 4060
632 1777389665 3553 3698 3670 3650 3585 566 278 3593 4059 4059 4059 4059 4059 4059 4059 4059
633 1777389665 3554 3698 3671 3650 3586 565 279 3594 4061 4061 4060 4060 4060 4060 4060 4060
634 1777389665 3555 3699 3672 3651 3587 545 281 3595 4061 4061 4060 4060 4060 4060 4060 4060
635 1777389665 3554 3698 3671 3650 3586 557 280 3594 4061 4060 4060 4060 4060 4060 4060 4060
636 1777389665 3554 3699 3671 3650 3586 564 279 3595 4061 4061 4060 4060 4060 4060 4060 4060
637 1777389665 3555 3699 3671 3651 3586 559 280 3595 4061 4061 4060 4060 4060 4060 4060 4060
638 1777389665 3555 3700 3672 3651 3587 560 279 586 4059 4059 4059 4059 4059 4059 4059 4059
639 1777389665 3555 3699 3671 3650 3586 565 279 3595 4061 4061 4060 4060 4060 4060 4060 4060
640 1777389665 3556 3701 3674 3653 3589 552 281 584 4061 4061 4060 4060 4060 4060 4060 4060
641 1777389665 3554 3699 3671 3650 3586 579 274 3594 4061 4061 4060 4060 4060 4060 4060 4060
642 1777389665 3555 3699 3671 3651 3586 558 280 3595 4059 4059 4059 4059 4059 4059 4059 4059
643 1777389665 3555 3699 3671 3650 3586 537 282 3595 4059 4059 4059 4059 4059 4059 4059 4059
644 1777389665 3554 3699 3672 3650 3586 560 280 3595 4059 4059 4059 4059 4059 4059 4059 4059
645 1777389665 3555 3700 3673 3651 3587 557 280 593 4061 4059 4059 4059 4059 4059 4059 4059
646 1777389665 3556 3701 3673 3652 3588 555 280 607 4061 4061 4060 4060 4060 4060 4060 4060
647 1777389665 3553 3697 3670 3649 3585 575 276 3593 4059 4059 4059 4059 4059 4059 4059 4059
648 1777389665 3554 3698 3671 3650 3586 554 281 3595 4059 4059 4059 4059 4059 4059 4059 4059
649 1777389665 3554 3699 3671 3650 3586 550 281 3595 4061 4061 4060 4060 4060 4060 4060 4060
650 1777389665 3554 3699 3671 3650 3586 550 281 3595 4061 4061 4060 4060 4060 4060 4060 4060
651 1777389665 3554 3699 3671 3651 3586 558 280 3594 4059 4059 4059 4059 4059 4059 4059 4059
652 1777389665 3554 3699 3671 3650 3586 550 281 3595 4059 4059 4059 4059 4059 4059 4059 4059
653 1777389665 3554 3699 3671 3650 3586 549 281 3595 4061 4061 4060 4060 4060 4060 4060 4060
654 1777389665 3554 3700 3671 3650 3586 562 279 3595 4061 4061 4060 4060 4060 4060 4060 4060
655 1777389665 3556 3700 3673 3652 3588 552 280 600 4059 4059 4059 4059 4059 4059 4059 4059
656 1777389665 3555 3699 3671 3650 3586 551 280 3595 4061 4061 4060 4060 4060 4060 4060 4060
657 1777389665 3554 3698 3671 3650 3586 556 280 3594 4061 4061 4060 4060 4060 4060 4060 4060
658 1777389665 3556 3700 3673 3652 3587 568 278 595 4061 4061 4060 4060 4060 4060 4060 4060
659 1777389666 3556 3701 3673 3652 3588 551 281 626 4061 4061 4060 4060 4060 4060 4060 4060
660 1777389666 3555 3700 3671 3651 3586 551 281 3595 4059 4059 4059 4059 4059 4059 4059 4059
661 1777389666 3556 3700 3673 3652 3588 561 280 638 4059 4059 4059 4059 4059 4059 4059 4059
662 1777389666 3556 3701 3673 3653 3588 560 280 587 4061 4061 4060 4060 4060 4060 4060 4060
663 1777389666 3554 3699 3671 3650 3586 561 280 3594 4061 4061 4060 4060 4060 4060 4060 4060
664 1777389666 3555 3700 3673 3651 3587 565 279 625 4061 4061 4060 4060 4060 4060 4060 4060
665 1777389666 3554 3699 3671 3650 3586 564 279 3595 4061 4061 4060 4060 4060 4060 4060 4060
666 1777389666 3554 3699 3671 3650 3585 561 280 3595 4059 4059 4059 4059 4059 4059 4059 4059
667 1777389666 3554 3699 3671 3650 3586 560 280 3596 4061 4061 4061 4061 4061 4061 4061 4061
668 1777389666 3556 3701 3673 3652 3588 579 275 601 4061 4061 4060 4060 4060 4060 4060 4060
669 1777389666 3556 3700 3672 3652 3587 541 281 587 4061 4061 4060 4060 4060 4060 4060 4060
670 1777389666 3555 3700 3672 3651 3587 558 280 599 4061 4061 4060 4060 4060 4060 4060 4060
671 1777389666 3554 3699 3671 3650 3586 573 278 3594 4061 4061 4060 4060 4060 4060 4060 4060
672 1777389666 3557 3701 3673 26 3587 553 281 594 4059 4059 4059 4059 4059 4059 4059 4059
673 1777389666 3555 3700 3673 3652 3588 567 279 624 4061 4061 4060 4060 4060 4060 4060 4060
674 1777389666 3554 3699 3672 3651 3587 557 280 3595 4059 4059 4058 4058 4058 4058 4058 4058
675 1777389666 3557 3701 3674 3653 3589 569 278 613 4061 4061 4061 4061 4061 4061 4061 4061
676 1777389666 3556 3700 3673 3652 3588 552 280 613 4059 4059 4059 4059 4059 4059 4059 4059
677 1777389666 3553 3698 3671 3651 3586 560 280 3595 4059 4059 4059 4059 4059 4059 4059 4059
678 1777389666 3556 3701 3673 3652 3588 556 280 620 4061 4061 4060 4060 4060 4060 4060 4060
679 1777389666 3554 3699 3671 3650 3585 563 280 3594 4061 4061 4060 4060 4060 4060 4060 4060
680 1777389666 3554 3699 3670 3650 3585 548 282 3593 4061 4061 4060 4060 4060 4060 4060 4060
681 1777389666 3555 3699 3672 3651 3586 541 281 3595 4059 4059 4059 4059 4059 4059 4059 4059
682 1777389666 3555 3700 3672 3651 3587 561 280 3595 4059 4059 4059 4059 4059 4059 4059 4059
683 1777389666 3555 3699 3672 3651 3587 557 280 3595 4059 4059 4059 4059 4059 4059 4059 4059
684 1777389666 3554 3699 3671 3651 3586 555 281 3595 4059 4059 4059 4059 4059 4059 4059 4059
685 1777389666 3557 3701 3674 3652 3588 550 282 602 4061 4061 4060 4060 4060 4060 4060 4060
686 1777389666 3556 3701 3673 3653 3588 567 279 611 4061 4061 4061 4061 4061 4061 4061 4061
687 1777389666 3554 3699 3672 3651 3586 559 280 3595 4061 4061 4060 4060 4060 4060 4060 4060
688 1777389666 3555 3699 3672 3650 3586 558 281 3595 4059 4059 4059 4059 4059 4059 4059 4059
689 1777389666 3554 3698 3671 3650 3586 551 281 3594 4061 4061 4060 4060 4060 4060 4060 4060
690 1777389666 3556 3701 3673 3652 3588 569 279 623 4061 4061 4060 4060 4060 4060 4060 4060
691 1777389667 3553 3698 3670 3650 3585 569 278 3594 4061 4061 4060 4060 4060 4060 4060 4060
692 1777389667 3555 3699 3672 3651 3587 539 282 3595 4061 4061 4060 4060 4060 4060 4060 4060
693 1777389667 3554 3698 3671 3650 3585 561 280 3595 4061 4061 4060 4060 4060 4060 4060 4060
694 1777389667 3556 3700 3672 3651 3586 572 278 3595 4061 4059 4059 4059 4059 4059 4059 4059
695 1777389667 3554 3699 3671 3650 3586 553 281 3594 4061 4061 4060 4060 4060 4060 4060 4060
696 1777389667 3557 3702 3674 3652 3588 555 281 593 4061 4061 4060 4060 4060 4060 4060 4060
697 1777389667 3555 3699 3672 3650 3586 543 281 3595 4061 4061 4060 4060 4060 4060 4060 4060
698 1777389667 3555 3700 3672 3651 3587 545 281 3596 4061 4059 4059 4059 4059 4059 4059 4059
699 1777389667 3555 3700 3673 3651 3587 557 281 3596 4059 4059 4059 4059 4059 4059 4059 4059
700 1777389667 3554 3699 3672 3651 3587 569 278 3596 4059 4059 4059 4059 4059 4059 4059 4059
701 1777389667 3554 3699 3671 3650 3586 566 280 3594 4059 4059 4059 4059 4059 4059 4059 4059
702 1777389667 3557 3702 3675 3654 3590 570 279 624 4059 4059 4059 4059 4059 4059 4059 4059
703 1777389667 3556 3701 3673 3653 3588 559 280 607 4059 4059 4059 4059 4059 4059 4059 4059
704 1777389667 3554 3699 3672 3650 3586 565 280 3595 4061 4061 4060 4060 4060 4060 4060 4060
705 1777389667 3554 3699 3671 3650 3586 553 281 3595 4061 4061 4060 4060 4060 4060 4060 4060
706 1777389667 3555 3700 3672 3651 3587 571 278 3596 4061 4061 4060 4060 4060 4060 4060 4060
707 1777389667 3555 3700 3672 3651 3586 583 273 3595 4059 4059 4059 4059 4059 4059 4059 4059
708 1777389667 3554 3700 3672 3651 3586 560 280 3595 4061 4061 4060 4060 4060 4060 4060 4060
709 1777389667 3554 3699 3671 3650 3586 557 281 3595 4061 4061 4060 4060 4060 4060 4060 4060
710 1777389667 3555 3700 3672 3651 3586 525 283 3595 4061 4061 4060 4060 4060 4060 4060 4060
711 1777389667 3555 3700 3673 3651 3587 569 279 3596 4061 4061 4060 4060 4060 4060 4060 4060
712 1777389667 3555 3699 3672 3650 3587 529 282 3596 4061 4061 4060 4060 4060 4060 4060 4060
713 1777389667 3556 3701 3673 3652 3588 555 280 611 4061 4061 4060 4060 4060 4060 4060 4060
714 1777389667 3554 3698 3671 3650 3586 548 281 3595 4061 4061 4060 4060 4060 4060 4060 4060
715 1777389668 3555 3699 3671 3650 3586 563 280 3595 4059 4059 4059 4059 4059 4059 4059 4059
716 1777389668 3555 3700 3672 3650 3586 566 280 3595 4061 4061 4060 4060 4060 4060 4060 4060
717 1777389668 3555 3700 3672 3651 3587 551 281 3596 4061 4061 4060 4060 4060 4060 4060 4060
718 1777389668 3555 3700 3672 3651 3586 559 280 3595 4061 4061 4060 4060 4060 4060 4060 4060
719 1777389668 3556 3701 3674 3652 3588 571 278 3596 4061 4061 4060 4060 4060 4060 4060 4060
720 1777389668 3555 3700 3672 3651 3587 562 280 3595 4061 4061 4061 4061 4061 4061 4061 4061
721 1777389668 3556 3700 3672 3651 3586 550 282 3596 4061 4061 4060 4060 4060 4060 4060 4060
722 1777389668 3555 3700 3672 3652 3587 550 281 3596 4061 4061 4060 4060 4060 4060 4060 4060
723 1777389668 3555 3699 3672 3651 3587 554 281 3595 4061 4061 4060 4060 4060 4060 4060 4060
724 1777389668 3555 3700 3672 3651 3586 562 280 3595 4061 4061 4060 4060 4060 4060 4060 4060
725 1777389668 3555 3700 3672 3651 3587 563 280 3596 4061 4061 4060 4060 4060 4060 4060 4060
726 1777389668 3557 3702 3674 3653 3589 564 280 591 4061 4061 4060 4060 4060 4060 4060 4060
727 1777389668 3555 3698 3671 3651 3586 587 271 3594 4061 4061 4060 4060 4060 4060 4060 4060
728 1777389668 3555 3700 3672 3652 3586 554 281 3596 4061 4061 4060 4060 4060 4060 4060 4060
729 1777389668 3555 3700 3673 3652 3587 541 281 3596 4061 4061 4060 4060 4060 4060 4060 4060
730 1777389668 3555 3699 3672 3651 3587 560 280 3595 4059 4059 4059 4059 4059 4059 4059 4059
731 1777389668 3555 3700 3672 3651 3587 584 273 3595 4061 4061 4060 4060 4060 4060 4060 4060
732 1777389668 3555 3700 3672 3651 3587 529 282 3595 4059 4059 4058 4058 4058 4058 4058 4058
733 1777389668 3556 3700 3673 3652 3588 578 276 598 4059 4059 4059 4059 4059 4059 4059 4059
734 1777389668 3555 3699 3672 3651 3586 548 282 3595 4061 4061 4060 4060 4060 4060 4060 4060
735 1777389668 3555 3700 3672 3651 3587 563 280 3595 4061 4061 4060 4060 4060 4060 4060 4060
736 1777389668 3557 3702 3674 3653 3589 570 278 614 4059 4059 4059 4059 4059 4059 4059 4059
737 1777389668 3555 3699 3672 3651 3587 553 281 3595 4061 4061 4060 4060 4060 4060 4060 4060
738 1777389668 3555 3699 3672 3651 3587 554 281 3596 4061 4061 4060 4060 4060 4060 4060 4060
739 1777389668 3554 3699 3671 3650 3586 552 282 3595 4061 4061 4060 4060 4060 4060 4060 4060
740 1777389668 3555 3700 3672 3651 3586 562 280 3597 4059 4059 4059 4059 4059 4059 4059 4059
741 1777389668 3556 3701 3673 3652 3587 560 281 3596 4061 4059 4059 4059 4059 4059 4059 4059
742 1777389669 3555 3700 3672 3652 3587 577 276 3596 4059 4059 4059 4059 4059 4059 4059 4059
743 1777389669 3555 3700 3673 3652 3587 551 281 3596 4059 4059 4059 4059 4059 4059 4059 4059
744 1777389669 3555 3700 3672 3651 3587 544 282 3595 4061 4061 4060 4060 4060 4060 4060 4060
745 1777389669 3556 3701 3674 3653 3589 564 280 623 4061 4061 4060 4060 4060 4060 4060 4060
746 1777389669 3556 3701 3673 3652 3588 552 281 591 4059 4059 4059 4059 4059 4059 4059 4059
747 1777389669 3557 3701 3674 3653 3589 558 280 598 4061 4061 4060 4060 4060 4060 4060 4060
748 1777389669 3554 3699 3671 3650 3586 555 281 3594 4061 4061 4060 4060 4060 4060 4060 4060
749 1777389669 3556 3700 3672 3652 3587 569 278 3596 4059 4059 4059 4059 4059 4059 4059 4059
750 1777389669 3556 3700 3672 3652 3587 568 279 3595 4059 4059 4059 4059 4059 4059 4059 4059
751 1777389669 3556 3700 3673 3652 3587 555 282 3596 4061 4060 4060 4060 4060 4060 4060 4060
752 1777389669 3555 3699 3672 3651 3587 568 279 3596 4059 4059 4059 4059 4059 4059 4059 4059
753 1777389669 3555 3700 3672 3651 3587 561 281 3596 4059 4059 4059 4059 4059 4059 4059 4059
754 1777389669 3556 3700 3672 3652 3587 561 281 3596 4059 4059 4059 4059 4059 4059 4059 4059
755 1777389669 3555 3700 3673 3651 3587 542 282 3596 4059 4059 4059 4059 4059 4059 4059 4059
756 1777389669 3555 3699 3672 3651 3586 570 279 3595 4061 4059 4059 4059 4059 4059 4059 4059
757 1777389669 3556 3701 3673 3652 3588 565 280 590 4061 4061 4060 4060 4060 4060 4060 4060
758 1777389669 3554 3698 3671 3650 3586 538 282 3595 4061 4061 4061 4061 4061 4061 4061 4061
759 1777389669 3555 3700 3673 3651 3587 535 282 3596 4061 4061 4060 4060 4060 4060 4060 4060
760 1777389669 3556 3700 3673 3651 3587 570 279 3596 4061 4061 4060 4060 4060 4060 4060 4060
761 1777389669 3555 3700 3672 3651 3586 531 282 3596 4061 4061 4060 4060 4060 4060 4060 4060
762 1777389669 3556 3701 3673 3653 3588 560 281 607 4059 4059 4059 4059 4059 4059 4059 4059
763 1777389670 3556 3700 3673 3652 3587 532 282 3596 4061 4061 4060 4060 4060 4060 4060 4060
764 1777389670 3556 3700 3672 3652 3587 568 279 3596 4061 4061 4060 4060 4060 4060 4060 4060
765 1777389670 3555 3700 3672 3652 3588 568 279 610 4061 4061 4060 4060 4060 4060 4060 4060
766 1777389670 3555 3700 3672 3652 3587 565 279 3596 4059 4059 4059 4059 4059 4059 4059 4059
767 1777389670 3555 3700 3672 3651 3587 537 282 3596 4061 4061 4060 4060 4060 4060 4060 4060
768 1777389670 3555 3700 3673 3652 3587 554 282 3596 4061 4061 4060 4060 4060 4060 4060 4060
769 1777389670 3555 3700 3672 3651 3586 557 281 3595 4061 4061 4060 4060 4060 4060 4060 4060
770 1777389670 3556 3701 3673 3652 3587 555 281 3597 4061 4061 4060 4060 4060 4060 4060 4060
771 1777389670 3555 3700 3672 3651 3587 559 281 3596 4061 4061 4060 4060 4060 4060 4060 4060
772 1777389670 3556 3700 3672 3652 3587 578 277 3596 4059 4059 4059 4059 4059 4059 4059 4059
773 1777389670 3555 3700 3672 3651 3587 553 281 3596 4061 4061 4061 4061 4061 4061 4061 4061
774 1777389670 3556 3701 3673 3652 3588 551 282 3597 4061 4061 4060 4060 4060 4060 4060 4060
775 1777389670 3555 3699 3671 3651 3587 563 281 3596 4059 4059 4059 4059 4059 4059 4059 4059
776 1777389670 3557 3702 3674 3653 3589 550 282 613 4059 4059 4059 4059 4059 4059 4059 4059
777 1777389670 3555 3700 3672 3651 3586 562 281 3595 4061 4061 4060 4060 4060 4060 4060 4060
778 1777389670 3555 3700 3672 3651 3587 560 281 3595 4061 4061 4060 4060 4060 4060 4060 4060
779 1777389670 3557 3701 3673 3652 3587 567 280 3596 4061 4061 4060 4060 4060 4060 4060 4060
780 1777389670 3555 3700 3672 3651 3587 543 282 3596 4059 4059 4059 4059 4059 4059 4059 4059
781 1777389670 3556 3700 3673 3652 3587 576 277 3596 4061 4061 4061 4061 4061 4061 4061 4061
782 1777389670 3556 3700 3672 3651 3587 551 282 3596 4059 4059 4059 4059 4059 4059 4059 4059
783 1777389670 3555 3700 3673 3651 3587 557 282 3596 4061 4061 4060 4060 4060 4060 4060 4060
784 1777389670 3555 3699 3671 3651 3586 577 277 3595 4059 4059 4059 4059 4059 4059 4059 4059
785 1777389670 3558 3702 3675 3653 3589 573 278 593 4061 4061 4060 4060 4060 4060 4060 4060
786 1777389670 3556 3700 3672 3652 3587 550 281 3595 4059 4059 4059 4059 4059 4059 4059 4059
787 1777389671 3555 3701 3673 3652 3588 568 279 3596 4059 4059 4059 4059 4059 4059 4059 4059
788 1777389671 3555 3700 3672 3651 3586 538 282 3596 4061 4060 4060 4060 4060 4060 4060 4060
789 1777389671 3555 3701 3673 3652 3587 559 281 3596 4059 4059 4059 4059 4059 4059 4059 4059
790 1777389671 3556 3700 3672 3652 3587 556 281 3595 4061 4061 4060 4060 4060 4060 4060 4060
791 1777389671 3555 3700 3672 3652 3587 553 282 3596 4061 4061 4060 4060 4060 4060 4060 4060
792 1777389671 3555 3700 3672 3651 3586 566 280 3595 4059 4059 4059 4059 4059 4059 4059 4059
793 1777389671 3556 3701 3673 3652 3588 567 280 3596 4059 4059 4059 4059 4059 4059 4059 4059
794 1777389671 3558 3703 3675 3654 3589 554 282 600 4059 4059 4059 4059 4059 4059 4059 4059
795 1777389671 3557 3701 3673 3652 3588 552 282 3596 4061 4061 4060 4060 4060 4060 4060 4060
796 1777389671 3556 3700 3672 3651 3587 573 278 3596 4059 4059 4059 4059 4059 4059 4059 4059
797 1777389671 3557 3702 3675 3654 3589 557 281 617 4059 4059 4059 4059 4059 4059 4059 4059
798 1777389671 3556 3701 3673 3652 3588 555 281 3597 4061 4061 4060 4060 4060 4060 4060 4060
799 1777389671 3555 3700 3672 3651 3587 571 279 3596 4061 4061 4060 4060 4060 4060 4060 4060
800 1777389671 3556 3700 3673 3652 3588 565 280 3597 4059 4059 4059 4059 4059 4059 4059 4059
801 1777389671 3557 3702 3674 3653 3589 558 281 605 4059 4059 4059 4059 4059 4059 4059 4059
802 1777389671 3555 3700 3673 3652 3587 561 281 3596 4059 4059 4059 4059 4059 4059 4059 4059
803 1777389671 3555 3700 3672 3651 3587 555 282 3596 4059 4059 4059 4059 4059 4059 4059 4059
804 1777389671 3555 3700 3672 3651 3587 562 281 3597 4059 4059 4059 4059 4059 4059 4059 4059
805 1777389671 3557 3702 3674 3653 3589 569 279 601 4061 4061 4060 4060 4060 4060 4060 4060
806 1777389671 3555 3699 3672 3651 3587 556 281 3595 4061 4059 4059 4059 4059 4059 4059 4059
807 1777389671 3557 3702 3674 3653 3589 553 282 3598 4061 4061 4061 4061 4061 4061 4061 4061
808 1777389671 3555 3699 3671 3650 3586 554 282 3595 4059 4059 4058 4058 4058 4058 4058 4058
809 1777389671 3557 3701 3674 3653 3588 560 282 599 4059 4059 4059 4059 4059 4059 4059 4059
810 1777389671 3555 3700 3673 3651 3587 563 281 3595 4059 4059 4059 4059 4059 4059 4059 4059
811 1777389671 3556 3700 3673 3652 3588 571 279 3597 4059 4059 4059 4059 4059 4059 4059 4059
812 1777389671 3558 3702 3675 3654 3589 575 278 633 4061 4061 4060 4060 4060 4060 4060 4060
813 1777389672 3555 3700 3672 3651 3587 560 281 3596 4061 4061 4060 4060 4060 4060 4060 4060
814 1777389672 3556 3700 3673 3652 3588 545 282 3597 4061 4061 4060 4060 4060 4060 4060 4060
815 1777389672 3557 3702 3673 3653 3589 547 282 598 4061 4061 4060 4060 4060 4060 4060 4060
816 1777389672 3556 3701 3673 3652 3588 557 281 3597 4061 4061 4060 4060 4060 4060 4060 4060
817 1777389672 3556 3701 3673 3652 3587 564 281 3596 4059 4059 4059 4059 4059 4059 4059 4059
818 1777389672 3558 3702 3674 3654 3589 556 281 593 4061 4061 4060 4060 4060 4060 4060 4060
819 1777389672 3555 3700 3672 3651 3587 549 282 3596 4061 4061 4060 4060 4060 4060 4060 4060
820 1777389672 3557 3702 3674 3653 3589 543 282 3597 4061 4061 4060 4060 4060 4060 4060 4060
821 1777389672 3556 3701 3673 3652 3588 541 283 3596 4061 4061 4060 4060 4060 4060 4060 4060
822 1777389672 3556 3701 3674 3653 3588 555 282 3595 4059 4059 4059 4059 4059 4059 4059 4059
823 1777389672 3555 3699 3671 3651 3586 574 278 3594 4061 4061 4060 4060 4060 4060 4060 4060
824 1777389672 3557 3701 3673 3651 3588 573 279 3597 4059 4059 4059 4059 4059 4059 4059 4059
825 1777389672 3555 3700 3672 3652 3587 562 280 3596 4061 4061 4060 4060 4060 4060 4060 4060
826 1777389672 3557 3701 3674 3652 3588 554 282 3597 4061 4061 4060 4060 4060 4060 4060 4060
827 1777389672 3558 3702 3675 3654 3590 581 275 582 4061 4061 4060 4060 4060 4060 4060 4060
828 1777389672 3555 3700 3672 3651 3588 569 280 3596 4061 4061 4060 4060 4060 4060 4060 4060
829 1777389672 3555 3700 3672 3651 3587 567 280 3596 4061 4061 4060 4060 4060 4060 4060 4060
830 1777389672 3556 3700 3672 3651 3587 548 283 3595 4059 4059 4059 4059 4059 4059 4059 4059
831 1777389672 3556 3700 3673 3652 3587 548 283 3596 4061 4061 4060 4060 4060 4060 4060 4060
832 1777389672 3555 3700 3672 3651 3587 551 282 3595 4059 4059 4059 4059 4059 4059 4059 4059
833 1777389672 3557 3702 3674 3653 3588 566 281 619 4059 4059 4059 4059 4059 4059 4059 4059
834 1777389672 3554 3699 3671 3651 3586 569 277 3595 4061 4061 4060 4060 4060 4060 4060 4060
835 1777389672 3554 3699 3671 3650 3586 548 281 3595 4061 4061 4060 4060 4060 4060 4060 4060
836 1777389672 3554 3699 3671 3650 3585 569 278 3594 4061 4061 4060 4060 4060 4060 4060 4060
837 1777389672 3555 3699 3671 3650 3586 561 279 3595 4059 4059 4059 4059 4059 4059 4059 4059
838 1777389672 3554 3698 3671 3650 3585 555 280 3595 4061 4061 4060 4060 4060 4060 4060 4060
839 1777389672 3554 3699 3670 3650 3585 567 278 3594 4059 4059 4059 4059 4059 4059 4059 4059
840 1777389673 3557 3702 3674 3653 3589 552 279 584 4059 4059 4059 4059 4059 4059 4059 4059
841 1777389673 3554 3698 3670 3650 3585 546 280 3594 4061 4061 4061 4061 4061 4061 4061 4061
842 1777389673 3556 3701 3674 3652 3588 544 281 588 4061 4061 4060 4060 4060 4060 4060 4060
843 1777389673 3555 3699 3672 3650 3587 563 279 3595 4059 4059 4059 4059 4059 4059 4059 4059
844 1777389673 3554 3699 3672 3650 3586 560 279 3595 4060 4061 4060 4060 4060 4060 4060 4060
845 1777389673 3554 3699 3671 3650 3585 583 272 3595 4061 4061 4060 4060 4060 4060 4060 4060
846 1777389673 3554 3698 3671 3650 3585 554 279 3594 4059 4059 4059 4059 4059 4059 4059 4059
847 1777389673 3553 3698 3670 3649 3585 568 278 3594 4061 4061 4060 4060 4060 4060 4060 4060
848 1777389673 3555 3699 3672 3650 3586 566 278 3596 4061 4061 4060 4060 4060 4060 4060 4060
849 1777389673 3555 3700 3671 3650 3586 557 280 3596 4061 4061 4060 4060 4060 4060 4060 4060
850 1777389673 3555 3700 3672 3651 3586 554 280 3595 4059 4059 4059 4059 4059 4059 4059 4059
851 1777389673 3554 3698 3670 3650 3586 551 280 3595 4061 4061 4060 4060 4060 4060 4060 4060
852 1777389673 3554 3698 3671 3650 3585 544 281 3594 4059 4059 4059 4059 4059 4059 4059 4059
853 1777389673 3557 3701 3673 3652 3588 569 277 602 4061 4061 4060 4060 4060 4060 4060 4060
854 1777389673 3554 3698 3671 3650 3586 553 281 3594 4059 4059 4059 4059 4059 4059 4059 4059
855 1777389673 3555 3699 3671 3651 3586 559 279 3596 4059 4059 4059 4059 4059 4059 4059 4059
856 1777389673 3554 3700 3672 3651 3586 553 280 3595 4059 4059 4059 4059 4059 4059 4059 4059
857 1777389673 3553 3698 3670 3649 3585 542 281 3594 4059 4059 4059 4059 4059 4059 4059 4059
858 1777389673 3554 3699 3671 3650 3586 557 280 3594 4061 4061 4060 4060 4060 4060 4060 4060
859 1777389673 3554 3699 3672 3651 3586 554 281 3594 4061 4061 4060 4060 4060 4060 4060 4060
860 1777389673 3553 3698 3671 3650 3586 550 280 3594 4061 4061 4060 4060 4060 4060 4060 4060
861 1777389681 3552 3696 3669 3648 3584 535 282 3592 4059 4059 4059 4059 4059 4059 4059 4059
862 1777389681 3555 3698 3671 3650 3586 567 278 594 4059 4059 4059 4059 4059 4059 4059 4059
863 1777389681 3554 3699 3671 3650 3586 562 279 602 4059 4059 4059 4059 4059 4059 4059 4059
864 1777389681 3553 3697 3670 3649 3584 540 281 3592 4059 4059 4059 4059 4059 4059 4059 4059
865 1777389681 3555 3700 3672 3651 3586 560 279 602 4061 4061 4060 4060 4060 4060 4060 4060
866 1777389681 3553 3698 3670 3649 3585 549 280 3594 4061 4061 4060 4060 4060 4060 4060 4060
867 1777389682 3553 3698 3671 3649 3585 548 280 3594 4061 4061 4060 4060 4060 4060 4060 4060
868 1777389682 3553 3697 3670 3649 3584 555 280 3593 4061 4061 4061 4061 4061 4061 4061 4061
869 1777389682 3556 3701 3673 3652 3588 566 278 615 4059 4059 4059 4059 4059 4059 4059 4059
870 1777389682 3554 3698 3671 3650 3585 555 280 3594 4061 4061 4060 4060 4060 4060 4060 4060
871 1777389682 3554 3698 3671 3650 3585 530 281 3594 4061 4061 4060 4060 4060 4060 4060 4060
872 1777389682 3554 3699 3671 3651 3587 542 281 3595 4061 4061 4060 4060 4060 4060 4060 4060
873 1777389682 3553 3698 3670 3650 3585 568 278 3595 4061 4061 4060 4060 4060 4060 4060 4060
874 1777389682 3556 3700 3672 3652 3587 557 281 627 4059 4059 4059 4059 4059 4059 4059 4059
875 1777389682 3553 3698 3670 3649 3585 553 280 3594 4059 4059 4059 4059 4059 4059 4059 4059
876 1777389682 3555 3700 3672 3651 3587 560 280 598 4061 4061 4060 4060 4060 4060 4060 4060
877 1777389682 3554 3699 3671 3650 3586 560 279 3595 4059 4059 4059 4059 4059 4059 4059 4059
878 1777389682 3554 3699 3672 3650 3586 552 281 3594 4061 4061 4061 4061 4061 4061 4061 4061
879 1777389682 3554 3698 3671 3650 3586 557 280 3594 4059 4059 4059 4059 4059 4059 4059 4059
880 1777389682 3556 3700 3673 3652 3588 547 280 588 4061 4059 4059 4059 4059 4059 4059 4059
881 1777389682 3553 3698 3670 3649 3585 545 281 3594 4061 4061 4060 4060 4060 4060 4060 4060
882 1777389682 3553 3698 3670 3649 3585 554 280 3594 4059 4059 4059 4059 4059 4059 4059 4059
883 1777389682 3554 3698 3670 3650 3585 569 278 3594 4059 4059 4059 4059 4059 4059 4059 4059
884 1777389682 3556 3700 3672 3651 3587 565 279 614 4061 4061 4060 4060 4060 4060 4060 4060
885 1777389682 3555 3700 3672 3651 3587 552 280 603 4061 4061 4060 4060 4060 4060 4060 4060
886 1777389682 3556 3700 3672 3651 3587 574 277 599 4061 4061 4060 4060 4060 4060 4060 4060
887 1777389682 3555 3700 3672 3651 3588 570 277 590 4059 4059 4059 4059 4059 4059 4059 4059
888 1777389682 3554 3698 3671 3650 3586 541 281 3592 4059 4059 4058 4058 4058 4058 4058 4058
889 1777389682 3554 3698 3670 3649 3585 576 276 3595 4061 4061 4060 4060 4060 4060 4060 4060
890 1777389682 3556 3700 3672 3651 3587 568 278 600 4061 4061 4060 4060 4060 4060 4060 4060
891 1777389682 3554 3698 3671 3650 3586 562 279 3594 4061 4061 4060 4060 4060 4060 4060 4060
892 1777389682 3554 3699 3671 3650 3586 558 280 3595 4059 4059 4059 4059 4059 4059 4059 4059
893 1777389682 3554 3698 3671 3650 3585 566 278 3594 4059 4059 4059 4059 4059 4059 4059 4059
894 1777389683 3554 3698 3671 3650 3585 543 282 3594 4061 4061 4060 4060 4060 4060 4060 4060
895 1777389683 3555 3700 3672 3651 3587 556 280 638 4061 4061 4060 4060 4060 4060 4060 4060
896 1777389683 3553 3699 3671 3650 3586 563 279 3594 4059 4059 4059 4059 4059 4059 4059 4059
897 1777389683 3554 3698 3671 3650 3586 560 280 3594 4061 4061 4060 4060 4060 4060 4060 4060
898 1777389683 3554 3699 3671 3651 3586 557 280 3595 4061 4061 4060 4060 4060 4060 4060 4060
899 1777389683 3554 3699 3671 3650 3586 549 281 3594 4061 4061 4060 4060 4060 4060 4060 4060
900 1777389683 3553 3698 3670 3650 3585 553 281 3594 4059 4059 4059 4059 4059 4059 4059 4059
901 1777389683 3555 3699 3671 3650 3586 554 281 3595 4061 4061 4060 4060 4060 4060 4060 4060
902 1777389683 3555 3699 3671 3651 3586 560 280 3594 4059 4059 4059 4059 4059 4059 4059 4059
903 1777389683 3556 3700 3672 3652 3587 561 280 626 4061 4061 4060 4060 4060 4060 4060 4060
904 1777389683 3554 3699 3671 3650 3586 545 281 3594 4061 4061 4060 4060 4060 4060 4060 4060
905 1777389683 3553 3698 3670 3649 3585 554 281 3594 4061 4061 4060 4060 4060 4060 4060 4060
906 1777389683 3554 3699 3671 3651 3586 547 281 3595 4061 4061 4060 4060 4060 4060 4060 4060
907 1777389683 3554 3699 3671 3650 3585 563 279 3594 4061 4061 4060 4060 4060 4060 4060 4060
908 1777389683 3554 3699 3671 3650 3586 549 281 3595 4061 4061 4060 4060 4060 4060 4060 4060
909 1777389683 3555 3699 3671 3650 3586 551 281 3595 4061 4061 4060 4060 4060 4060 4060 4060
910 1777389683 3554 3699 3671 3650 3586 563 279 3594 4061 4061 4060 4060 4060 4060 4060 4060
911 1777389683 3554 3698 3671 3650 3586 555 280 3595 4059 4059 4059 4059 4059 4059 4059 4059
912 1777389683 3554 3699 3671 3651 3586 575 276 3595 4061 4061 4060 4060 4060 4060 4060 4060
913 1777389683 3554 3698 3670 3649 3585 566 279 3595 4061 4061 4060 4060 4060 4060 4060 4060
914 1777389683 3556 3701 3673 3652 3588 566 278 609 4059 4059 4059 4059 4059 4059 4059 4059
915 1777389683 3554 3699 3671 3650 3586 559 280 3596 4059 4059 4059 4059 4059 4059 4059 4059
916 1777389683 3554 3699 3671 3650 3586 539 282 3594 4061 4059 4059 4059 4059 4059 4059 4059
917 1777389683 3554 3698 3670 3650 3585 551 281 3595 4059 4059 4059 4059 4059 4059 4059 4059
918 1777389683 3555 3699 3672 3651 3587 559 279 3596 4059 4059 4059 4059 4059 4059 4059 4059
919 1777389683 3556 3701 3673 3652 3588 568 278 599 4061 4061 4060 4060 4060 4060 4060 4060
920 1777389683 3555 3699 3672 3651 3587 577 275 626 4059 4059 4059 4059 4059 4059 4059 4059
921 1777389683 3554 3698 3670 3650 3586 562 280 3595 4059 4059 4059 4059 4059 4059 4059 4059
922 1777389684 3556 3701 3673 3652 3588 566 278 608 4061 4061 4060 4060 4060 4060 4060 4060
923 1777389684 3554 3699 3671 3650 3586 554 281 3594 4061 4061 4060 4060 4060 4060 4060 4060
924 1777389684 3555 3699 3672 3651 3587 558 280 3596 4059 4059 4059 4059 4059 4059 4059 4059
925 1777389684 3554 3699 3671 3650 3586 516 282 3595 4061 4061 4060 4060 4060 4060 4060 4060
926 1777389684 3555 3700 3673 3652 3588 576 276 603 4061 4061 4060 4060 4060 4060 4060 4060
927 1777389684 3554 3699 3672 3650 3586 554 280 3595 4059 4059 4059 4059 4059 4059 4059 4059
928 1777389684 3556 3700 3673 3651 3587 561 280 621 4061 4061 4060 4060 4060 4060 4060 4060
929 1777389684 3555 3699 3672 3651 3586 524 282 3595 4059 4059 4059 4059 4059 4059 4059 4059
930 1777389684 3556 3701 3673 3652 3588 564 279 604 4059 4059 4059 4059 4059 4059 4059 4059
931 1777389684 3553 740 3669 3650 3585 570 278 3595 4061 4061 4060 4060 4060 4060 4060 4060
932 1777389684 3555 3699 3671 3651 3587 571 278 3595 4061 4061 4060 4060 4060 4060 4060 4060
933 1777389684 3555 3700 3672 3651 3587 536 281 3595 4059 4059 4059 4059 4059 4059 4059 4059
934 1777389684 3556 3700 3673 3652 3587 552 280 3596 4061 4061 4060 4060 4060 4060 4060 4060
935 1777389684 3555 3699 3672 3651 3586 554 281 3595 4059 4059 4059 4059 4059 4059 4059 4059
936 1777389684 3555 3700 3672 3651 3586 558 280 615 4059 4059 4059 4059 4059 4059 4059 4059
937 1777389684 3555 3700 3673 3651 3587 568 278 3595 4061 4061 4060 4060 4060 4060 4060 4060
938 1777389684 3555 3700 3672 3651 3587 583 274 3596 4061 4060 4060 4060 4060 4060 4060 4060
939 1777389684 3554 3699 3672 3650 3586 561 280 3596 4061 4061 4060 4060 4060 4060 4060 4060
940 1777389684 3555 3700 3673 3651 3587 561 280 3596 4061 4061 4060 4060 4060 4060 4060 4060
941 1777389684 3556 3700 3672 3651 3587 574 277 3596 4061 4061 4060 4060 4060 4060 4060 4060
942 1777389684 3556 3701 3673 3652 3588 572 277 604 4061 4061 4060 4060 4060 4060 4060 4060
943 1777389684 3556 3701 3673 3652 3588 566 279 600 4061 4061 4060 4060 4060 4060 4060 4060
944 1777389684 3554 3699 3672 3651 3586 569 278 3595 4061 4061 4060 4060 4060 4060 4060 4060
945 1777389684 3555 3699 3672 3651 3586 538 282 3595 4061 4061 4060 4060 4060 4060 4060 4060
946 1777389684 3555 3699 3672 3651 3586 545 281 3595 4059 4059 4059 4059 4059 4059 4059 4059
947 1777389684 3555 3699 3671 3651 3586 559 281 3595 4061 4061 4060 4060 4060 4060 4060 4060
948 1777389684 3555 3699 3672 3651 3586 560 280 3595 4061 4061 4060 4060 4060 4060 4060 4060
949 1777389684 3557 3702 3674 3653 3589 570 278 618 4059 4059 4059 4059 4059 4059 4059 4059
950 1777389684 3555 3699 3671 3651 3586 552 281 3594 4061 4061 4060 4060 4060 4060 4060 4060
951 1777389684 3554 3698 3671 3650 3586 526 281 3593 4059 4059 4059 4059 4059 4059 4059 4059
952 1777389684 3556 3701 3673 3652 3588 549 281 626 4061 4059 4059 4059 4059 4059 4059 4059
953 1777389684 3555 3699 3672 3651 3586 548 281 3595 4061 4061 4060 4060 4060 4060 4060 4060
954 1777389684 3554 3699 3672 3651 3586 567 279 3595 4059 4059 4059 4059 4059 4059 4059 4059
955 1777389684 3554 3699 3671 3650 3586 560 280 3595 4061 4061 4060 4060 4060 4060 4060 4060
956 1777389685 3557 3702 3674 3653 3589 569 278 597 4061 4061 4060 4060 4060 4060 4060 4060
957 1777389685 3555 3699 3672 3650 3586 553 281 3595 4059 4059 4059 4059 4059 4059 4059 4059
958 1777389685 3555 3699 3672 3651 3586 563 280 3596 4061 4061 4060 4060 4060 4060 4060 4060
959 1777389685 3555 3700 3672 3651 3586 543 282 3595 4061 4061 4060 4060 4060 4060 4060 4060
960 1777389685 3555 3700 3672 3651 3587 535 281 3596 4061 4061 4060 4060 4060 4060 4060 4060
961 1777389685 3556 3701 3673 3652 3587 562 280 3597 4061 4061 4060 4060 4060 4060 4060 4060
962 1777389685 3555 3699 3673 3651 3587 566 279 3596 4061 4061 4060 4060 4060 4060 4060 4060
963 1777389685 3557 3701 3673 3652 3588 575 277 597 4059 4059 4059 4059 4059 4059 4059 4059
964 1777389685 3556 3701 3674 3652 3588 577 276 591 4061 4061 4060 4060 4060 4060 4060 4060
965 1777389685 3554 3698 3671 3650 3586 545 281 3595 4059 4059 4059 4059 4059 4059 4059 4059
966 1777389685 3555 3700 3672 3652 3587 561 280 3596 4061 4061 4060 4060 4060 4060 4060 4060
967 1777389685 3554 3699 3672 3651 3586 566 280 3595 4059 4059 4059 4059 4059 4059 4059 4059
968 1777389685 3555 3700 3672 3651 3587 530 282 3596 4061 4061 4060 4060 4060 4060 4060 4060
969 1777389685 3555 3699 3671 3651 3586 553 281 3595 4063 4061 4061 4061 4061 4061 4061 4061
970 1777389685 3558 3703 3674 3654 3589 559 280 598 4059 4059 4059 4059 4059 4059 4059 4059
971 1777389685 3554 3699 3671 3650 3586 566 280 3595 4059 4059 4059 4059 4059 4059 4059 4059
972 1777389685 3556 3701 3673 3652 3587 553 281 3596 4061 4061 4060 4060 4060 4060 4060 4060
973 1777389685 3555 3700 3673 3652 3588 551 281 3597 4059 4059 4058 4058 4058 4058 4058 4058
974 1777389685 3557 3701 3673 3652 3588 611 98 3596 4059 4059 4059 4059 4059 4059 4059 4059
975 1777389685 3555 3699 3672 3651 3587 571 279 3595 4061 4061 4060 4060 4060 4060 4060 4060
976 1777389685 3556 3700 3672 3651 3587 562 280 3596 4061 4061 4060 4060 4060 4060 4060 4060
977 1777389685 3556 3700 3672 3651 3587 561 281 3596 4059 4059 4059 4059 4059 4059 4059 4059
978 1777389685 3555 3700 3672 3651 3587 559 280 3595 4059 4059 4059 4059 4059 4059 4059 4059
979 1777389685 3555 3700 3672 3650 3586 547 282 3595 4061 4061 4060 4060 4060 4060 4060 4060
980 1777389686 3555 3699 3672 3651 3586 566 279 3595 4059 4059 4059 4059 4059 4059 4059 4059
981 1777389686 3555 3699 3672 3651 3587 546 282 3595 4061 4061 4060 4060 4060 4060 4060 4060
982 1777389686 3555 3699 3672 3651 3586 534 283 3594 4061 4061 4060 4060 4060 4060 4060 4060
983 1777389686 3556 3701 3673 3652 3588 558 281 645 4061 4061 4060 4060 4060 4060 4060 4060
984 1777389686 3557 3701 3674 3653 3588 567 279 594 4059 4059 4059 4059 4059 4059 4059 4059
985 1777389686 3555 3700 3672 3652 3587 562 280 3595 4061 4061 4060 4060 4060 4060 4060 4060
986 1777389686 3555 3700 3672 3651 3587 559 281 3596 4061 4061 4060 4060 4060 4060 4060 4060
987 1777389686 3555 3700 3672 3651 3587 558 281 3597 4059 4059 4059 4059 4059 4059 4059 4059
988 1777389686 3557 3702 3674 3653 3588 570 279 593 4059 4059 4059 4059 4059 4059 4059 4059
989 1777389686 3555 3699 3672 3651 3586 548 282 3595 4059 4059 4059 4059 4059 4059 4059 4059
990 1777389686 3557 3701 3674 3653 3589 556 281 593 4061 4061 4060 4060 4060 4060 4060 4060
991 1777389686 3557 3702 3674 3654 3589 574 277 593 4061 4061 4060 4060 4060 4060 4060 4060
992 1777389686 3555 3699 3672 3651 3587 571 279 3595 4059 4059 4059 4059 4059 4059 4059 4059
993 1777389686 3557 3701 3673 3652 3589 560 280 587 4061 4061 4060 4060 4060 4060 4060 4060
994 1777389686 3555 3699 3672 3651 3586 551 281 3595 4061 4061 4060 4060 4060 4060 4060 4060
995 1777389686 3557 3702 3674 3653 3589 581 275 602 4059 4059 4059 4059 4059 4059 4059 4059
996 1777389686 3555 3700 3672 3651 3586 548 282 3595 4059 4059 4059 4059 4059 4059 4059 4059
997 1777389686 3555 3700 3673 3651 3587 548 281 3596 4061 4061 4060 4060 4060 4060 4060 4060
998 1777389686 3556 3701 3673 3653 3589 567 280 611 4061 4061 4060 4060 4060 4060 4060 4060
999 1777389686 3557 3702 3674 3653 3589 560 281 595 4061 4061 4060 4060 4060 4060 4060 4060
1000 1777389686 3555 3699 3672 3651 3587 567 280 3596 4061 4061 4060 4060 4060 4060 4060 4060
