1 1777388475 3554 3699 3671 3650 3586 564 279 586 4061 4061 4060 4060 4060 4060 4060 4060
2 1777388475 3553 3698 3671 3650 3585 551 280 3594 4061 4061 4061 4061 4061 4061 4061 4061
3 1777388475 3556 3700 3672 3652 3587 559 279 607 4061 4061 4060 4060 4060 4060 4060 4060
4 1777388475 3555 3700 3672 3651 3586 547 280 580 4061 4061 4060 4060 4060 4060 4060 4060
5 1777388475 3554 3698 3671 3650 3586 553 280 3593 4061 4061 4060 4060 4060 4060 4060 4060
6 1777388475 3554 3698 3671 3650 3585 562 279 3594 4061 4061 4061 4061 4061 4061 4061 4061
7 1777388475 3553 3698 3670 3650 3585 536 281 3595 4061 4061 4061 4061 4061 4061 4061 4061
8 1777388475 3554 3699 3671 3650 3586 553 280 3594 4061 4061 4061 4061 4061 4061 4061 4061
9 1777388475 3554 3698 3671 3650 3585 559 280 3594 4061 4061 4060 4060 4060 4060 4060 4060
10 1777388475 3555 3700 3672 3651 3587 550 280 3596 4061 4061 4060 4060 4060 4060 4060 4060
11 1777388475 3554 3698 3671 3650 3585 559 280 3594 4061 4061 4060 4060 4060 4060 4060 4060
12 1777388475 3554 3699 3670 3650 3586 551 280 3594 4061 4061 4061 4061 4061 4061 4061 4061
13 1777388475 3553 3698 3670 3650 3585 559 280 3594 4061 4061 4060 4060 4060 4060 4060 4060
14 1777388475 3554 3699 3671 3650 3586 565 278 3595 4063 4061 4061 4061 4061 4061 4061 4061
15 1777388475 3553 3699 3670 3650 3586 555 280 3594 4061 4061 4061 4061 4061 4061 4061 4061
16 1777388475 3555 3701 3672 3652 3588 564 279 613 4061 4061 4061 4061 4061 4061 4061 4061
17 1777388475 3556 3701 3673 3652 3588 551 280 584 4063 4061 4061 4061 4061 4061 4061 4061
18 1777388475 3553 3699 3670 3649 3585 530 281 3594 4061 4061 4061 4061 4061 4061 4061 4061
19 1777388475 3556 3700 3673 3652 3587 554 280 607 4061 4061 4060 4060 4060 4060 4060 4060
20 1777388476 3554 3699 3671 3650 3585 550 281 3594 4061 4061 4060 4060 4060 4060 4060 4060
21 1777388476 3554 3699 3672 3650 3586 542 281 3595 4063 4061 4061 4061 4061 4061 4061 4061
22 1777388476 3554 3699 3671 3650 3586 539 280 3595 4061 4061 4060 4060 4060 4060 4060 4060
23 1777388476 3555 3699 3672 3650 3586 542 281 3595 4063 4061 4061 4061 4061 4061 4061 4061
24 1777388476 3553 3698 3670 3650 3586 560 279 3594 4061 4061 4061 4061 4061 4061 4061 4061
25 1777388476 3555 3700 3672 3651 3587 566 279 3595 4061 4061 4060 4060 4060 4060 4060 4060
26 1777388476 3554 3699 3671 3650 3586 550 280 3595 4061 4061 4061 4061 4061 4061 4061 4061
27 1777388476 3555 3700 3672 3652 3587 554 280 3595 4061 4061 4061 4061 4061 4061 4061 4061
28 1777388476 3554 3699 3671 3651 3586 552 280 3594 4061 4061 4060 4060 4060 4060 4060 4060
29 1777388476 3556 3700 3673 3652 3588 558 280 3597 4061 4061 4061 4061 4061 4061 4061 4061
30 1777388476 3556 3701 3673 3652 3588 577 276 596 4061 4061 4060 4060 4060 4060 4060 4060
31 1777388476 3556 3701 3673 3652 3588 557 280 609 4061 4061 4061 4061 4061 4061 4061 4061
32 1777388476 3554 3699 3671 3650 3586 561 280 3595 4061 4061 4060 4060 4060 4060 4060 4060
33 1777388476 3555 3700 3672 3652 3587 560 279 618 4061 4061 4061 4061 4061 4061 4061 4061
34 1777388476 3557 3701 3674 3653 3589 544 281 568 4061 4061 4061 4061 4061 4061 4061 4061
35 1777388476 3555 3700 3672 3651 3587 554 280 3595 4061 4061 4060 4060 4060 4060 4060 4060
36 1777388476 3555 3700 3672 3652 3587 561 279 3594 4061 4061 4061 4061 4061 4061 4061 4061
37 1777388476 3555 3700 3672 3651 3587 550 281 3596 4057 4057 4056 4056 4056 4056 4056 4056
38 1777388476 3554 3699 3672 3651 3587 543 280 3596 4061 4061 4060 4060 4060 4060 4060 4060
39 1777388476 3555 3700 3672 3651 3587 579 275 3595 4061 4061 4061 4061 4061 4061 4061 4061
40 1777388476 3555 3700 3672 3651 3587 560 280 3595 4061 4061 4060 4060 4060 4060 4060 4060
41 1777388476 3555 3700 3672 3651 3586 570 278 3596 4061 4061 4061 4061 4061 4061 4061 4061
42 1777388476 3554 3699 3671 3650 3586 557 280 3595 4061 4061 4061 4061 4061 4061 4061 4061
43 1777388476 3556 3701 3673 3652 3588 570 278 588 4061 4061 4060 4060 4060 4060 4060 4060
44 1777388476 3556 3701 3673 3652 3588 571 278 617 4061 4061 4060 4060 4060 4060 4060 4060
45 1777388476 3555 3700 3673 3652 3587 555 280 3596 4061 4061 4060 4060 4060 4060 4060 4060
46 1777388476 3555 3699 3672 3650 3586 558 280 3595 4061 4061 4060 4060 4060 4060 4060 4060
47 1777388476 3555 3700 3672 3651 3587 523 282 3596 4061 4061 4061 4061 4061 4061 4061 4061
48 1777388477 3557 3701 3674 3653 3589 567 279 615 4057 4057 4056 4056 4056 4056 4056 4056
49 1777388477 3555 3699 3672 3651 3586 562 280 3595 4061 4061 4060 4060 4060 4060 4060 4060
50 1777388477 3556 3701 3674 3653 3588 567 278 599 4061 4061 4061 4061 4061 4061 4061 4061
51 1777388477 3556 3701 3673 3652 3588 540 281 3596 4061 4061 4060 4060 4060 4060 4060 4060
52 1777388477 3554 3699 3671 3650 3586 560 279 3594 4061 4061 4061 4061 4061 4061 4061 4061
53 1777388477 3555 3700 3672 3651 3587 568 279 3596 4061 4061 4060 4060 4060 4060 4060 4060
54 1777388477 3555 3700 3672 3651 3586 556 281 3595 4061 4061 4060 4060 4060 4060 4060 4060
55 1777388477 3556 3702 3674 3653 3588 565 279 583 4063 4063 4062 4062 4062 4062 4062 4062
56 1777388477 3555 3700 3673 3652 3587 558 280 3596 4061 4061 4060 4060 4060 4060 4060 4060
57 1777388477 3558 3702 3675 3654 3589 569 278 587 4061 4061 4061 4061 4061 4061 4061 4061
58 1777388477 3556 3701 3673 3652 3588 555 280 3596 4061 4061 4061 4061 4061 4061 4061 4061
59 1777388477 3556 3701 3673 3653 3588 568 278 3597 4061 4061 4060 4060 4060 4060 4060 4060
60 1777388477 3555 3700 3672 3651 3587 567 278 3596 4061 4061 4061 4061 4061 4061 4061 4061
61 1777388477 3557 3702 3674 3653 3588 552 281 587 4061 4061 4060 4060 4060 4060 4060 4060
62 1777388477 3554 3699 3671 3650 3586 573 276 3595 4061 4061 4061 4061 4061 4061 4061 4061
63 1777388477 3555 3700 3672 3651 3587 548 281 3596 4061 4061 4061 4061 4061 4061 4061 4061
64 1777388477 3556 3701 3674 3653 3588 556 280 595 4061 4061 4061 4061 4061 4061 4061 4061
65 1777388477 3555 3700 3672 3651 3587 559 280 3595 4061 4061 4061 4061 4061 4061 4061 4061
66 1777388477 3557 3702 3675 3654 3590 560 280 609 4061 4061 4060 4060 4060 4060 4060 4060
67 1777388477 3556 3701 3673 3652 3588 574 277 3595 4061 4061 4060 4060 4060 4060 4060 4060
68 1777388477 3555 3699 3671 3651 3586 568 278 3594 4061 4061 4061 4061 4061 4061 4061 4061
69 1777388477 3554 3699 3672 3651 3587 543 281 3593 4061 4061 4061 4061 4061 4061 4061 4061
70 1777388477 3556 3701 3673 3652 3587 562 279 3596 4061 4061 4061 4061 4061 4061 4061 4061
71 1777388477 3557 3702 3675 3654 3590 557 280 618 4061 4061 4060 4060 4060 4060 4060 4060
72 1777388478 3555 3700 3673 3651 3587 572 278 3596 4061 4061 4060 4060 4060 4060 4060 4060
73 1777388478 3556 3701 3673 3652 3588 545 281 3596 4061 4061 4060 4060 4060 4060 4060 4060
74 1777388478 3557 3701 3674 3653 3589 552 281 605 4061 4061 4061 4061 4061 4061 4061 4061
75 1777388478 3556 3700 3672 3652 3587 552 281 3595 4061 4061 4061 4061 4061 4061 4061 4061
76 1777388478 3557 3702 3674 3653 3588 567 279 597 4061 4061 4061 4061 4061 4061 4061 4061
77 1777388478 3555 3699 3671 3651 3586 546 281 3595 4061 4061 4060 4060 4060 4060 4060 4060
78 1777388478 3555 3700 3672 3651 3587 553 281 3596 4061 4061 4061 4061 4061 4061 4061 4061
79 1777388478 3556 3700 3672 3652 3587 560 280 3596 4061 4061 4060 4060 4060 4060 4060 4060
80 1777388478 3554 3699 3671 3650 3586 550 281 3595 4061 4061 4061 4061 4061 4061 4061 4061
81 1777388478 3556 3701 3673 3652 3588 558 281 3597 4061 4061 4061 4061 4061 4061 4061 4061
82 1777388478 3555 3700 3672 3651 3587 563 280 3596 4061 4061 4060 4060 4060 4060 4060 4060
83 1777388478 3555 3700 3671 3650 3586 568 278 3595 4061 4061 4060 4060 4060 4060 4060 4060
84 1777388478 3556 3701 3673 3652 3588 555 281 3597 4061 4061 4061 4061 4061 4061 4061 4061
85 1777388478 3556 3700 3673 3652 3588 548 281 3596 4061 4061 4060 4060 4060 4060 4060 4060
86 1777388478 3556 3701 3673 3652 3587 532 282 3596 4061 4061 4060 4060 4060 4060 4060 4060
87 1777388478 3556 3701 3673 3653 3588 528 282 3596 4061 4061 4061 4061 4061 4061 4061 4061
88 1777388478 3556 3701 3673 3653 3589 557 280 3597 4061 4061 4060 4060 4060 4060 4060 4060
89 1777388478 3554 3699 3672 3650 3587 566 279 3595 4061 4061 4060 4060 4060 4060 4060 4060
90 1777388478 3557 3702 3674 3653 3588 557 281 584 4061 4061 4060 4060 4060 4060 4060 4060
91 1777388478 3556 3700 3673 3652 3588 569 279 3595 4061 4061 4061 4061 4061 4061 4061 4061
92 1777388478 3556 3701 3673 3652 3588 554 280 590 4061 4061 4061 4061 4061 4061 4061 4061
93 1777388478 3558 3703 3676 3654 3590 564 279 594 4061 4061 4060 4060 4060 4060 4060 4060
94 1777388478 3555 3700 3673 3651 3587 564 279 3596 4063 4063 4062 4062 4062 4062 4062 4062
95 1777388478 3557 3702 3674 3653 3588 560 280 600 4061 4061 4061 4061 4061 4061 4061 4061
96 1777388479 3555 3700 3672 3651 3587 559 280 3596 4061 4061 4060 4060 4060 4060 4060 4060
97 1777388479 3558 3702 3675 3654 3589 554 281 605 4061 4061 4060 4060 4060 4060 4060 4060
98 1777388479 3556 3701 3673 3652 3588 568 279 3596 4061 4061 4060 4060 4060 4060 4060 4060
99 1777388479 3558 3703 3676 3655 3590 563 280 601 4061 4061 4060 4060 4060 4060 4060 4060
100 1777388479 3555 3700 3672 3652 3587 545 281 3596 4061 4061 4060 4060 4060 4060 4060 4060
101 1777388479 3558 3702 3674 3653 3589 554 281 613 4061 4061 4060 4060 4060 4060 4060 4060
102 1777388479 3556 3701 3673 3652 3587 553 281 3596 4061 4061 4060 4060 4060 4060 4060 4060
103 1777388479 3555 3700 3672 3651 3586 567 280 3595 4061 4061 4061 4061 4061 4061 4061 4061
104 1777388479 3557 3702 3674 3653 3589 580 275 589 4061 4061 4061 4061 4061 4061 4061 4061
105 1777388479 3557 3702 3675 3653 3589 569 278 599 4061 4061 4061 4061 4061 4061 4061 4061
106 1777388479 3555 3699 3672 3651 3587 553 281 3595 4063 4061 4061 4061 4061 4061 4061 4061
107 1777388479 3555 3700 3672 3651 3587 552 281 3595 4061 4061 4061 4061 4061 4061 4061 4061
108 1777388479 3555 3700 3672 3652 3587 559 281 3596 4061 4061 4060 4060 4060 4060 4060 4060
109 1777388479 3555 3700 3673 3651 3587 555 281 3596 4061 4061 4060 4060 4060 4060 4060 4060
110 1777388479 3555 3700 3673 3652 3588 566 279 3596 4061 4061 4061 4061 4061 4061 4061 4061
111 1777388479 3558 3703 3675 3654 3590 570 279 612 4061 4061 4060 4060 4060 4060 4060 4060
112 1777388479 3555 3699 3672 3651 3586 570 278 3596 4061 4061 4061 4061 4061 4061 4061 4061
113 1777388479 3557 3702 3675 3654 3590 578 275 585 4061 4061 4061 4061 4061 4061 4061 4061
114 1777388479 3557 3702 3675 3654 3589 550 281 596 4061 4061 4060 4060 4060 4060 4060 4060
115 1777388479 3558 3703 3675 3654 3590 554 281 617 4061 4061 4060 4060 4060 4060 4060 4060
116 1777388479 3558 3703 3675 3655 3590 575 277 611 4061 4061 4061 4061 4061 4061 4061 4061
117 1777388479 3557 3701 3674 3653 3588 561 280 629 4061 4061 4060 4060 4060 4060 4060 4060
118 1777388479 3558 3703 3675 3654 3590 554 281 597 4061 4061 4061 4061 4061 4061 4061 4061
119 1777388479 3557 3702 3675 3654 3589 568 279 598 4061 4061 4060 4060 4060 4060 4060 4060
120 1777388479 3558 3702 3675 3654 3589 563 280 581 4061 4061 4060 4060 4060 4060 4060 4060
121 1777388479 3556 3701 3673 3653 3588 552 281 3597 4061 4061 4060 4060 4060 4060 4060 4060
122 1777388479 3556 3700 3673 3652 3587 533 282 3596 4061 4061 4061 4061 4061 4061 4061 4061
123 1777388479 3555 3700 3673 3652 3588 584 273 3596 4061 4061 4060 4060 4060 4060 4060 4060
124 1777388479 3556 3700 3673 3652 3587 565 280 3596 4061 4061 4060 4060 4060 4060 4060 4060
125 1777388479 3557 3702 3674 3654 3589 583 273 597 4061 4061 4060 4060 4060 4060 4060 4060
126 1777388480 3556 3701 3673 3652 3587 563 280 3596 4061 4061 4061 4061 4061 4061 4061 4061
127 1777388480 3558 3703 3675 3654 3590 565 280 602 4061 4061 4060 4060 4060 4060 4060 4060
128 1777388480 3555 3701 3673 3652 3587 530 282 3596 4061 4061 4061 4061 4061 4061 4061 4061
129 1777388480 3555 3700 3672 3652 3587 564 279 3596 4061 4061 4060 4060 4060 4060 4060 4060
130 1777388480 3556 3701 3673 3652 3588 558 281 3596 4061 4061 4060 4060 4060 4060 4060 4060
131 1777388480 3555 3700 3672 3651 3586 561 280 3595 4061 4061 4061 4061 4061 4061 4061 4061
132 1777388480 3556 3701 3673 3652 3588 564 280 3597 4061 4061 4061 4061 4061 4061 4061 4061
133 1777388480 3556 3700 3673 3652 3588 559 281 3596 4061 4061 4061 4061 4061 4061 4061 4061
134 1777388480 3556 3701 3674 3653 3589 525 282 3597 4061 4061 4060 4060 4060 4060 4060 4060
135 1777388480 3556 3701 3673 3653 3588 560 281 3597 4061 4061 4060 4060 4060 4060 4060 4060
136 1777388480 3559 3703 3676 3655 3590 578 276 592 4061 4061 4061 4061 4061 4061 4061 4061
137 1777388480 3556 3700 3673 3651 3587 562 280 3596 4061 4061 4061 4061 4061 4061 4061 4061
138 1777388480 3558 3703 3675 3654 3590 577 276 592 4061 4061 4060 4060 4060 4060 4060 4060
139 1777388480 3557 3702 3674 3654 3589 540 282 3597 4061 4061 4060 4060 4060 4060 4060 4060
140 1777388480 3558 3703 3675 3654 3590 575 278 3598 4061 4061 4061 4061 4061 4061 4061 4061
141 1777388480 3557 3702 3674 3653 3588 559 281 587 4061 4061 4061 4061 4061 4061 4061 4061
142 1777388480 3556 3701 3673 3652 3588 562 280 3596 4061 4061 4061 4061 4061 4061 4061 4061
143 1777388480 3556 3701 3673 3652 3588 552 282 3597 4061 4061 4060 4060 4060 4060 4060 4060
144 1777388480 3556 3700 3673 3652 3587 563 280 3596 4061 4061 4060 4060 4060 4060 4060 4060
145 1777388480 3556 3701 3673 3652 3588 578 276 3597 4061 4061 4060 4060 4060 4060 4060 4060
146 1777388480 3556 3701 3674 3653 3588 573 278 3596 4061 4061 4060 4060 4060 4060 4060 4060
147 1777388480 3556 3701 3673 3652 3587 561 281 3596 4061 4061 4060 4060 4060 4060 4060 4060
148 1777388480 3557 3702 3674 3653 3589 564 280 3598 4061 4061 4060 4060 4060 4060 4060 4060
149 1777388481 3557 3701 3673 3652 3588 543 282 3597 4061 4061 4061 4061 4061 4061 4061 4061
150 1777388481 3557 3701 3673 3653 3589 551 282 3598 4061 4061 4060 4060 4060 4060 4060 4060
151 1777388481 3556 3701 3674 3652 3588 551 281 3597 4061 4061 4061 4061 4061 4061 4061 4061
152 1777388481 3555 3700 3672 3651 3587 547 282 3596 4061 4061 4060 4060 4060 4060 4060 4060
153 1777388481 3557 3703 3674 3654 3590 553 281 589 4061 4061 4060 4060 4060 4060 4060 4060
154 1777388481 3555 3700 3673 3652 3588 547 282 3596 4061 4061 4061 4061 4061 4061 4061 4061
155 1777388481 3556 3701 3674 3652 3588 542 282 3597 4061 4061 4060 4060 4060 4060 4060 4060
156 1777388481 3556 3701 3674 3653 3589 545 281 3598 4063 4061 4061 4061 4061 4061 4061 4061
157 1777388481 3557 3701 3673 3652 3588 554 282 3597 4061 4061 4060 4060 4060 4060 4060 4060
158 1777388481 3557 3701 3674 3652 3588 565 280 3598 4061 4061 4060 4060 4060 4060 4060 4060
159 1777388481 3557 3701 3673 3652 3588 560 281 3597 4061 4061 4061 4061 4061 4061 4061 4061
160 1777388481 3557 3702 3675 3653 3589 564 280 617 4063 4061 4061 4061 4061 4061 4061 4061
161 1777388481 3557 3701 3674 3652 3588 561 281 3596 4061 4061 4060 4060 4060 4060 4060 4060
162 1777388481 3557 3701 3673 3652 3588 568 280 3596 4061 4061 4060 4060 4060 4060 4060 4060
163 1777388481 3556 3701 3673 3652 3588 533 283 3597 4061 4061 4060 4060 4060 4060 4060 4060
164 1777388481 3557 3702 3674 3653 3589 567 279 3598 4061 4061 4060 4060 4060 4060 4060 4060
165 1777388481 3559 3704 3676 3655 3591 572 279 589 4061 4061 4061 4061 4061 4061 4061 4061
166 1777388481 3556 3701 3673 3652 3588 546 282 3597 4061 4061 4060 4060 4060 4060 4060 4060
167 1777388481 3556 3701 3673 3652 3588 540 282 3597 4061 4061 4061 4061 4061 4061 4061 4061
168 1777388481 3556 3701 3673 3652 3587 555 282 3596 4061 4061 4061 4061 4061 4061 4061 4061
169 1777388481 3559 3704 3676 3655 3591 559 281 598 4061 4061 4060 4060 4060 4060 4060 4060
170 1777388481 3557 3702 3675 3653 3589 549 282 599 4061 4061 4061 4061 4061 4061 4061 4061
171 1777388482 3556 3701 3673 3652 3588 534 283 3597 4061 4061 4060 4060 4060 4060 4060 4060
172 1777388482 3558 3703 3675 3655 3590 562 281 612 4061 4061 4060 4060 4060 4060 4060 4060
173 1777388482 3558 3703 3675 3654 3590 559 281 617 4061 4061 4060 4060 4060 4060 4060 4060
174 1777388482 3558 3703 3675 3654 3591 573 278 611 4061 4061 4060 4060 4060 4060 4060 4060
175 1777388482 3556 3701 3674 3653 3588 550 282 3597 4061 4061 4060 4060 4060 4060 4060 4060
176 1777388482 3558 3703 3675 3654 3589 577 277 614 4061 4061 4060 4060 4060 4060 4060 4060
177 1777388482 3556 3701 3673 3652 3588 574 278 3597 4061 4061 4061 4061 4061 4061 4061 4061
178 1777388482 3557 3702 3675 3653 3589 549 281 3597 4061 4061 4061 4061 4061 4061 4061 4061
179 1777388482 3558 3703 3675 3654 3589 567 281 603 4061 4061 4060 4060 4060 4060 4060 4060
180 1777388482 3556 3701 3673 3652 3588 551 282 3597 4063 4063 4062 4062 4062 4062 4062 4062
181 1777388482 3557 3702 3674 3653 3589 557 282 3597 4061 4061 4060 4060 4060 4060 4060 4060
182 1777388482 3557 3701 3674 3653 3588 556 282 3597 4061 4061 4061 4061 4061 4061 4061 4061
183 1777388482 3559 3703 3676 3655 3591 561 281 595 4061 4061 4060 4060 4060 4060 4060 4060
184 1777388482 3558 3703 3675 3654 3589 558 282 614 4061 4061 4060 4060 4060 4060 4060 4060
185 1777388482 3556 3702 3674 3652 3588 561 281 3597 4061 4061 4060 4060 4060 4060 4060 4060
186 1777388482 3558 3703 3675 3654 3590 544 282 577 4061 4061 4060 4060 4060 4060 4060 4060
187 1777388482 3557 3702 3674 3653 3589 540 282 3597 4061 4061 4061 4061 4061 4061 4061 4061
188 1777388482 3558 3703 3675 3654 3590 563 281 631 4061 4061 4060 4060 4060 4060 4060 4060
189 1777388482 3558 3703 3675 3654 3590 576 278 599 4061 4061 4061 4061 4061 4061 4061 4061
190 1777388482 3556 3701 3673 3652 3587 525 284 3596 4061 4061 4060 4060 4060 4060 4060 4060
191 1777388482 3557 3702 3674 3654 3589 547 283 3597 4061 4061 4061 4061 4061 4061 4061 4061
192 1777388483 3556 3701 3673 3653 3588 549 282 3597 4061 4061 4061 4061 4061 4061 4061 4061
193 1777388483 3558 3703 3676 3655 3590 564 280 609 4061 4061 4061 4061 4061 4061 4061 4061
194 1777388483 3558 3703 3676 3655 3590 553 281 597 4061 4061 4061 4061 4061 4061 4061 4061
195 1777388483 3559 3703 3676 3655 3590 568 280 578 4061 4061 4061 4061 4061 4061 4061 4061
196 1777388483 3558 3702 3675 3654 3589 575 277 603 4061 4061 4060 4060 4060 4060 4060 4060
197 1777388483 3557 3701 3673 3653 3588 531 283 3596 4061 4061 4060 4060 4060 4060 4060 4060
198 1777388483 3557 3702 3675 3654 3589 554 282 3598 4063 4061 4061 4061 4061 4061 4061 4061
199 1777388483 3556 3701 3674 3652 3588 574 279 3597 4061 4061 4061 4061 4061 4061 4061 4061
200 1777388483 3557 3702 3673 3653 3589 559 282 3598 4061 4061 4060 4060 4060 4060 4060 4060
201 1777388483 3560 3704 3677 3656 3591 559 281 588 4061 4061 4061 4061 4061 4061 4061 4061
202 1777388483 3556 3701 3673 3652 3588 569 280 3596 4061 4061 4061 4061 4061 4061 4061 4061
203 1777388483 3558 3703 3675 3654 3590 545 282 599 4061 4061 4060 4060 4060 4060 4060 4060
204 1777388483 3557 3702 3674 3653 3588 558 281 3597 4061 4061 4060 4060 4060 4060 4060 4060
205 1777388483 3557 3702 3674 3653 3589 574 279 3597 4061 4061 4060 4060 4060 4060 4060 4060
206 1777388483 3558 3703 3675 3653 3589 571 279 608 4061 4061 4061 4061 4061 4061 4061 4061
207 1777388483 3555 3700 3672 3651 3587 554 280 3595 4063 4063 4062 4062 4062 4062 4062 4062
208 1777388483 3557 3701 3674 3653 3588 559 279 581 4061 4061 4061 4061 4061 4061 4061 4061
209 1777388483 3554 3699 3672 3651 3586 571 277 3595 4061 4061 4061 4061 4061 4061 4061 4061
210 1777388483 3554 3699 3672 3651 3587 534 281 3595 4061 4061 4060 4060 4060 4060 4060 4060
211 1777388483 3555 3700 3672 3651 3586 544 280 3595 4061 4061 4060 4060 4060 4060 4060 4060
212 1777388483 3555 3700 3672 3651 3586 542 281 3594 4061 4061 4060 4060 4060 4060 4060 4060
213 1777388483 3555 3699 3672 3651 3587 552 280 3596 4063 4061 4061 4061 4061 4061 4061 4061
214 1777388483 3557 3701 3673 3653 3588 562 279 585 4061 4061 4060 4060 4060 4060 4060 4060
215 1777388483 3557 3702 3674 3653 3588 560 279 590 4061 4061 4060 4060 4060 4060 4060 4060
216 1777388483 3555 3699 3672 3651 3586 557 279 3595 4061 4060 4060 4060 4060 4060 4060 4060
217 1777388484 3554 3700 3672 3651 3586 568 278 3595 4061 4061 4060 4060 4060 4060 4060 4060
218 1777388484 3555 3700 3672 3651 3587 552 280 3595 4061 4061 4060 4060 4060 4060 4060 4060
219 1777388484 3556 3700 3672 3651 3587 578 274 616 4061 4061 4061 4061 4061 4061 4061 4061
220 1777388484 3555 3699 3672 3651 3586 558 280 3595 4061 4061 4061 4061 4061 4061 4061 4061
221 1777388484 3554 3698 3671 3650 3586 572 276 3595 4061 4061 4060 4060 4060 4060 4060 4060
222 1777388484 3555 3700 3672 3652 3587 522 281 3596 4061 4061 4060 4060 4060 4060 4060 4060
223 1777388484 3556 3701 3673 3652 3588 574 276 603 4061 4061 4060 4060 4060 4060 4060 4060
224 1777388484 3556 3701 3673 3652 3588 587 268 625 4057 4057 4056 4056 4056 4056 4056 4056
225 1777388484 3554 3698 3671 3650 3586 542 280 3595 4061 4061 4061 4061 4061 4061 4061 4061
226 1777388484 3555 3700 3672 3651 3587 525 282 3595 4061 4061 4060 4060 4060 4060 4060 4060
227 1777388484 3555 3700 3672 3651 3587 558 280 3595 4061 4061 4061 4061 4061 4061 4061 4061
228 1777388484 3557 3702 3674 3653 3589 567 277 617 4061 4061 4061 4061 4061 4061 4061 4061
229 1777388484 3557 3701 3674 3653 3588 570 277 580 4061 4061 4061 4061 4061 4061 4061 4061
230 1777388484 3555 3700 3672 3651 3587 560 279 3596 4061 4061 4061 4061 4061 4061 4061 4061
231 1777388484 3556 3700 3673 3652 3587 570 277 3596 4061 4061 4061 4061 4061 4061 4061 4061
232 1777388484 3555 3700 3672 3651 3587 551 280 3596 4061 4061 4061 4061 4061 4061 4061 4061
233 1777388484 3556 3700 3672 3651 3587 558 280 3596 4061 4061 4061 4061 4061 4061 4061 4061
234 1777388484 3554 3699 3671 3651 3586 565 278 3595 4061 4061 4061 4061 4061 4061 4061 4061
235 1777388484 3556 3700 3672 3652 3587 554 280 3595 4061 4061 4061 4061 4061 4061 4061 4061
236 1777388484 3555 3699 3672 3651 3586 577 275 3595 4061 4061 4061 4061 4061 4061 4061 4061
237 1777388484 3555 3701 3673 3651 3587 564 279 3595 4061 4061 4060 4060 4060 4060 4060 4060
238 1777388484 3555 3699 3671 3650 3586 561 279 3595 4061 4061 4060 4060 4060 4060 4060 4060
239 1777388484 3557 3701 3674 3653 3588 544 280 571 4061 4061 4060 4060 4060 4060 4060 4060
240 1777388484 3555 3700 3672 3651 3587 551 280 3596 4061 4061 4061 4061 4061 4061 4061 4061
241 1777388484 3555 3700 3672 3651 3586 545 281 3596 4061 4061 4061 4061 4061 4061 4061 4061
242 1777388484 3556 3701 3672 3651 3587 539 281 3596 4063 4063 4062 4062 4062 4062 4062 4062
243 1777388484 3555 3700 3671 3651 3586 551 280 3595 4061 4061 4060 4060 4060 4060 4060 4060
244 1777388485 3555 3700 3673 3652 3587 556 279 3596 4061 4061 4060 4060 4060 4060 4060 4060
245 1777388485 3555 3700 3672 3651 3587 542 281 3596 4061 4061 4060 4060 4060 4060 4060 4060
246 1777388485 3556 3701 3673 3653 3589 561 279 600 4061 4061 4061 4061 4061 4061 4061 4061
247 1777388485 3554 3699 3671 3651 3586 539 280 3595 4061 4061 4060 4060 4060 4060 4060 4060
248 1777388485 3555 3699 3672 3651 3587 561 279 3595 4059 4059 4059 4059 4059 4059 4059 4059
249 1777388485 3557 3702 3674 3654 3589 570 277 609 4061 4061 4061 4061 4061 4061 4061 4061
250 1777388485 3557 3701 3674 3653 3588 558 279 566 4061 4061 4061 4061 4061 4061 4061 4061
251 1777388485 3557 3702 3675 3653 3589 552 280 1255 4061 4061 4061 4061 4061 4061 4061 4061
252 1777388485 3555 3699 3672 3651 3587 543 281 3594 4061 4061 4060 4060 4060 4060 4060 4060
253 1777388485 3555 3700 3672 3651 3587 552 281 3595 4061 4061 4060 4060 4060 4060 4060 4060
254 1777388485 3557 3702 3675 3653 3589 566 278 589 4061 4061 4060 4060 4060 4060 4060 4060
255 1777388485 3555 3699 3672 3650 3586 550 281 3595 4057 4057 4056 4056 4056 4056 4056 4056
256 1777388485 3557 3702 3674 3653 3588 562 279 609 4061 4061 4060 4060 4060 4060 4060 4060
257 1777388485 3555 3700 3673 3652 3587 558 280 3595 4061 4061 4060 4060 4060 4060 4060 4060
258 1777388485 3556 3700 3673 3652 3587 557 281 3596 4061 4061 4061 4061 4061 4061 4061 4061
259 1777388485 3555 3700 3672 3651 3586 551 280 3595 4061 4061 4060 4060 4060 4060 4060 4060
260 1777388485 3556 3701 3674 3653 3588 560 279 607 4061 4061 4061 4061 4061 4061 4061 4061
261 1777388485 3557 3701 3674 3653 3589 546 281 569 4061 4061 4060 4060 4060 4060 4060 4060
262 1777388485 3556 3701 3673 3652 3588 575 276 597 4061 4061 4060 4060 4060 4060 4060 4060
263 1777388485 3555 3699 3672 3651 3587 543 281 3595 4061 4061 4061 4061 4061 4061 4061 4061
264 1777388485 3555 3700 3672 3651 3587 559 279 3595 4063 4063 4062 4062 4062 4062 4062 4062
265 1777388485 3556 3701 3673 3652 3587 538 281 3596 4061 4061 4061 4061 4061 4061 4061 4061
266 1777388486 3556 3701 3674 3653 3588 555 280 3597 4061 4061 4060 4060 4060 4060 4060 4060
267 1777388486 3557 3702 3674 3653 3589 564 278 588 4061 4061 4061 4061 4061 4061 4061 4061
268 1777388486 3555 3699 3671 3651 3586 555 280 3595 4061 4061 4061 4061 4061 4061 4061 4061
269 1777388486 3558 3703 3675 3654 3589 555 281 590 4061 4061 4060 4060 4060 4060 4060 4060
270 1777388486 3556 3700 3673 3652 3587 568 278 3596 4063 4061 4061 4061 4061 4061 4061 4061
271 1777388486 3556 3701 3673 3653 3588 568 278 620 4061 4061 4060 4060 4060 4060 4060 4060
272 1777388486 3557 3702 3675 3654 3589 563 279 591 4061 4061 4061 4061 4061 4061 4061 4061
273 1777388486 3556 3700 3673 3652 3587 553 281 3596 4061 4061 4060 4060 4060 4060 4060 4060
274 1777388486 3557 3701 3674 3653 3588 542 281 594 4063 4063 4062 4062 4062 4062 4062 4062
275 1777388486 3555 3700 3673 3652 3588 572 277 3595 4061 4061 4061 4061 4061 4061 4061 4061
276 1777388486 3558 3703 3675 3654 3590 564 279 596 4061 4061 4060 4060 4060 4060 4060 4060
277 1777388486 3555 3699 3672 3651 3587 560 279 3595 4063 4063 4062 4062 4062 4062 4062 4062
278 1777388486 3556 3700 3673 3652 3587 557 280 3596 4061 4061 4060 4060 4060 4060 4060 4060
279 1777388486 3555 3700 3672 3651 3587 548 280 3596 4061 4061 4061 4061 4061 4061 4061 4061
280 1777388486 3556 3701 3673 3652 3588 552 281 3596 4061 4061 4060 4060 4060 4060 4060 4060
281 1777388486 3557 3702 3674 3653 3589 557 280 607 4061 4061 4061 4061 4061 4061 4061 4061
282 1777388486 3554 3699 3671 3650 3586 545 281 3595 4061 4061 4060 4060 4060 4060 4060 4060
283 1777388486 3555 3700 3672 3652 3587 549 281 3595 4061 4061 4060 4060 4060 4060 4060 4060
284 1777388486 3556 3700 3673 3652 3587 567 279 3596 4061 4061 4060 4060 4060 4060 4060 4060
285 1777388486 3557 3702 3674 3653 3588 565 279 616 4061 4061 4061 4061 4061 4061 4061 4061
286 1777388486 3556 3701 3673 3652 3588 565 279 3596 4061 4061 4060 4060 4060 4060 4060 4060
287 1777388486 3555 3700 3672 3652 3587 553 280 3596 4061 4061 4060 4060 4060 4060 4060 4060
288 1777388486 3556 3701 3673 3652 3587 565 279 3596 4061 4061 4060 4060 4060 4060 4060 4060
289 1777388486 3558 3702 3675 3654 3590 558 279 620 4061 4061 4060 4060 4060 4060 4060 4060
290 1777388486 3555 3700 3673 3651 3587 541 281 3596 4061 4061 4060 4060 4060 4060 4060 4060
291 1777388486 3556 3700 3673 3652 3588 556 280 3597 4061 4061 4061 4061 4061 4061 4061 4061
292 1777388486 3555 3700 3673 3652 3588 571 278 3596 4061 4061 4061 4061 4061 4061 4061 4061
293 1777388487 3556 3700 3672 3652 3588 558 280 3597 4061 4061 4061 4061 4061 4061 4061 4061
294 1777388487 3556 3700 3673 3652 3587 562 280 3596 4061 4061 4061 4061 4061 4061 4061 4061
295 1777388487 3556 3700 3673 3652 3588 562 280 3597 4061 4061 4060 4060 4060 4060 4060 4060
296 1777388487 3557 3702 3674 3653 3589 572 278 610 4061 4061 4061 4061 4061 4061 4061 4061
297 1777388487 3555 3700 3673 3651 3586 578 275 3596 4061 4061 4061 4061 4061 4061 4061 4061
298 1777388487 3556 3700 3673 3652 3587 545 281 3596 4061 4061 4061 4061 4061 4061 4061 4061
299 1777388487 3557 3702 3674 3653 3589 565 279 589 4061 4061 4061 4061 4061 4061 4061 4061
300 1777388487 3556 3701 3673 3652 3587 562 280 3596 4061 4061 4061 4061 4061 4061 4061 4061
301 1777388487 3557 3702 3674 3654 3589 574 277 604 4061 4061 4060 4060 4060 4060 4060 4060
302 1777388487 3557 3702 3674 3653 3589 560 279 624 4061 4061 4061 4061 4061 4061 4061 4061
303 1777388487 3557 3702 3675 3654 3590 556 280 602 4063 4061 4061 4061 4061 4061 4061 4061
304 1777388487 3556 3701 3673 3652 3588 562 279 3596 4061 4061 4060 4060 4060 4060 4060 4060
305 1777388487 3557 3702 3674 3653 3589 550 280 3597 4061 4061 4060 4060 4060 4060 4060 4060
306 1777388487 3556 3701 3673 3652 3587 562 280 3596 4061 4061 4061 4061 4061 4061 4061 4061
307 1777388487 3556 3701 3673 3652 3587 534 282 3597 4061 4061 4061 4061 4061 4061 4061 4061
308 1777388487 3555 3700 3673 3652 3587 548 281 3596 4061 4061 4060 4060 4060 4060 4060 4060
309 1777388487 3557 3702 3675 3654 3589 554 281 587 4061 4061 4061 4061 4061 4061 4061 4061
310 1777388487 3555 3700 3672 3651 3587 548 281 3596 4061 4061 4061 4061 4061 4061 4061 4061
311 1777388487 3556 3700 3673 3652 3588 545 281 3597 4061 4061 4060 4060 4060 4060 4060 4060
312 1777388487 3557 3702 3674 3653 3588 554 281 595 4061 4061 4061 4061 4061 4061 4061 4061
313 1777388487 3555 3700 3672 3652 3587 558 280 3596 4061 4061 4060 4060 4060 4060 4060 4060
314 1777388487 3555 3701 3672 3651 3587 549 282 3595 4061 4061 4061 4061 4061 4061 4061 4061
315 1777388487 3557 3701 3673 3652 3588 553 281 3597 4061 4061 4060 4060 4060 4060 4060 4060
316 1777388487 3556 3700 3673 3652 3587 535 282 3596 4061 4061 4061 4061 4061 4061 4061 4061
317 1777388487 3556 3700 3673 3652 3588 562 281 3597 4061 4061 4060 4060 4060 4060 4060 4060
318 1777388487 3555 3699 3672 3651 3587 568 279 3596 4061 4061 4061 4061 4061 4061 4061 4061
319 1777388487 3556 3700 3673 3652 3587 566 279 3597 4061 4061 4061 4061 4061 4061 4061 4061
320 1777388487 3556 3701 3673 3652 3588 568 279 3596 4061 4061 4060 4060 4060 4060 4060 4060
321 1777388487 3556 3700 3673 3652 3588 574 276 3597 4061 4061 4060 4060 4060 4060 4060 4060
322 1777388487 3556 3700 3673 3652 3588 567 279 3596 4061 4061 4060 4060 4060 4060 4060 4060
323 1777388487 3555 3700 3672 3651 3587 536 282 3595 4061 4061 4060 4060 4060 4060 4060 4060
324 1777388487 3555 3700 3673 3651 3587 547 281 3594 4061 4061 4061 4061 4061 4061 4061 4061
325 1777388488 3556 3700 3673 3652 3587 570 278 3597 4061 4061 4060 4060 4060 4060 4060 4060
326 1777388488 3556 3700 3673 3652 3588 551 280 3596 4061 4061 4061 4061 4061 4061 4061 4061
327 1777388488 3556 3701 3673 3652 3588 561 280 3597 4061 4061 4061 4061 4061 4061 4061 4061
328 1777388488 3557 3702 3673 3653 3588 547 281 3597 4061 4061 4060 4060 4060 4060 4060 4060
329 1777388488 3555 3700 3672 3651 3587 560 280 3596 4061 4061 4061 4061 4061 4061 4061 4061
330 1777388488 3556 3701 3673 3652 3588 546 281 3596 4061 4061 4061 4061 4061 4061 4061 4061
331 1777388488 3555 3700 3672 3652 3587 568 279 3596 4061 4061 4061 4061 4061 4061 4061 4061
332 1777388488 3556 3700 3673 3652 3587 559 279 3597 4061 4061 4060 4060 4060 4060 4060 4060
333 1777388488 3556 3701 3673 3652 3588 570 278 3597 4061 4061 4060 4060 4060 4060 4060 4060
334 1777388488 3555 3700 3672 3651 3587 547 281 3596 4061 4061 4061 4061 4061 4061 4061 4061
335 1777388488 3556 3700 3673 3652 3588 566 279 3597 4061 4061 4060 4060 4060 4060 4060 4060
336 1777388488 3557 3701 3674 3653 3589 549 281 3597 4061 4061 4060 4060 4060 4060 4060 4060
337 1777388488 3558 3702 3675 3654 3589 556 280 609 4061 4061 4060 4060 4060 4060 4060 4060
338 1777388488 3557 3701 3673 3653 3589 557 280 3596 4061 4061 4060 4060 4060 4060 4060 4060
339 1777388488 3558 3703 3675 3654 3589 542 282 594 4061 4061 4061 4061 4061 4061 4061 4061
340 1777388488 3555 3700 3673 3652 3587 569 279 3596 4061 4061 4061 4061 4061 4061 4061 4061
341 1777388488 3556 3700 3673 3652 3588 541 282 3596 4061 4061 4061 4061 4061 4061 4061 4061
342 1777388488 3556 3701 3673 3652 3587 549 281 3596 4061 4061 4060 4060 4060 4060 4060 4060
343 1777388488 3558 3703 3675 3654 3590 546 281 599 4061 4061 4061 4061 4061 4061 4061 4061
344 1777388488 3556 3701 3673 3652 3588 567 280 3596 4061 4061 4060 4060 4060 4060 4060 4060
345 1777388488 3558 3703 3675 3654 3589 571 278 611 4061 4061 4060 4060 4060 4060 4060 4060
346 1777388488 3556 3701 3673 3652 3587 572 278 3596 4061 4061 4060 4060 4060 4060 4060 4060
347 1777388488 3557 3702 3675 3654 3589 572 278 596 4061 4061 4060 4060 4060 4060 4060 4060
348 1777388488 3556 3701 3673 3652 3588 565 280 3597 4061 4061 4061 4061 4061 4061 4061 4061
349 1777388488 3557 3701 3674 3653 3588 574 277 3597 4061 4061 4061 4061 4061 4061 4061 4061
350 1777388488 3556 3701 3673 3652 3588 551 281 3596 4061 4061 4061 4061 4061 4061 4061 4061
351 1777388488 3556 3700 3672 3652 3587 545 281 3596 4061 4061 4061 4061 4061 4061 4061 4061
352 1777388488 3556 3701 3673 3651 3587 549 281 3596 4061 4061 4061 4061 4061 4061 4061 4061
353 1777388488 3557 3701 3673 3653 3588 578 276 3597 4061 4061 4061 4061 4061 4061 4061 4061
354 1777388488 3556 3700 3673 3652 3588 531 282 3596 4061 4061 4060 4060 4060 4060 4060 4060
355 1777388488 3557 3702 3674 3653 3589 566 279 624 4061 4061 4060 4060 4060 4060 4060 4060
356 1777388488 3557 3702 3674 3653 3589 555 281 619 4061 4061 4061 4061 4061 4061 4061 4061
357 1777388489 3556 3700 3672 3652 3587 555 281 3596 4061 4061 4061 4061 4061 4061 4061 4061
358 1777388489 3557 3702 3674 3653 3589 559 280 605 4063 4063 4062 4062 4062 4062 4062 4062
359 1777388489 3556 3701 3673 3652 3588 554 281 3596 4061 4061 4060 4060 4060 4060 4060 4060
360 1777388489 3556 3702 3674 3652 3588 555 281 3597 4063 4063 4062 4062 4062 4062 4062 4062
361 1777388489 3556 3700 3673 3652 3588 562 280 3597 4061 4061 4061 4061 4061 4061 4061 4061
362 1777388489 3556 3701 3673 3653 3588 553 281 3598 4061 4061 4061 4061 4061 4061 4061 4061
363 1777388489 3556 3701 3673 3652 3588 538 282 3597 4061 4061 4060 4060 4060 4060 4060 4060
364 1777388489 3557 3702 3674 3653 3589 545 282 3598 4061 4061 4061 4061 4061 4061 4061 4061
365 1777388489 3556 3701 3673 3652 3588 548 281 3597 4061 4061 4060 4060 4060 4060 4060 4060
366 1777388489 3555 3701 3673 3652 3587 561 280 3596 4061 4061 4061 4061 4061 4061 4061 4061
367 1777388489 3556 3701 3673 3652 3588 568 278 3597 4061 4061 4060 4060 4060 4060 4060 4060
368 1777388489 3556 3701 3673 3652 3588 547 281 3597 4061 4061 4061 4061 4061 4061 4061 4061
369 1777388489 3556 3700 3673 3652 3588 560 280 3597 4061 4061 4060 4060 4060 4060 4060 4060
370 1777388489 3556 3701 3673 3652 3588 551 281 3596 4061 4061 4060 4060 4060 4060 4060 4060
371 1777388489 3556 3700 3673 3652 3587 544 282 3596 4061 4061 4061 4061 4061 4061 4061 4061
372 1777388489 3556 3701 3674 3652 3588 569 279 3597 4061 4061 4060 4060 4060 4060 4060 4060
373 1777388489 3558 3702 3674 3654 3590 558 280 598 4061 4061 4061 4061 4061 4061 4061 4061
374 1777388489 3557 3702 3674 3653 3589 558 281 3597 4059 4059 4059 4059 4059 4059 4059 4059
375 1777388489 3557 3702 3674 3653 3588 556 281 3597 4061 4061 4061 4061 4061 4061 4061 4061
376 1777388489 3558 3702 3675 3654 3589 562 280 606 4061 4061 4060 4060 4060 4060 4060 4060
377 1777388489 3557 3701 3673 3652 3588 545 281 3597 4061 4061 4060 4060 4060 4060 4060 4060
378 1777388489 3556 3701 3673 3652 3588 550 282 3596 4061 4061 4061 4061 4061 4061 4061 4061
379 1777388489 3558 3702 3675 3654 3589 564 281 3599 4063 4063 4062 4062 4062 4062 4062 4062
380 1777388489 3556 3701 3673 3652 3588 567 279 3597 4061 4061 4060 4060 4060 4060 4060 4060
381 1777388489 3558 3702 3675 3654 3589 561 280 595 4061 4061 4060 4060 4060 4060 4060 4060
382 1777388489 3556 3700 3673 3652 3587 559 280 3596 4061 4061 4060 4060 4060 4060 4060 4060
383 1777388489 3556 3702 3674 3653 3588 558 281 611 4061 4061 4061 4061 4061 4061 4061 4061
384 1777388489 3557 3701 3673 3652 3588 561 280 3596 4061 4061 4061 4061 4061 4061 4061 4061
385 1777388489 3556 3701 3673 3653 3588 572 278 3597 4061 4061 4060 4060 4060 4060 4060 4060
386 1777388489 3559 3704 3676 3655 3590 564 280 602 4061 4061 4060 4060 4060 4060 4060 4060
387 1777388489 3556 3700 3673 3652 3588 562 280 3595 4061 4061 4061 4061 4061 4061 4061 4061
388 1777388489 3557 3702 3674 3653 3589 563 280 3598 4061 4061 4061 4061 4061 4061 4061 4061
389 1777388490 3557 3701 3674 3653 3588 555 281 3597 4061 4061 4060 4060 4060 4060 4060 4060
390 1777388490 3557 3701 3673 3653 3588 561 281 3596 4061 4061 4060 4060 4060 4060 4060 4060
391 1777388490 3556 3701 3673 3652 3588 555 281 3597 4061 4061 4060 4060 4060 4060 4060 4060
392 1777388490 3556 3701 3674 3653 3588 553 282 3597 4061 4059 4059 4059 4059 4059 4059 4059
393 1777388490 3556 3701 3673 3653 3588 584 274 3597 4061 4061 4060 4060 4060 4060 4060 4060
394 1777388490 3558 3702 3675 3654 3589 560 280 586 4061 4061 4061 4061 4061 4061 4061 4061
395 1777388490 3556 3701 3672 3652 3587 562 280 3595 4061 4061 4060 4060 4060 4060 4060 4060
396 1777388490 3557 3701 3674 3653 3588 574 279 3597 4061 4061 4061 4061 4061 4061 4061 4061
397 1777388490 3556 3700 3673 3652 3588 568 280 3596 4061 4061 4060 4060 4060 4060 4060 4060
398 1777388490 3557 3703 3675 3654 3589 549 281 587 4061 4061 4061 4061 4061 4061 4061 4061
399 1777388490 3556 3701 3673 3652 3589 551 281 3597 4061 4061 4061 4061 4061 4061 4061 4061
400 1777388490 3556 3700 3673 3651 3587 571 279 3597 4061 4061 4060 4060 4060 4060 4060 4060
401 1777388490 3556 3701 3673 3652 3588 540 282 3597 4061 4061 4060 4060 4060 4060 4060 4060
402 1777388490 3558 3703 3676 3654 3590 563 280 616 4061 4061 4061 4061 4061 4061 4061 4061
403 1777388490 3557 3702 3674 3653 3589 565 280 3597 4061 4061 4061 4061 4061 4061 4061 4061
404 1777388490 3557 3702 3674 3653 3589 555 282 3598 4061 4061 4061 4061 4061 4061 4061 4061
405 1777388490 3557 3701 3674 3653 3589 551 281 3597 4061 4061 4060 4060 4060 4060 4060 4060
406 1777388490 3557 3702 3674 3653 3589 545 282 3598 4061 4061 4061 4061 4061 4061 4061 4061
407 1777388490 3556 3701 3673 3652 3588 555 281 3597 4061 4061 4061 4061 4061 4061 4061 4061
408 1777388490 3555 3701 3673 3652 3588 554 281 3597 4061 4061 4061 4061 4061 4061 4061 4061
409 1777388490 3557 3702 3674 3653 3589 553 281 3597 4061 4061 4060 4060 4060 4060 4060 4060
410 1777388490 3557 3701 3673 3652 3588 557 281 3598 4063 4063 4062 4062 4062 4062 4062 4062
411 1777388490 3556 3701 3673 3652 3588 574 278 3595 4061 4061 4060 4060 4060 4060 4060 4060
412 1777388490 3558 3703 3675 3655 3590 544 282 3599 4061 4061 4061 4061 4061 4061 4061 4061
413 1777388490 3557 3702 3675 3654 3589 566 280 618 4061 4061 4060 4060 4060 4060 4060 4060
414 1777388490 3559 3703 3675 3655 3590 552 282 585 4061 4061 4061 4061 4061 4061 4061 4061
415 1777388490 3556 3701 3673 3652 3588 537 282 3597 4061 4061 4060 4060 4060 4060 4060 4060
416 1777388490 3559 3703 3676 3655 3591 560 281 602 4061 4061 4060 4060 4060 4060 4060 4060
417 1777388490 3556 3701 3673 3652 3588 554 281 3597 4061 4061 4061 4061 4061 4061 4061 4061
418 1777388490 3559 3704 3676 3655 3591 561 281 635 4061 4061 4061 4061 4061 4061 4061 4061
419 1777388490 3557 3702 3674 3653 3588 557 282 3597 4061 4061 4061 4061 4061 4061 4061 4061
420 1777388490 3558 3702 3675 3654 3590 567 279 601 4061 4061 4060 4060 4060 4060 4060 4060
421 1777388490 3556 3700 3673 3652 3587 555 282 3596 4061 4061 4061 4061 4061 4061 4061 4061
422 1777388490 3557 3701 3673 3653 3588 545 282 3597 4061 4061 4061 4061 4061 4061 4061 4061
423 1777388490 3558 3703 3675 3654 3590 571 279 580 4063 4063 4062 4062 4062 4062 4062 4062
424 1777388491 3557 3702 3674 3653 3589 561 281 3598 4061 4061 4061 4061 4061 4061 4061 4061
425 1777388491 3558 3703 3675 3654 3590 565 280 633 4061 4061 4061 4061 4061 4061 4061 4061
426 1777388491 3557 3703 3675 3655 3590 573 278 613 4061 4061 4061 4061 4061 4061 4061 4061
427 1777388491 3557 3701 3673 3653 3588 570 279 3597 4061 4061 4060 4060 4060 4060 4060 4060
428 1777388491 3557 3702 3674 3653 3589 566 280 3598 4061 4061 4061 4061 4061 4061 4061 4061
429 1777388491 3557 3701 3674 3653 3589 574 278 3597 4061 4061 4060 4060 4060 4060 4060 4060
430 1777388491 3558 3703 3674 3653 3589 565 280 3597 4061 4061 4060 4060 4060 4060 4060 4060
431 1777388491 3557 3702 3674 3653 3589 572 278 3597 4061 4061 4060 4060 4060 4060 4060 4060
432 1777388491 3556 3701 3674 3652 3588 563 280 3598 4061 4061 4060 4060 4060 4060 4060 4060
433 1777388491 3558 3702 3675 3654 3589 566 280 603 4061 4061 4060 4060 4060 4060 4060 4060
434 1777388491 3557 3701 3674 3653 3589 549 282 3596 4061 4061 4060 4060 4060 4060 4060 4060
435 1777388491 3557 3702 3675 3654 3589 559 281 605 4061 4061 4060 4060 4060 4060 4060 4060
436 1777388491 3556 3701 3673 3653 3589 562 280 3598 4061 4061 4060 4060 4060 4060 4060 4060
437 1777388491 3557 3702 3674 3653 3589 544 282 3597 4061 4061 4060 4060 4060 4060 4060 4060
438 1777388491 3557 3701 3674 3653 3588 569 279 3598 4061 4061 4060 4060 4060 4060 4060 4060
439 1777388491 3559 3704 3676 3655 3591 568 280 596 4061 4061 4060 4060 4060 4060 4060 4060
440 1777388491 3558 3703 3674 3653 3589 588 270 3597 4061 4061 4060 4060 4060 4060 4060 4060
441 1777388491 3558 3702 3675 3653 3589 559 281 3597 4061 4061 4061 4061 4061 4061 4061 4061
442 1777388491 3558 3703 3675 3654 3589 574 279 605 4061 4061 4060 4060 4060 4060 4060 4060
443 1777388491 3558 3702 3674 3654 3590 570 279 605 4061 4061 4061 4061 4061 4061 4061 4061
444 1777388491 3556 3701 3674 3652 3588 545 282 3596 4061 4061 4060 4060 4060 4060 4060 4060
445 1777388491 3557 3702 3675 3654 3589 565 280 3599 4063 4063 4062 4062 4062 4062 4062 4062
446 1777388491 3557 3702 3674 3654 3590 543 282 3598 4061 4061 4061 4061 4061 4061 4061 4061
447 1777388491 3560 3704 3677 3656 3592 549 282 582 4061 4061 4060 4060 4060 4060 4060 4060
448 1777388491 3557 3701 3673 3653 3588 551 282 3597 4061 4061 4061 4061 4061 4061 4061 4061
449 1777388491 3557 3702 3674 3653 3589 554 282 3597 4061 4061 4060 4060 4060 4060 4060 4060
450 1777388491 3558 3704 3676 3655 3591 569 280 590 4061 4061 4060 4060 4060 4060 4060 4060
451 1777388491 3559 3703 3676 3654 3590 558 281 615 4061 4061 4060 4060 4060 4060 4060 4060
452 1777388492 3556 3701 3674 3652 3588 558 281 3597 4061 4061 4061 4061 4061 4061 4061 4061
453 1777388492 3557 3702 3675 3654 3589 550 282 3598 4061 4061 4060 4060 4060 4060 4060 4060
454 1777388492 3558 3703 3676 3655 3591 554 281 601 4061 4061 4061 4061 4061 4061 4061 4061
455 1777388492 3557 3701 3674 3653 3589 558 281 3598 4061 4061 4061 4061 4061 4061 4061 4061
456 1777388492 3557 3702 3674 3653 3589 566 280 3598 4063 4061 4061 4061 4061 4061 4061 4061
457 1777388492 3557 3702 3674 3653 3589 554 282 3597 4061 4061 4061 4061 4061 4061 4061 4061
458 1777388492 3557 3702 3674 3653 3589 538 283 3598 4061 4061 4060 4060 4060 4060 4060 4060
459 1777388492 3557 3701 3674 3653 3588 562 281 3597 4061 4061 4061 4061 4061 4061 4061 4061
460 1777388492 3557 3702 3675 3653 3589 561 281 3598 4063 4063 4062 4062 4062 4062 4062 4062
461 1777388492 3557 3702 3674 3653 3589 570 280 3597 4061 4061 4060 4060 4060 4060 4060 4060
462 1777388492 3558 3703 3675 3654 3590 577 278 580 4061 4061 4060 4060 4060 4060 4060 4060
463 1777388492 3558 3702 3674 3653 3589 560 279 608 4061 4061 4061 4061 4061 4061 4061 4061
464 1777388492 3557 3701 3674 3652 3588 556 279 626 4061 4061 4060 4060 4060 4060 4060 4060
465 1777388492 3556 3700 3673 3652 3587 555 280 3596 4061 4061 4060 4060 4060 4060 4060 4060
466 1777388492 3557 3702 3674 3653 3589 555 280 608 4061 4061 4061 4061 4061 4061 4061 4061
467 1777388492 3555 3700 3672 3651 3587 545 280 3595 4061 4061 4061 4061 4061 4061 4061 4061
468 1777388492 3556 3701 3674 3653 3588 557 279 622 4061 4061 4060 4060 4060 4060 4060 4060
469 1777388492 3557 3702 3674 3654 3589 571 276 602 4061 4061 4060 4060 4060 4060 4060 4060
470 1777388492 3557 3701 3674 3653 3588 560 279 597 4061 4061 4061 4061 4061 4061 4061 4061
471 1777388492 3556 3700 3673 3652 3588 564 278 3595 4061 4061 4060 4060 4060 4060 4060 4060
472 1777388492 3556 3700 3672 3652 3587 553 279 3596 4059 4059 4059 4059 4059 4059 4059 4059
473 1777388492 3555 3700 3672 3651 3586 552 280 3596 4061 4061 4061 4061 4061 4061 4061 4061
474 1777388492 3555 3700 3672 3651 3587 558 278 3596 4061 4061 4061 4061 4061 4061 4061 4061
475 1777388492 3557 3701 3673 3652 3587 541 281 3596 4061 4061 4061 4061 4061 4061 4061 4061
476 1777388492 3558 3702 3675 1395 3588 557 279 3598 4061 4061 4060 4060 4060 4060 4060 4060
477 1777388492 3555 3699 3672 3650 3586 542 281 3595 4061 4061 4061 4061 4061 4061 4061 4061
478 1777388492 3556 3701 3673 3652 3588 547 280 3596 4061 4061 4061 4061 4061 4061 4061 4061
479 1777388493 3557 3702 3674 3653 3589 566 278 602 4063 4063 4062 4062 4062 4062 4062 4062
480 1777388493 3556 3701 3672 3651 3587 559 279 3596 4061 4061 4061 4061 4061 4061 4061 4061
481 1777388493 3555 3700 3671 3651 3586 551 280 3595 4061 4061 4060 4060 4060 4060 4060 4060
482 1777388493 3555 3700 3672 3651 3587 538 281 3595 4061 4061 4061 4061 4061 4061 4061 4061
483 1777388493 3557 3701 3674 3653 3589 541 280 600 4061 4061 4061 4061 4061 4061 4061 4061
484 1777388493 3556 3700 3673 3652 3587 557 280 3594 4061 4061 4061 4061 4061 4061 4061 4061
485 1777388493 3556 3701 3673 3652 3588 590 267 3596 4061 4061 4061 4061 4061 4061 4061 4061
486 1777388493 3557 3702 3674 3653 3589 556 280 604 4061 4061 4060 4060 4060 4060 4060 4060
487 1777388493 3557 3702 3674 3653 3589 555 280 617 4061 4061 4060 4060 4060 4060 4060 4060
488 1777388493 3557 3702 3674 3653 3588 545 280 588 4061 4061 4060 4060 4060 4060 4060 4060
489 1777388493 3556 3701 3674 3653 3589 543 281 594 4061 4061 4060 4060 4060 4060 4060 4060
490 1777388493 3555 3699 3672 3651 3587 570 277 3596 4061 4061 4061 4061 4061 4061 4061 4061
491 1777388493 3554 3699 3671 3651 3586 549 280 3595 4061 4061 4060 4060 4060 4060 4060 4060
492 1777388493 3555 3700 3672 3651 3587 566 278 3596 4061 4061 4060 4060 4060 4060 4060 4060
493 1777388493 3556 3701 3674 3653 3589 564 278 588 4061 4061 4061 4061 4061 4061 4061 4061
494 1777388493 3556 3700 3673 3651 3587 545 280 3596 4061 4061 4061 4061 4061 4061 4061 4061
495 1777388493 3557 3702 3674 3653 3589 557 279 582 4061 4061 4060 4060 4060 4060 4060 4060
496 1777388493 3557 3701 3674 3653 3588 563 279 3597 4063 4063 4062 4062 4062 4062 4062 4062
497 1777388493 3557 3701 3673 3652 3588 554 280 3597 4061 4061 4061 4061 4061 4061 4061 4061
498 1777388493 3557 3701 3673 3653 3589 576 275 600 4061 4061 4060 4060 4060 4060 4060 4060
499 1777388493 3556 3700 3672 3652 3587 562 279 3595 4061 4061 4060 4060 4060 4060 4060 4060
500 1777388493 3555 3699 3672 3651 3587 573 276 3596 4061 4061 4061 4061 4061 4061 4061 4061
501 1777388493 3556 3701 3674 3652 3588 555 280 3597 4061 4061 4061 4061 4061 4061 4061 4061
502 1777388493 3556 3700 3673 3652 3588 569 277 3596 4061 4061 4061 4061 4061 4061 4061 4061
503 1777388493 3555 3700 3672 3652 3587 538 281 3595 4061 4061 4061 4061 4061 4061 4061 4061
504 1777388493 3557 3701 3674 3653 3589 575 276 607 4063 4063 4062 4062 4062 4062 4062 4062
505 1777388493 3555 3700 3672 3651 3587 555 280 3596 4061 4061 4061 4061 4061 4061 4061 4061
506 1777388493 3557 3702 3674 3653 3589 560 279 601 4061 4061 4061 4061 4061 4061 4061 4061
507 1777388494 3557 3701 3674 3653 3588 565 278 567 4061 4061 4061 4061 4061 4061 4061 4061
508 1777388494 3555 3700 3673 3652 3587 545 280 3595 4061 4061 4061 4061 4061 4061 4061 4061
509 1777388494 3555 3700 3672 3651 3586 558 279 3595 4061 4061 4061 4061 4061 4061 4061 4061
510 1777388494 3558 3702 3674 3653 3589 543 281 596 4061 4061 4060 4060 4060 4060 4060 4060
511 1777388494 3559 3704 3676 3655 3590 585 271 600 4061 4061 4061 4061 4061 4061 4061 4061
512 1777388494 3555 3699 3672 3651 3587 562 280 3596 4059 4059 4059 4059 4059 4059 4059 4059
513 1777388494 3555 3700 3673 3652 3587 546 281 3596 4061 4061 4061 4061 4061 4061 4061 4061
514 1777388494 3556 3701 3674 3653 3588 543 280 601 4061 4061 4061 4061 4061 4061 4061 4061
515 1777388494 3556 3701 3673 3652 3588 553 280 3595 4061 4061 4060 4060 4060 4060 4060 4060
516 1777388494 3558 3703 3675 3653 3589 568 278 592 4061 4061 4061 4061 4061 4061 4061 4061
517 1777388494 3555 3699 3672 3651 3587 542 280 3595 4061 4061 4061 4061 4061 4061 4061 4061
518 1777388494 3555 3700 3672 3651 3587 556 280 3596 4061 4061 4061 4061 4061 4061 4061 4061
519 1777388494 3556 3701 3673 3652 3588 547 281 3596 4063 4061 4061 4061 4061 4061 4061 4061
520 1777388494 3555 3699 3672 3651 3587 554 280 3595 4061 4061 4060 4060 4060 4060 4060 4060
521 1777388494 3556 3700 3673 3652 3587 560 280 3596 4061 4061 4061 4061 4061 4061 4061 4061
522 1777388494 3556 3701 3673 3652 3587 543 281 3596 4061 4061 4061 4061 4061 4061 4061 4061
523 1777388494 3556 3701 3673 3652 3588 536 281 3596 4063 4063 4062 4062 4062 4062 4062 4062
524 1777388494 3556 3701 3673 3652 3588 564 279 603 4061 4061 4060 4060 4060 4060 4060 4060
525 1777388494 3554 3699 3671 3650 3586 578 275 3595 4061 4061 4061 4061 4061 4061 4061 4061
526 1777388494 3555 3700 3673 3652 3587 544 280 3596 4061 4061 4061 4061 4061 4061 4061 4061
527 1777388494 3555 3700 3672 3652 3587 558 280 3596 4061 4061 4060 4060 4060 4060 4060 4060
528 1777388494 3558 3703 3675 3655 3590 563 279 612 4061 4061 4061 4061 4061 4061 4061 4061
529 1777388494 3556 3700 3673 3652 3588 570 277 3597 4061 4061 4061 4061 4061 4061 4061 4061
530 1777388494 3556 3701 3673 3652 3587 560 279 3596 4061 4061 4061 4061 4061 4061 4061 4061
531 1777388494 3556 3701 3673 3652 3587 560 279 3597 4063 4061 4061 4061 4061 4061 4061 4061
532 1777388495 3556 3701 3674 3652 3588 567 278 587 4061 4061 4060 4060 4060 4060 4060 4060
533 1777388495 3555 3701 3673 3652 3588 564 279 3596 4061 4061 4060 4060 4060 4060 4060 4060
534 1777388495 3557 3702 3675 3654 3589 560 280 592 4061 4061 4061 4061 4061 4061 4061 4061
535 1777388495 3558 3702 3675 3654 3590 544 281 593 4061 4061 4060 4060 4060 4060 4060 4060
536 1777388495 3555 3699 3672 3651 3587 567 279 3596 4061 4061 4060 4060 4060 4060 4060 4060
537 1777388495 3556 3701 3674 3653 3588 574 277 3597 4061 4061 4060 4060 4060 4060 4060 4060
538 1777388495 3558 3703 3675 3654 3589 574 276 611 4063 4061 4061 4061 4061 4061 4061 4061
539 1777388495 3556 3701 3674 3653 3588 580 273 592 4061 4061 4061 4061 4061 4061 4061 4061
540 1777388495 3558 3702 3674 3653 3589 575 277 615 4061 4061 4061 4061 4061 4061 4061 4061
541 1777388495 3555 3701 3673 3653 3588 557 280 3597 4061 4061 4061 4061 4061 4061 4061 4061
542 1777388495 3556 3701 3673 3652 3588 551 280 3597 4061 4061 4061 4061 4061 4061 4061 4061
543 1777388495 3556 3700 3673 3652 3587 547 280 3596 4061 4061 4060 4060 4060 4060 4060 4060
544 1777388495 3557 3701 3673 3653 3588 573 277 610 4061 4061 4061 4061 4061 4061 4061 4061
545 1777388495 3556 3701 3673 3652 3588 558 280 3597 4059 4059 4059 4059 4059 4059 4059 4059
546 1777388495 3556 3701 3673 3652 3587 562 279 3596 4060 4061 4060 4060 4060 4060 4060 4060
547 1777388495 3556 3701 3673 3652 3587 538 282 3595 4061 4061 4060 4060 4060 4060 4060 4060
548 1777388495 3556 3700 3673 3652 3588 553 281 3597 4061 4061 4061 4061 4061 4061 4061 4061
549 1777388495 3557 3702 3674 3652 3588 566 279 3597 4063 4063 4062 4062 4062 4062 4062 4062
550 1777388495 3557 3702 3675 3654 3589 553 280 602 4061 4061 4061 4061 4061 4061 4061 4061
551 1777388495 3556 3700 3673 3652 3587 560 280 3596 4061 4061 4061 4061 4061 4061 4061 4061
552 1777388495 3556 3701 3673 3652 3588 546 282 3597 4061 4061 4061 4061 4061 4061 4061 4061
553 1777388495 3558 3702 3674 3654 3589 554 281 585 4061 4061 4061 4061 4061 4061 4061 4061
554 1777388495 3557 3701 3673 3652 3588 546 281 3596 4061 4061 4061 4061 4061 4061 4061 4061
555 1777388495 3555 3700 3673 3652 3587 546 281 3595 4061 4061 4061 4061 4061 4061 4061 4061
556 1777388495 3556 3701 3673 3652 3588 558 280 3596 4063 4063 4062 4062 4062 4062 4062 4062
557 1777388495 3556 3702 3674 3653 3588 572 278 3597 4061 4061 4061 4061 4061 4061 4061 4061
558 1777388495 3556 3700 3673 3652 3588 557 280 3596 4062 4063 4062 4062 4062 4062 4062 4062
559 1777388495 3556 3700 3672 3652 3587 548 281 3597 4061 4061 4060 4060 4060 4060 4060 4060
560 1777388495 3556 3701 3673 3652 3588 551 280 3597 4061 4061 4061 4061 4061 4061 4061 4061
561 1777388496 3558 3703 3675 3654 3590 565 279 625 4061 4061 4061 4061 4061 4061 4061 4061
562 1777388496 3556 3701 3673 3652 3588 548 281 3596 4061 4061 4060 4060 4060 4060 4060 4060
563 1777388496 3557 3701 3673 3652 3588 557 280 3597 4061 4061 4060 4060 4060 4060 4060 4060
564 1777388496 3557 3702 3674 3653 3589 575 276 621 4061 4061 4061 4061 4061 4061 4061 4061
565 1777388496 3556 3701 3674 3652 3588 531 282 3597 4061 4061 4061 4061 4061 4061 4061 4061
566 1777388496 3556 3701 3674 3653 3588 557 280 3597 4061 4061 4060 4060 4060 4060 4060 4060
567 1777388496 3556 3701 3673 3652 3588 545 281 3597 4063 4063 4062 4062 4062 4062 4062 4062
568 1777388496 3557 3703 3675 3653 3589 549 281 578 4061 4061 4061 4061 4061 4061 4061 4061
569 1777388496 3556 3701 3673 3652 3588 558 280 3597 4061 4061 4060 4060 4060 4060 4060 4060
570 1777388496 3558 3703 3675 3654 3589 574 277 594 4061 4061 4061 4061 4061 4061 4061 4061
571 1777388496 3556 3702 3674 3653 3589 566 279 588 4061 4061 4061 4061 4061 4061 4061 4061
572 1777388496 3555 3700 3673 3652 3588 554 280 3597 4063 4063 4062 4062 4062 4062 4062 4062
573 1777388496 3556 3701 3673 3652 3588 588 270 3597 4061 4061 4061 4061 4061 4061 4061 4061
574 1777388496 3558 3703 3675 3654 3590 553 280 603 4061 4061 4061 4061 4061 4061 4061 4061
575 1777388496 3555 3700 3672 3652 3588 534 281 3597 4061 4061 4060 4060 4060 4060 4060 4060
576 1777388496 3555 3700 3672 3651 3587 569 279 3596 4061 4061 4060 4060 4060 4060 4060 4060
577 1777388496 3556 3702 3674 3653 3588 562 280 3597 4063 4063 4062 4062 4062 4062 4062 4062
578 1777388496 3557 3703 3675 3654 3590 563 279 605 4061 4061 4061 4061 4061 4061 4061 4061
579 1777388496 3556 3701 3674 3652 3588 560 280 3595 4061 4061 4060 4060 4060 4060 4060 4060
580 1777388496 3556 3700 3673 3652 3588 543 281 3596 4061 4061 4060 4060 4060 4060 4060 4060
581 1777388496 3556 3702 3674 3653 3588 558 280 3597 4061 4061 4061 4061 4061 4061 4061 4061
582 1777388496 3558 3703 3675 3654 3590 569 279 610 4061 4061 4061 4061 4061 4061 4061 4061
583 1777388496 3556 3701 3674 3653 3588 563 279 598 4061 4061 4061 4061 4061 4061 4061 4061
584 1777388496 3558 3702 3675 3654 3590 563 280 620 4063 4061 4061 4061 4061 4061 4061 4061
585 1777388496 3558 3702 3676 3654 3590 568 279 612 4061 4061 4060 4060 4060 4060 4060 4060
586 1777388496 3556 3701 3673 3653 3588 537 281 3596 4061 4061 4060 4060 4060 4060 4060 4060
587 1777388496 3559 3704 3676 3655 3591 560 280 602 4061 4061 4060 4060 4060 4060 4060 4060
588 1777388496 3556 3701 3673 3652 3587 555 281 3596 4061 4061 4060 4060 4060 4060 4060 4060
589 1777388496 3556 3701 3673 3652 3588 551 282 3597 4061 4061 4061 4061 4061 4061 4061 4061
590 1777388496 3558 3703 3675 3655 3590 569 279 600 4061 4061 4061 4061 4061 4061 4061 4061
591 1777388496 3555 3700 3673 3652 3587 556 280 3596 4059 4059 4059 4059 4059 4059 4059 4059
592 1777388497 3557 3702 3675 3653 3589 569 279 597 4061 4061 4061 4061 4061 4061 4061 4061
593 1777388497 3555 3700 3673 3652 3588 552 281 3597 4061 4061 4061 4061 4061 4061 4061 4061
594 1777388497 3556 3701 3674 3652 3588 560 279 3596 4061 4061 4061 4061 4061 4061 4061 4061
595 1777388497 3558 3703 3675 3654 3589 560 280 608 4061 4061 4060 4060 4060 4060 4060 4060
596 1777388497 3556 3701 3673 3652 3588 560 280 3596 4063 4063 4062 4062 4062 4062 4062 4062
597 1777388497 3556 3701 3674 3653 3589 550 281 3597 4061 4061 4061 4061 4061 4061 4061 4061
598 1777388497 3557 3702 3674 3653 3589 575 277 3598 4061 4061 4061 4061 4061 4061 4061 4061
599 1777388497 3556 3701 3673 3652 3588 555 281 3597 4061 4061 4061 4061 4061 4061 4061 4061
600 1777388497 3557 3701 3674 3653 3589 543 281 3597 4061 4061 4061 4061 4061 4061 4061 4061
601 1777388497 3557 3702 3674 3653 3588 558 280 3597 4059 4059 4059 4059 4059 4059 4059 4059
602 1777388497 3556 3701 3673 3652 3588 571 278 3596 4061 4061 4060 4060 4060 4060 4060 4060
603 1777388497 3557 3703 3675 3654 3590 551 281 587 4061 4061 4060 4060 4060 4060 4060 4060
604 1777388497 3556 3701 3673 3652 3588 559 281 3596 4063 4061 4061 4061 4061 4061 4061 4061
605 1777388497 3557 3702 3674 3653 3588 566 279 3597 4061 4061 4061 4061 4061 4061 4061 4061
606 1777388497 3556 3701 3673 3652 3588 551 281 3597 4061 4061 4061 4061 4061 4061 4061 4061
607 1777388497 3558 3703 3675 3654 3590 561 280 611 4061 4061 4061 4061 4061 4061 4061 4061
608 1777388497 3556 3701 3674 3652 3588 543 281 3597 4063 4063 4062 4062 4062 4062 4062 4062
609 1777388497 3559 3703 3676 3654 3590 569 279 633 4061 4061 4061 4061 4061 4061 4061 4061
610 1777388497 3558 3703 3676 3655 3590 549 281 600 4061 4061 4060 4060 4060 4060 4060 4060
611 1777388497 3557 3702 3674 3653 3589 548 281 3597 4061 4061 4060 4060 4060 4060 4060 4060
612 1777388497 3558 3702 3674 3653 3588 544 282 3598 4061 4061 4060 4060 4060 4060 4060 4060
613 1777388497 3557 3702 3674 3653 3589 558 281 3597 4061 4061 4061 4061 4061 4061 4061 4061
614 1777388497 3558 3703 3675 3654 3590 585 273 585 4061 4061 4061 4061 4061 4061 4061 4061
615 1777388497 3558 3703 3675 3655 3591 569 278 603 4061 4061 4061 4061 4061 4061 4061 4061
616 1777388497 3556 3701 3673 3652 3588 567 279 3596 4063 4063 4062 4062 4062 4062 4062 4062
617 1777388497 3559 3704 3676 3655 3590 578 276 614 4061 4061 4060 4060 4060 4060 4060 4060
618 1777388497 3557 3701 3674 3653 3588 553 281 3597 4061 4061 4061 4061 4061 4061 4061 4061
619 1777388497 3557 3702 3674 3652 3588 548 282 3597 4061 4061 4061 4061 4061 4061 4061 4061
620 1777388497 3558 3703 3676 3655 3591 570 278 610 4061 4061 4061 4061 4061 4061 4061 4061
621 1777388497 3558 3703 3675 3654 3590 571 278 606 4061 4061 4061 4061 4061 4061 4061 4061
622 1777388497 3556 3701 3673 3653 3588 587 271 3597 4061 4061 4061 4061 4061 4061 4061 4061
623 1777388497 3559 3704 3676 3655 3590 576 277 595 4061 4061 4061 4061 4061 4061 4061 4061
624 1777388497 3557 3701 3674 3653 3589 560 280 3598 4061 4061 4061 4061 4061 4061 4061 4061
625 1777388497 3558 3703 3675 3654 3589 569 279 625 4061 4061 4061 4061 4061 4061 4061 4061
626 1777388497 3558 3703 3675 3654 3590 581 274 616 4061 4061 4061 4061 4061 4061 4061 4061
627 1777388497 3558 3703 3676 3655 3591 557 280 596 4061 4061 4060 4060 4060 4060 4060 4060
628 1777388497 3557 3701 3674 3652 3588 547 282 3597 4061 4061 4060 4060 4060 4060 4060 4060
629 1777388497 3556 3701 3674 3652 3588 568 279 3597 4061 4061 4061 4061 4061 4061 4061 4061
630 1777388497 3556 3701 3673 3653 3588 555 281 3596 4063 4061 4061 4061 4061 4061 4061 4061
631 1777388497 3556 3701 3674 3652 3588 569 279 3597 4061 4061 4060 4060 4060 4060 4060 4060
632 1777388497 3559 3704 3676 3655 3591 567 279 613 4061 4061 4060 4060 4060 4060 4060 4060
633 1777388497 3556 3701 3674 3653 3588 564 279 3597 4061 4061 4060 4060 4060 4060 4060 4060
634 1777388497 3557 3701 3673 3652 3588 542 283 3596 4061 4061 4060 4060 4060 4060 4060 4060
635 1777388498 3556 3701 3673 3653 3588 565 280 3597 4061 4061 4061 4061 4061 4061 4061 4061
636 1777388498 3559 3704 3676 3656 3591 547 282 580 4059 4059 4059 4059 4059 4059 4059 4059
637 1777388498 3556 3700 3673 3652 3587 532 283 3597 4061 4061 4060 4060 4060 4060 4060 4060
638 1777388498 3556 3700 3674 3652 3588 567 280 3596 4061 4061 4060 4060 4060 4060 4060 4060
639 1777388498 3556 3702 3674 3653 3589 566 280 3597 4061 4061 4060 4060 4060 4060 4060 4060
640 1777388498 3557 3702 3674 3652 3588 546 282 3597 4061 4061 4061 4061 4061 4061 4061 4061
641 1777388498 3557 3702 3674 3653 3589 560 281 3597 4061 4061 4060 4060 4060 4060 4060 4060
642 1777388498 3557 3703 3675 3654 3589 562 281 3596 4061 4061 4061 4061 4061 4061 4061 4061
643 1777388498 3557 3702 3675 3654 3589 564 280 595 4061 4061 4060 4060 4060 4060 4060 4060
644 1777388498 3556 3701 3673 3653 3588 564 280 3596 4061 4061 4061 4061 4061 4061 4061 4061
645 1777388498 3558 3703 3675 3654 3590 550 281 595 4061 4061 4060 4060 4060 4060 4060 4060
646 1777388498 3558 3703 3675 3654 3590 564 280 598 4061 4061 4061 4061 4061 4061 4061 4061
647 1777388498 3556 3701 3673 3653 3588 561 281 3597 4061 4061 4061 4061 4061 4061 4061 4061
648 1777388498 3557 3701 3674 3653 3589 558 281 3597 4061 4061 4061 4061 4061 4061 4061 4061
649 1777388498 3558 3703 3676 3655 3590 560 281 591 4061 4061 4060 4060 4060 4060 4060 4060
650 1777388498 3558 3703 3675 3654 3590 570 279 617 4061 4061 4061 4061 4061 4061 4061 4061
651 1777388498 3556 3701 3674 3652 3589 559 281 3597 4061 4061 4061 4061 4061 4061 4061 4061
652 1777388498 3557 3701 3674 3653 3588 547 282 3597 4061 4061 4060 4060 4060 4060 4060 4060
653 1777388498 3557 3702 3674 3653 3588 525 283 3597 4061 4061 4061 4061 4061 4061 4061 4061
654 1777388498 3557 3701 3674 3653 3589 554 281 3597 4061 4061 4060 4060 4060 4060 4060 4060
655 1777388498 3556 3701 3674 3653 3588 558 281 3597 4061 4061 4061 4061 4061 4061 4061 4061
656 1777388498 3557 3702 3674 3653 3589 561 280 3598 4061 4061 4061 4061 4061 4061 4061 4061
657 1777388498 3559 3704 3676 3655 3591 550 281 590 4061 4061 4061 4061 4061 4061 4061 4061
658 1777388498 3557 3702 3674 3654 3589 559 280 590 4061 4061 4060 4060 4060 4060 4060 4060
659 1777388498 3557 3701 3674 3653 3588 555 281 3597 4061 4061 4060 4060 4060 4060 4060 4060
660 1777388498 3557 3702 3674 3653 3588 545 282 3597 4061 4061 4060 4060 4060 4060 4060 4060
661 1777388498 3559 3704 3676 3654 3590 561 281 613 4061 4061 4060 4060 4060 4060 4060 4060
662 1777388498 3556 3701 3673 3652 3588 516 283 3596 4061 4061 4061 4061 4061 4061 4061 4061
663 1777388498 3556 3701 3673 3652 3588 552 281 3597 4061 4061 4060 4060 4060 4060 4060 4060
664 1777388499 3556 3701 3674 3653 3589 571 279 3598 4061 4061 4061 4061 4061 4061 4061 4061
665 1777388499 3557 3702 3674 3653 3589 566 280 3597 4061 4061 4060 4060 4060 4060 4060 4060
666 1777388499 3557 3701 3674 3653 3588 548 282 3597 4061 4061 4061 4061 4061 4061 4061 4061
667 1777388499 3557 3702 3674 3653 3589 567 280 3597 4061 4061 4060 4060 4060 4060 4060 4060
668 1777388499 3558 3703 3675 3655 3590 571 278 612 4061 4061 4061 4061 4061 4061 4061 4061
669 1777388499 3556 3700 3673 3652 3587 562 281 3596 4061 4061 4060 4060 4060 4060 4060 4060
670 1777388499 3557 3702 3674 3653 3589 558 281 3597 4061 4061 4061 4061 4061 4061 4061 4061
671 1777388499 3556 3702 3674 3653 3588 566 280 3597 4061 4061 4061 4061 4061 4061 4061 4061
672 1777388499 3558 3703 3675 3653 3589 547 282 607 4061 4061 4061 4061 4061 4061 4061 4061
673 1777388499 3556 3700 3673 3652 3587 558 281 3596 4061 4061 4061 4061 4061 4061 4061 4061
674 1777388499 3557 3702 3674 3653 3589 572 279 3596 4061 4061 4060 4060 4060 4060 4060 4060
675 1777388499 3558 3703 3675 3654 3590 556 281 3599 4061 4061 4061 4061 4061 4061 4061 4061
676 1777388499 3558 3703 3676 3655 3591 557 280 598 4061 4061 4061 4061 4061 4061 4061 4061
677 1777388499 3558 3703 3675 3654 3590 570 279 607 4061 4061 4061 4061 4061 4061 4061 4061
678 1777388499 3559 3704 3676 3655 3591 554 281 586 4061 4061 4060 4060 4060 4060 4060 4060
679 1777388499 3557 3702 3674 3653 3589 566 280 3597 4061 4061 4060 4060 4060 4060 4060 4060
680 1777388499 3556 3701 3673 3653 3588 574 278 3597 4061 4061 4061 4061 4061 4061 4061 4061
681 1777388499 3556 3701 3673 3653 3588 584 274 3597 4061 4061 4060 4060 4060 4060 4060 4060
682 1777388499 3559 3704 3677 3656 3591 571 279 605 4061 4061 4061 4061 4061 4061 4061 4061
683 1777388499 3557 3702 3675 3654 3589 573 279 3598 4061 4061 4061 4061 4061 4061 4061 4061
684 1777388499 3556 3702 3674 3653 3588 547 282 3598 4061 4061 4060 4060 4060 4060 4060 4060
685 1777388499 3559 3704 3676 3655 3590 585 273 589 4061 4061 4061 4061 4061 4061 4061 4061
686 1777388499 3557 3701 3674 3653 3589 541 282 3597 4061 4061 4060 4060 4060 4060 4060 4060
687 1777388499 3558 3702 3675 3654 3590 541 282 3598 4061 4061 4060 4060 4060 4060 4060 4060
688 1777388499 3558 3703 3675 3654 3589 568 280 3598 4061 4061 4060 4060 4060 4060 4060 4060
689 1777388499 3557 3702 3674 3653 3589 558 281 3597 4061 4061 4061 4061 4061 4061 4061 4061
690 1777388499 3556 3701 3673 3652 3588 522 283 3596 4061 4061 4061 4061 4061 4061 4061 4061
691 1777388499 3556 3702 3674 3653 3588 552 282 3597 4061 4061 4061 4061 4061 4061 4061 4061
692 1777388500 3557 3701 3673 3653 3588 572 279 3597 4061 4061 4060 4060 4060 4060 4060 4060
693 1777388500 3557 3702 3674 3653 3589 576 278 3597 4061 4061 4061 4061 4061 4061 4061 4061
694 1777388500 3557 3702 3674 3653 3589 551 281 3598 4061 4061 4061 4061 4061 4061 4061 4061
695 1777388500 3557 3702 3674 3653 3589 576 277 3597 4061 4061 4061 4061 4061 4061 4061 4061
696 1777388500 3559 3704 3676 3655 3590 549 282 607 4061 4061 4060 4060 4060 4060 4060 4060
697 1777388500 3557 3701 3674 3653 3589 548 282 3597 4061 4061 4061 4061 4061 4061 4061 4061
698 1777388500 3557 3701 3674 3653 3589 551 282 3597 4061 4061 4060 4060 4060 4060 4060 4060
699 1777388500 3556 3701 3674 3653 3588 567 280 3597 4061 4061 4061 4061 4061 4061 4061 4061
700 1777388500 3557 3702 3675 3653 3589 562 281 3598 4061 4061 4061 4061 4061 4061 4061 4061
701 1777388500 3558 3704 3675 3654 3590 560 281 598 4061 4061 4060 4060 4060 4060 4060 4060
702 1777388500 3557 3703 3675 3654 3589 570 279 606 4061 4061 4061 4061 4061 4061 4061 4061
703 1777388500 3557 3701 3674 3652 3589 566 280 3597 4059 4059 4059 4059 4059 4059 4059 4059
704 1777388500 3559 3703 3675 3655 3590 570 279 610 4063 4063 4062 4062 4062 4062 4062 4062
705 1777388500 3558 3703 3675 3654 3590 566 280 609 4063 4061 4061 4061 4061 4061 4061 4061
706 1777388500 3559 3704 3676 3655 3590 562 281 595 4061 4061 4060 4060 4060 4060 4060 4060
707 1777388500 3557 3701 3674 3653 3588 547 282 3595 4061 4061 4061 4061 4061 4061 4061 4061
708 1777388500 3556 3701 3673 3653 3588 571 279 3597 4061 4061 4061 4061 4061 4061 4061 4061
709 1777388500 3558 3703 3675 3654 3590 546 282 3599 4059 4059 4059 4059 4059 4059 4059 4059
710 1777388500 3557 3702 3674 3653 3589 541 282 3598 4061 4061 4061 4061 4061 4061 4061 4061
711 1777388500 3558 3702 3674 3653 3588 550 282 3597 4061 4061 4061 4061 4061 4061 4061 4061
712 1777388500 3559 3703 3676 3655 3591 568 280 595 4061 4061 4061 4061 4061 4061 4061 4061
713 1777388500 3557 3702 3675 3654 3590 558 281 3598 4061 4061 4060 4060 4060 4060 4060 4060
714 1777388500 3557 3701 3674 3653 3589 565 280 3597 4061 4061 4060 4060 4060 4060 4060 4060
715 1777388500 3557 3702 3674 3653 3588 558 282 3597 4061 4061 4061 4061 4061 4061 4061 4061
716 1777388500 3557 3702 3674 3653 3588 561 281 3598 4061 4061 4060 4060 4060 4060 4060 4060
717 1777388500 3556 3701 3673 3652 3587 556 281 3597 4061 4061 4061 4061 4061 4061 4061 4061
718 1777388500 3558 3703 3675 3654 3590 529 283 592 4061 4061 4061 4061 4061 4061 4061 4061
719 1777388501 3556 3700 3673 3652 3587 553 280 3596 4061 4061 4061 4061 4061 4061 4061 4061
720 1777388501 3555 3699 3672 3651 3587 558 280 3596 4061 4061 4060 4060 4060 4060 4060 4060
721 1777388501 3557 3702 3675 3654 3590 568 277 610 4061 4061 4060 4060 4060 4060 4060 4060
722 1777388501 3557 3702 3675 3653 3589 566 278 606 4061 4061 4061 4061 4061 4061 4061 4061
723 1777388501 3556 3701 3674 3653 3589 546 280 597 4061 4061 4061 4061 4061 4061 4061 4061
724 1777388501 3558 3702 3674 3653 3589 549 280 604 4061 4061 4061 4061 4061 4061 4061 4061
725 1777388501 3555 3699 3671 3651 3586 550 280 3594 4061 4061 4061 4061 4061 4061 4061 4061
726 1777388501 3556 3701 3673 3652 3588 545 281 3596 4059 4059 4059 4059 4059 4059 4059 4059
727 1777388501 3555 3700 3672 3651 3586 556 280 3595 4061 4061 4061 4061 4061 4061 4061 4061
728 1777388501 3555 3699 3671 3650 3586 559 279 3595 4061 4061 4061 4061 4061 4061 4061 4061
729 1777388501 3556 3700 3673 3652 3588 550 281 3597 4061 4061 4061 4061 4061 4061 4061 4061
730 1777388501 3555 3700 3672 3652 3587 544 280 3596 4061 4061 4060 4060 4060 4060 4060 4060
731 1777388501 3556 3700 3673 3652 3588 556 279 3596 4061 4061 4061 4061 4061 4061 4061 4061
732 1777388501 3556 3701 3673 3652 3588 563 279 598 4061 4061 4061 4061 4061 4061 4061 4061
733 1777388501 3557 3702 3674 3653 3589 558 279 621 4063 4061 4061 4061 4061 4061 4061 4061
734 1777388501 3554 3699 3672 3651 3587 559 279 3596 4061 4061 4061 4061 4061 4061 4061 4061
735 1777388501 3555 3700 3672 3651 3587 556 279 3596 4061 4061 4060 4060 4060 4060 4060 4060
736 1777388501 3556 3701 3673 3652 3588 557 279 3596 4061 4061 4061 4061 4061 4061 4061 4061
737 1777388501 3557 3702 3675 3654 3590 567 277 608 4061 4061 4060 4060 4060 4060 4060 4060
738 1777388501 3557 3702 3674 3653 3589 573 276 602 4061 4061 4060 4060 4060 4060 4060 4060
739 1777388501 3556 3700 3672 3652 3587 566 278 3595 4061 4061 4061 4061 4061 4061 4061 4061
740 1777388501 3555 3700 3672 3651 3587 572 276 3594 4061 4061 4060 4060 4060 4060 4060 4060
741 1777388502 3557 3702 3674 3653 3588 550 280 600 4061 4061 4061 4061 4061 4061 4061 4061
742 1777388502 3556 3700 3673 3652 3587 568 278 3596 4061 4061 4061 4061 4061 4061 4061 4061
743 1777388502 3556 3701 3673 3652 3588 536 280 3597 4061 4061 4061 4061 4061 4061 4061 4061
744 1777388502 3555 3700 3672 3651 3586 556 279 3596 4061 4061 4061 4061 4061 4061 4061 4061
745 1777388502 3556 3700 3673 3652 3587 553 280 3596 4061 4061 4061 4061 4061 4061 4061 4061
746 1777388502 3558 3702 3675 3654 3589 557 279 610 4061 4061 4060 4060 4060 4060 4060 4060
747 1777388502 3557 3702 3674 3653 3588 568 278 610 4061 4061 4061 4061 4061 4061 4061 4061
748 1777388502 3556 3701 3673 3652 3587 567 278 3596 4061 4061 4061 4061 4061 4061 4061 4061
749 1777388502 3556 3700 3673 3652 3588 554 280 3597 4061 4061 4061 4061 4061 4061 4061 4061
750 1777388502 3556 3701 3673 3652 3588 561 279 3597 4061 4061 4060 4060 4060 4060 4060 4060
751 1777388502 3556 3701 3673 3653 3588 550 281 3597 4061 4061 4061 4061 4061 4061 4061 4061
752 1777388502 3555 3701 3673 3652 3587 566 278 3596 4061 4061 4060 4060 4060 4060 4060 4060
753 1777388502 3556 3700 3672 3652 3587 547 281 3596 4063 4063 4062 4062 4062 4062 4062 4062
754 1777388502 3556 3701 3673 3652 3588 560 280 3596 4061 4061 4060 4060 4060 4060 4060 4060
755 1777388502 3556 3701 3673 3652 3588 552 280 3596 4061 4061 4061 4061 4061 4061 4061 4061
756 1777388502 3556 3700 3673 3651 3587 571 277 3597 4061 4061 4060 4060 4060 4060 4060 4060
757 1777388502 3557 3701 3674 3653 3589 557 280 586 4063 4063 4062 4062 4062 4062 4062 4062
758 1777388502 3555 3699 3672 3651 3587 538 281 3596 4061 4061 4061 4061 4061 4061 4061 4061
759 1777388502 3556 3700 3673 3652 3587 558 279 3596 4061 4061 4061 4061 4061 4061 4061 4061
760 1777388502 3556 3701 3672 3652 3588 571 277 3596 4061 4061 4061 4061 4061 4061 4061 4061
761 1777388502 3555 3700 3672 3651 3587 566 279 3596 4061 4061 4061 4061 4061 4061 4061 4061
762 1777388502 3556 3700 3673 3652 3588 565 278 3596 4061 4061 4060 4060 4060 4060 4060 4060
763 1777388502 3556 3701 3674 3653 3588 539 281 3597 4061 4061 4060 4060 4060 4060 4060 4060
764 1777388502 3556 3700 3673 3652 3587 557 280 3596 4061 4061 4060 4060 4060 4060 4060 4060
765 1777388502 3555 3700 3672 3651 3587 570 277 3596 4061 4061 4061 4061 4061 4061 4061 4061
766 1777388503 3556 3701 3673 3652 3588 545 281 3596 4061 4059 4059 4059 4059 4059 4059 4059
767 1777388503 3556 3701 3673 3652 3587 560 280 3597 4061 4061 4061 4061 4061 4061 4061 4061
768 1777388503 3556 3700 3673 3652 3588 551 281 3596 4061 4061 4061 4061 4061 4061 4061 4061
769 1777388503 3555 3700 3672 3652 3587 568 278 3596 4061 4061 4061 4061 4061 4061 4061 4061
770 1777388503 3557 3701 3673 3653 3588 551 280 3596 4061 4061 4061 4061 4061 4061 4061 4061
771 1777388503 3556 3701 3673 3652 3588 540 281 3595 4061 4061 4061 4061 4061 4061 4061 4061
772 1777388503 3556 3701 3673 3652 3588 551 281 3596 4063 4061 4061 4061 4061 4061 4061 4061
773 1777388503 3558 3703 3675 3654 3589 553 280 603 4061 4061 4060 4060 4060 4060 4060 4060
774 1777388503 3556 3700 3672 3652 3587 541 281 3596 4061 4061 4061 4061 4061 4061 4061 4061
775 1777388503 3556 3700 3673 3652 3588 582 273 3597 4061 4061 4060 4060 4060 4060 4060 4060
776 1777388503 3555 3700 3672 3652 3587 554 280 3596 4063 4061 4061 4061 4061 4061 4061 4061
777 1777388503 3558 3703 3675 3654 3590 588 268 571 4063 4063 4062 4062 4062 4062 4062 4062
778 1777388503 3555 3700 3672 3651 3587 559 280 3596 4061 4061 4061 4061 4061 4061 4061 4061
779 1777388503 3556 3700 3673 3652 3587 551 280 3596 4061 4061 4060 4060 4060 4060 4060 4060
780 1777388503 3557 3701 3673 3652 3588 568 278 3597 4061 4061 4061 4061 4061 4061 4061 4061
781 1777388503 3556 3701 3673 3652 3587 557 280 3596 4061 4061 4060 4060 4060 4060 4060 4060
782 1777388503 3555 3700 3672 3652 3587 572 277 3596 4061 4061 4060 4060 4060 4060 4060 4060
783 1777388503 3556 3700 3673 3651 3587 544 281 3596 4061 4061 4060 4060 4060 4060 4060 4060
784 1777388503 3557 3701 3674 3653 3588 549 281 3597 4061 4061 4061 4061 4061 4061 4061 4061
785 1777388503 3557 3702 3674 3653 3589 566 278 597 4061 4061 4061 4061 4061 4061 4061 4061
786 1777388503 3556 3701 3673 3652 3588 554 280 3596 4063 4063 4062 4062 4062 4062 4062 4062
787 1777388503 3558 3703 3676 3655 3590 570 278 607 4061 4061 4061 4061 4061 4061 4061 4061
788 1777388503 3555 3700 3672 3652 3587 578 275 3596 4061 4061 4060 4060 4060 4060 4060 4060
789 1777388504 3556 3700 3673 3652 3588 560 279 3596 4061 4061 4061 4061 4061 4061 4061 4061
790 1777388504 3555 3700 3672 3652 3587 557 279 3596 4061 4061 4061 4061 4061 4061 4061 4061
791 1777388504 3555 3700 3672 3651 3587 550 281 3596 4061 4061 4061 4061 4061 4061 4061 4061
792 1777388504 3557 3702 3675 3654 3589 557 280 601 4061 4061 4060 4060 4060 4060 4060 4060
793 1777388504 3556 3701 3674 3653 3589 539 281 3597 4061 4061 4061 4061 4061 4061 4061 4061
794 1777388504 3558 3703 3675 3654 3589 570 278 593 4061 4061 4060 4060 4060 4060 4060 4060
795 1777388504 3556 3700 3673 3652 3587 551 280 3596 4061 4061 4060 4060 4060 4060 4060 4060
796 1777388504 3556 3701 3673 3652 3588 543 281 3596 4061 4061 4061 4061 4061 4061 4061 4061
797 1777388504 3558 3702 3674 3653 3589 543 281 605 4063 4063 4062 4062 4062 4062 4062 4062
798 1777388504 3556 3701 3673 3652 3588 527 281 3596 4061 4061 4060 4060 4060 4060 4060 4060
799 1777388504 3556 3700 3673 3652 3588 568 278 3596 4061 4061 4060 4060 4060 4060 4060 4060
800 1777388504 3556 3700 3673 3652 3588 543 281 3596 4061 4061 4061 4061 4061 4061 4061 4061
801 1777388504 3558 3703 3674 3654 3589 579 275 608 4061 4061 4061 4061 4061 4061 4061 4061
802 1777388504 3557 3701 3673 3652 3587 545 281 3596 4061 4061 4060 4060 4060 4060 4060 4060
803 1777388504 3557 3702 3675 3653 3589 543 281 596 4061 4061 4061 4061 4061 4061 4061 4061
804 1777388504 3555 3700 3672 3651 3587 558 280 3596 4059 4059 4059 4059 4059 4059 4059 4059
805 1777388504 3557 3702 3674 3654 3589 549 280 573 4061 4061 4061 4061 4061 4061 4061 4061
806 1777388504 3555 3700 3673 3652 3588 550 281 3596 4061 4061 4061 4061 4061 4061 4061 4061
807 1777388504 3556 3701 3674 3653 3588 550 281 3597 4061 4061 4060 4060 4060 4060 4060 4060
808 1777388504 3556 3700 3673 3652 3588 559 280 3596 4061 4061 4060 4060 4060 4060 4060 4060
809 1777388504 3556 3701 3673 3652 3588 548 281 3597 4061 4061 4060 4060 4060 4060 4060 4060
810 1777388504 3557 3701 3674 3653 3589 555 280 3597 4061 4061 4061 4061 4061 4061 4061 4061
811 1777388504 3556 3700 3672 3651 3587 556 280 3595 4061 4061 4060 4060 4060 4060 4060 4060
812 1777388504 3556 3701 3673 3653 3588 581 274 3597 4061 4061 4061 4061 4061 4061 4061 4061
813 1777388504 3558 3703 3675 3655 3590 567 279 579 4061 4061 4061 4061 4061 4061 4061 4061
814 1777388504 3556 3701 3673 3652 3588 558 280 3596 4061 4061 4061 4061 4061 4061 4061 4061
815 1777388504 3556 3700 3673 3652 3587 544 281 3597 4061 4061 4061 4061 4061 4061 4061 4061
816 1777388504 3558 3703 3675 3654 3590 567 278 600 4061 4061 4061 4061 4061 4061 4061 4061
817 1777388504 3558 3703 3675 3654 3590 568 278 604 4061 4061 4061 4061 4061 4061 4061 4061
818 1777388504 3556 3701 3673 3652 3588 549 281 3596 4061 4061 4060 4060 4060 4060 4060 4060
819 1777388504 3556 3700 3673 3652 3587 553 281 3595 4061 4061 4060 4060 4060 4060 4060 4060
820 1777388505 3558 3703 3675 3654 3590 562 279 591 4061 4061 4061 4061 4061 4061 4061 4061
821 1777388505 3556 3701 3674 3653 3588 551 281 3596 4061 4061 4060 4060 4060 4060 4060 4060
822 1777388505 3557 3702 3675 3654 3589 572 277 606 4061 4061 4061 4061 4061 4061 4061 4061
823 1777388505 3555 3700 3672 3651 3587 538 281 3595 4061 4061 4061 4061 4061 4061 4061 4061
824 1777388505 3556 3701 3673 3652 3588 573 277 3597 4061 4061 4061 4061 4061 4061 4061 4061
825 1777388505 3557 3702 3674 3653 3588 570 278 3597 4061 4061 4061 4061 4061 4061 4061 4061
826 1777388505 3556 3701 3673 3652 3587 565 280 3596 4061 4061 4061 4061 4061 4061 4061 4061
827 1777388505 3559 3703 3676 3655 3590 546 281 616 4061 4061 4060 4060 4060 4060 4060 4060
828 1777388505 3556 3701 3674 3652 3588 560 280 3597 4061 4061 4060 4060 4060 4060 4060 4060
829 1777388505 3556 3701 3673 3652 3588 554 281 3596 4061 4061 4061 4061 4061 4061 4061 4061
830 1777388505 3557 3701 3673 3652 3588 557 280 3596 4061 4061 4060 4060 4060 4060 4060 4060
831 1777388505 3555 3700 3672 3652 3587 536 281 3595 4061 4061 4061 4061 4061 4061 4061 4061
832 1777388505 3556 3701 3673 3652 3588 560 279 3596 4061 4061 4060 4060 4060 4060 4060 4060
833 1777388505 3558 3703 3675 3654 3589 578 276 586 4061 4061 4060 4060 4060 4060 4060 4060
834 1777388505 3557 3702 3674 3654 3589 569 278 3596 4061 4061 4061 4061 4061 4061 4061 4061
835 1777388505 3556 3701 3673 3652 3588 556 280 3595 4061 4061 4060 4060 4060 4060 4060 4060
836 1777388505 3558 3703 3675 3654 3590 562 280 582 4061 4061 4061 4061 4061 4061 4061 4061
837 1777388505 3558 3703 3675 3654 3589 564 280 610 4061 4061 4061 4061 4061 4061 4061 4061
838 1777388505 3556 3700 3673 3652 3587 548 281 3596 4061 4061 4061 4061 4061 4061 4061 4061
839 1777388505 3556 3701 3673 3652 3588 555 281 3597 4063 4061 4061 4061 4061 4061 4061 4061
840 1777388505 3558 3703 3675 3654 3590 543 281 582 4061 4061 4061 4061 4061 4061 4061 4061
841 1777388505 3556 3701 3673 3653 3588 553 281 3597 4063 4063 4062 4062 4062 4062 4062 4062
842 1777388505 3555 3700 3673 3652 3587 567 279 3596 4061 4061 4061 4061 4061 4061 4061 4061
843 1777388505 3556 3701 3674 3652 3588 543 282 3597 4061 4061 4061 4061 4061 4061 4061 4061
844 1777388505 3557 3701 3673 3652 3588 548 282 3596 4061 4061 4061 4061 4061 4061 4061 4061
845 1777388505 3559 3704 3676 3655 3590 560 281 592 4059 4059 4059 4059 4059 4059 4059 4059
846 1777388505 3557 3702 3674 3653 3589 545 282 3597 4061 4061 4061 4061 4061 4061 4061 4061
847 1777388506 3555 3700 3672 3652 3586 560 280 3595 4061 4061 4061 4061 4061 4061 4061 4061
848 1777388506 3557 3701 3674 3653 3589 550 281 3598 4061 4061 4061 4061 4061 4061 4061 4061
849 1777388506 3557 3702 3674 3654 3589 563 280 3597 4061 4061 4060 4060 4060 4060 4060 4060
850 1777388506 3558 3702 3675 3654 3589 549 281 617 4061 4061 4061 4061 4061 4061 4061 4061
851 1777388506 3558 3702 3675 3654 3589 551 281 3597 4061 4061 4060 4060 4060 4060 4060 4060
852 1777388506 3558 3703 3675 3655 3590 579 275 622 4061 4061 4061 4061 4061 4061 4061 4061
853 1777388506 3558 3703 3675 3654 3590 570 278 596 4061 4061 4061 4061 4061 4061 4061 4061
854 1777388506 3556 3701 3673 3652 3588 573 278 3596 4061 4061 4060 4060 4060 4060 4060 4060
855 1777388506 3558 3703 3675 3654 3589 556 281 595 4061 4061 4061 4061 4061 4061 4061 4061
856 1777388506 3555 3700 3672 3651 3587 560 280 3596 4061 4061 4060 4060 4060 4060 4060 4060
857 1777388506 3558 3703 3675 3654 3589 554 281 638 4061 4061 4060 4060 4060 4060 4060 4060
858 1777388506 3558 3703 3675 3654 3589 568 279 591 4061 4061 4060 4060 4060 4060 4060 4060
859 1777388506 3556 3701 3674 3652 3588 576 276 3596 4063 4061 4061 4061 4061 4061 4061 4061
860 1777388506 3556 3701 3673 3653 3588 559 280 3597 4061 4061 4061 4061 4061 4061 4061 4061
861 1777388506 3557 3701 3674 3653 3589 553 281 3598 4061 4061 4061 4061 4061 4061 4061 4061
862 1777388506 3556 3701 3673 3652 3588 543 281 3596 4061 4061 4061 4061 4061 4061 4061 4061
863 1777388506 3557 3702 3674 3653 3589 574 277 3598 4061 4061 4060 4060 4060 4060 4060 4060
864 1777388506 3557 3701 3674 3653 3588 557 280 3597 4061 4061 4060 4060 4060 4060 4060 4060
865 1777388506 3557 3701 3674 3653 3589 547 281 3597 4061 4061 4061 4061 4061 4061 4061 4061
866 1777388506 3558 3702 3675 3654 3590 559 280 638 4061 4061 4061 4061 4061 4061 4061 4061
867 1777388507 3558 3702 3675 3654 3589 556 281 600 4061 4061 4061 4061 4061 4061 4061 4061
868 1777388507 3558 3703 3675 3654 3589 578 276 618 4061 4061 4061 4061 4061 4061 4061 4061
869 1777388507 3557 3702 3674 3653 3589 544 281 587 4061 4061 4061 4061 4061 4061 4061 4061
870 1777388507 3558 3703 3675 3654 3589 550 282 608 4061 4061 4060 4060 4060 4060 4060 4060
871 1777388507 3558 3703 3675 3654 3590 566 279 611 4061 4061 4061 4061 4061 4061 4061 4061
872 1777388507 3556 3701 3673 3652 3588 556 281 3596 4061 4061 4060 4060 4060 4060 4060 4060
873 1777388507 3556 3701 3673 3653 3588 542 281 3597 4061 4061 4060 4060 4060 4060 4060 4060
874 1777388507 3557 3702 3674 3653 3589 561 280 3596 4061 4061 4061 4061 4061 4061 4061 4061
875 1777388507 3558 3703 3675 3654 3590 583 273 611 4061 4061 4060 4060 4060 4060 4060 4060
876 1777388507 3557 3701 3673 3652 3588 562 280 3597 4061 4061 4061 4061 4061 4061 4061 4061
877 1777388507 3558 3704 3676 3655 3590 559 280 606 4063 4063 4062 4062 4062 4062 4062 4062
878 1777388507 3556 3701 3673 3653 3588 569 279 3597 4061 4061 4061 4061 4061 4061 4061 4061
879 1777388507 3556 3701 3673 3652 3588 567 279 3597 4061 4061 4060 4060 4060 4060 4060 4060
880 1777388507 3556 3701 3673 3652 3588 561 280 3597 4061 4061 4061 4061 4061 4061 4061 4061
881 1777388507 3557 3701 3674 3652 3588 570 279 3597 4061 4061 4060 4060 4060 4060 4060 4060
882 1777388507 3557 3702 3674 3654 3589 557 281 3598 4061 4061 4061 4061 4061 4061 4061 4061
883 1777388507 3556 3701 3674 3652 3589 552 282 3597 4061 4061 4061 4061 4061 4061 4061 4061
884 1777388507 3556 3701 3674 3653 3588 559 281 3597 4061 4061 4061 4061 4061 4061 4061 4061
885 1777388507 3557 3701 3674 3653 3589 548 281 3597 4061 4061 4061 4061 4061 4061 4061 4061
886 1777388507 3556 3701 3673 3653 3588 540 282 3597 4061 4061 4061 4061 4061 4061 4061 4061
887 1777388507 3556 3701 3674 3653 3588 556 281 3597 4061 4061 4060 4060 4060 4060 4060 4060
888 1777388507 3558 3703 3675 3654 3590 583 274 587 4061 4061 4060 4060 4060 4060 4060 4060
889 1777388507 3559 3704 3676 3654 3590 558 281 602 4063 4063 4062 4062 4062 4062 4062 4062
890 1777388507 3556 3701 3674 3653 3589 567 279 3596 4061 4061 4061 4061 4061 4061 4061 4061
891 1777388507 3557 3702 3674 3653 3589 568 279 3597 4063 4061 4061 4061 4061 4061 4061 4061
892 1777388507 3556 3701 3674 3653 3588 576 277 3597 4061 4061 4060 4060 4060 4060 4060 4060
893 1777388508 3557 3701 3674 3653 3589 554 281 3597 4061 4061 4060 4060 4060 4060 4060 4060
894 1777388508 3557 3701 3674 3653 3588 572 278 3597 4061 4061 4060 4060 4060 4060 4060 4060
895 1777388508 3558 3703 3675 3654 3590 563 280 607 4061 4061 4061 4061 4061 4061 4061 4061
896 1777388508 3559 3703 3676 3655 3590 561 280 593 4063 4063 4062 4062 4062 4062 4062 4062
897 1777388508 3559 3703 3676 3654 3590 571 278 593 4061 4061 4060 4060 4060 4060 4060 4060
898 1777388508 3557 3701 3674 3653 3589 548 281 3596 4061 4061 4061 4061 4061 4061 4061 4061
899 1777388508 3558 3702 3674 3653 3589 559 280 3598 4061 4061 4060 4060 4060 4060 4060 4060
900 1777388508 3557 3701 3674 3653 3589 558 280 3597 4061 4061 4060 4060 4060 4060 4060 4060
901 1777388508 3558 3702 3675 3654 3590 578 276 3599 4061 4061 4060 4060 4060 4060 4060 4060
902 1777388508 3556 3701 3674 3653 3588 559 280 3597 4061 4061 4060 4060 4060 4060 4060 4060
903 1777388508 3557 3702 3674 3653 3589 550 282 3597 4061 4061 4061 4061 4061 4061 4061 4061
904 1777388508 3557 3701 3673 3652 3588 546 282 3597 4061 4061 4060 4060 4060 4060 4060 4060
905 1777388508 3557 3702 3674 3653 3588 560 280 3597 4061 4061 4061 4061 4061 4061 4061 4061
906 1777388508 3558 3703 3675 3655 3591 560 281 592 4061 4061 4060 4060 4060 4060 4060 4060
907 1777388508 3559 3704 3676 3656 3591 562 280 585 4061 4061 4061 4061 4061 4061 4061 4061
908 1777388508 3558 3703 3675 3654 3590 572 278 598 4061 4061 4060 4060 4060 4060 4060 4060
909 1777388508 3559 3704 3677 3655 3591 563 280 600 4061 4061 4060 4060 4060 4060 4060 4060
910 1777388508 3557 3701 3674 3653 3589 567 279 3597 4061 4061 4060 4060 4060 4060 4060 4060
911 1777388508 3557 3702 3674 3653 3588 552 281 3598 4061 4061 4061 4061 4061 4061 4061 4061
912 1777388508 3558 3702 3675 3654 3590 569 279 606 4061 4061 4060 4060 4060 4060 4060 4060
913 1777388508 3558 3703 3675 3654 3590 544 282 601 4061 4061 4061 4061 4061 4061 4061 4061
914 1777388508 3557 3702 3674 3653 3589 559 281 3596 4061 4061 4060 4060 4060 4060 4060 4060
915 1777388508 3558 3704 3675 3655 3590 560 281 609 4061 4061 4061 4061 4061 4061 4061 4061
916 1777388508 3558 3703 3675 3654 3589 560 281 3598 4061 4061 4061 4061 4061 4061 4061 4061
917 1777388508 3557 3701 3674 3653 3589 541 282 3597 4061 4061 4060 4060 4060 4060 4060 4060
918 1777388509 3556 3701 3673 3653 3588 553 281 3597 4061 4061 4061 4061 4061 4061 4061 4061
919 1777388509 3557 3702 3674 3653 3589 572 278 3597 4063 4061 4061 4061 4061 4061 4061 4061
920 1777388509 3557 3703 3674 3654 3589 542 282 3598 4061 4061 4060 4060 4060 4060 4060 4060
921 1777388509 3558 3703 3676 3654 3590 573 279 631 4061 4061 4060 4060 4060 4060 4060 4060
922 1777388509 3557 3702 3675 3653 3589 550 281 3598 4063 4063 4062 4062 4062 4062 4062 4062
923 1777388509 3557 3702 3674 3653 3588 568 279 3597 4060 4061 4060 4060 4060 4060 4060 4060
924 1777388509 3558 3703 3676 3655 3590 571 278 595 4061 4061 4060 4060 4060 4060 4060 4060
925 1777388509 3558 3703 3675 3654 3590 558 281 603 4061 4061 4061 4061 4061 4061 4061 4061
926 1777388509 3557 3702 3674 3653 3589 562 280 3597 4061 4061 4061 4061 4061 4061 4061 4061
927 1777388509 3558 3703 3676 3654 3591 576 277 612 4061 4061 4061 4061 4061 4061 4061 4061
928 1777388509 3558 3703 3675 3655 3590 549 281 597 4061 4061 4061 4061 4061 4061 4061 4061
929 1777388509 3558 3702 3675 3654 3590 562 281 3597 4063 4061 4061 4061 4061 4061 4061 4061
930 1777388509 3557 3702 3675 3653 3589 557 281 3598 4061 4061 4060 4060 4060 4060 4060 4060
931 1777388509 3559 3703 3676 3655 3590 559 281 608 4061 4061 4061 4061 4061 4061 4061 4061
932 1777388509 3558 3703 3675 3653 3589 565 280 3598 4061 4061 4060 4060 4060 4060 4060 4060
933 1777388509 3557 3702 3674 3654 3589 556 281 3598 4061 4061 4061 4061 4061 4061 4061 4061
934 1777388509 3556 3701 3673 3652 3588 565 280 3596 4061 4061 4060 4060 4060 4060 4060 4060
935 1777388509 3559 3704 3676 3655 3590 568 279 600 4061 4061 4061 4061 4061 4061 4061 4061
936 1777388509 3557 3702 3675 3654 3590 554 281 3598 4061 4061 4060 4060 4060 4060 4060 4060
937 1777388509 3559 3703 3675 3655 3590 574 278 616 4061 4061 4061 4061 4061 4061 4061 4061
938 1777388509 3559 3704 3676 3655 3590 572 278 632 4061 4061 4061 4061 4061 4061 4061 4061
939 1777388509 3557 3702 3674 3653 3589 558 281 3597 4059 4059 4059 4059 4059 4059 4059 4059
940 1777388509 3557 3702 3674 3653 3589 563 281 3598 4061 4061 4061 4061 4061 4061 4061 4061
941 1777388509 3558 3704 3676 3655 3591 567 280 601 4061 4061 4060 4060 4060 4060 4060 4060
942 1777388509 3556 3701 3673 3653 3589 553 281 3598 4063 4061 4061 4061 4061 4061 4061 4061
943 1777388510 3559 3704 3676 3655 3591 553 281 586 4061 4061 4060 4060 4060 4060 4060 4060
944 1777388510 3557 3702 3674 3653 3588 560 281 3598 4061 4061 4061 4061 4061 4061 4061 4061
945 1777388510 3556 3702 3674 3653 3588 554 281 3597 4061 4061 4061 4061 4061 4061 4061 4061
946 1777388510 3559 3704 3677 3656 3590 565 280 620 4061 4061 4061 4061 4061 4061 4061 4061
947 1777388510 3556 3701 3673 3652 3588 567 280 3595 4061 4061 4061 4061 4061 4061 4061 4061
948 1777388510 3558 3703 3675 3654 3589 544 282 636 4061 4061 4061 4061 4061 4061 4061 4061
949 1777388510 3558 3703 3675 3654 3590 578 277 607 4061 4061 4060 4060 4060 4060 4060 4060
950 1777388510 3557 3702 3674 3653 3589 547 282 3598 4061 4061 4060 4060 4060 4060 4060 4060
951 1777388510 3557 3702 3674 3653 3588 558 281 3597 4061 4061 4060 4060 4060 4060 4060 4060
952 1777388510 3558 3703 3675 3655 3590 568 280 615 4061 4061 4061 4061 4061 4061 4061 4061
953 1777388510 3556 3701 3673 3652 3588 571 280 3597 4061 4061 4060 4060 4060 4060 4060 4060
954 1777388510 3558 3703 3675 3655 3590 552 282 622 4063 4063 4062 4062 4062 4062 4062 4062
955 1777388510 3560 3704 3676 3655 3591 569 279 613 4061 4061 4060 4060 4060 4060 4060 4060
956 1777388510 3557 3702 3674 3653 3589 559 281 3598 4061 4061 4060 4060 4060 4060 4060 4060
957 1777388510 3557 3702 3674 3653 3589 569 280 3598 4061 4061 4060 4060 4060 4060 4060 4060
958 1777388510 3558 3703 3675 3654 3589 556 282 3597 4061 4061 4061 4061 4061 4061 4061 4061
959 1777388510 3558 3703 3675 3654 3590 568 280 3598 4061 4061 4061 4061 4061 4061 4061 4061
960 1777388510 3558 3703 3675 3655 3590 555 281 612 4061 4061 4060 4060 4060 4060 4060 4060
961 1777388510 3560 3704 3677 3655 3591 570 280 603 4061 4061 4061 4061 4061 4061 4061 4061
962 1777388510 3557 3701 3673 3653 3588 561 281 3596 4061 4061 4061 4061 4061 4061 4061 4061
963 1777388510 3557 3702 3675 3653 3589 557 282 3598 4061 4061 4061 4061 4061 4061 4061 4061
964 1777388510 3558 3702 3675 3654 3590 540 283 3598 4061 4061 4060 4060 4060 4060 4060 4060
965 1777388510 3559 3704 3677 3656 3590 566 281 613 4061 4061 4061 4061 4061 4061 4061 4061
966 1777388510 3558 3702 3674 3653 3589 560 281 3598 4061 4061 4060 4060 4060 4060 4060 4060
967 1777388510 3559 3704 3676 3655 3590 562 281 624 4061 4061 4061 4061 4061 4061 4061 4061
968 1777388511 3558 3703 3675 3654 3589 569 279 3597 4063 4063 4062 4062 4062 4062 4062 4062
969 1777388511 3557 3702 3674 3652 3588 532 283 3597 4061 4061 4060 4060 4060 4060 4060 4060
970 1777388511 3558 3703 3675 3654 3589 569 279 619 4061 4061 4060 4060 4060 4060 4060 4060
971 1777388511 3557 3702 3675 3654 3589 569 279 3597 4061 4061 4061 4061 4061 4061 4061 4061
972 1777388511 3558 3702 3675 3654 3589 551 282 3598 4061 4061 4060 4060 4060 4060 4060 4060
973 1777388511 3557 3702 3674 3654 3589 553 282 3599 4061 4061 4060 4060 4060 4060 4060 4060
974 1777388511 3558 3703 3675 3655 3590 554 281 3598 4063 4063 4062 4062 4062 4062 4062 4062
975 1777388511 3557 3702 3674 3653 3589 564 278 3598 4061 4061 4060 4060 4060 4060 4060 4060
976 1777388511 3556 3701 3673 3652 3588 566 278 3597 4061 4061 4060 4060 4060 4060 4060 4060
977 1777388511 3555 3700 3672 3652 3587 544 280 3596 4061 4061 4060 4060 4060 4060 4060 4060
978 1777388511 3557 3702 3675 3654 3589 560 279 577 4063 4061 4061 4061 4061 4061 4061 4061
979 1777388511 3557 3703 3674 3653 3589 560 279 596 4063 4063 4062 4062 4062 4062 4062 4062
980 1777388511 3557 3702 3674 3653 3589 539 281 595 4061 4061 4061 4061 4061 4061 4061 4061
981 1777388511 3558 3702 3675 3654 3589 565 278 600 4061 4061 4061 4061 4061 4061 4061 4061
982 1777388511 3555 3700 3673 3652 3588 525 281 3596 4061 4061 4061 4061 4061 4061 4061 4061
983 1777388511 3556 3700 3673 3652 3587 561 279 3596 4061 4061 4061 4061 4061 4061 4061 4061
984 1777388511 3555 3700 3673 3651 3587 564 278 3596 4061 4061 4060 4060 4060 4060 4060 4060
985 1777388511 3558 3703 3675 3654 3589 562 279 608 4059 4059 4058 4058 4058 4058 4058 4058
986 1777388511 3558 3704 3676 3654 3590 565 278 589 4061 4061 4060 4060 4060 4060 4060 4060
987 1777388511 3556 3701 3673 3652 3588 540 280 3597 4061 4061 4060 4060 4060 4060 4060 4060
988 1777388511 3557 3702 3675 3653 3589 542 280 573 4061 4061 4061 4061 4061 4061 4061 4061
989 1777388511 3557 3702 3674 3653 3589 571 276 594 4061 4061 4060 4060 4060 4060 4060 4060
990 1777388511 3556 3701 3673 3653 3588 545 280 3596 4061 4061 4060 4060 4060 4060 4060 4060
991 1777388511 3556 3701 3674 3652 3588 549 281 3597 4059 4059 4059 4059 4059 4059 4059 4059
992 1777388511 3556 3700 3673 3651 3587 556 280 3596 4061 4061 4061 4061 4061 4061 4061 4061
993 1777388511 3554 3699 3672 3652 3587 548 281 3596 4063 4063 4062 4062 4062 4062 4062 4062
994 1777388511 3557 3701 3673 3653 3588 561 279 3596 4061 4061 4061 4061 4061 4061 4061 4061
995 1777388512 3558 3703 3675 3654 3590 552 280 613 4061 4061 4061 4061 4061 4061 4061 4061
996 1777388512 3556 3700 3672 3651 3587 571 277 3596 4061 4061 4061 4061 4061 4061 4061 4061
997 1777388512 3557 3702 3674 3654 3589 564 278 3597 4061 4061 4061 4061 4061 4061 4061 4061
998 1777388512 3557 3702 3674 3653 3588 554 280 616 4061 4061 4061 4061 4061 4061 4061 4061
999 1777388512 3556 3701 3673 3652 3588 523 281 3596 4061 4061 4061 4061 4061 4061 4061 4061
1000 1777388512 3558 3702 3675 3653 3589 582 273 590 4061 4061 4061 4061 4061 4061 4061 4061
