1 1777388802 3552 3696 3668 3648 3584 539 280 3592 4061 4061 4060 4060 4060 4060 4060 4060
2 1777388802 3553 3698 3670 3649 3585 577 275 3593 4061 4061 4060 4060 4060 4060 4060 4060
3 1777388802 3554 3699 3670 3649 3585 579 274 3594 4059 4059 4059 4059 4059 4059 4059 4059
4 1777388802 3554 3698 3670 3650 3585 553 281 3593 4059 4059 4059 4059 4059 4059 4059 4059
5 1777388802 3553 3697 3669 3649 3584 553 280 3593 4061 4061 4060 4060 4060 4060 4060 4060
6 1777388802 3555 3700 3672 3651 3587 558 279 604 4061 4061 4061 4061 4061 4061 4061 4061
7 1777388802 3553 3698 3670 3649 3585 548 280 3593 4061 4061 4060 4060 4060 4060 4060 4060
8 1777388802 3555 3700 3673 3651 3587 572 277 601 4059 4059 4059 4059 4059 4059 4059 4059
9 1777388802 3555 3700 3672 3651 3587 559 279 583 4061 4061 4060 4060 4060 4060 4060 4060
10 1777388802 3554 3698 3671 3650 3585 556 280 3594 4059 4059 4059 4059 4059 4059 4059 4059
11 1777388802 3553 3698 3670 3650 3586 536 281 3594 4061 4061 4060 4060 4060 4060 4060 4060
12 1777388802 3554 3698 3670 3650 3586 559 279 3593 4061 4061 4060 4060 4060 4060 4060 4060
13 1777388802 3554 3698 3671 3650 3585 574 276 3594 4061 4061 4061 4061 4061 4061 4061 4061
14 1777388802 3556 3700 3673 3651 3588 551 280 591 4061 4061 4060 4060 4060 4060 4060 4060
15 1777388802 3556 3700 3673 3652 3587 554 280 601 4061 4061 4060 4060 4060 4060 4060 4060
16 1777388802 3554 3698 3670 3650 3585 542 280 3594 4061 4061 4060 4060 4060 4060 4060 4060
17 1777388802 3555 3699 3671 3650 3586 539 281 3595 4061 4061 4060 4060 4060 4060 4060 4060
18 1777388802 3555 3700 3672 3651 3586 538 281 3595 4061 4061 4061 4061 4061 4061 4061 4061
19 1777388802 3554 3698 3670 3649 3585 575 276 3594 4061 4061 4060 4060 4060 4060 4060 4060
20 1777388802 3554 3699 3671 3650 3585 568 278 3594 4061 4061 4060 4060 4060 4060 4060 4060
21 1777388802 3554 3699 3671 3650 3586 543 280 3595 4061 4061 4060 4060 4060 4060 4060 4060
22 1777388802 3554 3699 3672 3650 3586 560 279 3595 4061 4061 4061 4061 4061 4061 4061 4061
23 1777388802 3555 3699 3672 3651 3586 557 280 3596 4061 4061 4061 4061 4061 4061 4061 4061
24 1777388802 3553 3698 3670 3649 3584 550 281 3594 4059 4059 4059 4059 4059 4059 4059 4059
25 1777388803 3554 3698 3671 3650 3585 555 280 3595 4061 4061 4060 4060 4060 4060 4060 4060
26 1777388803 3555 3699 3671 3650 3586 559 279 3595 4059 4059 4059 4059 4059 4059 4059 4059
27 1777388803 3555 3699 3671 3650 3586 527 281 3595 4059 4059 4059 4059 4059 4059 4059 4059
28 1777388803 3555 3700 3672 3652 3588 567 278 3596 4061 4061 4060 4060 4060 4060 4060 4060
29 1777388803 3554 3699 3671 3650 3587 561 279 3596 4061 4061 4060 4060 4060 4060 4060 4060
30 1777388803 3554 3698 3671 3650 3586 558 280 3594 4059 4059 4059 4059 4059 4059 4059 4059
31 1777388803 3556 3701 3673 3652 3588 574 276 592 4061 4061 4060 4060 4060 4060 4060 4060
32 1777388803 3554 3698 3671 3650 3585 553 280 3594 4061 4061 4060 4060 4060 4060 4060 4060
33 1777388803 3555 3699 3672 3651 3586 559 279 3595 4061 4061 4061 4061 4061 4061 4061 4061
34 1777388803 3554 3699 3671 3650 3586 558 279 3595 4059 4059 4059 4059 4059 4059 4059 4059
35 1777388803 3554 3699 3671 3650 3585 569 278 3594 4061 4060 4060 4060 4060 4060 4060 4060
36 1777388803 3553 3698 3670 3650 3585 546 280 3595 4061 4061 4061 4061 4061 4061 4061 4061
37 1777388803 3554 3698 3671 3649 3585 537 281 3594 4061 4061 4061 4061 4061 4061 4061 4061
38 1777388803 3555 3699 3672 3650 3586 558 280 3595 4061 4061 4061 4061 4061 4061 4061 4061
39 1777388803 3554 3699 3671 3650 3586 568 278 3594 4061 4061 4060 4060 4060 4060 4060 4060
40 1777388803 3555 3699 3672 3651 3586 566 279 3595 4059 4059 4059 4059 4059 4059 4059 4059
41 1777388803 3555 3699 3672 3651 3586 580 274 3595 4061 4061 4060 4060 4060 4060 4060 4060
42 1777388803 3555 3700 3672 3651 3587 578 274 3595 4061 4061 4060 4060 4060 4060 4060 4060
43 1777388803 3554 3698 3671 3650 3586 555 280 3594 4061 4061 4060 4060 4060 4060 4060 4060
44 1777388803 3556 3701 3673 3653 3588 582 273 604 4059 4059 4059 4059 4059 4059 4059 4059
45 1777388803 3556 3701 3673 3653 3588 573 277 618 4061 4061 4060 4060 4060 4060 4060 4060
46 1777388803 3556 3701 3673 3652 3588 549 280 629 4059 4059 4059 4059 4059 4059 4059 4059
47 1777388803 3555 3700 3672 3651 3586 567 278 3595 4061 4061 4060 4060 4060 4060 4060 4060
48 1777388803 3556 3700 3672 3651 3587 565 279 3596 4061 4061 4060 4060 4060 4060 4060 4060
49 1777388803 3555 3700 3672 3652 3587 556 280 3596 4061 4061 4060 4060 4060 4060 4060 4060
50 1777388803 3555 3699 3672 3651 3587 557 280 3595 4061 4061 4060 4060 4060 4060 4060 4060
51 1777388803 3555 3699 3672 3651 3586 542 281 3595 4061 4061 4061 4061 4061 4061 4061 4061
52 1777388803 3554 3700 3672 3651 3586 538 282 3595 4061 4061 4060 4060 4060 4060 4060 4060
53 1777388803 3554 3699 3671 3651 3586 569 278 3595 4061 4061 4060 4060 4060 4060 4060 4060
54 1777388803 3558 3702 3674 3653 3589 559 280 590 4061 4061 4060 4060 4060 4060 4060 4060
55 1777388803 3554 3698 3671 3650 3586 563 279 3594 4059 4059 4059 4059 4059 4059 4059 4059
56 1777388803 3556 3701 3673 3651 3587 574 277 640 4059 4059 4059 4059 4059 4059 4059 4059
57 1777388803 3555 3699 3671 3650 3586 566 279 3595 4061 4061 4060 4060 4060 4060 4060 4060
58 1777388803 3554 3699 3672 3651 3587 543 281 3595 4061 4061 4060 4060 4060 4060 4060 4060
59 1777388804 3555 3699 3672 3650 3586 562 279 3594 4061 4061 4060 4060 4060 4060 4060 4060
60 1777388804 3555 3700 3672 3651 3587 550 281 3595 4061 4061 4060 4060 4060 4060 4060 4060
61 1777388804 3555 3699 3672 3651 3587 575 276 3595 4061 4061 4060 4060 4060 4060 4060 4060
62 1777388804 3554 3699 3672 3651 3586 562 279 3595 4061 4061 4060 4060 4060 4060 4060 4060
63 1777388804 3555 3699 3672 3651 3587 563 279 3595 4061 4061 4060 4060 4060 4060 4060 4060
64 1777388804 3554 3699 3671 3651 3586 557 280 3595 4061 4061 4060 4060 4060 4060 4060 4060
65 1777388804 3554 3699 3671 3650 3585 569 278 3594 4061 4061 4060 4060 4060 4060 4060 4060
66 1777388804 3554 3700 3672 3651 3586 558 280 3595 4061 4061 4060 4060 4060 4060 4060 4060
67 1777388804 3555 3700 3673 3652 3588 549 281 603 4061 4061 4060 4060 4060 4060 4060 4060
68 1777388804 3555 3700 3672 3651 3586 573 277 3595 4061 4061 4061 4061 4061 4061 4061 4061
69 1777388804 3556 3701 3674 3653 3588 565 279 575 4061 4061 4061 4061 4061 4061 4061 4061
70 1777388804 3555 3700 3672 3651 3587 556 280 3596 4061 4061 4061 4061 4061 4061 4061 4061
71 1777388804 3557 3702 3674 3653 3588 567 279 608 4061 4061 4061 4061 4061 4061 4061 4061
72 1777388804 3556 3700 3673 3652 3588 571 277 590 4061 4061 4060 4060 4060 4060 4060 4060
73 1777388804 3554 3699 3672 3651 3587 561 280 3594 4061 4061 4061 4061 4061 4061 4061 4061
74 1777388804 3556 3700 3672 3652 3587 559 280 3595 4061 4061 4060 4060 4060 4060 4060 4060
75 1777388804 3556 3701 3673 3652 3588 563 279 603 4061 4061 4061 4061 4061 4061 4061 4061
76 1777388804 3554 3699 3672 3651 3587 540 281 3595 4059 4059 4059 4059 4059 4059 4059 4059
77 1777388804 3557 3702 3674 3653 3589 559 279 583 4061 4061 4060 4060 4060 4060 4060 4060
78 1777388804 3554 3699 3672 3651 3586 567 278 3595 4061 4061 4060 4060 4060 4060 4060 4060
79 1777388804 3554 3699 3671 3650 3586 570 278 3595 4061 4061 4060 4060 4060 4060 4060 4060
80 1777388804 3555 3699 3672 3650 3586 571 278 3595 4061 4061 4060 4060 4060 4060 4060 4060
81 1777388804 3556 3701 3673 3653 3588 563 279 603 4059 4059 4059 4059 4059 4059 4059 4059
82 1777388804 3557 3701 3674 3653 3588 564 279 611 4059 4059 4059 4059 4059 4059 4059 4059
83 1777388804 3556 3701 3673 3652 3588 556 280 581 4061 4061 4061 4061 4061 4061 4061 4061
84 1777388804 3556 3701 3674 3652 3588 556 280 591 4061 4061 4060 4060 4060 4060 4060 4060
85 1777388804 3556 3701 3673 3653 3588 558 280 596 4061 4061 4060 4060 4060 4060 4060 4060
86 1777388804 3556 3701 3673 3652 3587 569 278 3595 4059 4059 4059 4059 4059 4059 4059 4059
87 1777388804 3554 3699 3671 3651 3586 554 280 3594 4061 4061 4061 4061 4061 4061 4061 4061
88 1777388805 3557 3702 3674 3653 3588 549 281 577 4061 4061 4060 4060 4060 4060 4060 4060
89 1777388805 3557 3701 3674 3653 3589 558 280 629 4059 4059 4059 4059 4059 4059 4059 4059
90 1777388805 3557 3702 3675 3654 3589 566 279 607 4061 4061 4060 4060 4060 4060 4060 4060
91 1777388805 3555 3699 3672 3651 3587 547 281 3594 4059 4059 4059 4059 4059 4059 4059 4059
92 1777388805 3554 3699 3671 3650 3586 542 281 3595 4061 4061 4060 4060 4060 4060 4060 4060
93 1777388805 3555 3700 3673 3652 3587 527 282 3596 4061 4061 4060 4060 4060 4060 4060 4060
94 1777388805 3554 3699 3671 3650 3586 563 280 3595 4059 4059 4059 4059 4059 4059 4059 4059
95 1777388805 3557 3702 3675 3654 3589 570 278 598 4061 4061 4061 4061 4061 4061 4061 4061
96 1777388805 3555 3699 3672 3650 3586 558 280 3595 4061 4061 4060 4060 4060 4060 4060 4060
97 1777388805 3557 3702 3674 3653 3589 553 281 644 4061 4061 4060 4060 4060 4060 4060 4060
98 1777388805 3557 3702 3675 3654 3589 553 280 590 4059 4059 4059 4059 4059 4059 4059 4059
99 1777388805 3555 3701 3673 3651 3587 547 281 612 4061 4061 4060 4060 4060 4060 4060 4060
100 1777388805 3557 3702 3673 3652 3588 566 279 614 4061 4061 4060 4060 4060 4060 4060 4060
101 1777388805 3555 3699 3672 3651 3586 559 281 3595 4061 4061 4060 4060 4060 4060 4060 4060
102 1777388805 3555 3700 3672 3651 3586 569 278 3596 4061 4061 4060 4060 4060 4060 4060 4060
103 1777388805 3555 3700 3672 3652 3587 565 279 3596 4061 4061 4060 4060 4060 4060 4060 4060
104 1777388805 3557 3702 3674 3653 3589 575 277 612 4059 4059 4059 4059 4059 4059 4059 4059
105 1777388805 3557 3701 3674 3653 3589 560 280 616 4059 4059 4059 4059 4059 4059 4059 4059
106 1777388805 3557 3702 3674 3653 3589 559 280 573 4059 4059 4059 4059 4059 4059 4059 4059
107 1777388805 3554 3699 3672 3651 3587 551 281 3594 4061 4061 4061 4061 4061 4061 4061 4061
108 1777388805 3555 3700 3673 3652 3587 542 281 3596 4061 4061 4061 4061 4061 4061 4061 4061
109 1777388805 3555 3700 3673 3651 3587 553 281 3596 4061 4061 4061 4061 4061 4061 4061 4061
110 1777388805 3555 3700 3672 3651 3587 547 282 3595 4061 4061 4061 4061 4061 4061 4061 4061
111 1777388805 3555 3700 3672 3651 3587 535 282 3595 4059 4059 4059 4059 4059 4059 4059 4059
112 1777388805 3555 3700 3672 3651 3587 530 282 3596 4061 4061 4060 4060 4060 4060 4060 4060
113 1777388805 3555 3700 3672 3652 3588 549 281 3596 4061 4061 4060 4060 4060 4060 4060 4060
114 1777388805 3556 3700 3673 3652 3587 560 280 3596 4059 4059 4059 4059 4059 4059 4059 4059
115 1777388805 3557 3702 3674 3653 3588 549 281 604 4061 4061 4061 4061 4061 4061 4061 4061
116 1777388805 3554 3698 3672 3650 3586 542 281 3595 4061 4061 4060 4060 4060 4060 4060 4060
117 1777388805 3557 3701 3674 3653 3588 561 280 597 4061 4059 4059 4059 4059 4059 4059 4059
118 1777388805 3555 3700 3672 3651 3586 555 281 3595 4061 4061 4060 4060 4060 4060 4060 4060
119 1777388805 3557 3702 3674 3653 3589 573 278 609 4061 4061 4060 4060 4060 4060 4060 4060
120 1777388805 3556 3701 3673 3652 3588 583 273 602 4059 4059 4059 4059 4059 4059 4059 4059
121 1777388805 3555 3700 3672 3651 3587 538 282 3595 4061 4061 4060 4060 4060 4060 4060 4060
122 1777388806 3555 3699 3671 3650 3587 545 282 3595 4061 4061 4060 4060 4060 4060 4060 4060
123 1777388806 3556 3700 3673 3652 3588 563 280 3596 4061 4061 4060 4060 4060 4060 4060 4060
124 1777388806 3556 3700 3672 3652 3587 560 280 3596 4061 4061 4060 4060 4060 4060 4060 4060
125 1777388806 3557 3701 3673 3653 3588 560 280 585 4061 4061 4060 4060 4060 4060 4060 4060
126 1777388806 3556 3700 3672 3651 3587 568 279 3595 4061 4061 4060 4060 4060 4060 4060 4060
127 1777388806 3556 3701 3673 3652 3588 569 279 613 4061 4061 4061 4061 4061 4061 4061 4061
128 1777388806 3556 3700 3673 3652 3587 575 276 605 4061 4061 4060 4060 4060 4060 4060 4060
129 1777388806 3555 3701 3673 3651 3587 552 281 3595 4059 4059 4058 4058 4058 4058 4058 4058
130 1777388806 3557 3702 3674 3653 3588 555 281 602 4059 4059 4058 4058 4058 4058 4058 4058
131 1777388806 3557 3701 3674 3653 3588 561 280 603 4061 4061 4060 4060 4060 4060 4060 4060
132 1777388806 3555 3700 3672 3652 3586 556 281 3595 4061 4061 4060 4060 4060 4060 4060 4060
133 1777388806 3555 3699 3672 3651 3587 555 280 3596 4059 4059 4059 4059 4059 4059 4059 4059
134 1777388806 3554 3699 3672 3651 3586 578 275 3595 4061 4061 4060 4060 4060 4060 4060 4060
135 1777388806 3555 3700 3673 3651 3587 547 282 3596 4061 4061 4060 4060 4060 4060 4060 4060
136 1777388806 3555 3700 3672 3651 3587 566 279 3596 4061 4061 4061 4061 4061 4061 4061 4061
137 1777388806 3554 3699 3672 3651 3587 561 280 3595 4059 4059 4059 4059 4059 4059 4059 4059
138 1777388806 3556 3700 3673 3651 3587 559 280 3595 4061 4061 4060 4060 4060 4060 4060 4060
139 1777388806 3557 3701 3673 3652 3588 559 280 614 4061 4061 4060 4060 4060 4060 4060 4060
140 1777388806 3555 3700 3672 3651 3586 548 281 3595 4061 4061 4060 4060 4060 4060 4060 4060
141 1777388806 3556 3701 3673 3652 3588 556 281 3596 4061 4061 4060 4060 4060 4060 4060 4060
142 1777388806 3556 3701 3673 3652 3588 561 280 3596 4059 4059 4059 4059 4059 4059 4059 4059
143 1777388806 3557 3701 3673 3653 3588 567 279 601 4061 4061 4060 4060 4060 4060 4060 4060
144 1777388806 3556 3700 3673 3652 3587 553 281 3595 4063 4061 4061 4061 4061 4061 4061 4061
145 1777388806 3555 3700 3672 3651 3587 541 281 3596 4061 4061 4060 4060 4060 4060 4060 4060
146 1777388807 3556 3701 3673 3652 3588 561 280 3597 4061 4061 4060 4060 4060 4060 4060 4060
147 1777388807 3555 3699 3672 3651 3586 571 278 3595 4061 4061 4060 4060 4060 4060 4060 4060
148 1777388807 3556 3701 3673 3652 3588 555 281 3596 4061 4061 4060 4060 4060 4060 4060 4060
149 1777388807 3556 3700 3673 3652 3587 581 274 3596 4061 4061 4060 4060 4060 4060 4060 4060
150 1777388807 3555 3700 3673 3652 3587 538 282 3596 4061 4061 4060 4060 4060 4060 4060 4060
151 1777388807 3557 3701 3673 3652 3588 548 281 3597 4061 4061 4061 4061 4061 4061 4061 4061
152 1777388807 3555 3700 3672 3652 3587 556 281 3596 4059 4059 4059 4059 4059 4059 4059 4059
153 1777388807 3555 3700 3672 3651 3587 570 279 3596 4061 4061 4060 4060 4060 4060 4060 4060
154 1777388807 3555 3700 3672 3651 3587 570 278 3595 4061 4061 4060 4060 4060 4060 4060 4060
155 1777388807 3556 3700 3673 3651 3587 561 280 3596 4061 4061 4060 4060 4060 4060 4060 4060
156 1777388807 3557 3702 3674 3653 3588 546 282 602 4059 4059 4059 4059 4059 4059 4059 4059
157 1777388807 3555 3700 3673 3651 3587 552 281 3596 4061 4061 4060 4060 4060 4060 4060 4060
158 1777388807 3557 3702 3674 3652 3588 544 282 596 4061 4061 4060 4060 4060 4060 4060 4060
159 1777388807 3556 3701 3673 3652 3587 547 282 3596 4061 4061 4061 4061 4061 4061 4061 4061
160 1777388807 3556 3701 3673 3652 3587 550 281 3597 4061 4061 4060 4060 4060 4060 4060 4060
161 1777388807 3558 3703 3675 3654 3589 557 281 628 4061 4061 4060 4060 4060 4060 4060 4060
162 1777388807 3557 3702 3674 3653 3589 571 279 593 4061 4061 4060 4060 4060 4060 4060 4060
163 1777388807 3555 3700 3672 3651 3587 559 281 3595 4059 4059 4059 4059 4059 4059 4059 4059
164 1777388807 3558 3702 3675 3654 3590 571 279 595 4061 4061 4061 4061 4061 4061 4061 4061
165 1777388807 3555 3701 3672 3651 3587 555 281 3596 4061 4061 4061 4061 4061 4061 4061 4061
166 1777388807 3556 3700 3672 3652 3587 542 282 3597 4061 4061 4061 4061 4061 4061 4061 4061
167 1777388807 3557 3702 3675 3653 3589 569 279 596 4061 4061 4060 4060 4060 4060 4060 4060
168 1777388807 3557 3702 3674 3654 3589 562 280 600 4059 4059 4059 4059 4059 4059 4059 4059
169 1777388807 3558 3703 3675 3654 3589 570 278 602 4061 4059 4059 4059 4059 4059 4059 4059
170 1777388807 3555 3700 3672 3651 3587 549 282 3595 4061 4061 4060 4060 4060 4060 4060 4060
171 1777388807 3555 3700 3673 3652 3587 556 281 3596 4061 4061 4060 4060 4060 4060 4060 4060
172 1777388807 3556 3701 3673 3653 3587 549 282 3596 4061 4061 4060 4060 4060 4060 4060 4060
173 1777388807 3557 3701 3674 3653 3589 560 280 610 4061 4061 4060 4060 4060 4060 4060 4060
174 1777388808 3556 3700 3673 3652 3588 536 282 591 4061 4061 4061 4061 4061 4061 4061 4061
175 1777388808 3557 3701 3673 3653 3588 569 279 615 4061 4061 4060 4060 4060 4060 4060 4060
176 1777388808 3556 3700 3672 3652 3587 549 281 3596 4061 4061 4060 4060 4060 4060 4060 4060
177 1777388808 3556 3700 3672 3651 3587 561 281 3596 4059 4059 4059 4059 4059 4059 4059 4059
178 1777388808 3555 3699 3672 3652 3587 542 282 3595 4059 4059 4059 4059 4059 4059 4059 4059
179 1777388808 3556 3700 3673 3651 3587 550 282 3596 4059 4059 4059 4059 4059 4059 4059 4059
180 1777388808 3556 3701 3673 3652 3588 558 281 3597 4061 4061 4061 4061 4061 4061 4061 4061
181 1777388808 3557 3701 3674 3653 3589 569 279 625 4061 4061 4060 4060 4060 4060 4060 4060
182 1777388808 3555 3700 3672 3651 3587 557 281 3596 4061 4061 4060 4060 4060 4060 4060 4060
183 1777388808 3555 3700 3672 3651 3587 562 280 3596 4059 4059 4059 4059 4059 4059 4059 4059
184 1777388808 3556 3701 3673 3652 3588 542 282 3596 4059 4059 4059 4059 4059 4059 4059 4059
185 1777388808 3556 3701 3672 3651 3587 563 281 3596 4061 4061 4061 4061 4061 4061 4061 4061
186 1777388808 3557 3702 3674 3653 3589 565 280 597 4061 4061 4060 4060 4060 4060 4060 4060
187 1777388808 3557 3702 3674 3653 3588 553 282 600 4059 4059 4059 4059 4059 4059 4059 4059
188 1777388808 3555 3700 3672 3651 3587 559 281 3595 4059 4059 4059 4059 4059 4059 4059 4059
189 1777388808 3556 3701 3673 3652 3587 557 281 3597 4061 4061 4061 4061 4061 4061 4061 4061
190 1777388808 3557 3702 3674 3653 3588 560 281 602 4061 4061 4060 4060 4060 4060 4060 4060
191 1777388808 3557 3701 3674 3653 3588 539 282 3597 4061 4061 4060 4060 4060 4060 4060 4060
192 1777388808 3556 3700 3673 3652 3588 554 282 3597 4061 4061 4060 4060 4060 4060 4060 4060
193 1777388808 3557 3701 3673 3652 3588 555 281 3596 4061 4060 4060 4060 4060 4060 4060 4060
194 1777388808 3557 3702 3674 3653 3588 574 278 601 4061 4061 4060 4060 4060 4060 4060 4060
195 1777388808 3556 3700 3673 3652 3587 518 283 3596 4059 4059 4059 4059 4059 4059 4059 4059
196 1777388808 3557 3702 3674 3654 3589 578 277 621 4061 4061 4060 4060 4060 4060 4060 4060
197 1777388808 3556 3701 3673 3652 3587 556 281 3596 4061 4061 4060 4060 4060 4060 4060 4060
198 1777388808 3556 3701 3673 3652 3588 561 281 3597 4061 4061 4060 4060 4060 4060 4060 4060
199 1777388808 3557 3702 3674 3653 3588 544 282 3597 4061 4061 4061 4061 4061 4061 4061 4061
200 1777388808 3555 3700 3673 3652 3587 547 281 3597 4061 4061 4061 4061 4061 4061 4061 4061
201 1777388808 3557 3701 3673 3653 3588 564 281 3596 4061 4061 4060 4060 4060 4060 4060 4060
202 1777388808 3558 3703 3676 3654 3590 568 280 600 4061 4061 4060 4060 4060 4060 4060 4060
203 1777388808 3555 3700 3673 3652 3588 566 280 3596 4059 4059 4059 4059 4059 4059 4059 4059
204 1777388808 3556 3701 3674 3653 3588 566 280 3597 4061 4061 4060 4060 4060 4060 4060 4060
205 1777388809 3556 3701 3672 3651 3587 543 282 3596 4061 4061 4061 4061 4061 4061 4061 4061
206 1777388809 3558 3702 3675 3653 3590 564 280 589 4061 4061 4060 4060 4060 4060 4060 4060
207 1777388809 3555 3700 3672 3652 3587 568 279 3597 4061 4061 4061 4061 4061 4061 4061 4061
208 1777388809 3555 3700 3672 3651 3586 554 281 3595 4061 4061 4060 4060 4060 4060 4060 4060
209 1777388809 3555 3700 3672 3651 3587 557 281 3596 4059 4059 4059 4059 4059 4059 4059 4059
210 1777388809 3556 3701 3674 3653 3588 554 281 3597 4061 4061 4060 4060 4060 4060 4060 4060
211 1777388809 3557 3701 3673 3652 3588 562 281 3596 4061 4061 4061 4061 4061 4061 4061 4061
212 1777388809 3557 3703 3675 3654 3589 567 280 614 4061 4061 4061 4061 4061 4061 4061 4061
213 1777388809 3556 3701 3673 3652 3588 563 280 3596 4061 4061 4060 4060 4060 4060 4060 4060
214 1777388809 3556 3701 3673 3652 3587 551 282 3596 4061 4061 4060 4060 4060 4060 4060 4060
215 1777388809 3556 3700 3673 3652 3588 543 282 3596 4061 4061 4060 4060 4060 4060 4060 4060
216 1777388809 3557 3702 3674 3654 3589 578 276 609 4061 4061 4060 4060 4060 4060 4060 4060
217 1777388809 3556 3701 3673 3652 3588 553 281 3596 4061 4061 4060 4060 4060 4060 4060 4060
218 1777388809 3556 3700 3673 3652 3587 552 282 3596 4061 4061 4061 4061 4061 4061 4061 4061
219 1777388817 3554 3698 3670 3650 3586 534 283 3594 4061 4061 4060 4060 4060 4060 4060 4060
220 1777388817 3557 3701 3674 3653 3588 582 274 601 4061 4061 4061 4061 4061 4061 4061 4061
221 1777388817 3556 3701 3673 3652 3588 572 279 612 4059 4059 4059 4059 4059 4059 4059 4059
222 1777388817 3555 3699 3671 3651 3586 561 281 3594 4061 4061 4060 4060 4060 4060 4060 4060
223 1777388817 3556 3701 3673 3652 3588 587 272 3597 4061 4061 4060 4060 4060 4060 4060 4060
224 1777388818 3556 3701 3673 3653 3588 561 281 3597 4061 4061 4060 4060 4060 4060 4060 4060
225 1777388818 3556 3700 3673 3652 3587 569 280 3596 4059 4059 4059 4059 4059 4059 4059 4059
226 1777388818 3556 3701 3673 3652 3588 549 282 3596 4061 4061 4060 4060 4060 4060 4060 4060
227 1777388818 3556 3700 3672 3652 3587 530 283 3596 4061 4061 4061 4061 4061 4061 4061 4061
228 1777388818 3557 3702 3675 3654 3589 580 276 597 4061 4061 4061 4061 4061 4061 4061 4061
229 1777388818 3556 3700 3673 3652 3588 559 281 3597 4061 4061 4061 4061 4061 4061 4061 4061
230 1777388818 3557 3701 3673 3653 3588 594 266 3597 4061 4061 4060 4060 4060 4060 4060 4060
231 1777388818 3556 3701 3673 3652 3588 551 280 3596 4061 4061 4061 4061 4061 4061 4061 4061
232 1777388818 3555 3699 3672 3651 3587 562 281 3596 4061 4061 4060 4060 4060 4060 4060 4060
233 1777388818 3557 3702 3674 3652 3588 556 282 594 4059 4059 4059 4059 4059 4059 4059 4059
234 1777388818 3555 3700 3673 3652 3587 557 281 3594 4061 4061 4061 4061 4061 4061 4061 4061
235 1777388818 3556 3701 3673 3652 3588 554 282 3597 4061 4061 4060 4060 4060 4060 4060 4060
236 1777388818 3556 3701 3673 3652 3587 564 281 3596 4059 4059 4059 4059 4059 4059 4059 4059
237 1777388818 3556 3701 3673 3652 3589 546 282 3597 4061 4061 4060 4060 4060 4060 4060 4060
238 1777388818 3555 3700 3673 3652 3588 575 278 3596 4061 4061 4060 4060 4060 4060 4060 4060
239 1777388818 3556 3701 3673 3652 3587 556 282 3596 4061 4061 4061 4061 4061 4061 4061 4061
240 1777388818 3555 3701 3673 3652 3587 562 281 3596 4061 4061 4060 4060 4060 4060 4060 4060
241 1777388818 3556 3700 3673 3652 3588 566 280 3595 4059 4059 4059 4059 4059 4059 4059 4059
242 1777388818 3556 3701 3673 3652 3588 531 283 3598 4061 4061 4060 4060 4060 4060 4060 4060
243 1777388818 3557 3701 3673 3653 3588 563 281 3597 4061 4061 4061 4061 4061 4061 4061 4061
244 1777388818 3555 3700 3673 3651 3587 560 281 3596 4061 4061 4061 4061 4061 4061 4061 4061
245 1777388818 3553 3698 3671 3650 3585 558 279 3594 4059 4059 4059 4059 4059 4059 4059 4059
246 1777388818 3555 3699 3671 3650 3586 563 278 3595 4061 4061 4061 4061 4061 4061 4061 4061
247 1777388818 3554 3699 3671 3650 3586 558 279 3594 4061 4061 4060 4060 4060 4060 4060 4060
248 1777388818 3556 3700 3673 3652 3588 552 280 589 4061 4061 4060 4060 4060 4060 4060 4060
249 1777388818 3554 3699 3671 3650 3586 550 280 3595 4061 4061 4060 4060 4060 4060 4060 4060
250 1777388818 3554 3699 3671 3650 3585 560 279 3594 4061 4061 4060 4060 4060 4060 4060 4060
251 1777388818 3555 3700 3672 3651 3587 557 279 3595 4059 4059 4059 4059 4059 4059 4059 4059
252 1777388819 3553 3699 3671 3649 3586 541 280 3594 4061 4061 4060 4060 4060 4060 4060 4060
253 1777388819 3554 3698 3671 3649 3585 549 280 3594 4061 4061 4061 4061 4061 4061 4061 4061
254 1777388819 3555 3700 3672 3651 3586 561 280 3595 4061 4061 4060 4060 4060 4060 4060 4060
255 1777388819 3555 3700 3672 3651 3587 540 281 3595 4061 4061 4060 4060 4060 4060 4060 4060
256 1777388819 3554 3699 3672 3650 3586 551 280 3594 4061 4061 4060 4060 4060 4060 4060 4060
257 1777388819 3556 3700 3673 3652 3587 568 278 594 4061 4061 4061 4061 4061 4061 4061 4061
258 1777388819 3554 3699 3671 3650 3585 559 279 3594 4061 4061 4061 4061 4061 4061 4061 4061
259 1777388819 3554 3698 3671 3650 3585 551 280 3594 4061 4061 4060 4060 4060 4060 4060 4060
260 1777388819 3555 3699 3672 3651 3587 532 281 3595 4061 4061 4060 4060 4060 4060 4060 4060
261 1777388819 3555 3699 3671 3650 3586 555 280 3595 4059 4059 4059 4059 4059 4059 4059 4059
262 1777388819 3554 3698 3671 3650 3586 568 278 3594 4061 4061 4060 4060 4060 4060 4060 4060
263 1777388819 3555 3699 3671 3650 3587 572 276 3596 4061 4061 4060 4060 4060 4060 4060 4060
264 1777388819 3556 3701 3673 3652 3588 558 279 595 4061 4061 4060 4060 4060 4060 4060 4060
265 1777388819 3554 3699 3671 3650 3586 561 279 3594 4061 4061 4061 4061 4061 4061 4061 4061
266 1777388819 3555 3699 3672 3650 3587 557 280 3594 4059 4059 4059 4059 4059 4059 4059 4059
267 1777388819 3554 3699 3671 3650 3586 543 281 3595 4061 4061 4060 4060 4060 4060 4060 4060
268 1777388819 3554 3699 3671 3651 3586 561 279 3595 4059 4059 4059 4059 4059 4059 4059 4059
269 1777388819 3556 3700 3672 3652 3588 543 281 3597 4059 4059 4059 4059 4059 4059 4059 4059
270 1777388819 3555 3699 3672 3651 3587 543 281 3595 4061 4061 4060 4060 4060 4060 4060 4060
271 1777388819 3555 3700 3672 3651 3586 541 281 3596 4061 4061 4060 4060 4060 4060 4060 4060
272 1777388819 3557 3701 3672 3651 3587 559 280 586 4061 4061 4061 4061 4061 4061 4061 4061
273 1777388819 3555 3700 3671 3650 3586 558 280 3594 4059 4059 4059 4059 4059 4059 4059 4059
274 1777388819 3555 3699 3671 3651 3586 538 281 3596 4061 4061 4060 4060 4060 4060 4060 4060
275 1777388819 3554 3699 3671 3650 3586 548 281 3595 4059 4059 4059 4059 4059 4059 4059 4059
276 1777388819 3554 3698 3671 3650 3586 562 280 3595 4061 4061 4060 4060 4060 4060 4060 4060
277 1777388820 3554 3699 3671 3650 3586 561 279 3595 4061 4061 4060 4060 4060 4060 4060 4060
278 1777388820 3555 3699 3672 3651 3586 570 278 3595 4061 4061 4061 4061 4061 4061 4061 4061
279 1777388820 3557 3702 3674 3653 3589 560 279 593 4061 4061 4061 4061 4061 4061 4061 4061
280 1777388820 3555 3699 3672 3651 3586 545 281 3595 4061 4061 4061 4061 4061 4061 4061 4061
281 1777388820 3556 3700 3673 3651 3587 573 277 3595 4059 4059 4059 4059 4059 4059 4059 4059
282 1777388820 3555 3700 3673 3651 3587 537 281 3596 4059 4059 4059 4059 4059 4059 4059 4059
283 1777388820 3555 3699 3672 3651 3587 559 280 3595 4059 4059 4059 4059 4059 4059 4059 4059
284 1777388820 3555 3700 3673 3652 3587 542 280 3596 4059 4059 4059 4059 4059 4059 4059 4059
285 1777388820 3555 3699 3671 3651 3587 558 280 3595 4061 4061 4061 4061 4061 4061 4061 4061
286 1777388820 3557 3702 3674 3653 3588 580 274 613 4061 4060 4060 4060 4060 4060 4060 4060
287 1777388820 3554 3699 3671 3650 3586 545 281 3595 4059 4059 4059 4059 4059 4059 4059 4059
288 1777388820 3555 3700 3672 3651 3587 558 279 3596 4061 4061 4061 4061 4061 4061 4061 4061
289 1777388820 3557 3702 3674 3653 3589 564 279 629 4061 4061 4060 4060 4060 4060 4060 4060
290 1777388820 3556 3701 3673 3652 3588 573 277 609 4061 4061 4060 4060 4060 4060 4060 4060
291 1777388820 3555 3700 3672 3651 3586 578 275 3595 4061 4061 4060 4060 4060 4060 4060 4060
292 1777388820 3555 3699 3671 3651 3586 543 281 3595 4061 4061 4060 4060 4060 4060 4060 4060
293 1777388820 3555 3700 3672 3651 3586 518 282 3596 4061 4061 4060 4060 4060 4060 4060 4060
294 1777388820 3557 3701 3674 3653 3588 569 278 610 4061 4061 4060 4060 4060 4060 4060 4060
295 1777388820 3554 3698 3671 3650 3585 556 280 3594 4061 4061 4060 4060 4060 4060 4060 4060
296 1777388820 3554 3698 3671 3650 3585 533 282 3594 4061 4061 4061 4061 4061 4061 4061 4061
297 1777388820 3555 3700 3672 3651 3587 561 279 3595 4061 4061 4060 4060 4060 4060 4060 4060
298 1777388820 3555 3700 3671 3651 3586 544 281 3594 4059 4059 4059 4059 4059 4059 4059 4059
299 1777388820 3554 3699 3672 3651 3586 534 282 3595 4061 4061 4061 4061 4061 4061 4061 4061
300 1777388820 3555 3700 3672 3651 3586 579 274 3595 4061 4061 4061 4061 4061 4061 4061 4061
301 1777388820 3557 3702 3674 3653 3588 562 279 611 4061 4061 4060 4060 4060 4060 4060 4060
302 1777388820 3555 3700 3672 3652 3587 545 281 3596 4061 4061 4061 4061 4061 4061 4061 4061
303 1777388820 3555 3701 3673 3652 3587 550 281 3596 4061 4061 4061 4061 4061 4061 4061 4061
304 1777388820 3556 3700 3673 3651 3587 549 280 3596 4061 4061 4061 4061 4061 4061 4061 4061
305 1777388820 3557 3702 3674 3653 3588 559 280 629 4061 4061 4060 4060 4060 4060 4060 4060
306 1777388820 3556 3701 3674 3653 3588 561 279 611 4061 4061 4061 4061 4061 4061 4061 4061
307 1777388820 3556 3700 3673 3652 3587 570 277 594 4061 4061 4061 4061 4061 4061 4061 4061
308 1777388820 3554 3699 3671 3650 3585 545 281 3594 4061 4061 4061 4061 4061 4061 4061 4061
309 1777388820 3557 3702 3675 3654 3589 566 278 617 4059 4059 4059 4059 4059 4059 4059 4059
310 1777388821 3556 3700 3673 3651 3587 552 281 3596 4061 4061 4060 4060 4060 4060 4060 4060
311 1777388821 3556 3700 3673 3652 3587 576 276 3596 4061 4059 4059 4059 4059 4059 4059 4059
312 1777388821 3555 3700 3672 3651 3586 549 281 3596 4061 4061 4060 4060 4060 4060 4060 4060
313 1777388821 3555 3700 3672 3651 3586 558 280 3595 4059 4059 4059 4059 4059 4059 4059 4059
314 1777388821 3554 3699 3671 3651 3586 543 281 3594 4061 4061 4061 4061 4061 4061 4061 4061
315 1777388821 3554 3699 3671 3650 3586 557 280 3595 4061 4061 4060 4060 4060 4060 4060 4060
316 1777388821 3555 3700 3672 3651 3586 566 279 3595 4061 4061 4061 4061 4061 4061 4061 4061
317 1777388821 3555 3699 3671 3651 3586 560 280 3595 4061 4061 4060 4060 4060 4060 4060 4060
318 1777388821 3555 3699 3672 3651 3587 564 279 3595 4061 4061 4061 4061 4061 4061 4061 4061
319 1777388821 3556 3700 3672 3652 3588 566 279 3596 4061 4061 4060 4060 4060 4060 4060 4060
320 1777388821 3555 3699 3672 3651 3586 547 280 3596 4061 4061 4060 4060 4060 4060 4060 4060
321 1777388821 3554 3699 3671 3650 3585 564 280 3594 4061 4061 4060 4060 4060 4060 4060 4060
322 1777388821 3557 3702 3674 3653 3589 563 280 584 4061 4061 4060 4060 4060 4060 4060 4060
323 1777388821 3554 3699 3672 3651 3586 568 278 3595 4061 4061 4060 4060 4060 4060 4060 4060
324 1777388821 3556 3701 3673 3652 3588 583 272 614 4059 4059 4059 4059 4059 4059 4059 4059
325 1777388821 3557 3701 3673 3652 3588 571 277 605 4061 4061 4060 4060 4060 4060 4060 4060
326 1777388821 3555 3700 3672 3651 3587 560 279 3595 4061 4061 4060 4060 4060 4060 4060 4060
327 1777388821 3556 3701 3673 3653 3588 566 278 608 4061 4061 4061 4061 4061 4061 4061 4061
328 1777388821 3556 3701 3673 3653 3588 586 270 579 4059 4059 4059 4059 4059 4059 4059 4059
329 1777388821 3555 3700 3672 3651 3587 551 281 3595 4061 4061 4061 4061 4061 4061 4061 4061
330 1777388821 3554 3699 3671 3651 3585 563 279 3594 4059 4059 4059 4059 4059 4059 4059 4059
331 1777388821 3556 3701 3674 3653 3588 566 279 606 4061 4061 4060 4060 4060 4060 4060 4060
332 1777388821 3555 3699 3672 3651 3586 542 281 3594 4061 4061 4061 4061 4061 4061 4061 4061
333 1777388821 3555 3700 3672 3651 3587 573 277 3595 4061 4061 4061 4061 4061 4061 4061 4061
334 1777388821 3557 3701 3674 3653 3589 551 280 602 4061 4061 4060 4060 4060 4060 4060 4060
335 1777388822 3555 3700 3672 3651 3587 554 280 3596 4059 4059 4059 4059 4059 4059 4059 4059
336 1777388822 3556 3701 3673 3652 3588 547 281 3596 4061 4061 4061 4061 4061 4061 4061 4061
337 1777388822 3557 3703 3675 3654 3590 565 279 594 4061 4061 4061 4061 4061 4061 4061 4061
338 1777388822 3556 3701 3673 3652 3587 536 281 608 4061 4061 4061 4061 4061 4061 4061 4061
339 1777388822 3555 3700 3673 3652 3588 565 279 597 4061 4061 4061 4061 4061 4061 4061 4061
340 1777388822 3554 3699 3671 3650 3586 540 281 3594 4061 4061 4061 4061 4061 4061 4061 4061
341 1777388822 3555 3700 3672 3651 3587 564 279 3596 4061 4061 4060 4060 4060 4060 4060 4060
342 1777388822 3556 3700 3672 3651 3587 562 279 3596 4059 4059 4059 4059 4059 4059 4059 4059
343 1777388822 3556 3701 3674 3653 3588 574 277 588 4061 4061 4060 4060 4060 4060 4060 4060
344 1777388822 3556 3701 3673 3653 3588 551 280 3596 4061 4061 4060 4060 4060 4060 4060 4060
345 1777388822 3555 3700 3672 3651 3587 548 280 3595 4061 4061 4060 4060 4060 4060 4060 4060
346 1777388822 3557 3702 3674 3653 3589 571 278 600 4059 4059 4059 4059 4059 4059 4059 4059
347 1777388822 3557 3702 3674 3653 3589 554 280 597 4061 4061 4060 4060 4060 4060 4060 4060
348 1777388822 3555 3699 3671 3651 3586 550 281 3595 4061 4061 4060 4060 4060 4060 4060 4060
349 1777388822 3555 3700 3672 3652 3587 570 278 3597 4061 4061 4060 4060 4060 4060 4060 4060
350 1777388822 3555 3700 3672 3651 3587 552 281 3596 4059 4059 4059 4059 4059 4059 4059 4059
351 1777388822 3556 3702 3673 3653 3588 562 280 601 4061 4061 4060 4060 4060 4060 4060 4060
352 1777388822 3557 3701 3674 3653 3588 555 280 616 4061 4061 4060 4060 4060 4060 4060 4060
353 1777388822 3557 3702 3674 3654 3589 538 281 618 4061 4061 4060 4060 4060 4060 4060 4060
354 1777388822 3556 3701 3673 3653 3588 552 281 603 4059 4059 4059 4059 4059 4059 4059 4059
355 1777388822 3555 3700 3673 3651 3587 544 281 3595 4059 4059 4059 4059 4059 4059 4059 4059
356 1777388822 3557 3702 3674 3654 3589 561 279 606 4061 4061 4061 4061 4061 4061 4061 4061
357 1777388822 3557 3702 3674 3653 3589 555 280 607 4059 4059 4059 4059 4059 4059 4059 4059
358 1777388822 3555 3699 3671 3650 3586 567 279 3594 4061 4061 4060 4060 4060 4060 4060 4060
359 1777388822 3555 3699 3672 3651 3586 542 281 3595 4061 4061 4060 4060 4060 4060 4060 4060
360 1777388822 3557 3703 3675 3654 3590 573 278 601 4061 4061 4061 4061 4061 4061 4061 4061
361 1777388822 3555 3700 3672 3652 3587 552 281 3595 4061 4061 4060 4060 4060 4060 4060 4060
362 1777388822 3558 3703 3675 3654 3589 571 278 604 4061 4061 4060 4060 4060 4060 4060 4060
363 1777388822 3555 3699 3672 3651 3587 544 281 3595 4061 4061 4060 4060 4060 4060 4060 4060
364 1777388822 3555 3700 3672 3651 3587 565 280 3596 4061 4061 4060 4060 4060 4060 4060 4060
365 1777388822 3555 3700 3673 3651 3587 534 282 3595 4061 4061 4060 4060 4060 4060 4060 4060
366 1777388822 3556 3701 3673 3653 3588 579 275 576 4061 4061 4061 4061 4061 4061 4061 4061
367 1777388823 3554 3698 3670 3650 3586 566 279 3595 4061 4061 4061 4061 4061 4061 4061 4061
368 1777388823 3555 3699 3671 3651 3586 549 280 3596 4061 4061 4061 4061 4061 4061 4061 4061
369 1777388823 3556 3700 3673 3652 3588 556 281 3595 4061 4061 4060 4060 4060 4060 4060 4060
370 1777388823 3556 3700 3673 3651 3587 555 281 3596 4061 4061 4060 4060 4060 4060 4060 4060
371 1777388823 3555 3699 3672 3651 3587 550 281 3596 4059 4059 4059 4059 4059 4059 4059 4059
372 1777388823 3556 3701 3673 3652 3587 543 281 3596 4061 4061 4060 4060 4060 4060 4060 4060
373 1777388823 3555 3699 3672 3651 3587 552 281 3595 4063 4061 4061 4061 4061 4061 4061 4061
374 1777388823 3555 3700 3672 3651 3587 554 282 3596 4061 4061 4060 4060 4060 4060 4060 4060
375 1777388823 3555 3700 3673 3652 3588 551 281 594 4061 4061 4060 4060 4060 4060 4060 4060
376 1777388823 3558 3703 3675 3654 3590 594 262 622 4061 4061 4061 4061 4061 4061 4061 4061
377 1777388823 3556 3701 3674 3652 3588 553 281 3595 4061 4061 4060 4060 4060 4060 4060 4060
378 1777388823 3555 3700 3673 3652 3587 580 275 3596 4061 4061 4060 4060 4060 4060 4060 4060
379 1777388823 3555 3700 3672 3651 3586 559 281 3596 4059 4059 4059 4059 4059 4059 4059 4059
380 1777388823 3556 3700 3673 3652 3588 561 280 3596 4061 4061 4060 4060 4060 4060 4060 4060
381 1777388823 3556 3700 3672 3652 3587 553 281 3596 4061 4061 4061 4061 4061 4061 4061 4061
382 1777388823 3557 3703 3674 3654 3589 569 278 3597 4061 4061 4060 4060 4060 4060 4060 4060
383 1777388823 3555 3700 3672 3651 3587 572 277 3596 4059 4059 4059 4059 4059 4059 4059 4059
384 1777388823 3557 3701 3674 3653 3589 552 281 581 4059 4059 4059 4059 4059 4059 4059 4059
385 1777388823 3556 3700 3672 3652 3587 556 281 3597 4061 4061 4060 4060 4060 4060 4060 4060
386 1777388823 3555 3700 3672 3652 3586 547 281 3595 4061 4061 4061 4061 4061 4061 4061 4061
387 1777388823 3556 3701 3673 3652 3588 567 279 3596 4059 4059 4059 4059 4059 4059 4059 4059
388 1777388823 3556 3701 3673 3652 3588 533 283 3596 4061 4061 4060 4060 4060 4060 4060 4060
389 1777388823 3555 3700 3672 3652 3587 552 281 3596 4061 4061 4060 4060 4060 4060 4060 4060
390 1777388823 3557 3702 3674 3654 3589 577 276 608 4061 4061 4060 4060 4060 4060 4060 4060
391 1777388823 3558 3703 3675 3654 3590 569 278 607 4061 4061 4061 4061 4061 4061 4061 4061
392 1777388823 3555 3700 3673 3651 3587 542 281 3596 4061 4061 4060 4060 4060 4060 4060 4060
393 1777388823 3556 3701 3672 3652 3587 568 279 3595 4061 4061 4060 4060 4060 4060 4060 4060
394 1777388824 3555 3700 3673 3651 3587 557 281 3596 4061 4061 4060 4060 4060 4060 4060 4060
395 1777388824 3556 3701 3673 3652 3588 568 279 3597 4061 4061 4060 4060 4060 4060 4060 4060
396 1777388824 3557 3702 3674 3653 3589 580 275 586 4059 4059 4059 4059 4059 4059 4059 4059
397 1777388824 3557 3702 3674 3653 3589 552 280 601 4055 4055 4055 4055 4055 4055 4055 4055
398 1777388824 3555 3700 3672 3651 3587 553 281 3596 4059 4059 4059 4059 4059 4059 4059 4059
399 1777388824 3555 3700 3672 3651 3587 548 281 3596 4061 4061 4060 4060 4060 4060 4060 4060
400 1777388824 3558 3703 3675 3654 3589 567 280 614 4061 4061 4060 4060 4060 4060 4060 4060
401 1777388824 3556 3700 3672 3651 3587 566 279 3597 4061 4061 4060 4060 4060 4060 4060 4060
402 1777388824 3555 3700 3672 3651 3587 562 280 3596 4059 4059 4059 4059 4059 4059 4059 4059
403 1777388824 3556 3700 3672 3652 3587 548 282 3596 4061 4061 4060 4060 4060 4060 4060 4060
404 1777388824 3556 3701 3673 3652 3588 576 277 3596 4061 4061 4060 4060 4060 4060 4060 4060
405 1777388824 3556 3700 3673 3652 3588 553 281 3597 4061 4061 4060 4060 4060 4060 4060 4060
406 1777388824 3557 3702 3675 3654 3589 548 281 599 4059 4059 4059 4059 4059 4059 4059 4059
407 1777388824 3556 3701 3673 3652 3588 552 281 3596 4061 4061 4060 4060 4060 4060 4060 4060
408 1777388824 3557 3702 3674 3653 3589 579 276 604 4059 4059 4059 4059 4059 4059 4059 4059
409 1777388824 3555 3700 3672 3652 3587 560 280 3595 4061 4061 4060 4060 4060 4060 4060 4060
410 1777388824 3556 3701 3673 3652 3588 564 280 3597 4059 4059 4059 4059 4059 4059 4059 4059
411 1777388824 3555 3700 3672 3652 3587 562 280 3597 4059 4059 4059 4059 4059 4059 4059 4059
412 1777388824 3557 3701 3674 3653 3589 555 280 598 4061 4061 4060 4060 4060 4060 4060 4060
413 1777388824 3557 3702 3674 3653 3588 560 280 602 4059 4059 4059 4059 4059 4059 4059 4059
414 1777388824 3555 3700 3672 3651 3587 563 280 3595 4061 4061 4061 4061 4061 4061 4061 4061
415 1777388825 3557 3702 3673 3652 3588 572 278 641 4059 4059 4059 4059 4059 4059 4059 4059
416 1777388825 3558 3702 3675 3653 3589 546 282 617 4061 4061 4060 4060 4060 4060 4060 4060
417 1777388825 3556 3700 3672 3652 3587 568 279 3595 4061 4061 4060 4060 4060 4060 4060 4060
418 1777388825 3555 3701 3673 3652 3587 552 282 3596 4061 4061 4060 4060 4060 4060 4060 4060
419 1777388825 3556 3701 3673 3652 3588 570 279 3597 4061 4061 4060 4060 4060 4060 4060 4060
420 1777388825 3556 3700 3672 3651 3587 549 281 3596 4059 4059 4059 4059 4059 4059 4059 4059
421 1777388825 3556 3701 3674 3653 3588 575 277 615 4061 4061 4060 4060 4060 4060 4060 4060
422 1777388825 3556 3700 3673 3652 3587 574 278 3596 4061 4061 4061 4061 4061 4061 4061 4061
423 1777388825 3557 3702 3674 3653 3589 563 280 631 4061 4061 4060 4060 4060 4060 4060 4060
424 1777388825 3556 3701 3673 3652 3588 582 274 3596 4061 4061 4060 4060 4060 4060 4060 4060
425 1777388825 3556 3700 3672 3652 3587 555 281 3595 4061 4061 4060 4060 4060 4060 4060 4060
426 1777388825 3557 3702 3674 3653 3589 575 276 627 4061 4061 4060 4060 4060 4060 4060 4060
427 1777388825 3557 3701 3673 3652 3588 548 281 3597 4061 4061 4060 4060 4060 4060 4060 4060
428 1777388825 3558 3702 3675 3654 3590 557 281 609 4061 4061 4060 4060 4060 4060 4060 4060
429 1777388825 3556 3701 3673 3652 3587 560 281 3596 4059 4059 4059 4059 4059 4059 4059 4059
430 1777388825 3556 3701 3673 3652 3588 540 282 3597 4061 4061 4060 4060 4060 4060 4060 4060
431 1777388825 3557 3702 3674 3654 3589 566 280 620 4059 4059 4059 4059 4059 4059 4059 4059
432 1777388825 3555 3700 3673 3652 3587 566 279 3596 4059 4059 4059 4059 4059 4059 4059 4059
433 1777388825 3555 3700 3672 3652 3587 561 280 3596 4061 4061 4060 4060 4060 4060 4060 4060
434 1777388825 3555 3700 3673 3652 3587 553 282 3596 4061 4061 4061 4061 4061 4061 4061 4061
435 1777388825 3555 3700 3672 3651 3587 564 280 3595 4061 4061 4061 4061 4061 4061 4061 4061
436 1777388825 3557 3702 3675 3654 3589 561 280 613 4059 4059 4059 4059 4059 4059 4059 4059
437 1777388826 3557 3703 3674 3654 3589 546 282 596 4061 4061 4060 4060 4060 4060 4060 4060
438 1777388826 3556 3700 3673 3652 3587 571 279 3596 4061 4061 4061 4061 4061 4061 4061 4061
439 1777388826 3557 3702 3674 3653 3589 547 282 3597 4061 4061 4060 4060 4060 4060 4060 4060
440 1777388826 3558 3703 3675 3654 3590 549 282 594 4059 4059 4059 4059 4059 4059 4059 4059
441 1777388826 3556 3700 3673 3652 3588 572 278 3595 4061 4061 4060 4060 4060 4060 4060 4060
442 1777388826 3557 3701 3674 3652 3588 543 282 3597 4059 4059 4059 4059 4059 4059 4059 4059
443 1777388834 3554 3699 3671 3650 3586 575 277 3594 4059 4059 4059 4059 4059 4059 4059 4059
444 1777388834 3557 3702 3674 3653 3588 562 281 602 4061 4061 4060 4060 4060 4060 4060 4060
445 1777388834 3555 3700 3673 3651 3587 562 281 3595 4061 4061 4061 4061 4061 4061 4061 4061
446 1777388834 3554 3700 3671 3651 3586 566 280 3595 4061 4061 4061 4061 4061 4061 4061 4061
447 1777388834 3556 3701 3673 3652 3587 559 281 3596 4061 4059 4059 4059 4059 4059 4059 4059
448 1777388834 3555 3699 3671 3651 3586 568 279 3595 4059 4059 4059 4059 4059 4059 4059 4059
449 1777388834 3556 3700 3672 3651 3586 571 279 3596 4061 4061 4060 4060 4060 4060 4060 4060
450 1777388834 3556 3700 3673 3652 3587 554 281 3596 4059 4059 4059 4059 4059 4059 4059 4059
451 1777388834 3557 3702 3674 3653 3588 561 280 600 4061 4061 4060 4060 4060 4060 4060 4060
452 1777388834 3555 3700 3672 3651 3587 542 283 3596 4061 4061 4060 4060 4060 4060 4060 4060
453 1777388834 3556 3701 3673 3651 3588 542 282 3596 4061 4061 4060 4060 4060 4060 4060 4060
454 1777388834 3554 3699 3671 3651 3586 561 281 3595 4059 4059 4059 4059 4059 4059 4059 4059
455 1777388834 3556 3701 3673 3651 3587 549 282 3596 4061 4061 4061 4061 4061 4061 4061 4061
456 1777388834 3556 3701 3673 3652 3588 573 278 3597 4061 4061 4061 4061 4061 4061 4061 4061
457 1777388834 3555 3700 3672 3652 3587 575 278 3596 4061 4061 4060 4060 4060 4060 4060 4060
458 1777388834 3554 3699 3672 3651 3586 554 281 3595 4061 4061 4061 4061 4061 4061 4061 4061
459 1777388834 3557 3702 3674 3653 3588 568 280 595 4061 4061 4060 4060 4060 4060 4060 4060
460 1777388834 3556 3701 3674 3653 3588 570 278 599 4061 4061 4060 4060 4060 4060 4060 4060
461 1777388834 3556 3700 3673 3652 3587 543 282 3596 4059 4059 4059 4059 4059 4059 4059 4059
462 1777388834 3556 3700 3672 3652 3588 538 282 3597 4061 4061 4060 4060 4060 4060 4060 4060
463 1777388834 3555 3700 3672 3651 3586 550 282 3595 4061 4061 4060 4060 4060 4060 4060 4060
464 1777388834 3555 3700 3672 3651 3587 538 282 3596 4061 4061 4060 4060 4060 4060 4060 4060
465 1777388834 3558 3702 3674 3654 3589 559 281 611 4061 4061 4061 4061 4061 4061 4061 4061
466 1777388834 3558 3702 3675 3653 3589 531 282 601 4061 4061 4060 4060 4060 4060 4060 4060
467 1777388834 3555 3699 3672 3651 3586 570 279 3595 4061 4061 4061 4061 4061 4061 4061 4061
468 1777388835 3557 3702 3674 3653 3588 546 282 3598 4059 4059 4059 4059 4059 4059 4059 4059
469 1777388835 3558 3703 3675 3654 3589 528 282 575 4061 4061 4060 4060 4060 4060 4060 4060
470 1777388835 3556 3700 3673 3652 3587 560 281 3596 4061 4061 4060 4060 4060 4060 4060 4060
471 1777388835 3557 3702 3674 3653 3589 570 279 613 4061 4061 4060 4060 4060 4060 4060 4060
472 1777388835 3556 3700 3672 3652 3587 559 281 3595 4061 4061 4061 4061 4061 4061 4061 4061
473 1777388835 3559 3704 3676 3655 3591 561 281 596 4061 4061 4061 4061 4061 4061 4061 4061
474 1777388835 3556 3700 3673 3652 3588 552 282 3596 4061 4061 4060 4060 4060 4060 4060 4060
475 1777388835 3558 3703 3675 3654 3589 562 281 599 4061 4061 4060 4060 4060 4060 4060 4060
476 1777388835 3557 3702 3674 3653 3588 552 281 609 4061 4061 4061 4061 4061 4061 4061 4061
477 1777388835 3557 3703 3675 3654 3589 549 281 614 4061 4061 4060 4060 4060 4060 4060 4060
478 1777388835 3557 3702 3674 3652 3588 566 281 607 4061 4061 4061 4061 4061 4061 4061 4061
479 1777388835 3555 3701 3673 3652 3587 563 281 3596 4059 4059 4059 4059 4059 4059 4059 4059
480 1777388835 3557 3702 3674 3653 3588 552 282 602 4059 4059 4059 4059 4059 4059 4059 4059
481 1777388835 3556 3700 3673 3652 3587 543 282 3596 4061 4061 4060 4060 4060 4060 4060 4060
482 1777388835 3556 3700 3672 3651 3587 580 276 3596 4059 4059 4059 4059 4059 4059 4059 4059
483 1777388835 3556 3701 3673 3652 3588 562 281 3596 4061 4061 4060 4060 4060 4060 4060 4060
484 1777388835 3556 3701 3673 3653 3588 547 283 3597 4061 4061 4060 4060 4060 4060 4060 4060
485 1777388835 3556 3700 3672 3651 3587 555 282 3596 4061 4061 4060 4060 4060 4060 4060 4060
486 1777388835 3557 3701 3674 3652 3588 564 281 3597 4061 4061 4060 4060 4060 4060 4060 4060
487 1777388835 3557 3701 3674 3653 3589 555 281 3596 4061 4061 4060 4060 4060 4060 4060 4060
488 1777388835 3557 3702 3674 3654 3589 556 281 584 4061 4061 4061 4061 4061 4061 4061 4061
489 1777388835 3557 3701 3674 3653 3589 561 281 3597 4061 4061 4060 4060 4060 4060 4060 4060
490 1777388835 3558 3702 3675 3654 3590 569 280 604 4061 4061 4060 4060 4060 4060 4060 4060
491 1777388835 3558 3702 3674 3654 3589 576 278 615 4061 4061 4061 4061 4061 4061 4061 4061
492 1777388835 3556 3701 3673 3652 3588 574 278 3596 4061 4061 4060 4060 4060 4060 4060 4060
493 1777388835 3556 3701 3673 3653 3588 551 282 3597 4061 4061 4061 4061 4061 4061 4061 4061
494 1777388835 3557 3702 3674 3653 3588 559 281 3597 4059 4059 4059 4059 4059 4059 4059 4059
495 1777388835 3557 3702 3674 3653 3589 561 281 3596 4061 4061 4060 4060 4060 4060 4060 4060
496 1777388835 3558 3703 3675 3654 3590 574 278 598 4059 4059 4059 4059 4059 4059 4059 4059
497 1777388835 3556 3700 3673 3652 3587 569 280 3596 4061 4061 4060 4060 4060 4060 4060 4060
498 1777388835 3556 3700 3673 3652 3588 568 280 3597 4061 4059 4059 4059 4059 4059 4059 4059
499 1777388835 3557 3703 3674 3654 3589 559 281 627 4059 4059 4059 4059 4059 4059 4059 4059
500 1777388835 3553 3698 3671 3649 3585 543 280 3595 4061 4061 4061 4061 4061 4061 4061 4061
501 1777388835 3555 3700 3672 3651 3587 558 279 3596 4061 4061 4060 4060 4060 4060 4060 4060
502 1777388836 3554 3699 3671 3650 3585 557 279 3594 4061 4061 4060 4060 4060 4060 4060 4060
503 1777388836 3555 3701 3673 3652 3587 557 279 3596 4061 4061 4061 4061 4061 4061 4061 4061
504 1777388836 3554 3699 3671 3650 3586 538 281 3594 4061 4061 4061 4061 4061 4061 4061 4061
505 1777388836 3554 3699 3672 3650 3586 559 279 3594 4059 4059 4059 4059 4059 4059 4059 4059
506 1777388836 3557 3701 3674 3653 3588 570 278 621 4059 4059 4059 4059 4059 4059 4059 4059
507 1777388836 3554 3699 3671 3650 3586 548 280 3595 4059 4059 4059 4059 4059 4059 4059 4059
508 1777388836 3555 3700 3672 3651 3586 551 280 3595 4061 4061 4060 4060 4060 4060 4060 4060
509 1777388836 3555 3699 3672 3651 3586 551 281 3594 4059 4059 4059 4059 4059 4059 4059 4059
510 1777388836 3554 3698 3670 3650 3586 566 278 3594 4061 4061 4060 4060 4060 4060 4060 4060
511 1777388836 3555 3700 3672 3651 3587 569 277 3596 4059 4059 4059 4059 4059 4059 4059 4059
512 1777388836 3556 3701 3673 3652 3588 564 278 623 4059 4059 4059 4059 4059 4059 4059 4059
513 1777388836 3553 3698 3670 3650 3585 558 279 3594 4059 4059 4059 4059 4059 4059 4059 4059
514 1777388836 3555 3700 3672 3651 3587 569 278 3596 4061 4061 4060 4060 4060 4060 4060 4060
515 1777388836 3555 3700 3672 3651 3587 573 276 3596 4061 4061 4060 4060 4060 4060 4060 4060
516 1777388836 3556 3700 3673 3652 3588 565 278 597 4061 4061 4060 4060 4060 4060 4060 4060
517 1777388836 3556 3701 3673 3652 3588 557 280 577 4061 4061 4060 4060 4060 4060 4060 4060
518 1777388836 3555 3699 3672 3650 3586 559 280 3595 4061 4061 4060 4060 4060 4060 4060 4060
519 1777388836 3555 3699 3672 3651 3586 564 279 3595 4061 4061 4060 4060 4060 4060 4060 4060
520 1777388836 3555 3699 3672 3650 3586 553 280 3595 4059 4059 4059 4059 4059 4059 4059 4059
521 1777388836 3555 3700 3672 3651 3587 564 279 3596 4059 4059 4059 4059 4059 4059 4059 4059
522 1777388836 3555 3700 3672 3651 3586 558 280 3595 4061 4061 4060 4060 4060 4060 4060 4060
523 1777388836 3555 3699 3672 3651 3586 540 281 3596 4061 4061 4060 4060 4060 4060 4060 4060
524 1777388836 3555 3700 3672 3651 3587 540 281 3595 4059 4059 4059 4059 4059 4059 4059 4059
525 1777388836 3555 3700 3672 3651 3587 545 281 3596 4059 4059 4059 4059 4059 4059 4059 4059
526 1777388836 3554 3699 3671 3650 3586 555 280 3595 4061 4061 4061 4061 4061 4061 4061 4061
527 1777388836 3556 3701 3673 3653 3588 584 270 585 4061 4061 4060 4060 4060 4060 4060 4060
528 1777388836 3556 3700 3672 3651 3587 555 280 3595 4059 4059 4059 4059 4059 4059 4059 4059
529 1777388836 3555 3699 3672 3651 3586 547 281 3594 4061 4061 4060 4060 4060 4060 4060 4060
530 1777388836 3555 3699 3672 3651 3586 554 280 3596 4059 4059 4059 4059 4059 4059 4059 4059
531 1777388836 3555 3700 3672 3651 3586 569 278 3595 4061 4061 4060 4060 4060 4060 4060 4060
532 1777388836 3554 3699 3672 3650 3587 544 280 3595 4061 4061 4060 4060 4060 4060 4060 4060
533 1777388837 3556 3701 3674 3653 3588 565 278 614 4059 4059 4059 4059 4059 4059 4059 4059
534 1777388837 3556 3700 3672 3652 3587 567 278 3595 4061 4061 4060 4060 4060 4060 4060 4060
535 1777388837 3556 3701 3673 3652 3588 577 275 3596 4061 4061 4060 4060 4060 4060 4060 4060
536 1777388837 3556 3701 3673 3652 3588 546 280 601 4059 4059 4059 4059 4059 4059 4059 4059
537 1777388837 3554 3699 3671 3651 3586 546 280 3594 4061 4061 4060 4060 4060 4060 4060 4060
538 1777388837 3555 3700 3673 3652 3587 556 280 3596 4061 4061 4060 4060 4060 4060 4060 4060
539 1777388837 3555 3700 3673 3652 3588 559 280 3596 4061 4061 4060 4060 4060 4060 4060 4060
540 1777388837 3555 3700 3673 3652 3588 531 281 3597 4061 4061 4060 4060 4060 4060 4060 4060
541 1777388837 3555 3699 3672 3651 3586 576 276 3594 4059 4059 4059 4059 4059 4059 4059 4059
542 1777388837 3555 3700 3672 3651 3587 549 280 3595 4061 4061 4060 4060 4060 4060 4060 4060
543 1777388837 3555 3700 3672 3651 3587 583 273 3596 4061 4061 4060 4060 4060 4060 4060 4060
544 1777388837 3556 3701 3674 3653 3588 580 273 579 4061 4061 4060 4060 4060 4060 4060 4060
545 1777388837 3557 3701 3673 3653 3588 569 277 599 4061 4061 4060 4060 4060 4060 4060 4060
546 1777388837 3555 3700 3672 3651 3587 560 279 3595 4059 4059 4059 4059 4059 4059 4059 4059
547 1777388837 3557 3701 3673 3653 3588 568 278 614 4059 4059 4059 4059 4059 4059 4059 4059
548 1777388837 3555 3700 3672 3651 3587 558 279 3595 4059 4059 4059 4059 4059 4059 4059 4059
549 1777388837 3557 3701 3675 3653 3588 562 280 603 4061 4061 4060 4060 4060 4060 4060 4060
550 1777388837 3556 3701 3673 3651 3587 528 282 3595 4061 4061 4060 4060 4060 4060 4060 4060
551 1777388837 3555 3701 3672 3651 3587 557 279 3596 4061 4061 4060 4060 4060 4060 4060 4060
552 1777388838 3555 3700 3672 3652 3587 552 280 3595 4061 4061 4060 4060 4060 4060 4060 4060
553 1777388838 3555 3700 3672 3651 3587 568 278 3594 4061 4061 4060 4060 4060 4060 4060 4060
554 1777388838 3555 3699 3672 3651 3587 558 280 3595 4061 4061 4060 4060 4060 4060 4060 4060
555 1777388838 3557 3701 3674 3653 3588 537 281 569 4061 4061 4060 4060 4060 4060 4060 4060
556 1777388838 3555 3700 3672 3651 3587 568 278 3595 4061 4061 4060 4060 4060 4060 4060 4060
557 1777388838 3555 3700 3672 3651 3587 574 276 3596 4061 4061 4060 4060 4060 4060 4060 4060
558 1777388838 3554 3699 3671 3651 3586 564 279 3595 4059 4059 4059 4059 4059 4059 4059 4059
559 1777388838 3555 3701 3672 3652 3587 534 281 3596 4061 4061 4060 4060 4060 4060 4060 4060
560 1777388838 3555 3700 3672 3651 3587 566 279 3595 4061 4061 4060 4060 4060 4060 4060 4060
561 1777388838 3555 3700 3672 3651 3587 544 281 3596 4061 4059 4059 4059 4059 4059 4059 4059
562 1777388838 3554 3698 3670 3650 3585 550 281 3594 4059 4059 4059 4059 4059 4059 4059 4059
563 1777388838 3557 3702 3674 3653 3589 566 279 609 4061 4061 4061 4061 4061 4061 4061 4061
564 1777388838 3555 3700 3672 3651 3587 563 279 3595 4061 4061 4060 4060 4060 4060 4060 4060
565 1777388838 3555 3700 3672 3651 3587 534 281 3596 4061 4061 4060 4060 4060 4060 4060 4060
566 1777388838 3555 3699 3671 3650 3586 550 281 3595 4061 4061 4060 4060 4060 4060 4060 4060
567 1777388838 3555 3699 3671 3651 3587 558 280 3596 4059 4059 4059 4059 4059 4059 4059 4059
568 1777388838 3556 3700 3672 3652 3587 556 279 639 4059 4059 4059 4059 4059 4059 4059 4059
569 1777388838 3555 3699 3672 3651 3587 551 281 3594 4061 4061 4060 4060 4060 4060 4060 4060
570 1777388838 3555 3699 3672 3651 3587 568 278 3596 4061 4061 4060 4060 4060 4060 4060 4060
571 1777388838 3555 3699 3672 3651 3586 567 278 3596 4061 4061 4060 4060 4060 4060 4060 4060
572 1777388838 3554 3699 3671 3650 3586 580 274 3595 4061 4061 4061 4061 4061 4061 4061 4061
573 1777388839 3557 3701 3674 3653 3588 565 279 595 4061 4061 4061 4061 4061 4061 4061 4061
574 1777388839 3558 3703 3675 3654 3589 559 279 3598 4061 4060 4060 4060 4060 4060 4060 4060
575 1777388839 3555 3701 3672 3651 3587 557 280 3596 4061 4061 4060 4060 4060 4060 4060 4060
576 1777388839 3556 3701 3673 3652 3587 552 280 3597 4059 4059 4059 4059 4059 4059 4059 4059
577 1777388839 3555 3700 3672 3651 3586 523 281 3595 4059 4059 4059 4059 4059 4059 4059 4059
578 1777388839 3556 3701 3673 3652 3588 560 280 602 4061 4061 4060 4060 4060 4060 4060 4060
579 1777388839 3555 3700 3672 3651 3586 573 277 3596 4059 4059 4059 4059 4059 4059 4059 4059
580 1777388839 3555 3700 3672 3651 3587 550 281 3595 4061 4061 4061 4061 4061 4061 4061 4061
581 1777388839 3557 3701 3673 3652 3588 565 279 617 4059 4059 4059 4059 4059 4059 4059 4059
582 1777388839 3557 3702 3674 3654 3590 573 277 599 4061 4061 4061 4061 4061 4061 4061 4061
583 1777388839 3554 3699 3672 3651 3586 565 278 3595 4061 4061 4061 4061 4061 4061 4061 4061
584 1777388839 3555 3700 3672 3652 3587 544 281 3595 4059 4059 4059 4059 4059 4059 4059 4059
585 1777388839 3555 3700 3672 3651 3587 551 281 3596 4061 4060 4060 4060 4060 4060 4060 4060
586 1777388839 3557 3702 3674 3653 3588 568 279 603 4061 4061 4060 4060 4060 4060 4060 4060
587 1777388839 3556 3700 3672 3651 3587 560 280 3596 4061 4061 4060 4060 4060 4060 4060 4060
588 1777388839 3557 3702 3674 3653 3588 579 274 605 4061 4061 4060 4060 4060 4060 4060 4060
589 1777388839 3555 3699 3672 3651 3586 544 282 3595 4061 4061 4060 4060 4060 4060 4060 4060
590 1777388839 3554 3700 3671 3651 3586 528 282 3595 4061 4061 4060 4060 4060 4060 4060 4060
591 1777388839 3555 3700 3672 3651 3586 553 281 3595 4061 4061 4060 4060 4060 4060 4060 4060
592 1777388839 3555 3700 3672 3652 3587 568 278 3596 4061 4061 4060 4060 4060 4060 4060 4060
593 1777388839 3555 3700 3673 3651 3587 571 278 3596 4061 4061 4060 4060 4060 4060 4060 4060
594 1777388839 3555 3700 3672 3651 3587 559 280 3595 4061 4061 4060 4060 4060 4060 4060 4060
595 1777388839 3556 3701 3673 3652 3588 568 279 3596 4061 4061 4060 4060 4060 4060 4060 4060
596 1777388839 3556 3701 3673 3652 3588 561 280 3596 4061 4060 4060 4060 4060 4060 4060 4060
597 1777388839 3555 3700 3672 3651 3586 577 276 3596 4059 4059 4059 4059 4059 4059 4059 4059
598 1777388840 3557 3702 3674 3654 3589 558 280 591 4061 4061 4060 4060 4060 4060 4060 4060
599 1777388840 3555 3699 3671 3651 3587 562 280 3596 4060 4061 4060 4060 4060 4060 4060 4060
600 1777388840 3556 3702 3673 3653 3588 544 281 3597 4061 4061 4060 4060 4060 4060 4060 4060
601 1777388840 3555 3699 3672 3651 3587 573 277 3594 4059 4059 4059 4059 4059 4059 4059 4059
602 1777388840 3555 3700 3672 3651 3587 561 280 3596 4061 4061 4060 4060 4060 4060 4060 4060
603 1777388840 3555 3701 3673 3652 3587 557 280 3596 4061 4061 4061 4061 4061 4061 4061 4061
604 1777388840 3555 3700 3672 3651 3587 574 276 3596 4061 4061 4061 4061 4061 4061 4061 4061
605 1777388840 3556 3701 3674 3652 3588 561 280 3597 4061 4061 4060 4060 4060 4060 4060 4060
606 1777388840 3556 3701 3674 3652 3588 559 280 646 4061 4061 4060 4060 4060 4060 4060 4060
607 1777388840 3555 3700 3672 3651 3587 554 281 3596 4059 4059 4059 4059 4059 4059 4059 4059
608 1777388840 3557 3702 3675 3653 3589 558 280 586 4061 4061 4060 4060 4060 4060 4060 4060
609 1777388840 3555 3700 3673 3652 3587 567 278 3596 4061 4061 4060 4060 4060 4060 4060 4060
610 1777388840 3556 3701 3673 3652 3587 549 281 3596 4061 4061 4060 4060 4060 4060 4060 4060
611 1777388840 3556 3701 3673 3652 3588 559 280 594 4061 4061 4061 4061 4061 4061 4061 4061
612 1777388840 3556 3700 3672 3652 3587 550 282 3595 4059 4059 4059 4059 4059 4059 4059 4059
613 1777388840 3555 3700 3671 3651 3586 551 281 3595 4061 4061 4061 4061 4061 4061 4061 4061
614 1777388840 3559 3704 3676 3654 3590 556 281 616 4061 4061 4060 4060 4060 4060 4060 4060
615 1777388840 3556 3700 3672 3651 3587 559 280 3596 4061 4061 4061 4061 4061 4061 4061 4061
616 1777388840 3556 3701 3673 3652 3588 539 282 606 4059 4059 4059 4059 4059 4059 4059 4059
617 1777388840 3555 3700 3672 3651 3586 563 280 3594 4061 4061 4061 4061 4061 4061 4061 4061
618 1777388840 3555 3700 3673 3652 3587 550 281 3596 4061 4061 4060 4060 4060 4060 4060 4060
619 1777388840 3556 3701 3673 3653 3588 566 279 3597 4061 4061 4060 4060 4060 4060 4060 4060
620 1777388841 3556 3701 3673 3653 3588 554 280 616 4061 4061 4061 4061 4061 4061 4061 4061
621 1777388841 3557 3701 3674 3653 3589 544 282 623 4061 4061 4061 4061 4061 4061 4061 4061
622 1777388841 3555 3700 3672 3651 3587 559 280 3595 4061 4061 4060 4060 4060 4060 4060 4060
623 1777388841 3555 3700 3673 3651 3587 560 280 3596 4061 4061 4060 4060 4060 4060 4060 4060
624 1777388841 3557 3702 3674 3653 3588 558 281 602 4059 4059 4059 4059 4059 4059 4059 4059
625 1777388841 3555 3700 3672 3651 3587 572 277 3596 4061 4061 4060 4060 4060 4060 4060 4060
626 1777388841 3557 3702 3675 3654 3590 572 278 587 4061 4061 4060 4060 4060 4060 4060 4060
627 1777388841 3557 3701 3674 3653 3589 568 278 603 4061 4061 4060 4060 4060 4060 4060 4060
628 1777388841 3556 3701 3674 3653 3588 562 279 597 4061 4061 4061 4061 4061 4061 4061 4061
629 1777388841 3555 3699 3672 3651 3586 560 280 3595 4061 4061 4061 4061 4061 4061 4061 4061
630 1777388841 3556 3700 3673 3651 3587 540 282 3596 4061 4061 4061 4061 4061 4061 4061 4061
631 1777388841 3555 3700 3672 3651 3587 533 282 3596 4061 4061 4060 4060 4060 4060 4060 4060
632 1777388841 3557 3702 3674 3653 3588 563 280 626 4059 4059 4059 4059 4059 4059 4059 4059
633 1777388841 3555 3700 3672 3652 3587 554 280 3596 4063 4059 4059 4059 4059 4059 4059 4059
634 1777388841 3556 3700 3672 3651 3587 559 280 3596 4061 4061 4060 4060 4060 4060 4060 4060
635 1777388841 3555 3700 3672 3651 3587 573 278 3596 4061 4061 4061 4061 4061 4061 4061 4061
636 1777388841 3555 3700 3673 3652 3587 557 280 3596 4061 4061 4060 4060 4060 4060 4060 4060
637 1777388841 3555 3700 3672 3651 3587 539 281 3596 4061 4061 4061 4061 4061 4061 4061 4061
638 1777388841 3556 3702 3673 3652 3588 548 281 3597 4061 4061 4061 4061 4061 4061 4061 4061
639 1777388841 3555 3701 3672 3651 3587 577 277 3596 4059 4059 4059 4059 4059 4059 4059 4059
640 1777388841 3557 3702 3674 3653 3589 558 280 578 4061 4061 4060 4060 4060 4060 4060 4060
641 1777388841 3557 3702 3674 3653 3589 571 278 614 4061 4061 4061 4061 4061 4061 4061 4061
642 1777388841 3555 3699 3672 3651 3586 559 280 3596 4059 4059 4059 4059 4059 4059 4059 4059
643 1777388841 3554 3699 3672 3651 3587 553 281 3596 4060 4061 4060 4060 4060 4060 4060 4060
644 1777388841 3555 3700 3672 3651 3587 529 282 3595 4061 4061 4060 4060 4060 4060 4060 4060
645 1777388841 3555 3700 3673 3651 3587 555 281 3596 4061 4061 4060 4060 4060 4060 4060 4060
646 1777388841 3556 3700 3673 3652 3588 537 282 3597 4061 4061 4060 4060 4060 4060 4060 4060
647 1777388841 3556 3701 3673 3653 3588 553 281 3596 4061 4061 4060 4060 4060 4060 4060 4060
648 1777388842 3557 3702 3674 3653 3589 573 278 622 4061 4061 4061 4061 4061 4061 4061 4061
649 1777388842 3555 3700 3672 3651 3587 547 281 3596 4061 4061 4060 4060 4060 4060 4060 4060
650 1777388842 3556 3701 3672 3651 3587 550 282 3596 4059 4059 4059 4059 4059 4059 4059 4059
651 1777388842 3555 3700 3672 3651 3586 554 281 3595 4061 4059 4059 4059 4059 4059 4059 4059
652 1777388842 3557 3702 3674 3653 3588 561 280 3597 4061 4061 4060 4060 4060 4060 4060 4060
653 1777388842 3556 3700 3672 3651 3587 551 281 3597 4061 4061 4060 4060 4060 4060 4060 4060
654 1777388842 3556 3701 3673 3653 3588 559 280 3597 4061 4061 4060 4060 4060 4060 4060 4060
655 1777388842 3556 3701 3673 3652 3588 543 282 3596 4061 4061 4060 4060 4060 4060 4060 4060
656 1777388842 3556 3700 3673 3652 3588 548 281 3597 4061 4061 4061 4061 4061 4061 4061 4061
657 1777388842 3557 3702 3674 3653 3589 567 279 595 4061 4061 4060 4060 4060 4060 4060 4060
658 1777388842 3555 3700 3672 3651 3587 565 280 3596 4059 4059 4059 4059 4059 4059 4059 4059
659 1777388842 3557 3702 3675 3653 3589 554 281 590 4061 4061 4060 4060 4060 4060 4060 4060
660 1777388842 3555 3700 3672 3651 3587 580 275 3595 4061 4061 4060 4060 4060 4060 4060 4060
661 1777388842 3556 3701 3673 3653 3588 565 279 613 4059 4059 4059 4059 4059 4059 4059 4059
662 1777388842 3555 3700 3672 3651 3587 569 279 3595 4061 4061 4060 4060 4060 4060 4060 4060
663 1777388842 3556 3701 3673 3652 3588 573 278 3596 4061 4061 4060 4060 4060 4060 4060 4060
664 1777388842 3556 3700 3672 3652 3587 564 280 3595 4061 4061 4060 4060 4060 4060 4060 4060
665 1777388842 3556 3701 3673 3652 3587 559 281 3596 4061 4061 4060 4060 4060 4060 4060 4060
666 1777388842 3557 3702 3674 3653 3588 559 281 592 4061 4061 4060 4060 4060 4060 4060 4060
667 1777388842 3558 3703 3675 3655 3590 551 281 621 4063 4061 4061 4061 4061 4061 4061 4061
668 1777388842 3556 3701 3673 3652 3587 552 282 3595 4061 4061 4060 4060 4060 4060 4060 4060
669 1777388842 3557 3701 3673 3652 3587 511 283 3597 4059 4059 4059 4059 4059 4059 4059 4059
670 1777388842 3557 3702 3674 3653 3588 568 279 578 4059 4059 4058 4058 4058 4058 4058 4058
671 1777388842 3555 3700 3672 3651 3587 567 279 3596 4061 4061 4060 4060 4060 4060 4060 4060
672 1777388843 3556 3701 3673 3652 3588 558 281 3597 4061 4061 4060 4060 4060 4060 4060 4060
673 1777388843 3555 3701 3673 3651 3586 558 282 3596 4059 4059 4059 4059 4059 4059 4059 4059
674 1777388843 3556 3700 3673 3652 3587 542 281 3596 4061 4061 4060 4060 4060 4060 4060 4060
675 1777388843 3557 3701 3673 3652 3588 558 281 3596 4061 4061 4060 4060 4060 4060 4060 4060
676 1777388843 3555 3700 3672 3651 3587 560 281 3595 4061 4061 4060 4060 4060 4060 4060 4060
677 1777388843 3557 3701 3673 3652 3588 539 283 3596 4061 4061 4060 4060 4060 4060 4060 4060
678 1777388843 3556 3701 3674 3652 3588 552 282 3596 4061 4061 4060 4060 4060 4060 4060 4060
679 1777388843 3555 3700 3672 3651 3587 554 282 3596 4061 4061 4060 4060 4060 4060 4060 4060
680 1777388843 3556 3700 3673 3652 3588 570 279 3595 4061 4061 4060 4060 4060 4060 4060 4060
681 1777388843 3556 3701 3673 3652 3587 552 282 3597 4059 4059 4059 4059 4059 4059 4059 4059
682 1777388843 3556 3701 3673 3653 3588 555 282 3597 4061 4061 4061 4061 4061 4061 4061 4061
683 1777388843 3557 3702 3674 3653 3589 561 281 3597 4059 4059 4059 4059 4059 4059 4059 4059
684 1777388843 3558 3703 3675 3654 3590 545 282 594 4061 4061 4060 4060 4060 4060 4060 4060
685 1777388843 3556 3700 3673 3652 3588 549 281 3596 4061 4061 4060 4060 4060 4060 4060 4060
686 1777388843 3558 3702 3675 3654 3590 573 278 583 4061 4061 4060 4060 4060 4060 4060 4060
687 1777388843 3556 3701 3673 3652 3588 561 280 3596 4061 4061 4061 4061 4061 4061 4061 4061
688 1777388843 3556 3700 3673 3652 3587 539 282 3597 4061 4061 4060 4060 4060 4060 4060 4060
689 1777388843 3555 3700 3672 3651 3588 572 278 3596 4061 4061 4060 4060 4060 4060 4060 4060
690 1777388843 3557 3702 3674 3653 3589 570 278 639 4059 4059 4059 4059 4059 4059 4059 4059
691 1777388843 3557 3701 3674 3653 3589 543 282 578 4059 4059 4059 4059 4059 4059 4059 4059
692 1777388843 3556 3701 3673 3652 3588 550 282 3596 4059 4059 4059 4059 4059 4059 4059 4059
693 1777388844 3555 3700 3672 3651 3586 557 280 3595 4061 4061 4060 4060 4060 4060 4060 4060
694 1777388844 3556 3701 3674 3652 3588 564 281 3596 4059 4059 4059 4059 4059 4059 4059 4059
695 1777388844 3557 3702 3675 3654 3589 559 281 601 4061 4061 4060 4060 4060 4060 4060 4060
696 1777388844 3558 3703 3675 3654 3590 560 280 593 4061 4061 4061 4061 4061 4061 4061 4061
697 1777388844 3556 3701 3673 3652 3588 561 280 3596 4061 4061 4061 4061 4061 4061 4061 4061
698 1777388844 3556 3701 3673 3652 3588 547 281 3597 4061 4061 4061 4061 4061 4061 4061 4061
699 1777388844 3557 3702 3674 3653 3589 554 281 3598 4061 4061 4061 4061 4061 4061 4061 4061
700 1777388844 3557 3702 3674 3653 3588 560 281 3597 4061 4061 4060 4060 4060 4060 4060 4060
701 1777388844 3558 3703 3675 3655 3590 553 281 619 4059 4059 4059 4059 4059 4059 4059 4059
702 1777388844 3556 3700 3673 3651 3587 562 280 3596 4059 4059 4059 4059 4059 4059 4059 4059
703 1777388844 3557 3701 3673 3652 3588 559 281 3597 4061 4061 4060 4060 4060 4060 4060 4060
704 1777388844 3558 3703 3675 3654 3590 564 280 599 4059 4059 4059 4059 4059 4059 4059 4059
705 1777388844 3556 3701 3673 3652 3587 553 282 3596 4061 4061 4060 4060 4060 4060 4060 4060
706 1777388844 3555 3700 3672 3651 3587 531 282 3596 4061 4061 4060 4060 4060 4060 4060 4060
707 1777388844 3556 3701 3673 3652 3588 564 280 3596 4061 4061 4060 4060 4060 4060 4060 4060
708 1777388844 3556 3701 3673 3653 3588 564 280 3597 4061 4061 4060 4060 4060 4060 4060 4060
709 1777388844 3558 3703 3675 3654 3590 567 279 588 4061 4061 4060 4060 4060 4060 4060 4060
710 1777388844 3556 3701 3673 3652 3587 545 282 3596 4059 4059 4059 4059 4059 4059 4059 4059
711 1777388844 3556 3701 3674 3653 3588 566 279 3597 4061 4061 4060 4060 4060 4060 4060 4060
712 1777388844 3559 3703 3675 3655 3590 572 279 597 4059 4059 4059 4059 4059 4059 4059 4059
713 1777388844 3557 3702 3675 3653 3588 557 281 3597 4061 4061 4060 4060 4060 4060 4060 4060
714 1777388844 3556 3701 3673 3652 3587 566 280 3597 4059 4059 4059 4059 4059 4059 4059 4059
715 1777388844 3555 3699 3672 3651 3586 555 281 3596 4061 4061 4060 4060 4060 4060 4060 4060
716 1777388844 3556 3701 3673 3652 3588 558 281 3597 4061 4061 4060 4060 4060 4060 4060 4060
717 1777388844 3555 3700 3672 3651 3587 559 281 3596 4059 4059 4059 4059 4059 4059 4059 4059
718 1777388844 3558 3703 3675 3654 3590 566 280 611 4061 4061 4060 4060 4060 4060 4060 4060
719 1777388844 3555 3700 3672 3652 3587 553 281 3596 4061 4061 4061 4061 4061 4061 4061 4061
720 1777388844 3556 3701 3673 3652 3588 562 280 3596 4061 4061 4061 4061 4061 4061 4061 4061
721 1777388844 3556 3700 3673 3653 3588 561 280 3597 4061 4061 4060 4060 4060 4060 4060 4060
722 1777388844 3556 3701 3673 3651 3587 552 282 3596 4061 4061 4061 4061 4061 4061 4061 4061
723 1777388844 3556 3700 3673 3652 3588 556 281 3597 4061 4061 4060 4060 4060 4060 4060 4060
724 1777388844 3558 3704 3675 3654 3589 557 281 607 4061 4061 4061 4061 4061 4061 4061 4061
725 1777388844 3556 3701 3673 3652 3588 540 282 3596 4061 4061 4060 4060 4060 4060 4060 4060
726 1777388845 3555 3700 3673 3652 3588 568 279 3597 4059 4059 4059 4059 4059 4059 4059 4059
727 1777388845 3556 3701 3673 3652 3587 560 280 3597 4061 4061 4060 4060 4060 4060 4060 4060
728 1777388845 3557 3702 3675 3653 3589 542 282 3598 4061 4061 4060 4060 4060 4060 4060 4060
729 1777388845 3557 3702 3674 3653 3589 569 279 3598 4059 4059 4059 4059 4059 4059 4059 4059
730 1777388845 3556 3701 3674 3653 3588 552 282 3597 4061 4061 4060 4060 4060 4060 4060 4060
731 1777388845 3557 3702 3674 3653 3589 554 282 3597 4061 4061 4060 4060 4060 4060 4060 4060
732 1777388845 3555 3700 3673 3652 3588 568 280 3597 4061 4061 4060 4060 4060 4060 4060 4060
733 1777388845 3557 3701 3674 3653 3589 565 280 3598 4059 4059 4059 4059 4059 4059 4059 4059
734 1777388845 3557 3702 3674 3653 3589 553 281 3598 4061 4061 4061 4061 4061 4061 4061 4061
735 1777388845 3558 3702 3675 3654 3589 567 280 596 4061 4061 4060 4060 4060 4060 4060 4060
736 1777388845 3555 3700 3673 3652 3588 551 282 3595 4059 4059 4059 4059 4059 4059 4059 4059
737 1777388845 3556 3701 3673 3652 3588 541 282 3596 4061 4061 4060 4060 4060 4060 4060 4060
738 1777388845 3557 3702 3674 3652 3588 548 283 3597 4061 4061 4060 4060 4060 4060 4060 4060
739 1777388845 3557 3701 3674 3653 3588 555 282 3597 4061 4061 4060 4060 4060 4060 4060 4060
740 1777388845 3558 3703 3675 3654 3589 558 281 3598 4061 4061 4060 4060 4060 4060 4060 4060
741 1777388845 3557 3702 3674 3653 3589 559 282 3598 4059 4059 4059 4059 4059 4059 4059 4059
742 1777388845 3556 3701 3673 3652 3588 546 282 3597 4059 4059 4058 4058 4058 4058 4058 4058
743 1777388845 3556 3701 3673 3653 3588 553 282 3596 4061 4061 4060 4060 4060 4060 4060 4060
744 1777388845 3557 3701 3673 3652 3588 530 283 3595 4061 4061 4060 4060 4060 4060 4060 4060
745 1777388845 3557 3702 3674 3653 3588 564 280 3598 4061 4061 4060 4060 4060 4060 4060 4060
746 1777388845 3556 3701 3673 3652 3588 554 282 3598 4061 4061 4061 4061 4061 4061 4061 4061
747 1777388845 3557 3702 3674 3653 3588 541 283 3597 4061 4061 4061 4061 4061 4061 4061 4061
748 1777388845 3556 3701 3673 3652 3588 564 281 3596 4059 4059 4059 4059 4059 4059 4059 4059
749 1777388846 3558 3703 3675 3654 3590 561 281 597 4061 4061 4061 4061 4061 4061 4061 4061
750 1777388846 3558 3703 3675 3654 3590 538 282 603 4059 4059 4059 4059 4059 4059 4059 4059
751 1777388846 3556 3701 3673 3652 3588 559 281 3597 4059 4059 4059 4059 4059 4059 4059 4059
752 1777388846 3557 3702 3674 3654 3589 564 280 595 4061 4061 4060 4060 4060 4060 4060 4060
753 1777388846 3556 3701 3673 3652 3588 550 282 3597 4061 4061 4060 4060 4060 4060 4060 4060
754 1777388846 3556 3701 3674 3653 3588 546 282 3597 4063 4061 4061 4061 4061 4061 4061 4061
755 1777388846 3559 3704 3676 3655 3590 577 277 624 4059 4059 4059 4059 4059 4059 4059 4059
756 1777388846 3554 3699 3672 3651 3586 532 281 3595 4059 4059 4059 4059 4059 4059 4059 4059
757 1777388846 3556 3700 3673 3652 3588 560 279 606 4061 4061 4060 4060 4060 4060 4060 4060
758 1777388846 3554 3699 3671 3650 3586 568 277 3594 4059 4059 4059 4059 4059 4059 4059 4059
759 1777388846 3555 3699 3672 3651 3586 547 280 3595 4061 4061 4060 4060 4060 4060 4060 4060
760 1777388846 3554 3700 3672 3651 3586 549 280 3595 4061 4061 4061 4061 4061 4061 4061 4061
761 1777388846 3555 3700 3672 3651 2103 563 279 3596 4059 4059 4059 4059 4059 4059 4059 4059
762 1777388846 3556 3701 3673 3652 3587 540 281 569 4061 4061 4060 4060 4060 4060 4060 4060
763 1777388846 3554 3698 3671 3650 3586 552 280 3595 4061 4061 4060 4060 4060 4060 4060 4060
764 1777388846 3555 3700 3672 3651 3586 558 279 3595 4061 4061 4061 4061 4061 4061 4061 4061
765 1777388846 3554 3699 3672 3651 3587 552 280 3595 4059 4059 4059 4059 4059 4059 4059 4059
766 1777388846 3555 3700 3672 3651 3587 577 275 3595 4061 4061 4061 4061 4061 4061 4061 4061
767 1777388846 3557 3701 3674 3653 3588 569 277 595 4061 4061 4060 4060 4060 4060 4060 4060
768 1777388846 3554 3699 3671 3650 3586 571 277 3595 4061 4061 4060 4060 4060 4060 4060 4060
769 1777388846 3555 3699 3672 3651 3587 544 281 3596 4061 4061 4060 4060 4060 4060 4060 4060
770 1777388846 3555 3700 3672 3651 3586 551 281 3595 4061 4061 4061 4061 4061 4061 4061 4061
771 1777388846 3555 3700 3672 3651 3587 559 279 3596 4061 4061 4060 4060 4060 4060 4060 4060
772 1777388846 3555 3699 3672 3651 3586 537 281 3595 4059 4059 4059 4059 4059 4059 4059 4059
773 1777388846 3556 3701 3673 3651 3588 570 278 574 4061 4061 4060 4060 4060 4060 4060 4060
774 1777388846 3555 3700 3672 3651 3587 562 279 3595 4061 4061 4060 4060 4060 4060 4060 4060
775 1777388846 3555 3700 3672 3651 3587 550 280 3596 4059 4059 4059 4059 4059 4059 4059 4059
776 1777388846 3555 3700 3672 3651 3586 549 280 3595 4059 4059 4059 4059 4059 4059 4059 4059
777 1777388846 3554 3699 3671 3650 3586 559 279 3594 4061 4061 4060 4060 4060 4060 4060 4060
778 1777388846 3555 3700 3672 3651 3587 550 281 3596 4061 4061 4060 4060 4060 4060 4060 4060
779 1777388846 3555 3700 3672 3651 3587 543 280 3595 4059 4059 4059 4059 4059 4059 4059 4059
780 1777388846 3555 3700 3672 3651 3587 548 281 3595 4061 4061 4060 4060 4060 4060 4060 4060
781 1777388846 3555 3700 3672 3651 3587 569 277 3596 4059 4059 4059 4059 4059 4059 4059 4059
782 1777388846 3556 3701 3673 3652 3587 557 280 3595 4059 4059 4059 4059 4059 4059 4059 4059
783 1777388846 3553 3698 3670 3649 3585 565 279 3594 4061 4061 4061 4061 4061 4061 4061 4061
784 1777388846 3555 3700 3672 3651 3586 560 280 3595 4061 4061 4060 4060 4060 4060 4060 4060
785 1777388846 3554 3699 3671 3650 3586 542 280 3594 4061 4061 4060 4060 4060 4060 4060 4060
786 1777388846 3555 3700 3672 3651 3586 567 278 3596 4061 4061 4060 4060 4060 4060 4060 4060
787 1777388846 3556 3701 3674 3653 3588 571 277 610 4061 4061 4060 4060 4060 4060 4060 4060
788 1777388846 3554 3699 3671 3650 3586 536 281 3595 4061 4061 4061 4061 4061 4061 4061 4061
789 1777388847 3557 3701 3673 3653 3588 547 280 585 4061 4061 4060 4060 4060 4060 4060 4060
790 1777388847 3557 3702 3674 3653 3589 558 280 609 4061 4061 4060 4060 4060 4060 4060 4060
791 1777388847 3556 3700 3673 3652 3587 553 280 3595 4061 4061 4061 4061 4061 4061 4061 4061
792 1777388847 3554 3699 3671 3650 3586 542 281 3594 4061 4061 4060 4060 4060 4060 4060 4060
793 1777388847 3556 3701 3673 3652 3587 568 278 614 4059 4059 4059 4059 4059 4059 4059 4059
794 1777388847 3555 3700 3672 3651 3587 555 280 3596 4061 4061 4061 4061 4061 4061 4061 4061
795 1777388847 3556 3701 3673 3651 3587 551 281 3596 4061 4061 4061 4061 4061 4061 4061 4061
796 1777388847 3557 3702 3674 3653 3588 570 278 617 4061 4061 4060 4060 4060 4060 4060 4060
797 1777388847 3555 3700 3672 3651 3587 573 276 3596 4059 4059 4059 4059 4059 4059 4059 4059
798 1777388847 3555 3700 3672 3651 3587 526 281 3595 4059 4059 4059 4059 4059 4059 4059 4059
799 1777388847 3555 3700 3672 3651 3587 552 281 3596 4061 4061 4060 4060 4060 4060 4060 4060
800 1777388847 3556 3700 3673 3652 3587 557 280 3596 4061 4061 4060 4060 4060 4060 4060 4060
801 1777388847 3555 3700 3673 3651 3587 549 280 3596 4061 4061 4060 4060 4060 4060 4060 4060
802 1777388847 3555 3700 3673 3652 3587 566 278 605 4059 4059 4059 4059 4059 4059 4059 4059
803 1777388847 3554 3698 3671 3650 3586 567 279 3595 4061 4061 4061 4061 4061 4061 4061 4061
804 1777388847 3556 3702 3674 3653 3589 566 278 597 4061 4061 4060 4060 4060 4060 4060 4060
805 1777388855 3554 3698 3671 3650 3585 550 280 3594 4061 4061 4061 4061 4061 4061 4061 4061
806 1777388855 3555 3699 3672 3651 3586 549 281 3595 4061 4061 4060 4060 4060 4060 4060 4060
807 1777388855 3555 3699 3671 3650 3586 539 282 3595 4059 4059 4059 4059 4059 4059 4059 4059
808 1777388855 3555 3699 3672 3651 3586 567 279 3594 4061 4061 4061 4061 4061 4061 4061 4061
809 1777388855 3554 3698 3670 3650 3585 565 279 3593 4061 4061 4060 4060 4060 4060 4060 4060
810 1777388855 3554 3699 3671 3651 3586 561 280 3595 4061 4061 4060 4060 4060 4060 4060 4060
811 1777388856 3556 3701 3673 3652 3587 556 281 597 4061 4061 4060 4060 4060 4060 4060 4060
812 1777388856 3555 3700 3672 3651 3588 567 278 3596 4061 4061 4061 4061 4061 4061 4061 4061
813 1777388856 3555 3699 3671 3651 3586 542 281 3596 4061 4061 4061 4061 4061 4061 4061 4061
814 1777388856 3555 3699 3672 3651 3587 551 280 3595 4061 4061 4061 4061 4061 4061 4061 4061
815 1777388856 3554 3699 3671 3650 3586 552 281 3595 4061 4061 4060 4060 4060 4060 4060 4060
816 1777388856 3554 3699 3671 3651 3586 542 281 3595 4061 4061 4060 4060 4060 4060 4060 4060
817 1777388856 3555 3700 3672 3651 3586 549 280 3595 4061 4061 4060 4060 4060 4060 4060 4060
818 1777388856 3555 3700 3673 3651 3587 561 279 3596 4059 4059 4059 4059 4059 4059 4059 4059
819 1777388856 3554 3699 3671 3651 3586 553 280 3595 4061 4061 4061 4061 4061 4061 4061 4061
820 1777388856 3554 3699 3672 3651 3587 560 279 3595 4061 4061 4060 4060 4060 4060 4060 4060
821 1777388856 3555 3700 3672 3651 3587 566 279 3595 4061 4061 4061 4061 4061 4061 4061 4061
822 1777388856 3554 3698 3671 3650 3586 577 275 3595 4059 4059 4059 4059 4059 4059 4059 4059
823 1777388856 3556 3701 3673 3653 3588 548 281 3597 4061 4061 4060 4060 4060 4060 4060 4060
824 1777388856 3557 3701 3673 3652 3588 561 280 635 4061 4061 4060 4060 4060 4060 4060 4060
825 1777388856 3555 3699 3671 3650 3587 553 280 3595 4061 4061 4060 4060 4060 4060 4060 4060
826 1777388856 3555 3700 3672 3651 3586 539 282 3595 4061 4061 4060 4060 4060 4060 4060 4060
827 1777388856 3557 3702 3675 3653 3589 561 279 603 4061 4059 4059 4059 4059 4059 4059 4059
828 1777388856 3554 3699 3672 3651 3587 547 281 3594 4061 4061 4060 4060 4060 4060 4060 4060
829 1777388856 3555 3700 3672 3651 3587 572 277 3596 4061 4061 4061 4061 4061 4061 4061 4061
830 1777388856 3556 3701 3672 3651 3587 543 281 3596 4061 4061 4060 4060 4060 4060 4060 4060
831 1777388856 3554 3700 3672 3651 3586 574 276 3595 4061 4061 4060 4060 4060 4060 4060 4060
832 1777388856 3556 3701 3674 3653 3588 532 281 602 4061 4061 4060 4060 4060 4060 4060 4060
833 1777388857 3556 3701 3673 3652 3588 542 281 581 4061 4061 4060 4060 4060 4060 4060 4060
834 1777388857 3556 3701 3673 3652 3588 561 280 3596 4061 4061 4061 4061 4061 4061 4061 4061
835 1777388857 3557 3701 3674 3653 3589 560 279 599 4061 4061 4060 4060 4060 4060 4060 4060
836 1777388857 3554 3698 3671 3650 3586 543 281 3594 4061 4061 4060 4060 4060 4060 4060 4060
837 1777388857 3554 3699 3671 3650 3586 539 281 3594 4061 4061 4060 4060 4060 4060 4060 4060
838 1777388857 3555 3700 3673 3651 3587 544 280 3596 4061 4061 4061 4061 4061 4061 4061 4061
839 1777388857 3557 3702 3674 3653 3589 567 279 585 4061 4061 4061 4061 4061 4061 4061 4061
840 1777388857 3555 3700 3672 3651 3587 555 281 3596 4059 4059 4058 4058 4058 4058 4058 4058
841 1777388857 3556 3700 3672 3652 3588 570 278 3597 4059 4059 4059 4059 4059 4059 4059 4059
842 1777388857 3556 3701 3674 3653 3588 561 279 603 4061 4061 4060 4060 4060 4060 4060 4060
843 1777388857 3556 3700 3673 3652 3588 574 277 587 4061 4061 4061 4061 4061 4061 4061 4061
844 1777388857 3555 3699 3671 3651 3587 546 281 3595 4061 4061 4060 4060 4060 4060 4060 4060
845 1777388857 3557 3702 3674 3653 3589 554 281 585 4061 4061 4060 4060 4060 4060 4060 4060
846 1777388857 3556 3700 3672 3652 3587 531 281 3596 4061 4061 4061 4061 4061 4061 4061 4061
847 1777388857 3555 3700 3672 3651 3587 560 280 3596 4061 4061 4060 4060 4060 4060 4060 4060
848 1777388857 3555 3700 3672 3651 3587 557 280 3596 4061 4061 4060 4060 4060 4060 4060 4060
849 1777388857 3555 3700 3672 3650 3586 554 281 3596 4059 4059 4059 4059 4059 4059 4059 4059
850 1777388857 3558 3702 3675 3653 3589 559 280 624 4059 4059 4059 4059 4059 4059 4059 4059
851 1777388857 3555 3700 3672 3652 3587 576 277 3595 4061 4061 4061 4061 4061 4061 4061 4061
852 1777388857 3557 3702 3674 3653 3589 549 281 606 4059 4059 4059 4059 4059 4059 4059 4059
853 1777388857 3557 3702 3674 3653 3588 547 281 597 4061 4061 4060 4060 4060 4060 4060 4060
854 1777388857 3557 3702 3674 3653 3589 561 280 584 4059 4059 4059 4059 4059 4059 4059 4059
855 1777388857 3557 3702 3674 3653 3589 560 280 599 4059 4059 4059 4059 4059 4059 4059 4059
856 1777388857 3554 3699 3671 3651 3587 561 279 3596 4061 4061 4061 4061 4061 4061 4061 4061
857 1777388858 3555 3700 3672 3651 3587 565 279 3596 4061 4061 4060 4060 4060 4060 4060 4060
858 1777388858 3555 3700 3673 3652 3588 557 280 596 4061 4061 4061 4061 4061 4061 4061 4061
859 1777388858 3555 3700 3672 3652 3587 544 281 3595 4061 4061 4061 4061 4061 4061 4061 4061
860 1777388858 3556 3701 3674 3653 3588 531 282 3597 4061 4061 4060 4060 4060 4060 4060 4060
861 1777388858 3555 3700 3672 3652 3588 551 280 3596 4061 4061 4060 4060 4060 4060 4060 4060
862 1777388858 3556 3700 3673 3652 3587 557 280 3596 4059 4059 4059 4059 4059 4059 4059 4059
863 1777388858 3556 3700 3672 3652 3587 552 281 3597 4061 4061 4060 4060 4060 4060 4060 4060
864 1777388858 3558 3703 3674 3653 3589 565 279 607 4061 4061 4060 4060 4060 4060 4060 4060
865 1777388858 3558 3703 3675 3654 3590 552 281 597 4061 4061 4060 4060 4060 4060 4060 4060
866 1777388858 3556 3700 3672 3652 3587 548 281 3596 4059 4059 4059 4059 4059 4059 4059 4059
867 1777388858 3556 3701 3673 3653 3588 552 281 3597 4061 4061 4061 4061 4061 4061 4061 4061
868 1777388858 3556 3700 3672 3651 3587 562 279 3597 4059 4059 4059 4059 4059 4059 4059 4059
869 1777388858 3556 3701 3674 3652 3588 534 282 3597 4061 4061 4060 4060 4060 4060 4060 4060
870 1777388858 3556 3701 3673 3652 3588 550 281 3596 4061 4061 4060 4060 4060 4060 4060 4060
871 1777388858 3556 3701 3672 3652 3587 559 280 3595 4061 4061 4061 4061 4061 4061 4061 4061
872 1777388858 3558 3702 3675 3653 3589 557 280 3598 4061 4061 4060 4060 4060 4060 4060 4060
873 1777388858 3555 3700 3672 3651 3587 554 281 3595 4061 4061 4060 4060 4060 4060 4060 4060
874 1777388858 3555 3700 3672 3651 3587 570 278 3596 4061 4061 4060 4060 4060 4060 4060 4060
875 1777388858 3556 3701 3672 3652 3588 562 280 3597 4061 4061 4061 4061 4061 4061 4061 4061
876 1777388858 3556 3700 3673 3651 3588 538 282 3596 4061 4061 4060 4060 4060 4060 4060 4060
877 1777388858 3555 3700 3673 3651 3586 541 282 3596 4061 4061 4060 4060 4060 4060 4060 4060
878 1777388858 3555 3700 3672 3651 3587 541 282 3596 4061 4061 4061 4061 4061 4061 4061 4061
879 1777388858 3555 3700 3672 3650 3586 567 280 3595 4061 4061 4060 4060 4060 4060 4060 4060
880 1777388858 3557 3701 3673 3653 3588 579 275 640 4061 4061 4061 4061 4061 4061 4061 4061
881 1777388858 3557 3702 3675 3654 3589 559 280 604 4061 4061 4061 4061 4061 4061 4061 4061
882 1777388858 3556 3700 3673 3652 3587 545 282 3595 4061 4061 4060 4060 4060 4060 4060 4060
883 1777388859 3557 3702 3674 3654 3589 585 272 663 4061 4061 4061 4061 4061 4061 4061 4061
884 1777388859 3555 3700 3672 3651 3587 550 280 3596 4059 4059 4059 4059 4059 4059 4059 4059
885 1777388859 3557 3702 3674 3653 3589 566 279 601 4061 4061 4060 4060 4060 4060 4060 4060
886 1777388859 3555 3699 3672 3650 3586 573 278 3596 4061 4061 4061 4061 4061 4061 4061 4061
887 1777388859 3558 3702 3675 3654 3589 529 282 562 4061 4061 4061 4061 4061 4061 4061 4061
888 1777388859 3557 3702 3675 3654 3590 553 281 619 4061 4061 4060 4060 4060 4060 4060 4060
889 1777388859 3556 3700 3673 3652 3587 576 276 3596 4061 4061 4060 4060 4060 4060 4060 4060
890 1777388859 3556 3701 3673 3652 3588 557 281 3596 4061 4061 4061 4061 4061 4061 4061 4061
891 1777388859 3556 3701 3673 3652 3588 564 280 599 4061 4061 4060 4060 4060 4060 4060 4060
892 1777388859 3557 3703 3675 3654 3589 545 281 587 4061 4061 4061 4061 4061 4061 4061 4061
893 1777388859 3557 3702 3674 3653 3589 577 276 599 4061 4061 4060 4060 4060 4060 4060 4060
894 1777388859 3557 3702 3674 3653 3589 568 279 586 4061 4061 4060 4060 4060 4060 4060 4060
895 1777388859 3555 3700 3673 3652 3587 543 282 3595 4061 4061 4061 4061 4061 4061 4061 4061
896 1777388859 3557 3702 3674 3654 3589 577 276 620 4061 4061 4060 4060 4060 4060 4060 4060
897 1777388859 3556 3701 3673 3652 3588 555 281 3596 4061 4061 4060 4060 4060 4060 4060 4060
898 1777388859 3556 3700 3673 3652 3587 533 282 3596 4061 4061 4060 4060 4060 4060 4060 4060
899 1777388859 3558 3702 3675 3654 3589 549 282 3598 4061 4061 4060 4060 4060 4060 4060 4060
900 1777388859 3557 3702 3674 3653 3589 576 276 612 4061 4061 4060 4060 4060 4060 4060 4060
901 1777388859 3556 3701 3674 3653 3588 539 282 3597 4059 4059 4059 4059 4059 4059 4059 4059
902 1777388859 3555 3701 3673 3652 3587 529 282 3596 4061 4061 4060 4060 4060 4060 4060 4060
903 1777388859 3556 3700 3673 3652 3587 554 280 3597 4061 4061 4060 4060 4060 4060 4060 4060
904 1777388859 3556 3701 3673 3652 3588 547 281 3597 4061 4061 4060 4060 4060 4060 4060 4060
905 1777388859 3555 3700 3672 3651 3587 554 282 3596 4059 4059 4059 4059 4059 4059 4059 4059
906 1777388859 3557 3701 3673 3653 3588 559 281 3597 4059 4059 4059 4059 4059 4059 4059 4059
907 1777388859 3555 3700 3672 3652 3588 561 281 3596 4061 4061 4060 4060 4060 4060 4060 4060
908 1777388860 3557 3702 3674 3654 3589 567 279 583 4061 4061 4060 4060 4060 4060 4060 4060
909 1777388860 3555 3700 3672 3651 3587 558 281 3595 4061 4061 4061 4061 4061 4061 4061 4061
910 1777388860 3557 3702 3675 3653 3589 546 281 3598 4061 4061 4060 4060 4060 4060 4060 4060
911 1777388860 3556 3701 3673 3652 3588 562 280 3597 4061 4061 4060 4060 4060 4060 4060 4060
912 1777388860 3556 3700 3673 3652 3588 566 280 3597 4061 4061 4060 4060 4060 4060 4060 4060
913 1777388860 3556 3700 3673 3652 3587 547 282 3596 4061 4061 4061 4061 4061 4061 4061 4061
914 1777388860 3556 3701 3673 3652 3587 561 280 3596 4059 4059 4059 4059 4059 4059 4059 4059
915 1777388860 3556 3701 3673 3652 3588 556 281 3596 4061 4061 4061 4061 4061 4061 4061 4061
916 1777388860 3556 3701 3673 3652 3588 570 279 3596 4061 4061 4060 4060 4060 4060 4060 4060
917 1777388860 3557 3702 3674 3653 3588 566 279 604 4059 4059 4059 4059 4059 4059 4059 4059
918 1777388860 3558 3702 3674 3654 3589 555 281 592 4061 4061 4060 4060 4060 4060 4060 4060
919 1777388860 3556 3701 3673 3652 3588 548 282 3597 4061 4061 4060 4060 4060 4060 4060 4060
920 1777388860 3556 3700 3672 3651 3587 571 279 3596 4059 4059 4059 4059 4059 4059 4059 4059
921 1777388860 3556 3701 3674 3652 3588 572 278 3597 4061 4061 4060 4060 4060 4060 4060 4060
922 1777388860 3556 3700 3673 3652 3588 557 281 3596 4059 4059 4059 4059 4059 4059 4059 4059
923 1777388860 3556 3701 3674 3652 3588 558 281 3597 4061 4061 4060 4060 4060 4060 4060 4060
924 1777388860 3557 3701 3673 3652 3588 569 279 3597 4061 4061 4060 4060 4060 4060 4060 4060
925 1777388860 3556 3700 3673 3652 3587 567 279 3597 4061 4061 4060 4060 4060 4060 4060 4060
926 1777388860 3556 3701 3673 3653 3589 561 280 3597 4061 4061 4060 4060 4060 4060 4060 4060
927 1777388860 3557 3702 3674 3653 3589 553 281 596 4061 4061 4060 4060 4060 4060 4060 4060
928 1777388860 3557 3702 3674 3653 3588 559 281 606 4061 4061 4060 4060 4060 4060 4060 4060
929 1777388860 3557 3701 3674 3654 3589 563 280 614 4061 4061 4060 4060 4060 4060 4060 4060
930 1777388860 3557 3701 3674 3653 3589 571 279 598 4061 4061 4060 4060 4060 4060 4060 4060
931 1777388860 3556 3700 3673 3652 3587 551 281 3596 4061 4061 4060 4060 4060 4060 4060 4060
932 1777388861 3555 3700 3672 3651 3587 560 280 3596 4061 4059 4059 4059 4059 4059 4059 4059
933 1777388861 3556 3701 3673 3652 3587 543 283 3597 4061 4061 4060 4060 4060 4060 4060 4060
934 1777388861 3557 3702 3673 3653 3588 532 282 3598 4061 4061 4061 4061 4061 4061 4061 4061
935 1777388861 3557 3702 3674 3653 3589 540 282 603 4061 4061 4061 4061 4061 4061 4061 4061
936 1777388861 3557 3701 3674 3653 3588 549 282 567 4061 4061 4061 4061 4061 4061 4061 4061
937 1777388861 3556 3701 3673 3652 3587 586 272 3596 4059 4059 4059 4059 4059 4059 4059 4059
938 1777388861 3558 3703 3675 3654 3590 561 281 612 4061 4061 4060 4060 4060 4060 4060 4060
939 1777388861 3556 3700 3672 3652 3587 605 244 3596 4061 4061 4061 4061 4061 4061 4061 4061
940 1777388861 3557 3702 3675 3654 3589 551 282 3598 4061 4061 4060 4060 4060 4060 4060 4060
941 1777388861 3557 3702 3674 3653 3588 550 281 3597 4061 4061 4061 4061 4061 4061 4061 4061
942 1777388861 3559 3704 3676 3655 3590 551 282 571 4061 4059 4059 4059 4059 4059 4059 4059
943 1777388861 3556 3701 3673 3652 3588 572 278 3597 4061 4061 4060 4060 4060 4060 4060 4060
944 1777388861 3557 3702 3675 3653 3589 544 282 3598 4061 4061 4060 4060 4060 4060 4060 4060
945 1777388861 3557 3701 3674 3653 3588 559 281 3597 4061 4061 4060 4060 4060 4060 4060 4060
946 1777388861 3556 3701 3673 3652 3588 559 281 3596 4061 4061 4060 4060 4060 4060 4060 4060
947 1777388861 3556 3701 3673 3652 3588 574 278 3597 4061 4061 4060 4060 4060 4060 4060 4060
948 1777388861 3555 3701 3673 3652 3587 556 282 3596 4061 4061 4061 4061 4061 4061 4061 4061
949 1777388861 3557 3702 3674 3654 3589 574 278 610 4061 4061 4060 4060 4060 4060 4060 4060
950 1777388861 3555 3700 3672 3651 3587 549 281 3596 4061 4061 4060 4060 4060 4060 4060 4060
951 1777388862 3556 3701 3673 3653 3588 548 281 3597 4061 4061 4060 4060 4060 4060 4060 4060
952 1777388862 3557 3701 3674 3653 3588 565 280 3598 4061 4061 4060 4060 4060 4060 4060 4060
953 1777388862 3556 3700 3673 3652 3588 550 282 3597 4061 4061 4060 4060 4060 4060 4060 4060
954 1777388862 3556 3701 3673 3652 3588 553 281 3597 4061 4061 4060 4060 4060 4060 4060 4060
955 1777388862 3558 3703 3675 3654 3589 556 281 605 4059 4059 4059 4059 4059 4059 4059 4059
956 1777388862 3556 3701 3673 3652 3588 563 280 3596 4059 4059 4059 4059 4059 4059 4059 4059
957 1777388862 3556 3701 3674 3653 3588 546 282 3597 4061 4061 4060 4060 4060 4060 4060 4060
958 1777388862 3558 3703 3675 3654 3590 566 280 634 4061 4061 4060 4060 4060 4060 4060 4060
959 1777388862 3556 3701 3673 3652 3588 572 279 3596 4059 4059 4059 4059 4059 4059 4059 4059
960 1777388862 3558 3704 3676 3655 3590 566 280 620 4061 4061 4061 4061 4061 4061 4061 4061
961 1777388862 3555 3700 3672 3652 3587 562 281 3596 4061 4061 4060 4060 4060 4060 4060 4060
962 1777388862 3556 3701 3673 3653 3588 567 280 3596 4061 4061 4060 4060 4060 4060 4060 4060
963 1777388862 3556 3701 3673 3652 3588 560 281 3597 4059 4059 4059 4059 4059 4059 4059 4059
964 1777388862 3557 3701 3674 3653 3588 551 282 3597 4061 4061 4060 4060 4060 4060 4060 4060
965 1777388862 3556 3701 3674 3652 3588 559 281 3597 4061 4061 4061 4061 4061 4061 4061 4061
966 1777388862 3556 3701 3673 3652 3588 560 281 3598 4059 4059 4059 4059 4059 4059 4059 4059
967 1777388862 3558 3702 3674 3653 3589 541 283 3598 4061 4059 4059 4059 4059 4059 4059 4059
968 1777388862 3558 3703 3675 3654 3590 580 276 618 4059 4059 4059 4059 4059 4059 4059 4059
969 1777388862 3557 3702 3674 3653 3589 580 275 593 4061 4061 4061 4061 4061 4061 4061 4061
970 1777388862 3556 3701 3673 3652 3588 543 282 3596 4061 4061 4060 4060 4060 4060 4060 4060
971 1777388862 3556 3702 3674 3653 3588 574 278 3597 4059 4059 4059 4059 4059 4059 4059 4059
972 1777388862 3558 3702 3674 3653 3589 535 283 3598 4063 4061 4061 4061 4061 4061 4061 4061
973 1777388862 3555 3701 3673 3652 3587 567 280 3596 4061 4060 4060 4060 4060 4060 4060 4060
974 1777388862 3558 3703 3675 3654 3590 565 280 588 4061 4061 4060 4060 4060 4060 4060 4060
975 1777388862 3556 3701 3674 3652 3588 573 279 3597 4061 4061 4060 4060 4060 4060 4060 4060
976 1777388862 3559 3703 3676 3655 3591 552 281 586 4059 4059 4059 4059 4059 4059 4059 4059
977 1777388862 3557 3701 3673 3653 3588 555 281 3597 4061 4061 4060 4060 4060 4060 4060 4060
978 1777388862 3557 3702 3674 3653 3589 561 281 3597 4061 4061 4061 4061 4061 4061 4061 4061
979 1777388862 3558 3702 3675 3654 3589 524 284 3598 4061 4061 4061 4061 4061 4061 4061 4061
980 1777388862 3556 3701 3673 3652 3587 557 282 3596 4059 4059 4059 4059 4059 4059 4059 4059
981 1777388862 3558 3702 3674 3653 3589 577 277 3597 4061 4061 4060 4060 4060 4060 4060 4060
982 1777388862 3558 3702 3675 3654 3590 559 281 583 4061 4061 4060 4060 4060 4060 4060 4060
983 1777388862 3556 3701 3673 3652 3587 572 279 3596 4059 4059 4059 4059 4059 4059 4059 4059
984 1777388863 3558 3703 3675 3654 3589 550 282 588 4059 4059 4059 4059 4059 4059 4059 4059
985 1777388863 3556 3701 3673 3652 3588 548 282 3596 4061 4061 4060 4060 4060 4060 4060 4060
986 1777388863 3556 3701 3673 3653 3589 565 281 3597 4061 4061 4060 4060 4060 4060 4060 4060
987 1777388863 3556 3701 3674 3653 3589 565 280 3597 4059 4059 4059 4059 4059 4059 4059 4059
988 1777388863 3557 3701 3674 3653 3589 568 280 3597 4061 4061 4060 4060 4060 4060 4060 4060
989 1777388863 3556 3701 3673 3652 3588 569 279 3597 4061 4061 4060 4060 4060 4060 4060 4060
990 1777388863 3558 3703 3675 3654 3590 564 280 603 4061 4061 4060 4060 4060 4060 4060 4060
991 1777388863 3558 3704 3676 3655 3591 570 279 616 4061 4061 4061 4061 4061 4061 4061 4061
992 1777388863 3558 3703 3675 3654 3590 582 275 620 4059 4059 4059 4059 4059 4059 4059 4059
993 1777388863 3558 3703 3675 3654 3590 560 281 598 4061 4061 4060 4060 4060 4060 4060 4060
994 1777388863 3558 3703 3676 3654 3590 562 281 602 4061 4061 4061 4061 4061 4061 4061 4061
995 1777388863 3556 3701 3673 3653 3588 572 279 3597 4061 4061 4060 4060 4060 4060 4060 4060
996 1777388863 3557 3702 3674 3653 3589 540 283 3597 4061 4061 4060 4060 4060 4060 4060 4060
997 1777388863 3558 3702 3675 3654 3590 564 281 604 4061 4061 4060 4060 4060 4060 4060 4060
998 1777388863 3557 3701 3673 3653 3588 561 281 3596 4061 4061 4061 4061 4061 4061 4061 4061
999 1777388863 3556 3701 3674 3652 3589 559 282 3595 4061 4061 4060 4060 4060 4060 4060 4060
1000 1777388863 3558 3703 3675 3654 3590 569 280 609 4061 4061 4060 4060 4060 4060 4060 4060
