1 24 32 22 162 36 1 21 27 28 20 36 30
2 24 34 20 508 40 1 22 1 33 6 36 30
3 24 28 11 117 27 7 27 28 32 10 36 30
4 24 34 11 106 27 68 28 23 33 26 36 30
5 24 38 62 252 28 6 26 36 31 39 37 30
6 24 34 54 125 32 1 24 27 26 15 36 30
7 23 26 1 123 23 71 25 17 31 13 35 30
8 24 45 53 60 33 130 30 35 34 33 37 30
9 24 42 71 315 36 53 32 34 34 19 36 30
10 24 32 37 192 33 98 28 30 38 16 36 30
11 24 32 12 261 27 33 29 33 30 39 37 30
12 24 38 48 126 39 32 24 18 33 21 36 30
13 24 31 4 573 30 19 29 34 34 29 36 30
14 24 33 37 104 39 12 25 22 36 8 36 30
15 24 36 43 165 34 1 27 28 30 36 37 30
16 24 42 68 297 41 114 22 35 26 26 36 30
17 24 27 1 133 23 28 23 24 30 21 36 30
18 23 28 1 84 19 27 25 14 31 15 36 30
19 24 32 4 133 45 1 28 46 30 14 36 30
20 24 34 24 104 28 1 27 34 28 38 36 30
21 23 24 1 117 30 8 26 28 28 4 36 30
22 24 29 9 55 31 6 27 21 35 5 36 30
23 24 42 46 139 39 39 25 27 32 14 36 30
24 24 41 63 79 33 2 21 27 31 19 36 30
25 24 34 32 169 38 73 26 27 33 31 37 30
26 24 29 6 123 23 1 27 29 29 24 36 30
27 24 28 18 178 31 57 23 30 28 10 36 30
28 24 43 67 120 34 15 27 33 30 36 37 30
29 24 34 28 205 31 5 31 24 33 24 36 30
30 24 37 49 65 33 21 29 21 26 29 36 30
31 24 32 33 96 29 9 20 24 30 11 36 30
32 24 36 40 116 34 6 26 37 27 15 36 30
33 24 37 45 143 34 17 25 34 33 39 37 30
34 24 36 32 132 30 58 26 35 37 19 36 30
35 24 32 24 243 27 7 26 26 33 22 36 30
36 24 34 31 321 37 58 28 24 40 22 36 30
37 24 30 22 118 28 6 23 21 31 2 36 30
38 24 35 33 138 30 1 23 36 24 23 36 30
39 23 27 1 65 32 19 26 27 25 1 36 30
40 24 34 17 185 33 1 22 25 31 20 36 30
41 24 31 1 169 31 1 26 39 26 28 36 30
42 24 38 53 112 37 96 19 26 36 27 36 30
43 24 29 20 85 29 34 28 15 29 21 36 30
44 24 36 19 123 38 9 19 24 27 22 36 30
45 24 38 31 98 31 29 20 27 26 15 36 30
46 24 42 39 278 42 1 28 47 27 23 36 30
47 23 23 1 207 28 1 27 35 29 5 36 30
48 24 36 39 117 30 8 22 26 34 19 36 30
49 24 36 42 926 32 1 24 1 32 14 36 30
50 24 34 24 97 27 1 23 25 34 38 36 30
51 24 42 46 374 28 76 26 36 31 49 37 30
52 24 38 36 386 28 1 27 37 29 44 37 30
53 24 39 50 233 39 1 20 19 25 15 36 30
54 24 41 43 100 36 85 24 36 24 29 36 30
55 24 36 38 91 32 123 27 23 32 18 36 30
56 24 38 52 106 40 26 23 13 29 7 36 30
57 24 32 17 102 24 32 25 25 26 17 36 30
58 24 34 58 169 33 1 26 28 29 31 36 30
59 24 36 42 84 30 6 27 24 29 21 36 30
60 24 28 1 101 25 1 27 29 32 27 36 30
61 23 26 1 152 26 1 25 29 25 16 35 30
62 24 34 29 144 28 1 20 21 25 31 36 30
63 23 27 1 100 27 1 26 24 25 4 36 30
64 24 39 51 106 35 1 21 28 31 16 36 30
65 24 37 23 121 31 34 24 36 26 29 36 30
66 23 26 1 222 28 1 21 31 26 9 35 29
67 24 37 51 130 21 1 26 36 27 25 36 30
68 24 35 39 225 33 1 26 41 30 31 36 30
69 24 37 49 143 40 1 23 28 28 32 36 30
70 24 32 12 131 22 86 29 30 28 31 36 30
71 24 35 39 113 36 29 25 26 31 11 36 30
72 23 26 1 184 23 1 19 1 29 17 35 30
73 23 26 1 68 34 1 26 28 20 3 35 30
74 24 33 44 71 29 8 27 27 30 27 36 30
75 24 41 85 141 41 30 26 25 36 33 37 30
76 24 37 31 120 26 1 32 27 29 27 36 30
77 23 24 1 345 21 85 20 9 38 3 36 29
78 24 39 64 115 37 41 30 27 26 27 36 30
79 23 27 1 208 27 125 22 4 33 10 36 30
80 24 39 20 161 27 1 26 38 35 43 37 30
81 24 31 26 96 40 1 28 29 34 29 36 30
82 23 29 1 200 28 1 27 29 24 24 35 30
83 24 37 15 159 34 10 29 24 38 24 36 30
84 24 37 45 140 36 1 22 32 33 20 36 30
85 24 29 15 87 18 10 27 35 33 25 36 30
86 24 33 28 207 30 91 25 28 35 16 36 30
87 24 41 60 134 40 88 27 18 24 24 36 30
88 24 30 16 129 24 45 25 23 35 23 36 30
89 23 24 1 138 25 29 24 16 27 5 35 29
90 24 39 72 377 39 97 25 31 30 16 36 30
91 24 40 45 202 32 55 27 35 28 29 36 30
92 24 32 14 59 27 105 23 15 46 9 36 30
93 24 39 77 63 32 26 28 26 36 31 36 30
94 24 40 58 127 34 35 21 32 33 30 36 30
95 24 26 26 116 15 1 28 22 31 17 36 30
96 24 29 10 332 22 1 23 31 24 19 36 30
97 24 30 4 112 27 81 24 21 28 24 36 30
98 24 38 33 134 32 57 19 3 29 22 36 30
99 24 34 36 221 34 84 26 27 29 26 36 30
100 23 32 1 165 30 54 21 26 32 10 36 30
101 24 33 24 75 36 36 27 36 29 18 36 30
102 24 40 48 202 34 29 30 27 30 29 36 30
103 24 33 37 241 40 1 22 41 27 14 36 30
104 24 33 27 118 25 28 29 28 32 34 37 30
105 24 32 51 142 37 1 23 23 25 15 36 30
106 24 30 15 88 26 60 23 21 34 18 36 30
107 24 34 29 168 32 10 28 27 31 30 36 30
108 24 30 36 170 32 1 25 18 29 18 36 30
109 24 39 53 187 35 75 27 28 33 15 36 30
110 24 28 13 65 26 7 23 27 29 13 36 30
111 24 33 32 99 40 68 24 27 33 3 37 30
112 24 33 36 84 30 72 20 27 36 24 36 30
113 24 35 21 130 29 1 24 1 23 15 36 30
114 24 32 29 178 30 6 30 36 37 31 36 30
115 24 36 38 200 29 1 26 24 25 12 36 30
116 24 34 41 286 31 30 30 35 28 32 37 30
117 24 38 57 273 31 1 23 17 27 29 36 30
118 24 34 24 148 28 1 25 18 27 26 36 30
119 24 32 6 228 29 49 25 33 32 24 36 30
120 24 36 36 58 31 1 23 23 28 18 36 30
121 24 37 23 127 31 63 29 24 35 33 37 30
122 24 43 42 117 35 25 23 30 34 31 36 30
123 24 37 25 233 26 68 26 39 30 30 36 30
124 24 35 52 227 41 39 28 31 26 18 36 30
125 23 32 1 86 23 76 18 19 25 14 36 30
126 24 25 1 246 34 25 19 19 32 17 36 30
127 24 30 23 418 22 1 29 36 26 32 36 30
128 23 28 1 163 29 1 21 22 31 20 36 29
129 24 34 33 201 32 1 25 27 24 21 36 30
130 24 38 40 150 46 1 20 30 38 20 36 30
131 24 33 28 128 18 9 25 1 30 19 36 30
132 24 22 1 201 27 1 22 1 28 12 36 30
133 23 27 1 176 27 94 25 34 37 22 36 30
134 24 35 43 171 38 1 26 20 32 15 36 30
135 24 31 29 75 29 1 23 31 30 22 36 30
136 24 30 24 159 24 15 24 33 30 27 36 30
137 24 29 27 133 39 4 22 21 27 7 36 30
138 24 36 39 122 31 1 18 32 23 26 36 30
139 24 31 28 119 37 17 23 24 32 8 36 30
140 24 31 27 239 31 47 25 22 35 11 36 30
141 23 25 1 183 24 25 25 21 31 11 36 30
142 24 33 27 185 28 5 23 22 28 20 36 30
143 24 31 12 113 26 1 28 33 22 20 36 30
144 24 36 32 61 30 1 26 36 31 26 36 30
145 24 36 50 264 35 25 28 20 29 24 36 30
146 24 39 28 99 34 131 21 26 34 13 36 30
147 24 34 5 122 38 17 26 29 29 19 36 30
148 24 37 47 152 30 55 27 23 37 29 36 30
149 24 30 58 108 27 6 21 23 24 22 36 30
150 24 38 46 111 43 65 29 28 32 35 37 30
151 24 36 11 102 27 69 28 21 29 20 36 30
152 24 44 44 273 27 23 25 25 25 29 36 30
153 24 38 68 102 30 1 23 28 30 29 36 30
154 23 25 1 227 29 9 19 28 24 5 36 29
155 24 47 80 143 36 51 25 37 35 35 37 30
156 24 30 10 103 38 14 27 29 38 29 36 30
157 24 41 41 249 31 13 23 31 32 30 36 30
158 24 31 1 929 23 1 23 51 29 20 36 30
159 24 35 29 234 30 55 30 32 31 17 36 30
160 24 32 52 308 30 52 23 35 31 39 36 30
161 24 40 58 265 32 62 23 30 28 33 37 30
162 24 36 30 114 30 28 26 26 27 20 36 30
163 24 45 92 147 42 76 20 30 30 38 37 30
164 24 35 37 263 26 1 24 26 29 22 36 30
165 24 48 81 127 42 89 29 26 30 39 37 31
166 23 27 1 145 30 1 26 21 30 14 35 29
167 24 38 38 63 33 77 23 19 28 15 36 30
168 23 24 1 107 16 36 25 32 30 17 35 30
169 24 25 15 207 30 1 23 43 31 10 36 30
170 24 35 17 374 22 47 21 23 27 30 36 30
171 24 30 25 207 28 1 24 24 34 27 36 30
172 24 30 25 98 36 1 32 31 34 4 36 30
173 24 33 22 87 21 32 27 27 27 16 36 30
174 24 28 29 300 31 1 28 31 37 13 36 30
175 24 32 31 172 27 2 22 22 32 28 36 30
176 24 31 24 85 25 1 24 27 29 28 36 30
177 23 22 1 73 20 1 21 32 27 25 35 29
178 24 35 37 232 29 1 21 28 26 31 37 30
179 24 38 58 108 36 23 25 23 28 21 36 30
180 24 39 25 211 37 43 23 24 27 25 36 30
181 24 33 30 182 33 26 23 19 31 32 36 30
182 24 34 34 179 27 1 26 30 23 28 36 30
183 24 34 28 97 32 10 25 13 27 27 36 30
184 23 24 1 130 27 1 23 39 29 16 36 30
185 24 49 97 365 48 104 27 21 27 24 36 30
186 23 36 56 206 34 10 22 8 27 13 35 29
187 23 31 11 116 29 1 24 27 29 19 35 30
188 23 46 68 172 45 12 28 29 34 35 36 30
189 24 38 36 113 40 1 25 37 35 33 36 30
190 23 36 44 103 41 24 25 28 21 16 36 30
191 23 38 19 84 32 46 26 22 27 30 36 30
192 23 27 9 70 35 67 25 1 34 20 35 30
193 23 22 1 58 26 102 21 29 23 6 35 29
194 23 35 40 104 32 66 25 28 32 22 36 30
195 23 30 1 92 27 70 24 25 27 24 36 30
196 23 31 1 129 23 91 25 1 33 5 35 29
197 23 22 1 166 23 1 24 20 29 15 35 29
198 24 37 52 155 34 1 21 17 36 27 36 30
199 24 31 15 149 32 74 26 32 26 6 36 30
200 24 30 20 70 27 1 20 26 28 23 36 30
201 24 32 32 85 36 1 27 20 25 14 36 30
202 24 46 64 184 33 107 27 32 28 31 37 30
203 24 33 23 249 14 12 23 21 25 29 36 30
204 24 29 15 203 33 19 23 37 34 27 36 30
205 24 30 21 215 43 1 25 20 30 3 36 30
206 24 39 73 217 32 9 25 30 31 23 36 30
207 24 43 58 263 31 42 26 29 33 45 37 30
208 24 36 40 130 32 15 24 22 26 24 36 30
209 24 35 29 152 21 14 23 27 30 37 37 30
210 24 40 55 245 35 1 47 33 35 25 36 30
211 24 40 25 368 34 9 39 30 29 20 36 30
212 24 38 32 296 26 76 28 32 35 35 37 30
213 24 30 21 157 15 5 25 34 28 25 36 30
214 23 29 1 216 27 107 19 24 27 20 36 30
215 24 38 42 131 32 1 23 38 37 23 36 30
216 24 30 8 113 30 1 26 27 32 22 36 30
217 24 32 26 234 32 10 26 23 34 23 36 30
218 23 33 1 224 29 1 23 30 26 9 36 30
219 24 34 41 281 27 34 28 31 28 22 36 30
220 24 32 21 130 34 19 26 26 33 26 36 30
221 24 27 3 270 23 62 27 31 29 21 36 30
222 24 41 25 132 27 55 32 24 30 11 36 30
223 24 31 22 303 24 1 25 39 30 33 36 30
224 24 31 12 180 37 1 22 1 39 33 36 30
225 24 39 48 126 28 55 23 28 27 31 36 30
226 24 37 20 107 23 3 23 23 27 22 36 30
227 24 40 50 91 33 87 26 32 36 33 37 31
228 24 37 47 125 28 1 19 32 29 44 37 30
229 24 38 37 114 34 34 24 36 31 29 36 30
230 24 37 12 379 32 1 28 23 29 24 36 30
231 24 36 48 94 28 1 26 33 37 38 37 30
232 24 37 35 69 29 75 26 31 33 33 37 30
233 24 23 1 121 24 1 24 22 37 22 36 30
234 24 40 42 215 38 2 31 33 33 33 37 30
235 24 30 9 152 22 27 26 43 30 31 36 30
236 24 38 45 319 37 47 100 31 25 31 36 30
237 24 34 35 84 23 93 23 31 22 13 36 30
238 24 42 62 141 31 1 29 25 24 30 36 30
239 24 37 43 571 20 56 27 27 29 45 37 30
240 24 31 24 228 31 38 22 23 26 8 36 30
241 24 34 32 316 33 1 25 32 34 25 36 30
242 24 28 27 135 30 1 29 24 29 21 36 30
243 23 22 1 114 15 1 27 40 31 28 36 30
244 24 29 17 235 22 21 26 33 31 34 36 30
245 24 29 21 169 20 14 25 28 33 33 36 30
246 24 42 38 226 32 121 23 16 32 32 37 30
247 24 32 1 79 33 17 20 34 27 11 36 30
248 24 42 44 70 36 45 30 10 34 23 36 30
249 24 36 48 134 42 112 24 24 30 25 36 30
250 24 36 47 247 28 132 22 28 31 31 37 30
251 24 38 54 238 33 102 23 20 40 31 37 30
252 23 23 1 134 24 1 25 20 23 12 35 30
253 23 33 1 145 27 46 26 29 37 23 36 30
254 24 34 30 254 21 1 24 26 29 40 37 30
255 23 28 1 170 32 1 24 55 31 14 36 30
256 24 37 47 117 40 1 25 24 34 19 36 30
257 24 45 61 304 47 74 29 34 36 19 36 30
258 24 43 66 772 37 81 27 37 27 31 36 30
259 24 31 16 447 32 1 26 26 29 33 37 30
260 24 37 52 363 35 1 25 27 31 24 36 30
261 24 36 45 97 31 1 22 28 28 11 36 30
262 24 34 27 206 29 30 33 1 34 23 36 30
263 24 35 38 115 32 107 25 30 34 23 36 30
264 24 37 54 158 36 50 21 36 39 24 36 30
265 24 41 55 119 45 1 24 29 26 20 36 30
266 24 39 63 230 41 1 23 181 22 17 36 30
267 24 33 2 124 28 40 26 24 36 34 37 30
268 24 43 49 148 33 1 26 32 38 44 36 30
269 24 32 1 259 17 71 28 36 28 32 37 30
270 24 34 39 146 27 11 26 22 26 28 36 30
271 24 46 62 93 35 89 32 32 29 32 37 30
272 24 38 46 109 33 7 24 29 27 33 37 30
273 24 32 23 370 39 36 23 32 38 8 36 30
274 24 35 41 135 41 44 23 31 29 8 36 30
275 23 29 1 227 29 1 21 19 33 4 36 30
276 24 46 75 71 35 4 26 25 32 33 37 30
277 24 31 19 275 22 3 24 27 29 13 36 30
278 24 29 1 587 24 7 27 26 30 18 36 30
279 23 27 1 189 31 40 27 28 39 21 35 30
280 24 33 15 175 33 13 26 37 32 13 36 30
281 24 47 83 164 41 50 20 1 29 22 36 30
282 24 33 19 364 36 1 22 43 36 11 36 30
283 24 43 60 129 45 5 25 31 31 16 36 30
284 24 31 36 264 29 1 26 26 35 29 36 30
285 23 26 1 140 25 35 25 43 33 10 36 30
286 24 34 38 172 25 10 28 39 33 40 37 30
287 24 31 13 207 23 61 24 44 39 30 36 30
288 24 35 33 116 23 1 27 37 29 30 36 30
289 23 27 1 87 24 41 31 26 33 5 36 30
290 24 43 50 134 37 74 16 1 39 26 36 30
291 24 31 22 52 32 45 28 29 34 1 36 30
292 23 28 1 181 20 41 23 22 27 18 35 30
293 24 37 29 130 35 117 26 25 40 34 37 30
294 24 39 42 126 42 1 24 30 34 19 36 30
295 24 44 74 222 39 1 28 28 23 26 36 30
296 24 36 60 103 42 3 28 31 31 11 36 30
297 24 25 9 610 30 1 27 29 35 12 36 30
298 23 32 1 145 37 1 26 11 37 10 36 29
299 24 39 75 108 39 1 24 17 30 9 36 30
300 23 28 1 103 31 76 28 24 31 13 36 30
301 24 31 22 74 22 1 22 31 29 27 36 30
302 24 34 29 378 29 3 25 41 30 35 37 30
303 24 36 45 140 37 104 25 32 28 17 36 30
304 24 39 40 99 38 122 22 23 33 1 36 30
305 23 29 1 156 26 40 30 19 27 10 35 29
306 24 39 24 158 35 74 27 29 35 30 36 30
307 24 35 48 153 30 19 23 21 31 8 36 30
308 23 29 1 159 23 1 26 25 34 18 35 29
309 24 34 33 113 44 21 25 23 29 4 36 30
310 24 31 17 503 22 1 21 36 29 38 36 30
311 23 31 1 114 36 30 27 36 32 12 36 30
312 24 38 37 241 40 42 27 28 32 11 36 30
313 24 38 48 154 39 23 25 33 23 30 36 30
314 24 36 47 115 33 74 24 26 27 10 36 30
315 24 32 24 90 39 44 24 32 25 12 36 30
316 23 35 1 103 22 65 24 27 33 35 36 30
317 23 27 1 199 34 1 24 25 32 11 35 30
318 24 33 41 111 33 1 29 48 31 13 36 30
319 24 42 57 78 36 59 32 25 35 29 36 30
320 24 32 38 167 35 1 15 38 30 2 36 30
321 24 34 25 93 35 1 28 28 22 17 36 30
322 24 36 54 147 29 7 23 17 23 11 36 30
323 23 30 1 285 30 85 25 24 30 2 36 30
324 23 26 1 166 28 65 22 28 26 11 35 29
325 23 26 1 172 21 29 27 36 32 29 36 30
326 24 33 42 170 39 109 26 24 35 14 36 30
327 24 32 22 123 34 1 20 25 31 1 36 30
328 23 40 42 205 30 1 22 30 32 26 36 30
329 24 34 22 109 22 55 24 31 35 31 37 30
330 24 26 19 201 44 53 24 48 32 21 36 30
331 23 19 1 220 21 9 27 22 30 8 36 29
332 24 29 10 460 30 27 26 19 33 19 36 30
333 24 31 14 140 30 57 21 32 33 24 36 30
334 24 32 21 48 40 60 23 22 31 7 36 30
335 24 41 47 116 43 1 25 23 33 25 36 30
336 24 37 10 162 31 25 25 22 27 31 36 30
337 24 33 28 207 38 25 29 23 28 10 36 30
338 24 40 52 139 41 79 23 34 35 37 37 30
339 24 41 34 173 34 67 29 27 31 26 36 30
340 24 34 29 97 37 29 27 33 38 4 36 30
341 24 46 61 115 41 88 28 24 31 32 37 30
342 24 35 39 146 35 1 22 31 27 25 36 30
343 24 27 14 133 24 5 24 1 30 23 35 29
344 24 36 48 196 34 6 17 28 37 16 36 30
345 24 29 24 180 32 28 20 26 31 7 36 30
346 24 37 48 132 22 111 26 26 26 27 36 30
347 24 37 45 82 29 9 31 28 32 18 36 30
348 24 39 57 118 34 19 21 26 30 19 36 30
349 24 36 35 123 26 82 27 1 29 27 36 30
350 24 40 34 154 30 48 15 24 26 29 36 30
351 24 32 42 212 34 1 23 16 29 21 36 30
352 24 40 51 199 32 34 25 33 27 40 37 30
353 24 45 67 160 33 1 27 14 27 36 37 30
354 23 28 1 205 23 1 20 34 32 22 36 30
355 24 33 41 274 40 15 29 26 27 1 36 30
356 24 40 55 133 34 1 26 35 25 31 37 30
357 24 33 50 170 24 1 27 24 27 14 36 30
358 24 35 34 86 30 108 25 18 30 8 36 30
359 24 33 37 346 29 1 26 30 30 28 36 30
360 24 29 18 129 31 20 22 27 28 21 36 30
361 24 40 50 77 28 1 25 33 26 41 37 30
362 24 31 25 103 25 1 25 41 34 18 36 30
363 24 28 11 147 30 1 24 34 30 22 36 30
364 24 32 7 65 35 19 24 39 30 19 36 30
365 24 32 24 147 32 1 27 22 28 23 36 30
366 24 38 16 98 32 70 28 26 29 24 36 30
367 24 45 81 65 41 1 24 21 23 11 36 30
368 24 36 38 139 32 36 26 29 32 25 36 30
369 24 39 31 58 35 11 27 30 31 23 36 30
370 24 41 49 137 33 58 25 35 31 38 37 30
371 24 30 22 95 27 1 21 32 28 6 36 30
372 24 36 26 66 37 40 27 26 36 31 37 30
373 23 27 1 181 21 30 24 20 35 15 36 29
374 24 42 62 265 28 66 28 27 31 37 37 30
375 24 33 51 112 36 1 25 36 31 10 36 30
376 24 41 23 229 43 99 22 32 26 25 36 30
377 24 26 5 154 22 19 20 28 35 29 36 30
378 24 34 41 146 37 4 24 24 30 14 36 30
379 23 26 1 201 36 16 23 38 32 9 36 30
380 24 35 27 166 30 98 23 40 26 35 37 30
381 24 42 73 114 25 73 21 26 28 28 36 30
382 24 39 29 531 37 40 21 28 31 1 36 30
383 24 35 41 216 27 32 32 37 47 21 36 30
384 24 42 58 152 35 1 26 37 37 31 37 31
385 24 32 31 155 29 134 23 16 37 18 36 30
386 24 34 26 129 32 69 28 28 31 24 36 30
387 24 37 41 189 35 1 29 6 30 19 36 30
388 23 28 1 189 28 49 27 31 31 12 36 30
389 24 34 40 131 37 71 30 25 32 12 36 30
390 23 27 1 157 23 29 27 20 29 13 36 30
391 24 38 51 182 29 1 24 36 26 21 36 30
392 24 38 52 233 36 1 22 31 25 24 36 30
393 24 36 54 203 30 18 27 26 26 29 36 30
394 24 35 47 96 37 19 27 19 33 12 36 30
395 24 29 37 354 40 1 20 25 29 5 36 30
396 24 38 26 86 32 66 24 33 34 35 37 30
397 24 27 21 112 35 13 24 24 33 7 36 30
398 24 40 44 121 36 33 21 24 24 21 36 30
399 24 37 37 259 29 1 23 23 27 27 36 30
400 24 36 47 151 24 1 25 35 24 29 36 30
401 24 38 49 78 31 2 23 37 35 36 37 30
402 24 30 15 238 36 1 24 18 33 1 36 30
403 24 31 31 137 37 76 25 26 33 31 36 30
404 24 43 54 104 35 95 26 30 35 19 36 30
405 24 39 47 129 36 1 26 16 36 17 36 30
406 24 36 18 543 36 1 25 25 31 28 36 30
407 24 32 34 186 45 79 26 24 934 4 36 30
408 24 35 54 567 46 1 27 38 25 20 36 30
409 24 29 15 124 34 1 29 1 37 19 36 30
410 24 36 19 133 24 1 26 18 28 9 36 30
411 23 27 1 257 24 1 27 1 28 2 35 30
412 24 36 34 84 40 8 31 40 41 34 37 30
413 24 37 33 136 27 1 30 34 31 32 37 30
414 23 25 1 162 25 1 19 1 31 22 35 29
415 24 38 53 352 30 6 19 37 29 31 37 30
416 24 39 43 156 30 10 25 31 26 37 37 30
417 24 40 52 130 36 1 28 28 27 14 36 30
418 23 26 1 112 38 1 21 21 32 12 36 30
419 24 35 22 183 22 17 27 31 31 34 37 30
420 24 31 45 174 35 1 20 20 27 14 36 30
421 24 37 47 142 32 1 26 34 31 30 37 30
422 24 33 31 65 39 1 27 28 30 24 36 30
423 24 37 44 196 37 89 23 24 25 17 36 30
424 24 30 33 103 34 1 22 22 26 26 36 30
425 24 35 22 85 26 4 27 14 19 32 36 30
426 24 37 53 91 35 65 26 34 29 24 36 30
427 24 34 41 189 20 21 28 35 27 27 36 30
428 24 37 30 165 29 1 25 28 26 32 36 30
429 24 36 39 136 31 1 25 38 33 24 36 30
430 24 39 61 54 45 63 28 25 35 6 36 30
431 24 35 15 136 34 1 25 17 33 12 36 30
432 24 33 18 289 36 1 23 21 31 18 36 30
433 24 47 60 138 40 1 21 29 31 29 36 30
434 24 27 21 131 20 1 24 16 29 14 36 30
435 23 27 1 437 11 1 23 30 28 10 36 30
436 24 30 26 65 40 1 22 23 30 9 36 30
437 23 32 1 116 26 62 27 21 30 21 36 30
438 24 33 25 128 32 75 22 27 23 23 36 30
439 24 39 1 76 40 19 19 1 34 21 36 30
440 24 38 39 96 36 46 23 27 29 13 36 30
441 24 50 78 137 42 47 29 32 29 30 36 30
442 24 37 31 125 35 1 23 35 31 14 36 30
443 23 30 1 150 27 1 26 32 24 21 36 30
444 24 33 15 205 26 1 17 38 29 22 36 30
445 24 37 24 57 32 73 30 21 30 32 36 30
446 24 29 25 364 25 15 24 32 30 23 36 30
447 24 29 1 263 27 1 28 46 28 26 36 30
448 24 32 39 119 27 22 22 25 30 20 36 30
449 23 29 1 208 23 1 25 1 29 20 36 30
450 24 34 5 279 31 41 27 26 32 26 36 30
451 24 31 31 86 36 1 25 32 32 10 36 30
452 24 38 40 363 37 1 19 22 29 24 36 30
453 24 27 1 130 21 41 29 35 28 19 36 30
454 24 36 28 211 32 1 28 27 25 8 36 30
455 24 26 6 230 25 11 26 41 34 16 36 30
456 24 33 24 227 27 1 24 25 31 30 36 30
457 24 33 37 195 27 1 25 23 26 31 36 30
458 24 33 32 149 27 1 28 22 29 28 36 30
459 24 37 38 417 27 62 23 34 31 33 37 30
460 24 38 37 163 45 1 27 32 34 8 36 30
461 24 39 68 109 38 34 27 16 33 15 36 30
462 24 34 42 353 27 21 28 1 33 27 36 30
463 24 33 18 128 16 18 25 32 31 18 36 30
464 24 35 10 97 28 65 25 4 37 16 36 30
465 24 41 52 240 26 5 34 30 36 31 37 30
466 24 44 75 105 44 125 30 45 28 30 36 30
467 24 32 27 192 27 73 23 21 33 23 36 30
468 23 28 1 139 21 7 22 1 33 11 35 29
469 24 30 22 115 35 1 24 33 32 18 36 30
470 24 31 19 396 37 8 26 29 26 18 36 30
471 24 29 26 214 26 1 23 41 27 9 36 30
472 24 31 20 163 15 40 25 32 27 37 36 30
473 24 44 95 247 32 24 23 24 31 33 37 30
474 24 36 15 104 36 4 27 21 35 13 36 30
475 23 30 1 135 25 117 25 31 32 13 36 30
476 24 32 4 113 34 56 28 30 32 20 36 30
477 24 38 48 93 45 43 24 32 34 22 36 30
478 24 36 27 109 30 33 21 26 31 21 36 30
479 24 27 1 108 24 28 26 22 28 20 36 30
480 24 33 1 298 20 5 21 25 17 21 36 30
481 24 33 21 81 19 7 25 31 30 17 36 30
482 24 40 44 75 28 32 23 34 33 22 36 30
483 23 25 1 311 29 1 24 1 25 5 35 29
484 24 40 63 108 43 19 27 27 35 28 36 30
485 24 38 40 226 28 1 20 39 34 27 36 30
486 24 34 12 176 34 40 30 22 36 32 37 30
487 24 39 47 315 36 1 24 24 32 35 37 30
488 39 56 62 312 58 1 46 48 59 43 56 50
489 24 34 48 184 37 105 17 2 33 29 36 30
490 23 27 1 128 30 1 21 24 32 12 36 30
491 24 32 21 252 16 37 25 27 29 41 37 30
492 24 30 8 91 23 1 29 27 32 18 36 30
493 24 36 30 123 25 71 26 38 35 34 37 30
494 24 36 41 126 29 79 30 26 33 26 36 30
495 24 34 39 266 26 1 22 29 21 34 37 30
496 24 30 22 203 29 40 24 30 24 19 36 30
497 24 27 29 85 31 36 27 255 32 17 36 30
498 24 38 45 328 27 10 22 29 28 16 36 30
499 24 35 14 101 27 4 27 40 33 35 36 30
500 24 40 64 324 34 71 25 24 26 25 36 30
501 24 34 42 126 29 1 24 11 34 18 36 30
502 24 34 47 82 40 1 25 20 37 19 36 30
503 24 36 39 89 23 12 27 36 32 41 36 30
504 24 34 34 177 27 1 24 27 32 38 37 30
505 24 30 4 147 30 1 23 27 30 9 36 30
506 24 36 26 266 30 51 20 26 30 15 36 30
507 24 35 32 146 36 87 25 30 30 17 36 30
508 24 38 50 118 36 1 25 25 30 32 37 30
509 24 28 19 291 25 1 24 32 27 32 36 30
510 24 37 24 246 28 6 28 13 34 41 37 30
511 24 35 34 125 38 1 22 28 34 26 36 30
512 24 30 14 158 23 1 27 32 25 29 36 30
513 24 38 33 244 31 1 27 34 33 30 36 30
514 24 39 53 62 41 1 27 35 34 17 36 30
515 24 36 42 123 18 50 27 28 30 38 37 30
516 24 35 45 112 34 128 31 22 32 18 36 30
517 24 34 35 81 27 20 23 23 30 21 36 30
518 24 33 46 80 36 32 25 30 26 16 36 30
519 24 37 51 394 38 111 20 15 32 12 36 30
520 23 30 25 99 47 22 19 27 29 21 36 30
521 24 42 43 88 25 106 24 35 30 38 37 30
522 24 33 8 136 30 78 25 20 30 20 36 30
523 24 42 60 115 40 84 23 26 32 26 36 30
524 24 31 10 101 16 24 23 28 27 22 36 30
525 24 36 39 147 34 83 25 1 38 20 36 30
526 24 37 57 122 42 1 26 30 27 7 36 30
527 24 37 32 220 36 81 23 1 31 18 36 30
528 24 41 53 107 39 24 25 20 30 30 36 30
529 24 32 14 128 28 28 26 18 30 23 36 30
530 23 30 1 224 33 1 18 53 24 15 36 30
531 24 30 18 97 28 13 25 1 42 11 36 30
532 24 32 23 91 37 1 28 13 31 18 36 30
533 23 26 1 136 29 1 25 20 23 8 36 30
534 24 30 23 457 28 1 28 25 29 20 36 30
535 24 42 51 185 32 1 29 34 33 36 37 30
536 24 31 16 153 23 13 24 27 31 26 36 30
537 24 35 40 122 40 18 24 27 34 15 36 30
538 24 39 53 148 34 130 23 25 29 15 36 30
539 24 45 65 170 25 90 22 23 27 33 37 30
540 24 30 29 162 42 1 26 18 33 17 36 30
541 24 40 57 116 23 1 27 30 33 18 36 30
542 24 29 4 118 27 1 27 1 33 14 36 30
543 23 29 1 131 16 77 28 16 30 14 36 30
544 24 30 1 92 31 15 23 24 37 26 36 30
545 24 42 58 163 32 1 22 50 22 32 36 30
546 23 22 1 117 24 1 27 44 34 18 36 30
547 24 30 1 177 20 1 28 22 29 28 36 30
548 24 42 73 117 40 27 28 38 27 20 36 30
549 24 37 45 136 29 91 22 28 23 15 36 30
550 24 31 27 102 20 54 23 20 33 14 36 30
551 24 31 38 129 23 24 23 24 34 19 36 30
552 24 29 4 307 25 47 28 31 34 30 36 30
553 24 46 96 128 33 72 25 46 32 32 36 30
554 24 31 22 56 32 38 26 18 36 1 36 30
555 23 30 1 123 30 1 21 19 30 22 35 30
556 24 37 45 103 37 1 21 48 31 26 36 30
557 24 43 99 107 40 1 22 21 30 16 36 30
558 24 34 26 136 18 12 24 19 35 38 36 30
559 23 33 1 154 25 19 23 45 32 20 36 30
560 24 31 13 228 25 1 28 38 33 33 36 30
561 23 21 1 165 24 30 19 23 29 16 36 29
562 24 35 37 173 31 80 24 31 33 21 36 30
563 24 34 12 129 17 5 26 28 29 40 36 30
564 24 31 25 187 38 25 23 28 36 6 36 30
565 24 34 20 113 31 61 28 33 28 24 36 30
566 24 41 55 142 23 1 27 25 34 40 37 30
567 24 47 70 110 45 1 21 26 29 18 36 30
568 24 35 42 97 31 17 31 36 31 30 36 30
569 24 37 21 79 29 90 28 24 33 15 36 30
570 24 39 71 70 38 83 23 28 34 19 36 30
571 23 29 1 172 34 1 21 16 19 2 36 30
572 23 26 1 82 32 24 26 48 37 15 36 30
573 23 30 1 250 28 1 22 40 34 20 35 30
574 24 33 17 365 27 16 23 23 29 17 36 30
575 24 34 57 232 36 1 28 26 28 14 36 30
576 24 38 30 432 43 1 29 31 31 12 36 30
577 24 35 46 115 32 12 26 28 33 24 36 30
578 24 32 19 87 29 8 24 17 30 19 36 30
579 23 27 1 119 23 42 28 23 35 7 36 30
580 24 36 37 154 33 1 22 18 35 13 36 30
581 24 37 42 143 34 1 22 32 27 14 36 30
582 24 37 43 193 46 1 22 18 24 1 36 30
583 24 31 17 79 35 3 20 23 34 5 36 30
584 24 36 50 161 41 30 30 25 32 34 37 30
585 24 26 18 115 37 53 26 27 27 1 36 30
586 24 26 1 223 23 1 25 22 29 26 36 30
587 24 31 25 145 26 1 27 23 23 16 36 30
588 23 26 1 85 41 1 21 26 26 7 35 30
589 24 29 9 386 31 1 28 32 33 23 36 30
590 24 37 36 92 29 5 29 30 32 30 36 30
591 24 33 40 120 35 91 25 35 38 16 36 30
592 24 32 14 283 42 63 23 20 29 1 36 30
593 24 44 91 222 40 69 21 1 33 20 36 30
594 24 35 25 114 22 43 26 27 30 44 36 30
595 24 42 67 148 42 139 19 27 23 20 36 30
596 24 35 25 225 24 17 32 28 36 41 37 30
597 23 25 1 192 20 1 25 24 27 16 35 29
598 24 42 56 127 44 6 23 30 33 21 36 30
599 24 36 28 151 27 42 33 39 2005 31 36 30
600 24 29 19 80 38 1 25 16 28 12 36 30
601 24 27 24 359 27 42 26 33 33 6 36 30
602 24 32 38 186 22 1 26 32 20 37 36 30
603 24 33 42 153 31 36 26 18 23 17 36 30
604 24 35 53 171 37 51 21 29 27 22 36 30
605 24 40 40 179 37 1 28 14 29 26 36 30
606 24 28 2 360 28 1 26 32 31 15 36 30
607 24 32 23 107 35 1 44 21 31 21 36 30
608 24 32 32 265 31 1 25 31 27 22 36 30
609 24 37 28 161 22 28 24 34 34 33 36 30
610 24 38 53 102 37 76 26 20 29 18 36 30
611 24 28 1 109 29 1 22 21 39 1 36 30
612 24 38 29 198 43 41 27 26 34 1 36 30
613 24 39 37 94 21 1 20 30 25 33 37 30
614 24 29 13 183 27 27 22 32 28 17 36 30
615 24 33 33 129 28 43 25 26 28 12 36 30
616 24 46 72 101 24 17 26 33 36 48 37 30
617 24 34 22 124 27 1 27 32 29 39 36 30
618 23 28 1 393 25 48 25 28 26 15 36 30
619 24 41 46 109 30 61 25 38 28 29 36 30
620 24 42 63 279 34 1 30 37 25 26 36 30
621 24 38 65 283 28 24 22 23 27 10 36 30
622 23 28 1 273 22 43 21 25 21 10 35 29
623 24 38 21 99 35 1 24 25 36 32 37 30
624 24 31 24 158 27 4 25 24 26 29 36 30
625 24 30 1 69 31 34 23 23 32 3 36 30
626 24 37 14 121 29 85 29 23 33 20 36 30
627 23 27 1 267 29 5 24 33 29 9 36 30
628 24 41 39 157 39 94 26 30 33 31 37 30
629 24 41 39 70 28 23 28 32 38 46 37 30
630 24 34 4 145 38 24 31 38 31 23 36 30
631 24 36 45 83 39 38 23 17 28 2 36 30
632 24 31 19 136 23 1 26 29 30 21 36 30
633 24 46 73 99 37 1 22 24 21 37 37 30
634 24 35 42 117 28 1 23 33 29 23 36 30
635 24 39 29 103 38 85 28 29 36 28 36 30
636 23 39 1 196 35 1 24 126 22 12 36 30
637 24 41 51 178 23 1 24 34 34 42 36 30
638 24 34 16 114 26 76 29 265 31 33 37 30
639 23 25 1 281 27 39 26 14 36 11 35 29
640 24 32 17 77 33 10 27 35 36 34 37 30
641 23 25 1 95 27 1 21 30 29 17 36 30
642 24 29 11 108 25 32 28 30 31 30 36 30
643 23 22 1 499 23 1 22 25 32 23 36 30
644 24 30 22 125 27 1 30 23 30 29 36 30
645 24 40 32 79 27 44 25 33 21 30 36 30
646 24 35 31 71 25 21 31 32 35 33 37 30
647 24 36 32 102 39 86 27 35 31 19 36 30
648 24 34 41 153 23 77 24 31 29 36 37 30
649 24 30 14 420 34 1 25 32 32 17 36 30
650 23 24 1 232 33 1 20 25 26 10 36 30
651 24 42 55 181 29 51 28 28 29 30 36 30
652 24 29 39 161 38 24 26 33 33 30 36 30
653 24 33 18 193 28 26 24 31 26 32 36 30
654 24 32 34 188 39 1 27 29 31 10 36 30
655 24 31 42 161 29 18 23 26 30 22 36 30
656 24 32 27 94 40 25 21 29 28 3 36 30
657 24 35 62 169 27 60 27 1 31 22 36 30
658 24 46 70 134 35 89 26 26 25 24 36 30
659 24 26 1 202 24 32 25 31 30 25 36 30
660 24 32 1 220 28 20 25 19 27 12 36 30
661 24 36 40 198 30 82 24 29 28 17 36 30
662 24 30 20 158 29 1 27 28 34 23 36 30
663 24 45 67 207 28 37 26 33 30 34 37 30
664 24 38 53 236 38 1 24 16 26 32 36 30
665 24 44 57 190 32 131 21 23 24 20 36 30
666 24 31 8 182 35 1 30 39 26 15 36 30
667 24 41 47 97 41 68 22 34 31 31 36 30
668 24 33 30 116 32 1 30 22 35 19 36 30
669 24 37 33 132 27 21 23 24 29 23 36 30
670 24 32 27 132 37 1 26 34 30 13 36 30
671 24 37 44 113 45 72 26 25 35 6 37 30
672 24 30 19 111 27 23 21 34 34 31 36 30
673 24 37 43 246 43 18 25 29 23 13 36 30
674 24 31 25 149 33 14 25 26 28 12 36 30
675 24 29 34 166 32 52 23 32 33 12 36 30
676 23 31 1 131 34 38 22 1 37 14 35 30
677 24 37 44 162 40 1 25 29 31 19 36 30
678 24 27 25 196 26 6 25 42 26 14 36 30
679 24 39 59 178 36 1 23 24 26 35 37 30
680 24 30 15 229 40 53 25 19 31 11 36 30
681 24 33 35 183 36 1 23 20 25 5 36 30
682 24 42 55 264 37 1 27 24 29 26 36 30
683 24 35 26 192 23 51 25 17 32 17 36 30
684 24 29 17 257 35 57 28 1 34 12 36 30
685 24 34 41 64 46 144 26 14 33 12 36 30
686 24 34 32 168 40 93 30 30 30 7 36 30
687 24 28 15 270 42 38 24 26 36 7 36 30
688 23 34 1 147 39 73 23 16 26 12 36 30
689 24 37 30 159 29 110 24 23 31 26 36 30
690 24 36 39 134 31 77 28 27 29 33 37 30
691 24 49 88 100 39 85 21 39 27 33 37 30
692 24 30 35 131 24 1 23 35 28 22 36 30
693 23 25 1 455 29 83 25 28 31 20 36 30
694 24 32 28 147 23 17 22 18 24 6 36 30
695 24 34 44 154 30 3 28 27 23 12 36 30
696 24 28 21 159 21 1 28 32 32 21 36 30
697 24 37 6 124 26 24 32 39 28 36 37 30
698 24 36 62 258 49 1 22 20 26 19 36 30
699 24 31 22 349 25 52 24 33 20 27 36 30
700 24 40 52 83 29 16 25 1 31 26 36 30
701 24 35 41 89 33 74 31 27 34 15 36 30
702 23 33 1 108 40 1 33 37 31 9 36 30
703 23 26 1 165 27 1 24 24 32 6 36 30
704 24 40 42 115 39 5 24 36 27 25 36 30
705 24 46 95 114 45 1 27 26 25 28 36 30
706 24 35 47 106 33 32 28 32 25 31 37 30
707 24 36 30 138 29 1 29 35 33 33 37 30
708 24 35 42 262 18 32 28 28 23 36 37 30
709 24 40 33 195 31 93 20 27 29 27 36 30
710 24 33 33 187 42 1 22 22 28 19 36 30
711 24 42 47 234 22 36 27 36 34 37 37 30
712 24 32 22 142 26 1 29 24 26 33 36 30
713 24 39 73 88 30 5 26 24 22 27 36 30
714 24 26 14 128 31 7 24 33 34 17 36 30
715 24 30 20 158 36 32 26 25 33 21 36 30
716 24 34 30 153 39 1 27 27 32 22 36 30
717 24 36 25 118 19 49 23 29 28 21 36 30
718 24 33 35 128 43 75 25 37 33 4 36 30
719 24 32 17 170 27 1 27 33 32 16 36 30
720 24 32 36 88 37 2 24 23 29 7 36 30
721 24 34 37 160 38 67 29 32 31 21 36 30
722 24 39 41 232 26 1 28 29 28 40 37 30
723 24 29 11 108 31 27 19 18 28 23 36 30
724 24 32 28 110 37 1 24 45 32 12 36 30
725 24 35 22 313 39 14 25 37 33 21 36 30
726 24 32 24 121 29 1 28 27 27 17 36 30
727 24 36 9 145 27 25 23 32 32 35 37 30
728 24 31 21 108 34 65 24 33 27 12 36 30
729 24 35 40 140 33 1 24 36 29 23 36 30
730 24 36 28 68 24 1 29 22 36 35 36 30
731 24 43 56 273 36 1 34 19 31 25 36 30
732 24 41 50 191 26 123 29 23 31 25 36 30
733 24 31 19 114 28 1 26 27 33 28 36 30
734 24 40 48 99 21 95 26 33 32 36 37 30
735 24 49 57 158 39 15 23 21 31 30 36 30
736 24 37 35 335 32 25 26 48 32 30 36 30
737 24 32 27 275 29 8 30 28 30 30 36 30
738 24 32 45 310 26 1 26 36 29 36 37 30
739 24 45 84 220 42 46 24 112 30 23 36 30
740 24 37 69 108 29 59 22 25 30 34 37 30
741 23 23 1 111 20 32 22 32 29 12 36 30
742 24 37 56 504 32 48 22 33 35 25 36 30
743 24 39 42 165 34 68 27 17 26 28 36 30
744 24 44 56 125 39 1 20 24 28 27 36 30
745 24 37 66 141 32 1 27 19 30 13 36 30
746 24 32 12 136 35 71 23 28 34 18 36 30
747 24 40 40 200 27 1 27 37 35 26 36 30
748 24 37 39 180 30 123 25 35 31 28 36 30
749 24 29 14 323 29 1 23 34 28 17 36 30
750 24 34 36 236 36 1 24 25 32 27 36 30
751 24 37 40 310 27 103 25 26 37 39 37 30
752 24 33 28 192 22 1 28 28 35 31 36 30
753 24 33 43 165 36 1 23 38 33 27 36 30
754 24 34 20 130 29 32 29 26 34 23 36 30
755 24 29 7 98 21 23 30 38 31 24 36 30
756 24 39 31 128 45 1 28 42 32 18 36 30
757 24 35 23 91 40 33 27 31 23 9 36 30
758 24 34 22 164 30 102 30 33 37 26 36 30
759 24 34 37 108 25 46 21 31 32 28 36 30
760 24 39 58 144 29 33 18 25 30 32 37 30
761 24 35 30 223 23 49 20 22 32 21 36 30
762 24 42 63 246 36 44 24 17 25 28 36 30
763 24 30 9 144 33 101 28 35 32 29 36 30
764 24 30 31 293 29 63 26 26 32 16 36 30
765 24 26 4 233 36 1 24 24 24 17 36 30
766 24 40 52 105 34 47 32 26 32 21 36 30
767 24 34 17 152 31 1 136 34 36 16 36 30
768 24 40 61 434 41 1 21 26 34 23 36 30
769 24 32 33 796 43 77 27 36 37 6 36 30
770 23 23 1 146 19 4 24 38 33 23 36 30
771 24 37 30 172 33 80 25 23 33 11 36 30
772 24 35 32 92 25 1 24 34 30 33 37 30
773 24 29 13 166 29 1 28 24 30 13 36 30
774 24 37 44 144 39 46 22 1 38 23 36 30
775 24 33 41 190 39 1 21 23 24 19 36 30
776 24 38 43 150 27 11 26 33 30 33 37 30
777 24 35 1 122 30 1 23 1 37 29 36 30
778 23 34 1 263 28 65 20 26 33 13 36 30
779 24 33 8 169 32 48 23 20 36 26 36 30
780 24 31 21 204 29 59 27 30 26 23 36 30
781 24 41 62 107 33 79 24 41 27 32 36 30
782 24 37 33 96 21 63 24 34 26 34 37 30
783 24 38 25 113 39 1 23 21 31 24 36 30
784 24 30 27 148 23 38 18 21 29 7 36 30
785 24 35 44 260 32 54 23 29 27 31 36 30
786 24 38 34 142 24 1 22 25 31 26 36 30
787 24 33 23 268 17 41 27 25 29 38 36 30
788 23 34 1 164 27 78 28 24 37 17 36 29
789 24 33 43 121 29 51 26 39 27 18 36 30
790 24 38 48 143 27 1 29 28 27 34 37 30
791 24 47 81 105 42 1 28 18 28 26 36 30
792 24 39 54 102 42 135 25 19 26 25 36 30
793 24 35 35 155 42 17 21 26 27 17 36 30
794 24 47 54 84 37 152 25 29 32 31 36 30
795 24 37 42 222 25 37 20 15 23 28 36 30
796 24 38 49 84 32 1 32 25 33 29 37 30
797 24 42 16 186 36 36 23 1 36 17 36 30
798 24 33 41 182 34 47 25 27 35 13 36 30
799 24 98 240 144 54 118 29 38 34 28 36 30
800 24 36 33 95 27 35 27 21 33 34 37 30
801 24 35 36 245 21 26 23 24 33 35 37 30
802 24 40 52 147 35 8 27 30 29 27 36 30
803 24 30 18 197 35 1 29 23 28 16 36 30
804 24 37 54 95 34 1 21 30 28 26 36 30
805 24 30 2 463 53 65 25 29 33 5 36 30
806 24 32 14 169 30 26 26 23 27 28 36 30
807 24 39 45 156 24 31 51 22 32 26 36 30
808 24 33 32 87 28 28 27 30 30 10 36 30
809 23 25 1 192 26 1 21 16 28 13 35 29
810 24 31 25 143 36 1 21 23 28 20 36 30
811 24 36 54 184 31 87 27 30 28 14 36 30
812 24 37 52 100 30 1 25 30 28 18 36 30
813 24 29 24 231 25 1 26 28 36 30 36 30
814 24 39 46 104 35 81 21 28 30 25 36 30
815 24 29 11 63 18 1 28 23 31 16 36 30
816 23 23 1 369 27 1 29 44 24 18 35 29
817 24 29 11 181 31 10 23 26 27 5 36 30
818 24 34 35 133 21 8 25 31 32 36 37 30
819 24 36 27 160 30 1 23 25 29 29 36 30
820 24 38 44 75 32 43 30 19 34 35 37 30
821 24 28 26 139 20 12 26 31 27 40 36 30
822 24 33 30 105 34 13 24 35 31 20 36 30
823 24 41 45 227 36 54 29 33 32 21 36 30
824 24 33 40 129 41 72 22 33 31 14 36 30
825 24 45 85 157 39 86 25 31 26 20 36 30
826 24 35 39 201 34 1 23 29 33 12 36 30
827 24 28 14 120 27 1 27 38 22 6 36 30
828 24 33 42 351 29 1 26 26 32 24 36 30
829 23 20 1 261 17 8 18 39 21 14 35 29
830 23 30 1 83 27 16 24 30 36 13 36 30
831 24 38 56 134 37 1 26 1 32 21 36 30
832 24 32 34 217 34 1 19 26 30 8 36 30
833 24 39 49 123 34 99 21 38 34 33 37 30
834 24 31 36 245 33 1 27 33 29 30 36 30
835 24 33 16 83 30 32 21 29 28 18 36 30
836 24 37 52 100 37 20 26 41 32 20 36 30
837 24 34 17 162 31 1 25 30 21 19 36 30
838 24 37 50 44 41 5 22 28 30 2 36 30
839 24 41 26 105 41 1 23 45 32 23 36 30
840 24 37 39 176 30 133 24 33 23 10 36 30
841 24 41 46 88 28 55 31 30 28 23 36 30
842 24 43 69 115 48 1 26 26 29 20 36 30
843 24 42 62 150 34 73 26 33 31 29 36 30
844 24 36 25 289 20 93 22 24 32 38 37 30
845 24 37 50 153 31 1 23 33 38 31 36 30
846 24 32 47 85 35 34 23 15 31 18 36 30
847 24 38 24 143 36 1 26 23 31 33 36 30
848 24 32 29 176 38 1 24 29 26 18 36 30
849 24 41 48 338 36 16 22 29 27 26 36 30
850 24 36 62 98 33 26 22 16 32 26 36 30
851 24 44 50 124 33 44 22 39 28 28 36 30
852 24 34 13 150 21 46 25 22 34 24 36 30
853 24 36 45 109 41 1 30 16 31 13 36 30
854 23 25 1 192 21 12 23 28 27 8 36 30
855 24 35 25 155 30 1 25 36 28 38 37 30
856 24 35 50 137 33 1 23 29 30 36 37 30
857 24 38 53 65 43 79 27 26 35 17 36 30
858 23 29 1 145 25 1 29 23 29 16 36 30
859 24 37 62 103 34 1 25 31 27 29 36 30
860 24 38 48 105 37 86 30 17 37 22 36 30
861 24 37 35 151 22 37 25 39 33 45 37 30
862 24 37 29 106 33 1 28 15 31 32 36 30
863 24 36 17 107 18 29 28 28 29 36 37 30
864 24 36 11 90 29 1 22 1 36 27 36 30
865 23 31 1 160 18 46 27 28 35 33 36 30
866 24 31 1 123 30 61 27 40 30 17 36 30
867 24 40 41 148 37 1 29 39 31 35 37 30
868 24 37 44 218 27 1 28 30 33 227 37 30
869 24 36 26 134 33 101 27 34 32 22 36 31
870 23 25 1 163 28 30 25 9 30 8 36 30
871 24 35 30 156 26 67 28 29 33 37 37 30
872 24 39 61 123 36 28 27 33 35 45 37 30
873 24 34 27 62 38 71 33 29 29 5 36 30
874 24 41 48 126 24 1 27 31 30 43 36 30
875 24 34 51 118 42 1 28 32 30 8 36 30
876 23 23 1 332 13 29 26 30 34 24 35 30
877 24 41 54 248 46 51 29 23 31 21 36 30
878 24 33 28 167 22 48 23 37 29 38 36 30
879 24 35 24 129 40 86 24 32 30 23 36 30
880 24 38 45 124 32 41 27 33 32 34 37 30
881 24 44 62 451 45 126 27 25 36 35 37 30
882 24 35 31 59 17 35 25 36 27 17 36 30
883 24 38 35 126 29 1 23 40 32 43 37 30
884 24 38 57 196 38 1 29 22 37 32 37 30
885 24 36 25 97 40 1 24 45 31 24 36 30
886 24 29 23 110 16 1 21 26 31 32 36 30
887 24 36 35 131 22 105 22 31 28 30 36 30
888 24 35 20 153 28 1 26 34 28 33 36 30
889 23 26 1 98 27 1 18 12 32 9 36 30
890 24 36 34 86 32 1 27 45 33 36 37 30
891 24 37 32 662 26 42 28 1 44 38 37 30
892 24 35 24 405 26 1 25 38 21 41 36 30
893 24 32 7 124 20 17 24 27 31 21 36 30
894 24 39 6 230 26 81 28 43 30 31 36 30
895 24 36 27 166 31 125 26 36 36 39 36 30
896 24 33 1 121 27 1 41 13 27 18 36 30
897 24 32 10 121 27 22 25 37 25 28 36 30
898 24 35 29 69 38 71 25 39 28 11 36 30
899 24 40 60 87 42 1 28 26 24 31 37 30
900 24 30 16 150 27 15 24 19 35 8 36 30
901 24 42 50 83 36 37 29 34 35 20 36 30
902 24 39 106 106 49 3 28 21 29 18 36 30
903 24 31 21 165 28 89 23 47 29 22 36 30
904 24 41 49 123 32 44 25 12 29 26 36 30
905 24 46 49 114 39 47 30 16 28 30 37 30
906 23 25 1 250 27 1 23 33 27 11 35 30
907 24 38 1 87 23 1 24 25 29 18 36 30
908 24 39 42 149 34 1 27 40 33 31 36 30
909 24 37 21 158 29 73 20 41 30 32 37 30
910 23 31 1 88 26 52 28 27 38 35 36 30
911 24 33 16 76 19 14 22 35 26 43 37 30
912 24 42 46 121 36 1 24 31 30 22 36 30
913 24 45 74 184 33 55 26 31 34 26 36 30
914 23 25 1 257 29 1 29 19 20 1 35 29
915 24 32 12 193 32 1 25 38 31 20 36 30
916 24 31 33 158 33 22 25 22 29 17 36 30
917 24 44 72 234 47 189 27 25 29 10 36 30
918 24 35 45 154 41 117 27 31 28 18 36 30
919 24 28 16 115 36 1 18 29 31 9 36 30
920 24 42 69 107 48 1 20 34 31 10 36 30
921 24 33 16 267 17 1 25 45 30 36 37 30
922 24 34 52 92 42 1 25 18 27 5 36 30
923 23 34 1 219 25 1 25 33 26 22 36 30
924 24 34 25 60 32 1 25 29 34 22 36 30
925 23 32 1 259 28 1 30 28 31 31 36 30
926 24 32 34 114 31 46 29 1 30 15 36 30
927 24 36 42 173 36 122 26 32 34 22 36 30
928 24 30 29 146 28 1 24 20 26 17 36 30
929 24 33 22 126 20 30 27 29 27 23 36 30
930 24 35 16 281 26 42 35 32 34 31 36 30
931 23 27 1 178 32 1 19 29 30 20 35 30
932 24 39 41 113 31 1 27 36 34 36 37 30
933 24 31 20 191 25 93 24 20 34 24 36 30
934 24 34 30 89 37 82 27 29 28 5 36 30
935 24 36 34 192 32 46 25 32 33 23 36 30
936 24 33 29 167 24 16 32 41 37 43 36 30
937 23 21 1 240 21 26 27 19 25 20 35 29
938 24 44 57 137 41 1 26 34 22 35 37 30
939 24 31 16 126 19 95 21 31 24 30 36 30
940 23 21 1 164 19 1 20 23 23 2 35 29
941 23 25 1 135 25 12 23 34 24 12 36 30
942 24 42 60 125 33 36 27 37 39 44 37 30
943 24 30 1 121 25 24 29 40 32 37 36 30
944 24 40 37 185 37 1 28 37 36 39 37 30
945 23 28 1 119 21 11 27 14 28 19 35 30
946 24 38 35 132 34 117 29 21 26 18 36 30
947 24 29 11 124 20 9 22 26 27 38 36 30
948 24 27 1 290 30 1 28 23 39 12 36 30
949 24 41 41 97 26 63 22 6 32 34 37 30
950 24 29 3 75 28 1 23 20 27 19 36 30
951 24 40 65 73 33 80 26 27 28 34 37 30
952 24 37 28 135 28 44 32 35 35 29 36 30
953 24 38 30 159 33 117 27 26 35 20 36 30
954 24 38 37 177 39 10 27 26 29 10 36 30
955 24 36 42 164 35 1 25 36 33 25 36 30
956 24 31 18 86 25 1 24 21 27 17 36 30
957 24 29 1 238 24 1 28 33 27 42 36 30
958 24 32 21 86 26 1 29 146 35 23 36 30
959 24 42 52 169 40 52 24 43 31 36 37 30
960 24 31 41 153 40 1 27 25 29 1 36 30
961 24 37 54 145 31 1 24 25 35 23 36 30
962 24 39 47 250 23 81 20 25 21 25 36 30
963 24 28 4 181 29 35 26 30 39 18 36 30
964 24 33 41 117 39 68 23 15 32 1 36 30
965 24 34 37 252 25 49 27 24 21 25 36 30
966 23 30 1 129 31 1 29 25 31 22 35 30
967 24 33 30 165 27 18 27 36 34 34 37 30
968 23 29 1 147 30 61 19 36 24 14 36 30
969 24 42 86 93 40 1 27 38 29 26 36 30
970 23 34 1 127 25 112 25 25 26 17 35 29
971 24 39 46 184 21 30 23 29 34 38 37 30
972 24 39 56 149 40 79 28 20 30 7 36 30
973 24 38 35 174 33 77 26 22 35 12 36 30
974 23 24 1 232 18 1 22 37 30 25 35 30
975 24 31 20 220 37 36 18 23 29 1 36 30
976 24 38 20 163 26 63 22 19 31 31 37 30
977 24 39 42 118 45 37 22 25 34 19 36 30
978 24 35 53 125 40 92 27 25 30 20 36 30
979 24 33 34 76 35 111 27 23 28 18 36 30
980 24 40 58 231 31 67 22 14 35 28 36 30
981 24 34 20 339 25 9 28 25 30 24 36 30
982 24 38 44 353 31 145 24 22 32 34 37 30
983 23 30 1 121 22 1 25 30 31 34 36 30
984 24 37 39 148 13 32 24 32 34 44 37 30
985 24 36 30 143 39 113 22 29 32 17 36 30
986 23 32 1 184 26 18 27 35 37 20 36 30
987 24 39 34 1049 27 13 23 33 28 30 36 30
988 24 30 20 106 25 1 26 35 31 42 36 30
989 23 29 1 280 5 1 24 38 26 37 36 30
990 24 31 20 119 26 42 29 34 38 16 36 30
991 24 30 8 133 32 27 30 20 39 13 36 30
992 24 33 19 308 22 75 27 19 24 15 36 30
993 24 37 47 94 45 58 25 20 37 13 36 30
994 23 32 1 109 25 1 19 25 27 3 36 29
995 24 35 22 68 25 45 24 21 28 26 36 30
996 24 32 24 124 30 59 26 25 25 21 36 30
997 23 24 1 117 19 12 25 25 28 28 36 30
998 24 28 1 288 26 44 24 10 27 30 36 30
999 24 32 19 96 28 17 27 21 36 13 36 30
1000 23 32 1 117 23 19 24 35 28 28 36 30
