1 23 31 1 71 1 1 24 40 29 15 35 29
2 23 31 1 128 1 31 24 29 30 4 35 29
3 23 37 49 97 27 15 37 29 31 36 36 29
4 23 37 42 323 48 25 24 26 17 22 35 29
5 23 34 35 114 25 2 26 39 27 23 35 29
6 23 32 21 468 41 47 24 37 32 14 35 29
7 23 36 68 188 47 15 21 11 21 16 35 29
8 23 37 11 367 1 3 24 23 29 29 36 29
9 23 37 58 249 48 46 26 31 29 10 35 29
10 23 34 53 257 15 33 28 20 32 23 35 29
11 23 37 12 112 23 40 28 25 31 37 36 29
12 23 24 1 109 29 1 18 34 29 30 35 29
13 23 22 1 444 37 56 19 44 19 20 35 29
14 23 38 50 144 55 30 21 30 30 8 35 29
15 23 32 48 203 11 54 25 17 30 12 36 29
16 23 39 64 144 1 1 25 34 28 25 35 29
17 23 50 98 449 34 35 27 28 32 44 36 29
18 23 35 42 111 67 54 25 26 27 18 35 29
19 23 41 88 188 40 1 31 22 28 33 36 29
20 23 39 59 210 68 38 28 36 28 27 35 29
21 23 40 44 198 17 50 24 34 22 18 35 29
22 23 33 41 106 33 37 27 22 33 27 35 29
23 23 32 39 59 21 59 27 30 28 7 35 29
24 23 44 66 116 87 100 27 46 34 30 36 29
25 23 34 49 267 8 18 25 23 35 22 35 29
26 23 28 1 310 68 70 20 22 25 12 35 29
27 23 38 42 202 77 65 21 31 28 20 35 29
28 23 40 48 158 14 1 26 20 28 31 36 29
29 23 28 13 59 37 33 22 21 30 6 35 29
30 22 25 1 112 19 51 18 36 26 10 35 29
31 23 32 54 82 11 45 24 25 25 20 35 30
32 23 34 31 115 34 35 26 45 27 17 35 29
33 23 28 10 480 30 31 21 35 27 30 35 29
34 23 27 1 98 51 93 28 32 26 7 35 29
35 24 42 62 144 24 18 25 1 32 27 36 30
36 23 30 1 120 8 13 27 30 35 21 35 29
37 23 32 5 109 16 29 26 30 25 5 35 29
38 23 32 1 176 29 74 26 19 26 14 35 29
39 23 43 66 67 28 28 24 34 28 34 36 29
40 23 35 48 332 52 1 24 35 24 16 35 29
41 23 25 1 105 10 1 23 42 26 21 35 29
42 33 34 8 512 14 35 38 31 34 35 49 42
43 23 35 56 151 42 1 20 23 25 12 35 29
44 23 41 58 454 62 42 24 18 30 41 36 29
45 23 30 15 150 33 63 27 27 33 1 35 29
46 23 39 37 56 51 57 24 34 33 31 36 29
47 23 38 36 325 16 43 28 14 40 17 35 29
48 23 21 1 60 33 27 26 25 33 18 35 29
49 23 28 1 177 23 22 26 26 30 17 35 29
50 23 36 56 123 23 9 26 30 25 33 36 29
51 23 29 23 196 18 28 20 23 30 27 35 29
52 23 36 29 275 27 52 24 32 41 27 35 29
53 23 40 24 136 45 25 25 1 30 27 35 29
54 23 21 1 113 1 1 22 25 36 9 35 29
55 22 27 1 106 42 62 23 25 27 7 35 29
56 23 34 12 131 16 34 19 28 29 30 36 29
57 23 42 59 112 16 7 21 30 27 30 36 29
58 23 34 40 102 37 8 23 38 29 16 35 29
59 23 32 29 142 8 1 28 27 29 26 35 29
60 23 34 33 187 62 49 45 45 34 22 35 29
61 23 34 34 88 58 44 25 10 31 37 36 29
62 23 19 1 157 15 10 21 35 20 6 35 29
63 23 27 1 91 16 31 31 30 32 35 35 29
64 23 37 44 158 49 52 28 24 29 3 35 29
65 22 29 1 82 16 20 22 30 31 12 35 29
66 23 23 1 156 16 33 27 29 26 20 35 29
67 23 42 43 117 37 28 20 24 39 48 36 29
68 23 33 66 271 49 22 25 28 26 21 35 29
69 23 29 18 119 25 62 20 23 31 16 35 29
70 23 32 18 179 60 64 24 36 35 18 35 29
71 23 39 331 90 95 76 53 33 25 18 35 29
72 23 25 1 198 14 28 24 26 27 11 35 29
73 23 42 62 75 29 4 26 1 35 36 36 29
74 23 39 57 144 66 7 27 35 30 23 35 29
75 23 26 46 87 34 58 23 26 30 9 35 29
76 23 36 16 65 46 29 26 27 34 33 36 29
77 23 30 30 102 30 1 28 34 32 26 35 29
78 23 29 1 67 11 21 28 28 30 29 35 29
79 23 42 64 111 46 21 23 34 24 9 35 29
80 23 29 1 88 52 29 27 29 23 15 35 29
81 23 33 53 88 40 75 26 26 31 16 35 29
82 23 44 84 235 29 41 21 27 28 25 35 29
83 23 37 32 68 7 15 29 34 27 40 36 30
84 22 19 1 307 12 1 22 27 31 15 35 29
85 23 39 74 176 31 1 27 36 29 30 36 29
86 23 29 28 145 17 15 24 36 31 18 35 29
87 23 44 98 93 39 5 25 27 32 27 35 29
88 23 36 38 192 42 52 25 36 33 20 35 29
89 23 37 44 165 48 48 29 36 40 24 35 29
90 23 37 37 205 19 39 23 28 29 35 36 29
91 23 38 60 117 46 42 27 27 23 28 36 29
92 23 30 1 151 1 31 23 34 27 24 35 29
93 23 41 58 91 58 2 21 32 27 28 35 29
94 23 32 14 108 37 1 25 27 32 29 35 29
95 23 46 94 303 28 1 18 33 27 30 36 29
96 23 39 32 68 56 52 18 23 31 19 36 30
97 23 32 53 79 48 1 20 49 24 16 35 29
98 23 28 1 193 1 30 29 36 29 7 35 29
99 23 42 87 130 69 105 22 16 25 22 35 29
100 23 28 6 132 19 63 27 23 28 21 35 29
101 23 33 57 134 33 40 25 18 29 17 35 29
102 23 36 14 105 33 1 23 37 32 31 36 29
103 23 30 1 230 35 23 25 30 28 27 35 29
104 23 33 36 139 26 77 26 48 29 15 35 29
105 22 21 1 106 13 15 25 26 27 15 35 29
106 23 37 37 94 35 35 23 45 25 28 36 29
107 23 27 23 64 24 64 25 29 30 20 35 29
108 23 39 52 231 46 50 27 21 34 22 35 29
109 23 39 22 109 64 2 30 33 29 28 35 29
110 23 34 28 125 26 50 24 27 34 8 35 29
111 23 36 30 117 39 17 26 38 33 36 36 30
112 23 33 45 84 27 59 21 28 25 21 35 29
113 23 12 1 171 26 10 18 27 27 14 35 29
114 23 36 33 132 19 36 27 22 27 22 35 29
115 23 34 4 222 51 19 22 23 24 21 35 29
116 23 27 1 112 23 35 28 47 24 18 35 29
117 23 37 51 130 4 1 20 35 25 21 35 29
118 23 48 102 112 43 28 33 33 25 27 35 29
119 23 28 1 124 1 35 21 30 33 19 35 29
120 23 32 26 58 37 62 24 26 23 6 35 29
121 23 31 15 300 19 4 30 33 21 31 36 30
122 23 38 26 107 31 1 24 37 32 29 35 29
123 23 24 1 344 8 17 24 34 31 24 35 29
124 23 30 29 382 58 69 28 27 33 1 35 29
125 23 28 1 126 52 7 21 25 26 7 35 29
126 23 38 46 65 47 37 21 24 28 25 35 29
127 23 39 43 159 34 18 22 30 34 22 35 29
128 23 49 105 105 24 1 19 35 24 28 35 29
129 23 31 40 51 18 22 22 34 32 10 35 29
130 23 31 17 168 17 32 25 36 32 16 36 30
131 24 35 47 155 58 29 23 29 34 15 36 30
132 23 36 36 91 36 1 25 32 29 31 36 29
133 23 28 1 170 15 31 28 37 27 30 36 29
134 23 35 25 391 1 1 22 28 32 36 36 29
135 23 32 21 67 38 26 22 31 28 29 35 29
136 23 40 64 246 38 43 25 28 23 19 35 29
137 23 36 48 102 22 28 24 20 32 22 35 29
138 23 32 42 77 62 44 57 33 31 11 35 29
139 23 46 113 116 33 58 23 301 29 24 35 29
140 23 34 15 83 36 50 26 1 29 25 35 29
141 23 35 39 232 53 61 26 32 29 19 35 29
142 23 35 36 88 7 25 22 29 24 17 35 29
143 23 34 27 72 31 20 25 26 35 7 35 29
144 22 34 1 111 20 33 24 42 24 3 35 29
145 22 27 1 99 15 29 27 28 28 9 35 29
146 23 33 35 103 38 62 25 27 31 25 35 29
147 23 35 43 158 32 3 20 39 34 10 35 29
148 23 37 52 99 30 53 26 20 31 24 35 29
149 23 28 1 137 1 20 24 42 31 28 35 29
150 23 42 28 162 20 49 21 48 26 27 35 29
151 23 35 15 111 4 10 24 31 28 35 36 29
152 23 86 81 109 56 28 29 34 17 33 36 29
153 23 33 46 47 19 1 25 23 22 21 35 29
154 23 33 50 193 57 67 24 22 29 9 35 29
155 22 30 1 145 1 2 20 25 24 10 35 29
156 23 31 10 161 28 1 26 34 28 31 36 29
157 23 27 1 244 22 42 21 35 30 22 35 29
158 23 36 68 137 22 46 22 29 23 15 35 29
159 23 38 33 514 45 1 22 26 25 35 36 29
160 23 36 68 95 20 39 30 26 38 21 35 29
161 23 39 58 92 29 13 22 16 30 29 35 29
162 23 39 74 107 62 16 27 28 30 24 35 29
163 23 23 18 347 6 26 27 45 31 15 35 29
164 22 29 1 166 38 69 23 12 28 20 34 29
165 23 32 41 180 51 9 22 31 30 25 35 29
166 23 33 22 159 15 14 25 24 25 28 35 29
167 23 31 17 89 21 45 26 26 31 22 35 29
168 23 31 6 81 19 1 25 35 25 19 35 29
169 23 35 54 179 45 34 21 23 32 18 35 29
170 23 33 48 78 10 1 24 25 30 19 35 29
171 23 44 103 76 6 1 24 23 29 28 35 29
172 22 23 1 77 1 1 24 26 24 20 34 29
173 23 41 47 76 10 26 26 27 28 16 35 29
174 23 38 36 159 62 67 26 33 38 24 35 29
175 23 35 43 103 47 64 25 18 32 19 35 29
176 23 34 43 98 10 1 27 24 25 21 35 29
177 23 29 23 136 19 20 24 29 28 30 35 29
178 23 32 41 166 9 1 27 27 28 31 36 29
179 22 35 1 69 50 32 28 24 25 13 34 29
180 23 40 61 128 44 28 25 25 29 17 35 29
181 23 40 60 205 36 3 24 23 32 17 35 29
182 23 35 55 99 39 1 27 30 30 33 35 29
183 22 24 1 75 20 29 26 18 30 6 34 28
184 22 31 1 65 39 23 26 33 35 18 35 29
185 23 37 49 157 40 53 24 26 34 21 35 29
186 23 35 49 191 64 46 24 32 29 34 36 29
187 23 36 41 111 41 1 23 24 27 36 36 29
188 23 36 38 97 51 81 21 32 36 20 35 29
189 23 43 66 74 51 18 26 34 30 30 35 29
190 23 37 62 152 40 67 24 22 29 12 35 29
191 22 25 1 347 14 20 22 34 27 2 34 29
192 23 32 29 68 41 45 18 33 29 15 35 29
193 22 48 1 108 28 49 23 1 41 7 34 28
194 22 22 1 87 59 32 20 26 30 14 35 29
195 22 27 1 221 59 38 23 20 26 14 34 29
196 23 36 56 136 41 13 24 30 32 11 35 29
197 23 27 1 122 1 1 23 27 26 4 35 29
198 23 30 18 162 24 1 24 34 33 24 35 29
199 23 30 1 256 9 1 24 22 26 27 35 29
200 22 25 1 124 1 35 26 24 30 15 34 29
201 22 27 1 222 45 21 18 41 30 27 35 29
202 23 28 32 298 13 11 23 32 30 19 35 29
203 23 48 113 145 44 2 27 37 26 33 36 29
204 23 32 11 370 26 43 25 16 32 32 35 29
205 23 30 1 183 52 87 22 21 37 24 35 29
206 23 30 53 173 46 67 23 23 30 8 35 29
207 23 34 48 112 17 25 24 23 23 31 35 29
208 23 33 23 100 40 56 23 1 34 22 35 29
209 23 33 62 129 1 9 31 33 24 18 35 29
210 22 27 1 112 13 31 20 29 21 12 34 28
211 23 38 45 167 36 12 27 32 29 26 35 29
212 23 24 1 63 38 58 27 25 39 10 35 29
213 23 47 119 119 32 4 24 24 23 25 35 29
214 22 28 1 132 36 15 23 24 25 17 34 28
215 23 41 63 138 29 22 22 23 32 16 35 29
216 23 22 1 136 39 72 23 31 19 19 35 29
217 23 36 1 145 51 87 27 32 36 33 35 29
218 23 35 27 156 46 53 28 24 38 19 35 29
219 23 32 33 80 29 10 21 32 27 26 35 29
220 23 39 51 121 24 4 24 31 32 39 35 29
221 23 32 28 56 29 48 25 36 25 11 35 29
222 23 32 17 149 10 33 22 41 28 27 35 29
223 23 34 49 82 27 71 31 35 36 19 35 29
224 23 33 34 87 38 69 24 28 30 20 35 29
225 23 35 41 102 17 58 21 20 25 6 35 29
226 23 35 50 68 9 24 24 36 26 33 36 29
227 23 44 72 301 30 53 21 24 29 34 35 29
228 22 23 1 71 16 35 24 43 24 12 34 29
229 23 37 31 228 51 4 24 42 26 22 35 29
230 22 18 1 310 31 56 21 1 25 6 35 28
231 23 35 26 134 53 78 22 29 28 20 35 29
232 22 24 1 157 20 14 25 28 26 12 34 29
233 23 36 61 258 31 15 22 32 29 17 35 29
234 23 34 36 114 18 11 26 24 33 16 35 29
235 22 25 1 86 17 7 26 30 28 10 34 29
236 23 33 22 173 22 47 25 26 22 18 35 29
237 23 37 39 263 17 1 29 33 30 29 35 29
238 23 39 68 160 37 44 23 33 27 17 35 29
239 23 39 38 92 15 6 25 30 28 22 35 29
240 22 31 1 79 49 16 24 30 29 11 35 29
241 23 28 1 145 9 42 23 23 29 26 35 29
242 23 38 47 109 18 18 22 26 31 27 35 29
243 23 36 48 66 46 107 27 25 33 16 35 29
244 23 35 43 86 14 1 22 31 28 23 35 29
245 23 39 54 89 39 1 21 30 27 29 35 29
246 22 24 1 154 16 51 21 23 29 16 34 28
247 23 32 1 120 8 1 26 32 37 22 35 29
248 23 31 29 110 53 4 22 26 25 20 35 29
249 23 43 57 159 35 27 26 36 27 23 35 29
250 23 31 1 140 27 24 23 23 32 28 35 29
251 23 49 115 103 22 42 26 12 36 33 36 29
252 23 42 73 77 10 32 21 26 28 33 36 29
253 23 35 23 266 45 33 318 14 31 30 35 29
254 23 37 1 89 35 46 17 30 32 25 35 29
255 23 31 31 169 17 32 30 29 29 22 35 29
256 23 34 49 163 53 58 39 33 27 20 35 29
257 23 39 66 69 68 51 25 32 34 28 35 29
258 23 27 25 101 28 24 24 36 24 25 35 29
259 23 32 29 170 34 48 23 23 33 7 35 29
260 22 26 1 271 1 30 23 29 23 11 34 29
261 23 30 38 167 16 31 31 30 22 23 35 29
262 23 27 8 230 1 3 23 34 27 30 35 29
263 22 26 1 176 50 61 25 27 28 17 35 29
264 23 37 48 210 13 36 21 37 33 30 36 29
265 22 26 1 152 21 44 24 23 28 4 35 29
266 23 32 31 182 1 14 23 16 25 12 35 29
267 23 34 45 112 25 36 22 38 32 7 35 29
268 23 33 23 74 8 9 24 29 29 35 36 29
269 23 30 19 93 1 1 28 36 26 38 35 29
270 23 40 43 66 29 31 28 19 34 32 36 29
271 23 31 5 134 22 22 27 27 28 34 36 29
272 23 42 50 218 27 13 23 26 29 11 35 29
273 23 27 1 48 29 53 20 27 31 6 35 29
274 23 37 40 57 49 58 29 24 31 15 35 29
275 23 37 46 252 22 62 24 33 29 7 35 29
276 23 33 66 86 25 33 23 26 37 18 35 29
277 23 30 20 140 21 14 25 22 28 14 35 29
278 23 37 41 146 28 27 28 31 34 32 35 29
279 23 42 62 59 26 46 28 23 26 32 36 29
280 22 27 1 216 7 11 22 31 26 22 34 29
281 23 30 19 163 6 21 26 22 28 9 35 29
282 22 27 1 83 52 76 32 1 33 14 35 29
283 23 34 29 138 6 12 22 23 26 29 35 29
284 23 33 57 227 23 42 27 23 30 9 35 29
285 22 29 1 143 27 48 21 29 28 10 34 29
286 23 36 50 59 60 96 22 24 31 11 35 29
287 23 33 23 71 33 1 28 33 32 37 35 29
288 23 35 38 129 26 56 25 25 32 3 35 29
289 22 29 1 146 32 30 24 30 23 10 35 29
290 23 37 36 132 7 26 25 31 34 38 36 29
291 22 27 1 271 31 8 24 34 29 26 35 29
292 23 31 1 273 17 38 21 35 28 31 35 29
293 22 32 1 165 55 21 31 33 32 23 34 29
294 23 48 92 62 66 38 31 3 39 24 35 29
295 22 27 1 130 38 23 19 25 31 19 34 29
296 23 32 39 131 34 63 27 23 23 10 35 29
297 23 38 30 399 24 29 27 21 36 19 35 29
298 23 30 28 197 35 47 24 38 22 25 35 29
299 23 28 4 93 28 62 28 26 29 6 35 29
300 23 42 66 103 22 1 25 34 28 33 36 29
301 22 17 1 94 10 24 22 24 30 6 35 29
302 23 36 38 104 34 15 24 35 29 17 35 29
303 23 34 51 159 42 63 24 25 28 9 35 29
304 22 17 1 85 33 43 27 20 31 19 34 29
305 23 32 58 114 50 75 23 22 33 1 35 29
306 23 34 33 67 49 35 24 25 31 29 35 29
307 23 37 42 131 21 1 19 33 24 26 35 29
308 22 21 1 157 1 21 26 28 37 10 35 29
309 23 30 31 67 20 18 21 32 28 19 35 29
310 22 27 1 123 58 49 24 35 32 8 35 29
311 23 32 36 100 43 13 25 25 27 32 36 29
312 23 36 48 118 36 23 24 36 26 7 35 29
313 23 30 26 63 1 28 23 25 29 1 35 29
314 23 44 62 104 38 33 27 22 32 20 35 29
315 23 36 39 198 54 59 23 34 35 18 35 29
316 22 18 1 85 1 1 26 26 30 12 34 29
317 23 37 46 116 30 24 22 22 29 26 35 29
318 22 28 1 173 13 21 25 25 30 27 35 29
319 23 34 39 92 61 92 25 18 27 24 35 29
320 23 37 52 215 34 47 25 25 28 13 35 29
321 22 26 1 181 44 18 25 26 21 8 35 29
322 23 34 60 56 43 62 21 21 30 6 35 29
323 23 30 32 124 1 18 26 29 31 22 35 29
324 22 27 1 140 1 4 23 43 27 16 34 28
325 23 32 6 85 42 29 27 32 30 29 35 29
326 23 33 71 223 19 61 25 21 21 4 35 29
327 23 36 13 83 36 42 26 24 33 31 35 29
328 23 31 41 124 55 30 24 28 29 1 35 29
329 23 44 62 147 43 63 29 30 36 39 36 29
330 23 42 65 88 43 19 26 41 28 31 36 29
331 23 32 34 73 21 13 27 23 42 26 35 29
332 23 31 36 75 46 67 23 27 29 1 35 29
333 23 42 69 75 35 21 24 32 29 28 35 29
334 23 33 40 70 52 72 21 25 26 3 35 29
335 23 37 32 144 37 42 26 26 26 43 36 29
336 23 32 1 118 48 70 23 25 30 23 35 29
337 23 29 26 375 6 1 26 23 22 13 35 29
338 23 37 59 151 34 32 26 29 32 11 35 29
339 22 27 1 95 38 1 20 21 31 24 34 29
340 23 42 83 110 17 39 20 28 32 27 35 29
341 23 29 13 102 15 11 25 20 30 14 35 29
342 23 32 36 96 30 48 25 17 27 14 35 29
343 23 35 29 59 46 59 25 28 30 26 35 29
344 23 49 116 123 49 89 22 29 28 17 35 29
345 23 30 1 139 46 1 27 1 35 17 35 29
346 23 37 39 219 16 1 21 24 24 15 35 29
347 23 41 64 104 17 49 25 29 32 34 36 29
348 23 35 29 123 17 1 20 36 26 42 35 29
349 23 24 1 120 42 39 16 1 37 2 34 29
350 23 36 14 133 24 47 27 31 34 26 35 29
351 23 36 86 63 21 6 19 18 26 7 35 29
352 23 40 62 131 10 22 24 35 25 25 35 29
353 22 27 1 91 1 2 21 40 35 18 34 29
354 23 37 51 98 15 32 25 30 31 37 36 29
355 23 32 18 125 8 23 23 24 33 18 35 29
356 23 44 52 280 15 19 24 33 30 36 36 29
357 23 37 32 64 10 19 26 34 31 37 36 29
358 23 46 60 290 40 1 23 30 32 36 36 29
359 22 27 1 244 28 36 27 33 30 31 35 29
360 23 40 68 78 55 56 20 25 31 10 35 29
361 23 37 15 92 16 27 25 19 29 35 36 29
362 23 37 25 340 41 25 25 33 28 32 35 29
363 23 32 30 109 37 28 23 33 29 45 36 29
364 23 43 91 147 6 31 25 33 23 30 35 29
365 23 36 22 72 19 1 28 40 26 39 36 29
366 22 25 1 143 40 39 22 25 27 9 35 29
367 22 31 1 181 38 16 22 26 31 11 35 29
368 23 36 55 86 38 4 21 19 28 16 35 29
369 23 37 41 153 51 68 25 36 29 20 35 29
370 23 32 16 130 28 64 20 25 25 18 35 29
371 23 30 8 100 22 20 25 32 33 24 35 29
372 22 19 1 124 26 52 28 1 30 7 34 28
373 23 42 35 179 47 57 24 34 32 41 35 29
374 23 35 44 246 20 15 24 36 32 26 35 29
375 23 37 62 81 26 33 24 27 26 1 35 29
376 23 30 26 59 37 23 25 25 27 5 35 29
377 22 29 1 206 1 26 21 19 25 1 34 29
378 23 34 18 79 30 34 23 31 27 33 35 29
379 23 37 50 145 32 48 19 21 24 6 35 29
380 23 38 66 192 19 37 25 29 33 32 36 29
381 23 32 1 131 48 25 20 8 28 32 35 29
382 22 26 1 61 5 21 24 25 28 19 34 29
383 22 26 1 72 8 34 24 21 26 11 34 28
384 23 30 22 106 37 211 44 36 29 22 35 29
385 23 54 115 141 49 57 25 24 27 32 36 29
386 23 28 1 272 62 45 22 21 28 1 35 29
387 23 33 58 62 26 27 22 27 25 3 35 29
388 23 26 1 121 18 37 23 26 27 12 35 29
389 23 43 56 143 66 34 23 1 30 15 35 29
390 23 36 12 185 1 4 30 28 36 25 35 29
391 23 36 65 62 33 1 25 36 25 2 35 29
392 23 33 9 58 12 1 24 28 27 27 35 29
393 23 30 24 81 61 38 30 33 31 8 35 29
394 23 32 30 312 41 27 23 24 24 21 35 29
395 23 35 48 95 26 39 21 17 20 2 35 29
396 23 35 55 67 20 28 27 39 33 27 35 29
397 23 35 60 145 64 55 21 29 24 15 35 29
398 23 36 47 94 22 42 26 46 30 44 36 29
399 23 27 1 94 34 1 24 49 30 25 35 29
400 23 39 46 84 18 2 24 23 31 38 36 29
401 22 16 1 74 26 17 23 37 24 17 34 28
402 23 39 72 69 22 7 22 35 26 24 35 29
403 23 31 1 161 47 24 23 25 31 21 35 29
404 23 28 1 106 24 13 19 29 30 3 35 29
405 23 31 25 373 52 28 20 27 23 4 35 29
406 23 29 21 103 41 15 25 31 31 12 35 29
407 22 26 1 418 34 39 18 18 25 13 34 29
408 22 24 1 106 57 71 21 33 29 13 34 28
409 23 34 44 87 30 67 18 28 26 13 35 29
410 23 41 61 97 18 31 27 33 30 28 35 29
411 23 29 18 118 27 42 18 32 31 5 35 29
412 23 36 34 154 7 9 29 35 32 40 36 29
413 23 35 36 86 13 34 26 23 28 1 35 29
414 22 25 1 90 32 19 25 23 28 7 34 29
415 22 24 1 83 39 40 27 46 32 21 34 29
416 23 42 35 182 18 3 28 1 39 28 35 29
417 23 48 74 61 37 14 22 31 33 43 36 29
418 23 38 62 85 58 80 32 28 31 2 35 29
419 22 29 1 140 31 49 22 21 31 11 34 28
420 23 33 21 67 19 7 26 38 35 20 35 29
421 23 35 24 112 41 65 27 29 29 22 35 29
422 23 30 20 95 15 18 23 22 27 16 35 29
423 23 38 44 148 46 16 24 34 28 40 35 29
424 22 27 1 148 29 42 20 20 25 6 34 29
425 23 29 33 140 12 48 23 27 24 1 35 29
426 23 37 39 109 36 34 29 28 34 28 35 29
427 23 39 56 92 31 65 29 19 24 13 35 29
428 23 35 40 72 29 16 22 39 19 17 35 29
429 23 30 27 183 19 24 24 32 28 29 35 29
430 23 33 43 69 11 44 19 31 29 9 35 29
431 23 31 21 155 53 22 24 1 29 8 35 29
432 23 38 52 117 66 38 26 23 29 17 35 29
433 23 34 6 138 21 23 25 32 29 39 36 29
434 23 32 52 372 28 1 24 22 26 8 35 29
435 23 38 52 289 24 17 25 23 31 4 35 29
436 23 44 79 110 30 1 27 28 30 27 35 29
437 23 38 44 173 77 57 22 29 26 11 35 29
438 23 33 29 233 21 20 30 24 30 39 36 29
439 23 33 5 70 28 31 25 23 27 40 36 29
440 23 39 37 67 25 32 24 32 38 41 36 29
441 23 29 3 119 63 78 23 30 25 13 35 29
442 23 37 44 141 38 40 25 44 27 20 35 29
443 23 31 18 134 46 50 24 37 25 20 35 29
444 23 36 60 279 19 11 21 27 23 35 36 29
445 23 40 73 123 18 8 27 19 27 6 35 29
446 23 32 39 103 25 11 21 19 27 18 35 29
447 23 35 43 92 23 50 26 20 25 21 35 29
448 22 30 1 151 48 21 24 24 26 19 34 28
449 23 37 30 347 13 23 27 33 33 32 35 29
450 23 38 83 117 37 49 23 24 22 6 35 29
451 23 35 55 142 64 62 31 29 34 9 35 29
452 23 44 61 115 47 35 22 27 29 22 35 29
453 23 31 50 61 11 22 22 20 23 10 35 29
454 23 37 46 112 62 1 24 24 29 24 35 29
455 23 32 16 279 44 1 24 38 38 31 35 29
456 23 36 60 81 21 39 24 26 25 19 35 29
457 23 31 34 121 62 24 31 21 32 21 35 29
458 23 42 84 114 43 49 23 29 27 36 36 29
459 22 30 1 343 28 34 24 41 40 36 35 29
460 23 30 24 105 9 27 25 23 29 17 35 29
461 22 21 1 394 30 61 18 22 23 9 34 28
462 23 32 53 236 20 61 26 40 27 22 35 29
463 23 36 35 64 42 25 23 25 33 19 35 29
464 23 34 28 111 35 48 24 28 24 41 36 29
465 23 24 1 90 9 9 22 18 30 20 35 29
466 23 37 13 164 22 1 24 28 20 27 35 29
467 23 47 113 190 46 20 20 24 32 18 35 29
468 23 34 41 60 7 29 21 17 28 18 35 29
469 22 17 1 60 1 16 21 31 28 13 34 28
470 23 30 25 82 43 5 21 28 36 19 35 29
471 23 29 7 98 30 46 24 24 29 20 35 29
472 23 40 37 93 64 50 31 51 28 33 36 29
473 23 33 22 148 27 8 28 34 32 38 35 29
474 23 36 43 232 21 37 26 30 31 21 35 29
475 23 35 60 108 39 47 22 27 32 20 35 29
476 23 39 66 109 56 1 23 39 28 31 35 29
477 22 25 1 317 23 21 25 16 30 15 34 29
478 23 35 36 67 19 6 21 28 29 21 35 29
479 23 33 25 125 29 10 21 31 24 21 35 29
480 23 36 42 203 5 9 23 27 29 21 35 29
481 23 34 24 144 40 60 28 29 34 26 35 29
482 23 46 62 114 33 54 26 33 28 29 35 29
483 22 31 1 177 53 29 17 30 26 18 34 29
484 23 41 42 94 20 16 24 1 33 36 36 29
485 23 33 53 133 24 43 25 32 32 14 35 29
486 23 34 58 139 43 51 24 35 29 18 35 29
487 22 25 1 77 24 27 19 1 38 5 34 28
488 23 29 19 145 12 31 27 21 28 22 35 29
489 23 34 37 196 9 19 27 23 39 20 35 29
490 23 37 46 128 42 10 23 30 34 12 35 29
491 22 19 1 136 1 1 20 26 28 10 34 28
492 23 24 25 110 1 30 22 24 38 16 35 29
493 23 27 15 101 9 39 23 24 32 12 35 29
494 22 29 6 455 1 24 21 23 24 5 35 29
495 23 28 5 305 55 95 23 30 35 20 35 29
496 23 34 10 103 41 76 25 25 32 29 35 29
497 22 30 1 173 39 1 25 31 32 38 35 29
498 23 32 28 225 58 66 23 28 25 6 35 29
499 23 28 6 510 1 1 22 1 26 12 35 29
500 23 35 48 51 11 44 25 27 27 25 35 29
501 23 40 48 112 27 32 20 30 25 27 35 29
502 23 35 24 136 12 20 35 26 36 17 35 29
503 22 23 1 86 68 67 24 26 25 9 34 28
504 22 20 1 173 29 31 27 46 22 8 35 28
505 23 32 26 118 59 41 25 26 33 14 35 29
506 23 39 45 67 37 1 23 24 21 1 35 29
507 23 43 57 235 50 30 20 26 20 25 35 29
508 23 29 33 92 11 20 23 23 19 2 35 29
509 23 36 36 161 11 40 27 31 34 40 35 29
510 23 30 44 71 23 73 25 20 32 17 35 29
511 23 51 96 72 57 36 23 36 30 36 35 29
512 23 35 43 116 31 29 24 17 26 13 35 29
513 22 29 1 78 29 62 26 31 29 26 35 29
514 23 30 18 143 1 5 22 31 31 29 35 29
515 22 29 1 111 4 1 21 29 30 13 34 29
516 23 34 53 86 27 80 22 25 31 5 35 29
517 23 36 43 117 1 20 23 29 24 30 35 29
518 23 33 7 128 34 1 25 35 34 32 35 29
519 23 36 3 182 37 30 23 36 27 32 35 29
520 23 33 33 138 13 11 27 35 26 33 36 29
521 23 27 37 275 43 1 21 1 18 21 35 29
522 23 36 69 78 9 1 25 17 30 19 36 30
523 23 29 24 108 49 42 26 36 28 1 35 29
524 23 35 31 180 6 1 23 39 30 41 35 29
525 23 38 41 287 21 14 22 38 30 31 35 29
526 23 33 29 129 38 62 26 21 29 11 35 29
527 23 33 50 94 9 36 27 31 31 7 35 29
528 23 37 15 133 65 22 27 29 48 25 35 29
529 23 36 44 60 41 46 23 19 26 1 35 29
530 22 20 1 119 23 48 27 12 35 12 34 28
531 23 38 54 118 41 14 29 31 32 29 35 29
532 23 32 17 210 13 1 23 41 29 33 35 29
533 22 25 1 97 44 33 24 30 22 20 34 29
534 22 19 1 240 12 17 24 22 27 18 34 28
535 22 25 1 157 24 12 29 30 29 12 34 29
536 23 51 113 108 127 45 25 27 30 36 36 29
537 22 17 1 87 1 20 24 25 29 20 34 29
538 23 37 1 117 56 32 26 16 25 35 35 29
539 23 29 54 112 1 13 25 22 33 10 35 29
540 23 28 19 51 10 63 26 28 27 14 35 29
541 23 27 31 61 36 1 24 37 22 23 35 29
542 23 29 2 146 4 1 22 33 32 34 35 29
543 23 36 32 68 47 1 22 39 27 39 36 29
544 23 41 85 174 45 51 27 23 37 19 35 29
545 23 40 40 71 53 3 25 35 34 40 35 29
546 22 34 1 388 63 13 22 13 28 33 35 29
547 22 31 1 279 7 33 19 25 21 8 35 29
548 23 28 39 114 9 36 23 29 36 15 35 29
549 23 36 32 231 14 45 32 42 30 32 36 29
550 23 34 30 510 20 17 22 31 33 29 35 29
551 23 35 24 228 35 49 25 20 26 22 35 29
552 22 34 1 152 32 15 24 36 31 23 34 29
553 22 29 1 128 21 39 27 23 30 29 35 29
554 23 36 11 143 26 1 20 16 24 22 35 29
555 22 27 1 134 28 36 22 22 33 17 35 29
556 22 26 1 159 22 87 21 26 29 19 34 29
557 23 34 31 122 33 28 20 21 25 8 35 29
558 22 25 1 213 25 1 24 30 31 8 34 29
559 23 34 24 109 25 1 29 40 31 35 35 29
560 22 31 1 114 23 15 23 31 31 35 35 29
561 23 36 44 828 34 74 21 21 17 13 35 29
562 22 23 1 125 19 23 23 30 20 26 34 29
563 22 23 1 151 15 73 22 14 37 30 35 29
564 23 37 70 184 33 12 25 33 24 20 35 29
565 23 29 1 70 39 1 27 25 28 7 35 29
566 23 40 34 345 30 56 22 17 29 16 35 29
567 23 32 32 109 25 60 27 21 30 13 35 29
568 23 37 32 204 30 16 23 32 32 31 35 29
569 22 33 1 572 23 79 18 35 27 15 35 28
570 23 32 29 123 35 1 25 32 27 16 35 29
571 23 33 16 129 29 13 23 21 30 30 35 29
572 23 38 59 96 44 1 23 20 28 24 35 29
573 23 36 51 129 42 47 26 24 28 11 35 29
574 23 29 31 191 39 9 25 19 28 7 35 29
575 23 28 1 118 38 77 31 34 30 24 35 29
576 23 40 70 56 29 2 20 33 26 36 36 29
577 22 21 1 115 23 1 25 25 25 6 34 29
578 23 30 9 153 29 22 26 34 35 18 35 29
579 22 33 1 157 21 30 21 22 22 23 34 29
580 23 36 39 145 34 54 21 17 32 16 35 29
581 23 26 15 120 25 1 22 22 20 14 35 29
582 23 41 46 158 26 40 29 34 31 34 36 29
583 23 36 39 80 43 55 24 35 25 21 35 29
584 23 44 62 61 43 45 21 26 27 17 35 29
585 22 26 1 234 1 1 22 27 36 24 34 29
586 22 25 1 95 29 3 22 6 29 17 34 29
587 22 29 1 64 49 79 22 31 36 12 34 28
588 22 23 1 88 6 31 25 32 31 10 35 29
589 23 35 29 118 35 100 29 6 38 17 35 29
590 23 32 44 52 26 89 25 32 26 4 35 29
591 23 31 31 213 30 1 22 37 27 24 35 29
592 23 37 64 204 21 55 27 22 26 22 35 29
593 23 39 41 61 43 11 24 32 33 31 35 29
594 23 37 91 257 30 48 22 33 32 15 35 29
595 22 24 1 101 34 1 21 24 26 18 34 29
596 22 26 1 222 62 46 19 37 51 13 34 29
597 23 34 7 227 23 29 22 35 32 14 35 29
598 23 39 60 102 17 1 27 26 30 18 35 29
599 23 42 53 95 37 39 25 30 28 20 35 29
600 23 44 103 220 37 24 23 30 27 28 35 29
601 23 38 33 337 33 62 27 34 28 27 35 29
602 23 31 27 138 9 1 23 49 34 28 35 29
603 23 38 48 206 53 35 26 27 22 21 35 29
604 23 29 17 148 8 44 21 19 30 10 35 29
605 22 24 1 98 2 1 192 176 34 9 35 29
606 23 34 51 192 29 66 24 28 34 6 35 29
607 23 48 51 125 79 57 28 29 27 28 35 29
608 23 37 51 119 41 27 26 21 34 22 35 29
609 23 38 80 84 31 19 21 19 19 22 35 29
610 23 39 86 71 36 1 27 27 37 23 35 29
611 23 32 5 111 49 14 21 40 27 14 35 29
612 22 26 1 227 27 49 24 24 29 24 34 29
613 23 43 117 81 31 8 24 33 26 20 35 29
614 22 27 1 76 11 3 25 36 33 31 35 29
615 22 28 1 122 18 39 25 42 25 20 34 29
616 23 32 42 138 32 51 35 29 41 30 35 29
617 23 39 65 98 26 62 32 27 34 17 35 29
618 23 34 29 140 27 35 22 44 24 23 35 29
619 23 29 27 136 18 3 28 24 20 18 35 29
620 23 34 41 154 25 11 20 30 36 13 35 29
621 22 25 1 133 1 10 21 28 31 15 35 29
622 22 20 1 86 18 26 24 25 30 10 34 28
623 23 34 20 196 42 20 29 39 27 24 35 29
624 23 34 1 113 9 25 29 24 36 23 35 29
625 23 23 88 182 34 59 23 23 31 9 35 29
626 23 41 97 123 72 81 26 31 23 16 35 29
627 23 36 40 74 19 16 24 35 31 26 35 29
628 23 34 1 107 39 1 22 29 30 16 34 29
629 22 27 1 63 6 40 22 24 30 13 34 29
630 23 31 51 151 16 17 23 29 25 12 35 29
631 23 29 39 122 23 29 21 25 27 25 35 29
632 23 38 15 109 71 63 20 34 32 30 35 29
633 22 27 1 662 17 46 29 36 23 25 35 29
634 23 33 32 564 15 14 23 34 24 31 36 29
635 23 37 69 91 19 34 18 30 21 18 35 29
636 22 28 1 280 31 1 24 40 32 33 35 29
637 23 41 49 134 51 10 25 37 26 27 35 29
638 23 31 13 82 17 17 23 35 26 30 35 29
639 22 26 1 92 5 28 25 19 27 21 34 29
640 23 30 34 67 40 49 22 29 34 16 35 29
641 22 28 1 155 54 15 25 30 34 20 34 29
642 22 36 1 69 40 4 21 23 33 25 35 29
643 23 42 6 144 9 15 28 24 33 25 35 29
644 23 38 88 88 34 49 22 28 34 16 35 29
645 22 32 1 73 18 19 23 1 24 20 34 28
646 22 33 1 154 44 47 26 24 31 14 35 29
647 23 39 38 145 64 13 22 32 31 31 35 29
648 23 40 67 68 47 12 24 47 25 17 35 29
649 23 35 80 252 27 21 20 23 30 8 35 29
650 23 36 23 221 50 1 23 34 44 27 35 29
651 22 30 1 137 24 1 23 30 23 24 34 28
652 22 33 1 154 33 20 24 36 33 30 35 29
653 23 34 48 92 35 35 25 27 28 8 35 29
654 23 34 59 323 27 59 25 7 33 14 35 29
655 22 25 1 94 3 5 22 30 23 16 34 29
656 22 33 1 268 27 29 26 34 35 21 34 29
657 23 31 3 171 51 1 23 29 32 27 35 29
658 22 34 1 68 29 68 27 35 30 25 35 29
659 23 23 6 148 1 1 19 1 25 11 35 29
660 23 33 104 145 28 51 24 30 25 7 35 29
661 23 37 38 138 28 21 24 26 34 15 35 29
662 23 45 198 143 32 24 27 35 30 25 35 29
663 22 33 1 129 34 68 24 21 27 22 35 29
664 23 36 122 144 30 19 26 33 30 25 35 29
665 22 38 1 143 29 22 26 32 34 27 35 29
666 23 29 27 155 17 8 29 31 25 3 35 29
667 22 24 1 280 20 30 25 33 34 5 34 29
668 22 29 1 75 20 51 23 11 33 24 34 29
669 23 32 15 202 21 14 24 25 28 19 35 29
670 22 22 1 140 61 12 23 1 38 20 35 29
671 23 36 32 74 22 20 25 29 34 15 35 29
672 23 44 71 108 57 81 29 28 32 31 36 29
673 22 35 15 247 10 42 23 19 32 13 35 29
674 22 16 1 112 38 1 23 31 34 13 35 29
675 22 31 1 95 42 40 26 34 32 26 35 29
676 23 35 90 107 34 25 22 29 21 25 35 29
677 23 36 82 172 43 44 22 26 27 25 35 29
678 22 34 1 179 32 1 24 28 29 30 35 29
679 22 28 1 76 46 31 23 29 32 18 34 29
680 22 29 1 422 13 13 28 31 28 10 34 28
681 22 37 1 77 22 2 24 27 23 31 35 28
682 22 33 1 62 13 7 25 33 25 23 35 29
683 22 34 1 132 17 30 26 23 26 11 35 29
684 23 46 142 180 20 45 20 20 27 26 35 29
685 23 39 39 128 42 16 26 31 24 23 35 29
686 22 45 1 54 18 12 26 44 32 38 35 29
687 23 34 75 195 29 51 22 30 28 17 35 29
688 22 30 1 88 45 38 23 33 27 20 35 28
689 22 31 1 113 13 12 22 28 29 30 35 29
690 22 27 1 125 45 46 21 29 32 24 34 29
691 23 30 33 129 27 38 22 34 25 9 35 29
692 23 32 44 139 33 16 21 25 31 6 35 29
693 23 34 15 157 28 23 29 21 38 18 35 29
694 23 30 25 334 1 1 26 23 29 21 35 29
695 23 36 36 199 20 1 21 33 30 34 35 29
696 23 30 25 93 33 1 25 20 27 7 35 29
697 23 43 76 146 31 42 28 38 31 34 36 29
698 22 22 1 415 6 1 21 31 25 10 34 28
699 23 26 39 203 4 41 23 25 28 19 35 29
700 23 30 57 69 37 30 24 50 30 15 35 29
701 22 35 1 226 14 1 19 23 24 28 34 28
702 22 26 1 168 21 16 24 22 32 15 34 29
703 22 28 1 117 19 23 20 21 33 20 34 29
704 23 33 96 108 37 76 21 1 32 23 35 29
705 23 26 15 221 15 13 24 19 27 10 35 29
706 23 39 46 178 26 28 21 29 28 20 35 29
707 23 29 36 60 28 75 25 27 35 6 35 29
708 22 29 1 68 1 20 20 25 26 29 35 28
709 23 36 78 328 40 50 23 31 25 14 35 29
710 23 38 66 225 3 29 22 26 22 20 35 28
711 23 42 110 266 27 22 22 28 35 35 36 29
712 23 31 47 565 18 36 21 31 28 1 35 29
713 23 34 32 156 11 13 24 25 33 19 35 29
714 22 26 1 59 30 71 19 25 30 7 34 29
715 22 33 1 105 1 1 23 31 25 28 35 28
716 22 31 1 370 51 38 23 36 26 30 35 29
717 23 40 11 150 43 14 26 28 37 27 35 29
718 23 33 83 92 1 17 23 24 24 14 35 29
719 23 31 1 98 36 37 27 40 29 39 35 29
720 23 33 24 103 39 43 28 31 25 11 35 29
721 23 42 42 475 22 32 23 21 21 30 35 29
722 22 32 1 369 32 47 22 25 33 31 35 29
723 23 29 14 238 3 29 22 16 28 18 35 29
724 23 33 56 190 42 41 22 29 28 8 35 29
725 23 32 67 61 41 50 20 24 31 18 35 29
726 23 44 66 260 28 1 25 26 35 26 35 29
727 22 32 1 62 25 34 26 29 32 20 34 29
728 23 40 85 196 56 54 21 32 25 35 36 29
729 22 25 1 186 17 30 21 25 31 22 34 29
730 23 35 24 175 1 12 30 28 30 30 35 29
731 23 30 31 84 14 21 24 20 22 15 35 29
732 23 24 1 218 11 23 22 22 28 4 35 29
733 23 37 1 175 29 1 24 34 25 33 35 29
734 23 40 102 64 29 19 23 31 26 28 35 29
735 23 30 7 66 26 3 26 28 29 18 35 29
736 23 40 62 107 46 44 25 29 28 14 35 29
737 23 40 64 297 40 48 21 1 34 9 35 29
738 22 28 1 106 1 142 22 31 26 32 35 29
739 22 29 1 103 4 31 29 36 29 19 34 29
740 22 31 1 122 15 1 23 22 25 9 35 28
741 23 37 13 97 14 26 28 31 32 38 36 29
742 22 29 1 197 1 24 21 25 23 15 34 29
743 22 34 1 93 56 1 23 25 31 29 35 29
744 22 32 1 131 32 25 26 26 36 16 35 28
745 23 31 17 184 23 60 23 30 29 11 35 29
746 22 21 1 63 10 33 25 5 34 14 34 29
747 23 32 72 58 18 2 23 29 23 11 35 29
748 22 36 1 169 11 37 23 29 34 36 35 29
749 22 29 1 63 32 55 25 23 23 9 35 29
750 23 34 88 134 10 29 27 22 26 5 35 29
751 22 30 1 220 9 24 20 20 31 9 34 28
752 23 42 32 185 22 58 24 36 25 30 35 29
753 22 28 1 139 43 1 23 35 27 22 34 29
754 23 41 48 110 65 23 30 27 29 26 35 29
755 23 26 31 216 1 12 24 24 27 17 35 29
756 23 37 45 130 46 74 26 27 21 28 35 29
757 22 28 1 140 1 34 22 43 27 24 34 29
758 22 29 1 157 25 17 26 34 28 36 35 29
759 23 39 61 127 46 43 23 18 29 6 35 29
760 23 35 127 87 39 15 21 34 32 8 35 29
761 23 35 90 211 54 2 26 22 27 20 35 29
762 22 20 1 95 1 1 28 47 29 24 34 28
763 23 29 35 151 29 53 22 25 22 2 35 29
764 23 37 63 165 37 40 23 24 27 10 35 29
765 22 19 1 163 42 62 15 16 24 1 35 28
766 23 39 89 64 35 23 25 33 32 27 35 29
767 23 38 51 108 32 28 26 39 28 13 35 29
768 23 36 35 127 40 1 28 40 28 34 35 29
769 23 26 1 302 3 1 22 21 37 19 35 29
770 22 27 1 143 29 28 26 28 30 12 34 29
771 23 40 56 87 40 9 21 23 24 34 36 29
772 23 33 63 125 16 9 28 21 31 13 35 29
773 23 31 26 114 11 18 26 28 26 23 35 29
774 23 35 40 127 25 51 22 27 30 32 36 29
775 23 36 78 215 21 24 25 49 31 16 35 29
776 22 28 1 108 44 7 22 45 30 13 34 29
777 23 41 597 136 145 20 17 22 27 10 35 29
778 22 23 1 329 21 28 22 25 22 9 34 28
779 22 30 1 192 34 5 22 41 31 17 35 29
780 23 38 28 110 29 1 23 32 29 36 36 30
781 23 40 48 122 27 35 30 28 33 34 35 29
782 23 38 62 168 51 15 26 31 32 35 36 29
783 23 40 42 292 11 1 28 26 29 31 36 29
784 23 32 35 182 15 29 27 29 29 13 35 29
785 23 32 49 241 38 67 19 3 30 18 35 29
786 22 26 1 103 8 33 24 29 36 13 35 29
787 23 34 35 107 38 87 27 22 30 1 35 29
788 23 42 55 158 54 41 24 30 26 28 35 29
789 23 31 33 93 10 17 21 28 29 16 35 29
790 22 23 1 107 19 27 25 1 28 3 34 29
791 23 44 36 132 27 7 26 26 33 26 35 29
792 23 28 58 69 3 24 23 25 28 16 35 29
793 23 39 82 173 12 1 26 27 33 22 35 29
794 23 42 70 144 34 15 26 26 28 26 35 29
795 23 32 52 163 48 60 25 32 29 22 35 29
796 23 37 33 203 33 1 26 31 30 39 36 29
797 23 42 44 167 21 13 30 32 29 41 36 29
798 23 32 41 164 53 24 20 25 29 12 35 29
799 23 35 20 101 17 39 25 32 31 20 35 29
800 23 43 34 147 44 8 27 20 37 43 36 29
801 22 25 1 231 1 21 22 1 34 12 34 29
802 22 27 1 55 26 52 28 22 27 1 35 29
803 23 29 19 159 23 44 27 23 32 12 35 29
804 23 33 35 201 41 25 27 24 26 14 35 29
805 23 42 65 325 56 81 27 29 23 4 35 29
806 22 28 1 72 18 19 28 32 31 18 34 28
807 22 33 1 229 33 68 27 18 35 32 35 29
808 22 24 1 110 25 22 24 20 30 20 34 28
809 22 31 1 126 31 37 21 37 25 40 35 29
810 23 31 27 277 57 1 25 29 33 28 35 29
811 22 34 1 59 27 43 28 32 42 36 35 29
812 22 28 1 92 22 36 24 47 29 23 34 29
813 23 32 27 110 8 11 22 37 34 35 35 29
814 23 40 81 136 50 38 24 25 22 1 35 29
815 23 45 35 56 49 1 19 31 23 27 35 29
816 23 36 28 319 65 35 25 32 30 23 35 29
817 23 38 77 96 52 56 24 23 24 26 35 29
818 23 31 10 122 48 66 21 21 28 18 35 29
819 22 23 1 180 3 2 22 15 30 10 34 28
820 23 34 51 69 54 32 26 33 28 12 35 29
821 23 34 65 248 37 29 30 33 33 15 35 29
822 22 25 1 137 28 70 21 31 20 23 34 29
823 23 35 1 176 32 35 25 32 32 38 36 29
824 23 42 47 133 41 6 22 39 26 42 36 29
825 23 39 17 210 59 68 26 30 27 38 35 29
826 23 38 52 88 37 60 25 21 28 13 35 29
827 22 27 1 102 16 34 22 33 26 32 35 29
828 23 34 57 74 44 11 30 15 29 15 35 29
829 23 42 66 121 62 40 23 43 28 29 35 29
830 23 45 25 55 33 1 31 37 39 45 35 29
831 23 39 86 77 6 30 22 29 33 16 35 29
832 23 33 51 139 60 71 25 21 31 2 35 29
833 23 34 49 90 47 80 24 23 31 13 35 29
834 22 30 1 103 1 5 24 33 25 29 35 29
835 23 34 38 119 32 21 25 28 30 27 35 29
836 22 25 1 166 1 8 26 24 29 5 34 28
837 22 22 1 266 1 13 24 32 28 20 34 28
838 23 34 32 232 13 8 21 31 32 32 35 29
839 22 27 1 105 32 39 23 28 29 16 34 29
840 23 37 52 64 29 1 26 30 27 15 35 29
841 23 44 91 205 45 38 25 31 26 27 35 29
842 23 34 22 135 20 29 24 28 32 14 35 29
843 23 32 48 598 32 21 21 25 25 8 35 29
844 23 38 63 245 42 1 23 30 33 10 35 29
845 23 32 24 207 33 55 25 34 32 37 35 29
846 23 33 6 122 14 27 25 45 34 30 35 29
847 23 31 49 112 1 1 26 31 27 24 35 29
848 22 27 1 135 9 1 28 28 29 32 35 28
849 23 33 13 78 23 1 19 33 28 41 35 29
850 23 29 72 237 40 50 26 23 26 7 35 29
851 23 33 56 115 65 53 22 34 26 25 35 29
852 22 29 1 73 1 1 27 33 36 36 35 29
853 23 37 72 189 36 21 26 27 36 13 35 29
854 23 32 17 225 9 3 20 38 23 27 35 29
855 23 33 12 149 16 23 26 31 32 24 35 29
856 23 34 46 99 47 32 23 32 25 1 35 29
857 22 25 1 94 1 1 24 30 28 35 35 29
858 23 27 37 168 27 73 22 25 28 6 35 29
859 23 28 14 95 30 38 25 28 27 9 35 29
860 22 24 1 116 56 44 29 26 30 7 35 29
861 23 32 29 206 63 85 23 32 25 9 35 29
862 23 37 43 142 11 57 31 23 37 23 35 29
863 23 40 52 286 39 9 27 1 44 35 36 29
864 23 29 19 79 35 56 26 31 25 17 35 29
865 23 42 90 63 62 40 29 23 23 7 35 29
866 22 31 1 75 24 1 28 1 38 27 35 29
867 23 35 71 131 22 38 26 26 29 27 35 29
868 22 28 1 97 28 71 18 31 28 1 35 29
869 23 32 51 141 54 1 25 32 29 11 35 29
870 23 34 40 110 18 27 24 28 31 15 35 29
871 23 29 2 162 36 22 23 24 26 23 35 29
872 23 34 21 58 75 56 24 28 29 1 35 29
873 23 31 39 75 46 74 30 33 26 12 35 29
874 23 34 36 138 62 78 21 27 20 3 35 29
875 23 42 85 91 68 58 28 25 35 13 35 29
876 23 35 61 183 1 4 25 25 28 25 35 29
877 23 31 25 109 27 2 31 31 27 31 35 29
878 23 35 39 152 35 1 25 31 25 37 36 29
879 23 38 71 181 62 51 21 24 32 3 35 29
880 22 26 1 169 1 1 24 26 24 17 34 29
881 22 24 1 144 31 47 19 30 27 20 34 29
882 23 28 1 100 41 35 24 21 31 1 35 29
883 23 30 32 156 29 33 26 27 25 1 35 29
884 23 29 62 80 31 20 24 17 24 12 35 29
885 23 44 56 214 38 41 26 31 32 24 35 29
886 23 32 20 75 24 17 28 49 34 19 35 29
887 22 24 1 71 10 26 21 1 25 12 34 29
888 23 33 26 80 52 42 20 22 162 2 35 29
889 23 36 52 237 20 54 22 33 30 13 35 29
890 23 34 33 64 29 33 27 29 30 30 35 29
891 23 33 12 188 22 18 29 28 27 33 35 29
892 22 26 1 160 18 1 20 19 27 21 34 29
893 23 34 38 121 31 57 24 20 36 15 35 29
894 22 22 1 109 25 24 19 26 22 11 34 29
895 23 32 41 55 17 40 24 23 30 5 35 29
896 22 28 1 118 23 24 24 35 24 32 35 29
897 23 39 47 68 53 38 26 24 30 16 35 29
898 23 34 38 110 32 38 22 30 31 28 35 29
899 23 37 59 246 27 47 28 29 33 37 36 29
900 23 37 62 51 47 21 25 36 30 25 35 29
901 22 31 1 176 23 1 25 25 39 24 34 29
902 23 32 34 125 36 48 26 33 25 23 35 29
903 22 27 1 403 23 40 21 21 28 10 34 28
904 23 37 34 157 2 18 26 22 30 27 35 29
905 23 35 77 65 1 1 24 39 33 22 35 29
906 23 38 30 131 21 10 24 23 37 22 35 29
907 23 36 46 191 42 28 27 42 28 31 36 29
908 23 28 1 120 1 11 23 21 26 7 35 29
909 23 29 7 108 28 1 25 32 24 33 35 29
910 23 34 14 57 13 46 26 28 29 21 35 29
911 23 34 32 162 1 12 26 32 28 31 36 29
912 22 18 1 110 5 19 31 21 35 12 35 28
913 23 46 54 232 40 28 27 22 30 32 36 29
914 23 37 42 89 64 36 23 26 22 24 35 29
915 23 29 36 49 42 1 24 28 30 12 35 29
916 23 39 84 94 62 25 20 32 25 7 35 29
917 23 38 65 141 38 42 23 35 25 16 35 29
918 23 33 54 144 25 27 23 17 27 6 35 29
919 23 32 26 108 24 1 27 26 32 31 35 29
920 23 36 60 129 18 40 21 1 31 21 35 29
921 23 36 44 95 46 18 20 24 31 30 35 29
922 23 37 67 177 4 24 26 30 27 34 36 29
923 23 34 6 367 23 3 20 20 25 16 35 29
924 23 39 31 285 11 13 23 33 30 39 35 29
925 23 37 19 71 1 1 26 28 35 30 35 29
926 22 25 1 194 43 66 26 52 21 15 34 28
927 23 32 41 124 106 1 221 30 27 62 36 29
928 23 36 21 115 18 18 22 33 24 35 35 29
929 23 34 51 213 10 5 24 45 33 31 35 29
930 22 28 1 107 14 6 19 27 24 12 34 28
931 23 40 95 118 33 38 26 38 23 35 36 29
932 23 34 10 229 8 1 19 29 28 35 36 29
933 23 38 33 137 17 26 25 44 39 31 35 29
934 23 33 47 71 3 21 22 32 30 33 36 29
935 23 41 68 72 49 15 25 22 28 18 35 29
936 23 33 44 493 43 2 26 33 27 4 35 29
937 23 41 48 123 12 43 23 23 28 13 35 29
938 23 32 31 382 46 11 28 33 37 21 35 29
939 23 29 1 181 26 1 25 48 28 33 35 29
940 23 33 1 120 18 38 23 27 28 34 35 29
941 22 22 1 116 34 4 19 30 20 10 34 29
942 23 37 57 122 22 47 24 24 31 18 35 29
943 23 31 42 278 20 31 23 40 30 29 35 29
944 23 28 39 113 2 6 27 29 23 15 35 29
945 23 31 34 94 25 15 20 20 20 12 35 29
946 23 29 27 89 1 5 21 25 28 8 35 29
947 23 44 88 322 70 3 22 32 32 31 35 29
948 23 35 33 83 31 67 21 1 32 21 35 29
949 23 33 51 122 15 36 25 34 28 15 35 29
950 23 31 21 69 45 43 27 28 29 13 35 29
951 23 41 16 211 22 14 30 39 35 39 36 29
952 23 29 5 60 1 1 25 29 33 19 35 29
953 23 34 50 111 33 55 27 22 32 8 35 29
954 23 30 41 190 17 57 21 30 22 17 35 29
955 22 33 1 69 62 64 29 23 34 28 35 29
956 22 31 1 65 1 12 23 25 23 12 35 29
957 23 35 47 116 59 81 25 34 25 10 35 29
958 22 24 1 222 28 50 21 39 29 21 34 29
959 23 29 22 59 1 1 25 33 27 26 35 29
960 23 31 52 576 29 11 25 27 24 18 35 29
961 23 35 43 163 23 59 24 29 25 18 35 29
962 22 32 1 188 1 19 28 20 45 30 35 29
963 23 37 18 214 21 22 30 24 32 17 35 29
964 23 40 58 265 54 1 24 20 43 24 35 29
965 23 42 61 344 59 1 24 23 28 27 35 29
966 23 28 16 83 1 30 21 37 24 20 35 29
967 23 31 1 144 24 43 31 32 36 21 35 29
968 23 37 38 179 48 41 23 28 27 10 35 29
969 23 35 33 84 37 28 25 18 26 18 35 29
970 22 29 1 157 44 62 24 29 32 22 34 29
971 23 36 17 103 20 16 26 24 26 32 36 29
972 22 18 1 258 17 29 26 15 21 12 34 29
973 23 37 58 86 37 37 23 28 32 22 35 29
974 23 33 35 71 14 39 20 21 22 8 35 29
975 23 27 23 123 1 17 24 20 30 8 35 29
976 23 35 43 108 1 1 28 29 34 31 35 29
977 22 31 1 64 50 44 16 32 18 20 35 29
978 23 34 44 102 31 30 21 30 22 18 35 29
979 23 42 55 554 45 40 22 25 27 29 35 29
980 22 29 1 75 1 1 23 27 30 25 34 29
981 23 38 41 375 48 55 24 30 34 26 35 29
982 23 35 53 196 17 54 25 27 35 15 35 29
983 23 37 68 58 53 51 28 26 31 8 35 29
984 23 31 10 94 32 50 31 32 34 23 35 29
985 22 27 1 173 47 56 19 35 31 14 35 29
986 23 31 15 130 1 1 26 32 34 25 35 29
987 22 31 1 153 27 55 21 1 33 14 35 29
988 23 34 23 164 7 32 23 47 22 29 35 29
989 23 36 68 125 38 1 23 42 20 25 35 29
990 23 35 13 135 46 34 25 15 31 29 35 29
991 23 34 41 137 31 56 21 35 28 15 35 29
992 23 33 9 131 15 1 28 35 29 27 35 29
993 23 38 24 75 16 55 24 30 28 27 35 29
994 23 41 81 171 17 31 26 26 26 17 35 29
995 23 34 26 101 37 40 24 23 32 13 35 29
996 23 36 35 73 37 1 27 42 27 30 35 29
997 23 39 30 350 30 35 28 26 33 29 35 29
998 23 34 30 91 18 46 28 30 37 27 35 29
999 23 37 47 261 8 6 21 37 20 15 35 29
1000 23 32 2 175 45 69 25 39 40 23 35 29
