1 23 28 23 32 58 11 24 38 28 18 35 29
2 23 31 23 22 117 1 20 32 23 21 35 29
3 23 141 154 335 354 1054 26 29 25 47 36 29
4 23 40 28 15 127 32 26 1 39 18 35 29
5 23 27 33 43 80 24 28 27 40 30 35 29
6 23 30 30 25 220 56 22 31 28 21 35 29
7 23 39 50 9 97 61 26 24 31 16 35 29
8 23 31 30 42 88 1 20 32 23 27 35 29
9 23 44 49 32 227 82 28 31 34 37 36 29
10 23 37 30 40 139 1 23 32 28 31 35 29
11 23 32 37 48 142 29 21 32 31 25 35 29
12 23 37 39 16 144 88 26 28 34 12 35 29
13 23 40 37 34 191 38 28 31 33 38 35 29
14 23 37 36 14 167 16 22 27 20 10 35 29
15 23 40 32 20 58 22 23 29 35 23 35 29
16 23 28 28 33 170 29 23 27 32 16 35 29
17 23 31 20 29 50 14 20 32 20 25 35 29
18 23 35 21 16 118 24 23 8 28 24 35 29
19 23 32 32 19 129 3 25 26 31 24 35 29
20 23 44 39 22 63 64 26 34 27 26 35 29
21 23 41 32 28 63 27 24 26 28 25 35 29
22 23 35 43 36 65 44 20 1 35 32 35 29
23 23 36 31 25 62 1 27 22 30 21 35 29
24 23 43 56 37 240 63 29 38 32 23 35 29
25 23 32 28 41 143 1 23 31 29 26 35 29
26 23 34 35 37 70 112 21 35 31 29 35 29
27 23 37 29 13 117 39 22 27 27 16 35 29
28 23 43 38 23 109 1 23 27 26 34 36 29
29 23 39 25 12 54 33 23 24 29 29 35 29
30 23 34 28 35 117 1 24 28 28 32 36 29
31 23 28 23 6 93 45 22 31 23 11 35 29
32 23 34 19 19 74 1 23 32 47 9 35 29
33 23 30 31 41 103 1 24 31 24 27 35 29
34 23 27 31 33 99 1 25 26 33 16 35 29
35 23 36 40 30 152 45 25 24 30 28 35 29
36 23 34 41 42 57 9 24 29 27 27 35 29
37 23 31 25 10 88 20 26 18 29 9 35 29
38 23 24 16 35 54 1 22 30 22 12 35 29
39 23 36 35 45 85 1 21 32 27 36 36 29
40 23 22 22 34 88 18 20 19 27 13 35 29
41 23 31 33 44 84 10 21 30 23 25 35 29
42 23 32 30 16 109 5 19 25 27 6 35 29
43 23 31 32 19 72 31 24 32 28 9 35 29
44 23 34 31 31 62 1 20 28 30 27 35 29
45 23 36 24 15 60 37 24 32 29 26 35 29
46 23 32 24 29 87 64 23 15 23 21 35 29
47 23 33 28 30 88 5 28 27 30 24 35 29
48 23 27 30 50 127 7 21 20 30 19 35 29
49 23 35 37 24 58 34 22 27 29 18 35 29
50 23 32 30 27 116 65 28 20 30 23 35 29
51 23 51 42 32 64 59 26 34 36 31 35 29
52 23 30 32 37 157 100 21 28 23 17 35 29
53 23 22 30 44 52 2 20 20 22 9 35 29
54 23 41 32 28 57 14 25 35 33 25 35 29
55 23 35 34 36 97 1 19 33 32 25 35 29
56 23 22 41 52 118 116 20 18 37 17 35 29
57 23 26 18 24 74 29 27 30 31 22 35 29
58 23 34 29 29 86 1 24 24 29 22 35 29
59 23 41 47 28 65 43 27 32 25 26 35 29
60 23 29 27 26 67 1 21 21 30 9 35 29
61 23 29 31 50 102 1 25 28 31 37 35 29
62 23 39 44 33 113 1 24 32 25 22 35 29
63 23 28 23 39 256 15 22 1 31 6 35 29
64 23 38 34 42 56 36 24 34 37 31 35 29
65 23 16 8 41 53 21 21 21 22 12 35 29
66 23 29 34 43 124 1 22 29 33 27 35 29
67 23 33 29 9 138 46 20 32 30 2 35 29
68 23 27 24 21 63 31 22 29 28 3 35 29
69 23 27 22 37 54 10 19 20 23 28 35 29
70 23 32 20 35 56 39 23 35 24 24 35 29
71 23 27 19 22 67 1 21 23 29 23 35 29
72 23 48 38 1 171 59 25 41 23 29 35 29
73 23 36 34 28 99 1 25 26 23 31 35 29
74 23 29 31 28 153 1 24 37 23 18 35 29
75 23 21 18 41 74 7 26 30 26 14 35 29
76 23 32 27 29 94 23 21 23 30 16 35 29
77 23 36 43 25 137 67 26 16 35 25 35 29
78 23 40 26 1 152 5 25 26 22 10 35 29
79 23 37 38 22 125 34 24 31 25 20 35 29
80 23 29 27 14 63 76 22 24 23 1 35 29
81 23 35 25 17 181 14 23 1 33 17 35 29
82 23 38 28 21 69 20 23 30 24 20 35 29
83 23 29 20 8 63 8 21 29 30 6 35 29
84 22 34 29 32 113 18 27 26 27 20 34 29
85 23 33 41 22 100 4 26 22 228 15 35 29
86 23 20 11 32 80 7 24 41 28 15 35 29
87 23 22 15 22 181 12 26 19 24 20 35 29
88 23 39 34 15 70 38 23 28 21 25 35 29
89 23 35 35 17 181 47 28 21 34 4 35 29
90 23 30 31 35 80 1 23 40 29 32 35 29
91 23 38 39 41 66 22 25 34 30 25 35 29
92 23 41 35 20 198 81 26 23 29 20 35 29
93 23 34 34 20 97 44 25 31 33 10 35 29
94 23 33 31 24 130 1 26 35 31 21 35 29
95 23 35 31 12 130 56 20 24 26 10 35 29
96 23 35 23 19 105 24 26 27 23 16 35 29
97 23 36 26 13 117 32 21 21 28 14 35 29
98 23 31 31 45 87 17 25 31 35 32 36 29
99 23 29 24 33 153 1 27 29 30 20 35 29
100 23 30 30 15 163 31 26 35 31 8 35 29
101 23 30 21 22 125 45 27 20 31 16 35 29
102 23 44 43 26 105 47 16 1 21 17 35 29
103 23 33 36 32 134 57 21 27 22 11 35 29
104 23 34 29 28 55 49 22 17 34 26 35 29
105 23 34 31 25 256 29 22 23 26 13 35 29
106 23 33 34 40 170 17 28 24 34 31 36 29
107 23 25 13 23 106 1 22 19 21 4 35 29
108 23 34 29 14 87 54 26 28 28 16 35 29
109 23 33 18 22 138 1 30 31 23 32 35 29
110 23 21 23 45 161 67 21 30 27 19 35 29
111 23 34 30 40 90 1 27 29 27 35 36 29
112 23 39 37 14 64 25 20 31 29 6 35 29
113 23 28 21 27 123 1 26 32 31 21 35 29
114 23 39 32 20 117 69 21 24 27 19 35 29
115 23 23 11 25 81 1 20 29 28 16 35 29
116 23 32 37 44 90 17 26 34 29 29 35 29
117 23 29 25 34 83 1 18 29 25 11 35 29
118 23 32 46 38 77 61 25 19 27 22 35 29
119 23 42 38 31 55 1 24 29 29 33 36 29
120 23 37 16 16 224 1 23 22 24 23 35 29
121 23 47 40 23 65 71 23 23 27 40 36 29
122 23 32 28 16 173 30 29 15 41 3 35 29
123 23 37 34 36 112 23 24 39 32 18 35 29
124 23 29 22 41 71 1 28 24 33 37 35 29
125 23 38 30 24 215 1 24 25 31 26 35 29
126 23 34 33 29 81 20 24 24 23 21 35 29
127 23 25 31 41 93 7 25 21 24 9 35 29
128 23 27 23 31 80 4 24 15 25 16 35 29
129 23 35 41 45 66 55 26 43 30 30 35 29
130 23 17 20 37 117 1 24 22 28 12 35 29
131 23 28 31 32 64 71 26 21 27 15 35 29
132 23 38 36 19 263 95 18 26 32 9 35 29
133 23 38 28 12 61 1 25 38 27 23 35 29
134 23 12 13 25 124 2 20 28 26 3 35 29
135 23 28 24 22 82 24 25 27 25 23 35 29
136 23 28 18 25 56 43 24 25 27 10 35 29
137 23 34 20 10 65 1 22 26 31 7 35 29
138 23 27 30 42 45 20 24 23 24 25 35 29
139 23 25 21 40 54 7 24 26 32 17 35 29
140 23 38 22 1 126 17 19 22 21 28 35 29
141 23 38 37 16 129 54 25 28 33 11 35 29
142 23 31 37 43 70 54 21 35 29 32 35 29
143 23 34 37 50 55 62 26 26 32 20 35 29
144 23 33 22 22 99 1 26 25 29 21 35 29
145 23 34 37 25 105 57 24 25 30 11 35 29
146 23 31 21 22 79 1 18 26 30 29 35 29
147 23 32 36 15 105 1 21 25 30 9 35 29
148 23 28 20 25 68 1 29 35 30 24 35 29
149 23 36 36 20 80 77 23 29 25 15 35 29
150 23 24 33 46 149 62 22 30 27 22 35 29
151 23 36 29 6 70 20 22 19 25 1 35 29
152 23 34 29 37 98 1 24 33 30 30 35 29
153 23 39 25 21 55 54 28 31 33 29 35 29
154 23 37 31 29 219 65 30 28 30 30 36 30
155 23 41 32 6 86 1 23 27 26 1 35 29
156 23 40 26 18 64 1 31 16 32 30 35 29
157 23 33 27 35 80 1 24 32 30 22 35 29
158 23 32 38 27 123 84 22 19 30 3 35 29
159 23 29 17 23 150 7 25 33 27 36 35 29
160 23 36 22 8 87 1 25 33 29 18 35 29
161 23 29 21 37 187 9 25 34 28 40 35 29
162 23 27 27 35 164 1 27 28 31 34 35 29
163 23 34 27 20 91 1 23 23 25 18 35 29
164 23 33 32 22 215 72 24 25 30 7 35 29
165 23 36 48 50 69 10 26 31 20 33 35 29
166 23 29 31 42 59 51 31 29 31 30 35 29
167 23 32 33 18 102 63 24 33 31 13 35 29
168 23 26 26 24 130 74 26 29 28 4 35 29
169 23 44 38 34 117 1 23 42 26 37 36 29
170 23 29 14 24 63 14 24 29 31 28 35 29
171 23 36 43 17 187 1 23 31 27 10 35 29
172 23 33 32 21 63 66 22 32 21 2 35 29
173 23 31 31 20 56 59 17 20 25 6 35 29
174 23 35 26 36 51 18 26 39 34 48 36 29
175 23 29 13 20 117 1 21 28 26 13 35 29
176 23 43 38 17 247 52 27 21 25 21 35 29
177 23 36 28 7 76 95 23 22 31 1 35 29
178 23 35 45 18 135 31 22 20 28 1 35 29
179 23 41 46 28 362 1 28 28 36 21 35 29
180 23 36 38 31 109 49 25 32 28 16 36 29
181 23 27 29 26 136 44 21 26 24 9 35 29
182 23 42 37 23 90 44 22 30 24 21 35 29
183 23 30 43 48 205 1 25 33 25 14 35 29
184 23 29 32 44 62 67 23 34 29 16 35 29
185 23 41 34 13 127 25 26 30 29 9 35 29
186 23 32 26 21 120 1 22 22 20 26 35 29
187 23 36 27 19 96 12 25 24 32 1 35 29
188 23 45 41 26 65 18 28 27 28 29 36 29
189 23 42 34 29 58 62 33 35 36 28 35 29
190 23 31 460 78 82 1 22 35 26 31 35 29
191 23 36 34 32 85 1 26 1 38 21 35 29
192 23 36 37 17 92 1 28 24 30 15 35 29
193 23 34 30 37 52 1 19 28 26 34 36 29
194 23 33 38 38 84 34 27 35 28 22 35 29
195 23 24 23 36 70 9 27 28 32 18 35 29
196 23 12 1 30 106 7 18 22 28 13 35 29
197 23 34 34 37 249 1 26 33 30 43 35 29
198 23 30 35 42 60 67 24 25 30 19 35 29
199 23 28 18 27 69 61 30 26 24 3 35 29
200 23 35 28 22 115 49 24 25 28 18 35 29
201 23 39 47 26 82 81 17 25 30 20 35 29
202 23 29 24 24 73 26 31 22 35 24 35 29
203 23 28 32 22 58 1 19 20 31 20 35 29
204 23 45 43 16 68 25 29 23 31 25 35 29
205 23 29 21 16 123 1 28 18 28 8 35 29
206 23 30 21 21 116 1 22 33 28 29 35 29
207 23 28 23 26 92 1 24 34 26 25 35 29
208 23 34 27 9 230 1 21 20 31 6 35 29
209 23 43 42 24 55 28 23 24 27 36 36 29
210 23 29 35 23 66 36 21 30 29 1 35 29
211 23 39 39 26 65 34 24 21 25 12 35 29
212 23 22 20 27 74 31 23 25 35 12 35 29
213 23 36 36 13 111 44 19 25 35 5 35 29
214 23 33 25 21 96 1 28 27 34 37 36 29
215 23 24 35 42 100 101 20 1 25 1 35 29
216 23 29 26 36 82 44 28 1 35 25 35 29
217 23 30 19 24 115 28 21 25 19 10 35 29
218 23 25 22 25 93 98 30 37 33 21 35 29
219 23 28 17 21 63 1 19 23 25 11 35 29
220 23 28 23 28 124 1 19 38 25 24 35 29
221 23 36 42 38 91 78 15 20 24 33 36 29
222 23 47 37 40 100 1 25 22 33 19 35 29
223 23 35 36 32 101 26 28 21 26 21 35 29
224 23 37 36 31 131 49 19 27 30 21 35 29
225 23 40 34 17 263 1 20 26 27 21 35 29
226 23 35 27 9 70 24 19 21 27 1 35 29
227 23 30 24 31 67 15 25 32 32 7 35 29
228 23 47 39 11 57 48 24 27 26 27 35 29
229 23 32 27 20 81 69 18 26 22 9 35 29
230 23 31 37 49 52 11 29 38 23 35 36 29
231 23 39 39 31 63 77 25 27 27 33 36 29
232 23 35 24 24 138 40 27 33 32 22 35 29
233 23 32 29 24 87 17 27 32 29 16 35 29
234 23 37 27 29 68 4 21 28 31 34 35 29
235 23 29 12 20 65 7 24 36 26 14 35 29
236 23 40 45 24 71 61 25 40 26 19 35 29
237 23 34 32 30 56 15 23 22 28 19 35 29
238 23 37 37 27 63 35 22 21 28 36 36 29
239 23 40 26 4 111 22 23 21 27 16 35 29
240 23 33 21 27 68 1 24 27 25 13 35 29
241 23 35 31 18 119 5 23 29 20 14 35 29
242 23 32 34 44 133 1 27 37 22 40 35 29
243 23 45 47 31 85 103 30 36 26 30 35 29
244 23 33 37 39 86 57 22 28 30 28 35 29
245 23 28 25 30 68 10 25 19 26 12 35 29
246 23 43 30 25 77 53 26 24 25 29 35 29
247 23 36 43 24 171 105 23 26 27 5 35 29
248 23 48 28 13 56 43 25 19 27 18 35 29
249 23 34 31 28 143 5 19 26 31 11 35 29
250 23 26 32 29 129 32 21 32 30 21 35 29
251 23 27 25 33 64 10 23 34 34 24 35 29
252 23 26 15 11 65 33 28 30 28 1 35 29
253 23 24 25 33 71 1 24 44 22 17 35 29
254 23 38 23 22 69 31 23 22 25 25 35 29
255 23 33 40 49 92 40 26 3 29 22 35 29
256 23 36 26 16 55 34 26 28 25 22 35 29
257 23 42 45 35 55 70 23 33 30 20 35 29
258 23 29 29 28 101 1 23 34 20 12 35 29
259 23 28 23 27 50 53 22 19 28 10 35 29
260 23 28 37 38 82 41 26 34 36 34 36 29
261 23 36 39 25 340 43 25 14 34 10 35 29
262 23 31 22 34 41 1 27 42 27 38 36 29
263 23 35 22 25 56 1 18 21 26 11 35 29
264 23 32 25 20 65 1 22 25 27 23 35 29
265 23 29 22 42 149 1 23 35 29 38 36 29
266 23 30 19 36 140 4 25 29 25 28 35 29
267 23 41 27 1 90 6 26 25 34 23 35 29
268 23 42 50 51 89 113 27 25 26 26 36 29
269 23 42 40 28 172 62 17 21 19 22 35 29
270 23 30 35 31 59 40 27 35 35 27 35 29
271 23 36 23 15 78 20 17 1 22 25 35 29
272 23 36 26 11 67 3 25 1 27 9 35 29
273 23 34 26 38 149 1 21 28 27 31 36 29
274 23 39 47 48 210 1 20 28 26 39 36 29
275 23 37 37 23 139 1 23 25 26 24 35 29
276 23 35 32 17 126 51 22 25 35 9 35 29
277 23 31 32 21 95 3 19 21 29 15 35 29
278 23 30 29 12 88 1 21 23 27 1 35 29
279 23 36 36 39 103 38 27 26 33 17 35 29
280 23 22 31 53 86 1 20 42 19 18 35 29
281 23 29 18 34 113 13 27 35 23 34 36 29
282 23 25 18 22 87 15 25 30 25 22 35 29
283 23 34 25 25 37 3 27 37 25 31 36 29
284 23 37 35 42 103 72 23 1 20 22 35 29
285 23 29 28 20 83 1 22 23 25 9 35 29
286 23 47 39 21 59 1 20 26 27 29 35 29
287 23 40 31 9 106 1 27 38 27 25 35 29
288 23 29 17 33 59 1 23 32 29 24 35 29
289 23 23 25 44 105 13 28 24 34 6 35 29
290 23 43 34 28 116 1 27 20 32 17 35 29
291 23 39 32 34 176 14 23 36 32 38 36 29
292 23 36 36 14 136 102 27 31 32 19 35 29
293 23 35 25 21 74 48 30 18 32 20 35 29
294 23 33 36 42 54 12 22 30 24 13 35 29
295 23 31 38 44 151 1 30 36 30 35 36 29
296 23 28 27 41 107 31 26 20 29 24 35 29
297 23 21 18 35 58 1 25 44 24 20 35 29
298 23 37 32 39 98 11 22 36 23 30 35 29
299 23 37 31 19 78 28 29 1 41 18 35 29
300 23 43 30 1 92 17 20 28 20 2 35 29
301 23 28 33 44 89 1 22 36 21 27 35 29
302 23 33 34 27 75 1 31 43 26 24 35 29
303 23 21 36 51 94 39 25 27 27 17 35 29
304 23 43 49 35 134 73 24 24 31 26 36 29
305 23 39 43 21 93 84 25 25 34 5 35 29
306 23 40 40 34 109 22 31 1 37 25 35 29
307 23 35 31 37 79 1 23 1 31 12 35 29
308 23 35 29 25 74 39 22 25 24 10 35 29
309 23 25 21 34 74 84 24 39 28 5 35 29
310 23 32 24 12 235 1 19 19 33 8 35 29
311 23 22 17 36 55 42 21 1 34 1 35 29
312 23 32 24 18 117 21 22 29 32 21 35 29
313 23 28 23 27 206 1 22 20 26 14 35 29
314 23 33 26 13 75 45 33 33 25 10 35 29
315 23 39 30 18 80 12 25 19 33 42 35 29
316 23 41 322 32 89 58 21 1 35 31 35 29
317 23 33 47 40 103 40 26 29 32 34 36 29
318 23 39 31 31 78 29 23 25 34 22 35 29
319 23 39 40 21 81 67 32 24 29 12 35 29
320 23 28 31 38 135 1 21 1 32 17 35 29
321 23 44 38 25 311 10 25 42 32 33 36 29
322 23 28 11 1 99 3 27 20 22 8 35 29
323 23 36 40 22 85 104 23 24 31 11 35 29
324 23 26 26 40 178 38 22 28 26 17 35 29
325 23 41 44 18 71 66 22 19 23 19 35 29
326 23 34 33 42 47 25 22 22 29 33 36 29
327 23 26 25 32 59 38 26 15 33 29 35 29
328 23 24 11 21 102 18 25 30 27 8 35 29
329 23 22 18 36 43 9 23 27 24 22 35 29
330 23 34 32 29 61 1 21 27 25 17 35 29
331 23 35 25 14 57 8 25 22 29 11 35 29
332 23 32 27 15 84 42 28 29 20 21 35 29
333 23 40 32 15 160 101 26 26 31 18 35 29
334 23 33 36 44 53 35 24 24 31 20 35 29
335 23 46 42 19 114 44 25 27 33 24 35 29
336 23 36 28 22 59 1 24 27 26 11 35 29
337 23 37 36 27 209 1 22 21 33 22 35 29
338 23 36 20 15 48 4 23 27 26 28 35 29
339 23 39 47 22 205 64 24 23 34 15 35 29
340 23 26 20 24 56 43 24 42 33 15 35 29
341 23 28 13 11 1440 1 25 31 28 24 35 29
342 23 33 26 37 113 37 30 29 32 32 35 29
343 23 46 39 25 168 1 22 27 26 16 35 29
344 23 41 35 26 162 1 25 46 22 31 36 29
345 23 37 48 27 98 5 21 27 27 32 35 29
346 23 25 27 23 63 15 27 36 35 23 35 29
347 23 38 36 35 59 1 20 37 24 23 35 29
348 23 35 41 20 174 50 24 25 30 5 35 29
349 23 32 31 29 58 34 20 1 38 8 35 29
350 23 44 45 9 173 1 23 17 33 32 35 29
351 23 25 43 57 90 24 25 27 23 8 35 29
352 23 37 39 43 50 48 27 24 26 38 36 29
353 23 40 25 15 157 1 28 29 27 20 35 29
354 23 40 54 35 89 1 28 26 34 33 36 29
355 23 21 25 43 99 3 22 27 28 18 35 29
356 23 31 26 41 96 70 23 29 31 32 35 29
357 23 28 29 41 54 1 21 1 30 23 35 29
358 23 40 40 17 80 15 16 13 22 10 35 29
359 23 37 34 38 140 50 26 29 33 31 36 29
360 23 42 41 15 62 54 24 16 34 25 35 29
361 23 32 24 32 50 2 24 30 29 27 35 29
362 23 40 36 23 70 81 25 26 23 28 35 29
363 23 30 27 35 52 47 20 23 29 13 35 29
364 23 32 37 25 137 20 23 22 23 14 35 29
365 23 26 19 12 105 14 23 27 31 9 35 29
366 23 32 17 23 186 28 23 24 26 18 35 29
367 23 32 33 36 114 48 27 1 31 12 35 29
368 23 34 27 8 171 1 20 38 22 16 35 29
369 23 30 30 14 72 40 26 15 28 7 35 29
370 23 40 39 24 70 85 27 22 27 23 35 29
371 23 29 31 37 61 81 25 22 28 13 35 29
372 23 35 43 41 103 104 18 26 22 30 35 29
373 23 34 29 28 76 1 22 32 28 19 35 29
374 23 22 20 31 123 31 23 15 29 9 35 29
375 23 46 28 8 93 7 25 29 28 26 35 29
376 23 48 50 16 211 121 24 27 34 16 35 29
377 23 38 39 44 104 50 27 21 29 29 35 29
378 23 37 23 23 54 29 32 31 33 30 35 29
379 23 32 29 38 100 41 21 35 28 21 35 29
380 23 29 27 18 245 45 23 26 35 5 35 29
381 23 30 33 34 84 74 23 22 26 25 35 29
382 23 37 29 28 91 22 25 29 30 24 35 29
383 23 32 34 27 61 63 26 34 31 15 35 29
384 23 28 21 13 96 16 22 24 37 7 35 29
385 23 33 18 15 113 1 15 19 21 13 35 29
386 23 43 35 2 72 1 21 29 25 7 35 29
387 23 34 40 19 173 99 24 21 31 10 35 29
388 23 39 36 11 71 17 22 32 28 6 35 29
389 23 44 38 21 60 42 24 21 39 29 35 29
390 23 42 35 19 112 75 25 22 23 20 35 29
391 23 31 31 38 51 39 29 20 32 19 35 29
392 23 34 35 26 501 76 27 37 30 19 35 29
393 23 33 34 17 71 47 23 23 41 10 35 29
394 23 28 24 11 82 34 19 23 25 2 35 29
395 23 40 44 21 80 1 22 33 30 17 35 29
396 23 32 21 20 352 1 25 23 22 18 35 29
397 23 33 28 8 230 24 22 25 30 2 35 29
398 23 29 31 35 58 1 19 19 32 9 35 29
399 23 23 11 25 56 1 23 8 31 14 35 29
400 23 31 32 32 235 1 26 21 25 13 35 29
401 23 28 23 34 187 57 23 29 24 16 35 29
402 23 31 20 3 202 1 21 21 25 17 35 29
403 23 36 51 39 72 1 23 37 26 25 35 29
404 23 38 36 35 261 52 25 31 24 30 35 29
405 23 37 25 17 151 16 22 31 33 19 35 29
406 23 35 31 30 163 4 26 26 27 21 35 29
407 23 44 38 24 135 1 21 24 26 24 35 29
408 23 33 31 33 111 1 25 25 28 30 35 29
409 23 14 22 46 87 1 20 31 29 8 35 29
410 23 43 48 43 134 46 24 25 22 29 35 29
411 23 32 41 52 60 68 23 28 40 26 35 29
412 23 34 24 18 125 1 29 27 30 8 35 29
413 23 31 26 27 110 19 21 27 25 28 36 29
414 23 49 38 20 65 41 27 1 42 40 36 29
415 23 31 25 27 80 1 22 27 19 8 35 29
416 23 33 28 18 84 6 28 41 24 17 35 29
417 23 35 36 25 289 71 27 29 28 9 35 29
418 23 32 37 33 85 14 20 25 27 15 35 29
419 23 44 37 28 86 79 26 31 28 24 35 29
420 23 31 32 21 192 1 23 23 30 15 35 29
421 23 33 35 28 99 62 25 27 29 24 35 29
422 23 30 31 37 169 1 24 37 25 28 35 29
423 23 29 16 8 186 30 23 22 29 7 35 29
424 23 34 46 36 73 18 24 26 29 13 35 29
425 23 33 38 25 100 1 18 24 16 10 34 28
426 23 30 35 24 86 49 22 24 30 26 35 29
427 23 30 18 40 61 24 27 1 31 22 35 29
428 23 42 24 9 129 1 21 44 22 25 35 29
429 23 23 20 27 173 4 24 1 35 14 35 29
430 23 36 32 12 67 1 23 32 28 10 35 29
431 23 40 33 10 52 13 29 40 24 29 35 29
432 23 20 16 38 129 1 23 26 29 10 35 29
433 23 19 16 39 82 1 21 35 24 14 35 29
434 23 39 30 17 86 16 22 27 25 12 35 29
435 23 11 22 50 94 1 25 25 22 4 35 29
436 23 40 39 33 86 41 21 30 31 35 36 29
437 23 26 20 40 103 23 21 20 28 13 35 29
438 23 34 31 37 256 86 25 26 37 21 35 29
439 23 27 26 37 66 53 24 33 24 9 35 29
440 23 35 47 43 109 71 27 29 25 28 35 29
441 23 30 24 27 61 62 29 18 31 25 35 29
442 23 23 19 41 50 28 25 1 37 18 35 29
443 23 30 30 33 66 39 20 37 23 21 35 29
444 23 35 28 14 192 66 22 26 45 21 35 29
445 23 39 24 9 131 16 22 26 29 12 35 29
446 23 32 34 28 52 90 27 22 33 13 35 29
447 23 39 39 30 86 128 25 30 22 24 35 29
448 23 33 31 22 62 36 25 24 29 21 35 29
449 23 22 30 37 81 1 25 30 35 12 35 29
450 23 29 24 22 86 21 23 24 46 16 35 29
451 23 39 37 20 121 12 25 24 26 21 35 29
452 23 23 19 35 146 37 29 33 33 24 35 29
453 23 44 41 24 222 90 23 17 32 19 35 29
454 23 37 37 45 1224 27 27 31 29 37 36 29
455 23 38 37 21 86 77 25 21 28 16 35 29
456 23 31 21 33 51 1 23 34 29 32 35 29
457 23 41 27 19 102 43 21 29 25 8 35 29
458 23 44 29 2 63 23 22 36 21 23 35 29
459 23 36 35 17 160 1 26 25 34 12 35 29
460 23 35 29 26 105 1 28 23 28 28 35 29
461 23 27 32 30 122 1 23 32 27 10 35 29
462 23 38 37 14 78 74 28 23 23 7 35 29
463 23 28 21 29 118 1 30 28 31 23 35 29
464 23 36 31 38 69 1 21 33 27 44 36 29
465 23 35 40 27 103 14 24 28 31 34 35 29
466 23 30 22 36 364 28 21 31 23 28 35 29
467 23 27 33 23 70 1 22 30 27 3 35 29
468 23 37 32 28 114 33 24 34 29 32 36 29
469 23 32 24 30 48 60 22 33 31 34 36 29
470 23 25 24 30 181 1 21 33 21 7 34 29
471 23 33 25 30 88 42 26 23 20 14 35 29
472 23 34 23 19 64 1 21 30 24 26 35 29
473 23 29 19 32 51 28 24 36 23 18 35 29
474 23 41 45 26 67 92 27 18 22 17 35 29
475 23 28 35 37 57 56 22 18 28 20 35 29
476 23 25 24 42 63 1 21 24 29 21 35 29
477 23 39 47 40 78 124 30 26 28 17 35 29
478 23 28 30 28 68 1 20 34 31 10 35 29
479 23 32 32 20 71 33 19 28 23 1 35 29
480 23 43 39 8 80 4 26 19 30 27 35 29
481 23 39 35 36 110 34 22 28 24 27 35 29
482 23 33 32 14 63 19 23 28 24 8 35 29
483 23 36 41 43 105 68 25 29 31 32 36 29
484 23 29 20 1 61 5 21 25 28 15 35 29
485 23 33 23 11 69 66 18 19 26 8 35 29
486 23 37 33 2 177 15 27 19 28 1 35 29
487 23 29 22 36 45 10 28 32 26 35 35 29
488 23 29 32 41 124 1 23 32 25 24 35 29
489 23 34 22 21 76 33 30 31 34 23 35 29
490 23 38 37 32 73 91 22 29 28 29 35 29
491 23 27 26 39 86 29 25 27 24 13 35 29
492 23 38 31 16 88 1 19 16 22 18 35 29
493 23 27 20 24 151 5 18 28 29 11 35 29
494 23 32 34 25 94 48 23 26 27 12 35 29
495 23 35 38 16 265 35 24 25 30 7 35 29
496 23 41 43 18 114 86 24 44 32 29 35 29
497 23 28 30 32 79 71 22 23 28 14 35 29
498 23 36 26 7 56 18 25 29 39 11 35 29
499 23 27 36 47 66 1 22 30 32 18 35 29
500 23 31 27 35 54 1 24 27 30 36 35 29
501 23 33 31 19 74 1 23 32 28 10 35 29
502 23 34 33 24 101 42 23 32 29 15 35 29
503 23 39 41 34 261 106 25 28 32 30 35 29
504 23 30 37 43 63 32 27 18 33 18 35 29
505 23 25 20 22 82 10 22 25 27 9 35 29
506 23 51 42 13 87 15 27 11 26 32 35 29
507 23 31 34 33 91 41 27 18 26 16 35 29
508 23 25 19 9 60 1 24 25 28 1 35 29
509 23 38 32 12 73 88 28 39 27 21 35 29
510 23 29 31 43 94 8 21 31 28 39 36 29
511 23 26 25 41 81 1 27 36 23 18 35 29
512 23 24 17 37 93 43 24 33 17 4 35 29
513 23 35 36 29 90 1 21 43 28 33 35 29
514 23 36 19 11 66 34 23 30 33 8 35 29
515 23 33 30 26 103 2 29 22 37 22 35 29
516 23 37 40 44 96 1 25 31 31 37 36 29
517 23 38 40 31 133 28 23 33 27 34 36 29
518 23 37 42 42 152 38 17 20 23 26 35 29
519 23 38 37 31 87 37 29 19 27 22 35 29
520 23 27 26 26 61 49 26 30 26 6 35 29
521 23 12 32 48 103 1 21 26 33 7 35 29
522 23 31 24 27 560 79 21 24 27 20 35 29
523 23 37 39 22 158 74 21 19 24 1 35 29
524 23 31 30 39 80 18 25 36 35 34 36 29
525 23 31 32 32 106 14 21 21 34 29 35 29
526 23 24 29 39 80 66 25 34 28 8 35 29
527 23 40 36 30 139 20 27 29 25 33 36 29
528 23 30 23 12 91 1 24 34 30 1 35 29
529 23 35 33 28 127 43 36 26 38 19 35 29
530 23 32 35 27 98 83 25 28 26 8 35 29
531 23 39 38 19 174 9 19 16 32 26 35 29
532 23 26 21 29 54 1 24 27 27 19 35 29
533 23 35 28 14 64 1 25 24 27 12 35 29
534 23 31 33 22 104 70 22 24 30 1 35 29
535 23 19 21 27 67 1 21 20 27 1 35 29
536 23 24 26 29 106 79 23 26 25 9 35 29
537 23 33 29 19 85 47 24 16 25 25 35 29
538 23 32 31 26 110 1 18 1 23 3 35 29
539 23 32 29 37 171 35 28 28 26 20 35 29
540 23 33 30 19 141 1 27 22 31 8 35 29
541 23 29 25 30 63 52 21 21 34 28 35 29
542 23 22 15 28 82 39 19 26 28 11 35 29
543 23 30 21 15 118 1 24 37 26 26 35 29
544 23 42 49 2 66 108 23 22 27 20 35 29
545 23 40 33 30 105 1 27 1 33 24 35 29
546 23 29 21 17 95 1 23 29 28 1 35 29
547 23 29 29 40 178 47 26 27 25 27 35 29
548 23 35 43 41 54 16 33 25 33 28 35 29
549 23 28 18 16 95 2 19 20 26 3 35 29
550 23 27 23 12 77 1 19 21 30 1 35 29
551 23 46 42 13 100 21 23 22 23 29 35 29
552 23 39 31 14 102 53 25 22 26 10 35 29
553 23 25 17 31 86 1 25 33 26 29 35 29
554 23 23 12 13 51 5 26 28 29 1 35 29
555 23 29 16 21 147 1 18 22 31 30 35 29
556 23 34 32 9 134 40 24 25 35 1 35 29
557 23 41 42 42 74 1 24 30 24 35 36 29
558 23 41 36 8 89 1 29 24 34 35 36 29
559 23 29 24 10 65 1 23 29 27 6 35 29
560 23 36 31 28 109 26 20 22 23 23 35 29
561 23 31 30 37 69 1 18 29 32 39 35 29
562 23 29 34 44 149 19 29 24 54 26 35 29
563 23 35 34 28 329 38 22 29 30 14 35 29
564 23 33 15 20 48 27 24 19 33 30 35 29
565 23 36 28 23 101 1 25 24 27 15 35 29
566 23 34 39 20 105 44 28 24 41 18 35 29
567 23 28 27 31 70 1 23 1 37 17 35 29
568 23 41 39 35 50 84 26 35 30 32 36 29
569 23 53 46 17 66 1 24 25 27 28 35 29
570 23 44 43 14 71 102 27 29 34 9 35 29
571 23 35 23 24 384 13 22 25 20 25 35 29
572 23 31 32 20 86 99 24 29 30 11 35 29
573 23 32 29 10 228 20 24 19 73 1 35 29
574 23 32 24 13 68 11 23 22 28 1 35 29
575 23 41 43 23 72 25 26 27 27 24 35 29
576 23 33 41 39 152 1 25 36 29 32 35 29
577 23 44 49 29 62 35 26 23 31 29 35 29
578 23 31 29 31 64 11 29 25 33 30 35 29
579 23 25 33 23 61 24 23 28 36 10 35 29
580 23 41 34 13 55 72 24 21 25 26 35 29
581 23 36 35 38 52 66 27 31 27 33 36 29
582 23 28 35 29 146 53 29 28 26 17 35 29
583 23 38 35 25 143 56 23 16 31 1 35 29
584 23 32 27 28 108 1 25 20 28 23 35 29
585 23 25 22 32 56 34 23 20 26 4 35 29
586 23 40 37 17 73 21 26 14 29 2 35 29
587 23 47 46 24 136 32 26 18 28 29 35 29
588 23 26 23 33 50 36 22 12 30 9 35 29
589 23 30 21 28 239 1 22 28 32 18 35 29
590 23 35 32 40 112 20 25 36 27 37 36 29
591 23 26 39 58 89 1 19 25 28 12 35 29
592 23 32 27 33 50 1 18 29 33 32 35 29
593 23 41 41 20 78 1 26 28 22 26 35 29
594 23 34 45 42 75 1 23 30 24 11 35 29
595 23 29 29 27 104 1 28 29 37 9 35 29
596 23 34 32 22 105 1 23 32 24 15 35 29
597 23 26 28 30 68 1 25 36 26 28 35 29
598 23 36 34 41 101 47 32 34 27 43 36 29
599 23 25 23 18 202 24 17 25 29 13 35 29
600 23 25 26 38 73 14 23 25 21 11 35 29
601 23 30 31 37 86 41 27 25 24 18 35 29
602 23 37 41 20 73 85 25 32 34 12 35 29
603 23 32 32 39 298 18 27 32 23 25 35 29
604 23 41 41 26 128 70 28 25 35 31 36 29
605 23 33 29 32 96 11 18 21 21 16 35 29
606 23 36 34 25 109 1 16 18 22 11 35 29
607 23 39 40 35 91 1 22 24 27 26 35 30
608 23 41 30 35 62 21 27 26 28 41 35 29
609 23 33 33 14 75 34 21 23 24 1 35 29
610 23 34 33 16 66 1 22 1 27 11 35 29
611 23 27 15 24 40 35 20 26 26 29 35 29
612 23 25 11 8 158 6 32 28 34 20 35 29
613 23 30 27 20 101 5 24 29 29 9 35 29
614 23 34 35 20 81 11 23 22 26 9 35 29
615 23 39 41 33 73 36 25 35 31 30 35 29
616 23 28 29 22 79 29 26 20 25 7 35 29
617 23 35 48 34 81 98 24 26 32 16 35 29
618 23 31 23 21 57 41 26 28 26 20 35 29
619 23 40 31 26 113 44 21 30 22 32 35 29
620 23 34 29 41 44 1 23 40 19 33 35 29
621 23 37 33 35 100 83 28 30 31 30 35 29
622 23 38 39 27 84 50 24 32 34 26 35 29
623 23 28 28 24 98 1 16 31 30 28 35 29
624 23 37 38 31 124 77 23 7 33 19 35 29
625 23 22 19 38 79 15 27 34 25 21 35 29
626 23 25 32 41 56 54 25 30 31 7 35 29
627 23 31 29 31 58 70 27 37 32 13 35 29
628 23 39 35 24 117 30 27 21 28 16 35 29
629 23 36 25 15 87 1 20 23 33 18 35 29
630 23 38 32 12 99 36 26 17 27 12 35 29
631 23 31 21 15 82 1 21 31 34 2 35 29
632 23 35 37 40 52 114 24 47 36 26 35 29
633 23 35 23 21 69 1 24 28 23 7 35 29
634 23 39 33 35 62 37 24 38 30 38 36 29
635 23 29 24 39 49 69 23 45 23 24 35 29
636 23 43 34 24 59 1 24 22 29 26 35 29
637 23 29 27 32 104 24 21 25 22 6 35 29
638 23 38 29 18 83 33 28 23 37 26 35 29
639 23 41 31 1 98 1 23 25 31 11 35 29
640 23 37 36 24 104 41 17 32 31 19 35 29
641 23 30 33 29 112 4 21 21 30 21 35 29
642 23 47 51 28 91 56 24 13 31 28 35 29
643 23 39 25 20 60 1 20 23 31 12 35 29
644 23 35 32 26 62 52 25 22 29 26 35 29
645 23 32 23 18 51 1 22 29 29 14 35 29
646 23 28 17 1 86 1 20 18 30 2 35 29
647 23 24 31 53 47 34 24 23 33 19 35 29
648 23 32 25 37 68 21 23 35 29 39 36 29
649 23 34 32 26 137 11 20 33 27 10 35 29
650 23 43 47 42 91 31 24 41 23 32 36 29
651 23 30 38 36 162 87 23 30 32 34 35 29
652 23 28 22 4 62 23 26 19 26 1 35 29
653 23 31 28 28 100 1 24 35 26 35 35 29
654 23 38 37 28 64 74 18 30 27 8 35 29
655 23 46 43 19 127 17 21 44 28 25 35 29
656 23 39 38 29 165 107 29 20 32 17 35 29
657 23 29 37 37 112 32 25 1 35 22 35 29
658 23 32 21 28 104 20 24 29 33 16 35 29
659 23 37 38 24 69 33 20 1 30 21 35 29
660 23 41 38 20 65 62 26 29 33 34 36 29
661 23 29 25 22 125 17 24 28 28 9 35 29
662 23 24 12 15 239 1 26 24 29 9 35 29
663 23 30 19 23 163 1 26 31 29 30 35 29
664 23 39 33 27 63 1 23 21 30 12 35 29
665 23 30 24 10 166 60 28 23 33 19 35 29
666 23 30 30 34 58 1 20 34 29 34 35 29
667 23 43 25 13 100 9 26 28 29 20 35 29
668 23 36 20 21 83 27 21 22 25 28 35 29
669 23 16 14 34 50 55 29 20 29 5 35 29
670 23 34 41 25 67 81 23 19 27 11 35 29
671 23 41 43 30 111 71 26 16 26 29 35 29
672 23 40 36 30 137 1 19 28 33 17 35 29
673 23 32 28 15 64 75 26 28 26 6 35 29
674 23 23 22 23 147 58 27 29 30 17 35 29
675 23 38 37 27 63 1 27 23 28 24 35 29
676 23 41 38 34 96 18 29 26 31 36 36 29
677 23 41 30 22 56 1 31 24 32 30 35 29
678 23 32 25 35 64 26 31 38 29 35 36 29
679 23 31 32 26 220 1 25 27 30 17 35 29
680 23 35 34 31 190 1 20 28 20 15 35 29
681 23 29 33 39 119 38 25 25 25 18 35 29
682 23 30 25 23 140 9 20 30 29 24 35 29
683 23 38 37 25 64 58 25 40 29 32 35 29
684 23 23 24 28 66 6 18 33 23 15 35 29
685 23 39 35 35 83 57 27 26 31 26 35 29
686 23 37 42 47 58 88 27 25 36 32 36 29
687 23 34 33 17 87 1 28 25 30 17 35 29
688 23 36 30 21 58 27 24 32 31 36 35 29
689 23 31 28 15 67 10 24 23 28 6 35 29
690 23 39 40 24 300 14 20 21 27 30 36 29
691 23 44 37 27 68 1 21 26 22 31 35 29
692 23 34 30 37 205 1 24 30 28 32 35 29
693 23 28 24 42 46 8 25 1 31 23 35 29
694 23 29 27 18 59 1 26 38 20 21 35 29
695 23 35 30 41 50 55 25 29 30 37 36 29
696 23 33 38 35 83 26 23 31 26 35 36 29
697 23 34 31 15 168 7 21 28 28 14 35 29
698 23 26 29 27 87 49 24 25 21 13 35 29
699 23 39 35 32 61 111 31 24 31 13 35 29
700 23 36 36 38 61 26 24 23 25 25 35 29
701 23 32 24 17 71 1 25 23 31 25 35 29
702 23 29 22 30 45 11 25 27 28 14 35 29
703 23 34 39 34 161 39 26 31 29 19 35 29
704 23 32 32 34 62 51 22 30 26 22 35 29
705 23 40 37 28 174 14 24 25 24 25 35 29
706 23 29 31 46 112 48 29 28 30 28 35 29
707 23 24 25 43 88 74 27 28 32 17 35 29
708 23 39 32 13 63 1 25 30 34 43 35 29
709 23 42 42 44 56 1 24 25 23 35 35 29
710 23 29 26 36 366 6 28 27 36 23 35 29
711 23 36 34 36 61 6 28 25 34 17 35 29
712 23 37 32 35 111 68 20 24 26 20 35 29
713 23 43 37 25 63 1 27 21 34 31 35 29
714 23 39 45 30 131 48 34 32 33 29 35 29
715 23 34 35 41 62 1 22 35 22 30 35 29
716 23 37 40 39 59 1 26 26 23 31 36 29
717 23 39 33 17 67 10 21 1 31 22 35 29
718 23 41 45 36 68 82 28 30 29 17 35 29
719 23 27 40 35 206 19 25 28 23 16 35 29
720 23 35 30 22 92 65 25 19 22 17 35 29
721 23 39 38 26 71 76 25 24 37 22 35 29
722 23 31 33 48 52 1 22 34 29 32 36 29
723 23 31 22 16 70 56 24 26 27 7 35 29
724 23 29 26 31 94 1 22 27 31 22 35 29
725 23 33 33 34 92 63 20 40 30 26 36 30
726 23 27 29 51 54 23 27 32 26 28 35 29
727 23 34 37 46 84 25 27 36 29 33 36 30
728 23 39 27 17 620 6 19 16 22 18 35 29
729 23 26 21 27 151 1 24 34 34 21 35 29
730 23 34 35 19 75 44 22 30 24 15 35 29
731 23 36 43 23 94 1 23 30 31 12 35 29
732 23 31 36 30 104 1 26 31 29 16 35 29
733 23 30 30 23 68 1 20 30 26 10 35 29
734 23 33 27 31 74 1 24 28 31 16 35 29
735 23 42 48 51 109 52 29 26 30 34 35 29
736 23 32 25 30 115 1 23 28 24 23 35 29
737 23 24 24 30 58 1 26 29 18 18 35 29
738 23 40 45 45 99 14 22 29 30 37 36 29
739 23 36 35 34 73 52 24 31 28 19 35 29
740 23 38 37 26 146 48 23 1 33 25 35 29
741 23 37 34 30 312 23 21 43 23 17 35 29
742 23 21 21 35 56 9 24 32 33 21 35 29
743 23 35 35 46 82 41 27 35 24 31 36 29
744 23 27 22 16 84 72 20 20 24 7 35 29
745 23 39 42 43 67 1 24 23 25 32 36 29
746 23 33 36 17 83 1 22 21 35 16 35 29
747 23 40 40 37 62 34 26 30 24 26 35 29
748 23 34 42 26 88 153 22 24 35 16 35 29
749 23 38 32 27 56 77 24 23 27 25 35 29
750 23 26 33 36 60 1 21 44 26 20 35 29
751 23 36 28 26 59 1 21 20 23 29 35 29
752 23 33 26 1 65 14 23 24 33 4 35 29
753 23 33 37 36 107 1 22 26 19 17 35 29
754 23 29 28 42 126 1 23 22 28 33 35 28
755 23 29 27 19 103 1 24 23 34 30 35 29
756 23 36 38 33 158 1 29 29 25 30 35 29
757 23 40 38 25 640 1 29 30 37 25 35 29
758 23 38 35 44 99 1 26 34 32 23 35 29
759 23 39 37 29 153 44 25 21 28 24 35 29
760 23 29 24 31 51 1 24 28 26 31 35 29
761 23 33 38 44 105 26 24 25 29 29 35 29
762 23 32 29 16 107 20 23 26 18 18 35 29
763 23 25 23 30 67 6 27 33 25 18 35 29
764 23 34 27 22 52 7 28 23 35 25 35 29
765 23 28 27 37 82 71 21 38 29 20 35 29
766 23 42 45 29 105 71 23 20 29 18 35 29
767 23 30 36 37 54 54 26 31 32 24 35 29
768 23 39 42 39 67 51 22 35 29 35 36 29
769 23 41 39 18 132 93 24 22 28 15 35 29
770 23 32 17 29 80 1 27 35 27 28 35 29
771 23 37 28 28 97 28 24 30 30 20 35 29
772 23 25 13 23 184 8 22 27 26 11 35 29
773 23 29 25 20 67 27 20 21 31 13 35 29
774 23 37 36 18 105 1 22 45 29 14 35 29
775 23 37 31 12 63 1 27 25 31 20 35 29
776 23 36 38 25 77 42 27 26 29 17 35 29
777 23 30 24 38 101 1 30 27 32 22 35 29
778 23 35 40 33 76 51 24 9 37 29 35 29
779 23 34 25 3 65 17 20 20 27 26 35 29
780 23 53 54 9 334 1 25 39 24 26 35 29
781 23 27 28 37 614 10 22 26 26 23 35 29
782 23 31 28 27 119 1 23 24 30 21 35 29
783 23 33 22 31 61 1 24 31 55 31 36 29
784 23 46 43 31 88 73 27 19 26 32 35 29
785 23 34 26 14 117 1 28 25 25 9 35 29
786 23 28 24 41 105 16 20 29 23 28 35 29
787 23 29 22 27 87 41 19 17 26 3 35 29
788 23 40 36 21 89 40 23 1 34 26 35 29
789 23 29 26 47 48 60 25 33 36 34 35 29
790 23 30 31 36 54 30 24 35 27 27 35 29
791 23 35 39 35 134 40 24 18 28 27 35 29
792 23 28 30 34 121 7 24 25 32 7 35 29
793 23 41 42 35 88 1 22 1 33 23 35 29
794 23 35 29 29 64 27 28 26 34 34 36 29
795 23 38 39 35 98 1 24 28 28 19 35 29
796 23 41 27 10 150 2 22 23 35 25 35 29
797 23 37 20 25 87 1 27 31 21 28 35 29
798 23 29 22 33 51 1 22 31 28 25 35 29
799 23 35 18 9 238 24 24 24 28 21 35 29
800 23 34 36 43 53 49 23 29 26 28 35 29
801 23 43 44 39 57 81 25 33 35 29 35 29
802 23 41 48 33 60 67 23 21 29 36 36 29
803 23 33 26 9 61 1 24 36 19 22 35 29
804 23 32 26 35 64 29 30 41 31 26 35 29
805 23 38 30 21 72 48 25 15 27 26 35 29
806 23 41 29 22 53 1 23 20 26 25 35 29
807 23 26 20 33 185 27 18 27 19 22 35 29
808 23 33 28 14 184 1 21 18 26 16 35 29
809 23 32 33 32 92 69 24 19 25 19 35 29
810 23 35 33 12 120 1 25 21 27 14 35 29
811 23 39 29 34 60 45 26 29 26 23 35 29
812 23 29 22 18 122 33 24 31 25 16 35 29
813 23 36 33 28 106 1 27 30 102 25 35 29
814 23 32 22 23 57 18 23 26 29 11 35 29
815 23 30 17 24 119 11 28 15 39 19 35 29
816 23 32 18 14 146 23 20 35 29 17 35 29
817 23 30 29 29 63 54 22 35 28 15 35 29
818 23 27 31 46 59 12 24 22 36 23 35 29
819 23 35 36 46 49 65 23 28 31 36 36 29
820 23 25 20 27 65 1 25 32 26 9 35 29
821 23 35 36 25 96 85 25 26 30 11 35 29
822 23 27 14 30 77 1 32 32 32 12 35 29
823 23 29 34 24 99 39 19 39 27 16 35 29
824 23 40 33 9 78 87 23 27 30 20 35 29
825 23 29 25 29 80 1 22 24 33 24 35 29
826 23 32 26 20 187 1 20 29 25 15 35 29
827 23 22 18 38 35 1 26 31 29 24 35 29
828 23 30 23 22 314 16 21 25 75 17 35 29
829 23 21 9 19 52 1 25 24 25 15 35 29
830 23 28 15 15 43 11 26 24 27 19 35 29
831 23 39 47 44 62 1 28 36 30 32 35 29
832 23 29 26 18 82 85 27 30 24 1 35 29
833 23 30 16 9 145 1 22 11 18 9 35 29
834 23 29 22 8 130 52 22 18 26 4 35 29
835 23 24 25 31 47 7 30 29 37 26 35 29
836 23 31 20 34 45 1 27 30 25 31 35 29
837 23 30 23 29 129 2 24 19 30 24 35 29
838 23 31 15 1 87 1 24 32 25 1 35 29
839 23 42 39 33 64 97 24 25 27 15 35 29
840 23 44 41 28 68 55 25 25 33 27 35 29
841 23 27 20 25 46 26 19 1 27 8 35 29
842 23 36 27 35 43 14 23 30 22 25 35 29
843 23 34 26 25 84 40 20 36 20 13 35 29
844 23 31 36 42 116 1 26 33 33 32 35 29
845 23 43 39 19 95 34 19 16 24 18 35 29
846 23 25 19 44 55 1 21 29 31 16 35 29
847 23 32 24 20 83 79 28 29 32 11 35 29
848 23 37 38 45 99 3 25 32 31 38 36 29
849 23 27 30 12 84 13 22 33 29 3 35 29
850 23 44 36 28 161 29 25 23 23 25 35 29
851 23 29 34 34 123 19 24 36 28 26 35 29
852 23 32 26 9 104 45 24 22 29 12 35 29
853 23 27 32 77 58 12 21 31 27 26 35 29
854 23 27 30 29 106 1 22 29 21 14 35 29
855 23 34 39 45 127 70 27 28 34 30 35 29
856 23 31 20 34 48 1 22 30 26 32 35 29
857 23 29 34 30 90 90 21 32 27 20 35 29
858 23 38 41 12 71 32 26 26 31 9 35 29
859 23 35 29 15 161 29 26 31 31 13 35 29
860 23 32 24 29 68 1 30 33 36 32 35 29
861 23 41 48 42 62 4 27 33 26 31 35 29
862 23 17 8 28 97 25 18 16 22 5 35 29
863 23 29 26 37 55 59 23 47 32 28 35 29
864 23 33 37 37 116 47 23 38 30 26 35 29
865 23 28 32 29 53 67 25 21 32 23 35 29
866 23 20 10 17 67 21 28 42 38 13 35 29
867 23 36 31 16 200 2 27 24 32 15 35 29
868 23 43 39 29 62 75 30 17 29 25 35 29
869 23 39 37 37 62 76 29 36 30 30 36 29
870 23 31 25 29 62 35 23 27 28 18 35 29
871 23 32 34 41 56 46 24 27 34 34 36 29
872 23 35 41 22 67 74 24 20 32 12 35 29
873 22 35 34 22 150 20 28 38 29 24 34 28
874 23 29 21 15 102 57 29 24 34 1 35 29
875 23 36 31 36 128 1 18 26 23 34 36 29
876 23 26 25 30 61 41 27 28 28 14 35 29
877 23 45 40 9 185 40 28 53 29 34 36 29
878 23 24 15 24 79 1 25 24 27 24 35 29
879 23 31 37 37 170 98 23 23 34 17 35 29
880 23 33 31 41 119 13 25 36 32 39 35 29
881 23 38 43 17 97 50 19 19 29 2 35 29
882 23 26 32 38 56 67 24 26 25 20 35 29
883 23 29 30 29 215 1 21 27 32 3 35 29
884 23 43 38 15 59 1 22 20 24 25 35 29
885 23 29 19 16 180 1 24 25 24 14 35 29
886 23 21 32 38 46 1 18 32 30 21 35 29
887 23 28 31 50 52 44 23 32 35 37 35 29
888 23 48 43 24 115 101 27 21 37 37 36 29
889 23 36 35 20 89 69 25 27 31 20 35 29
890 23 30 25 20 86 12 22 27 31 9 35 29
891 23 28 25 7 92 55 25 22 26 18 35 29
892 23 29 22 25 241 44 25 34 24 20 35 29
893 23 36 38 33 125 25 27 24 28 21 35 29
894 23 40 41 26 89 1 27 25 28 36 36 29
895 23 42 33 13 173 1 24 34 31 9 35 29
896 23 38 32 33 211 1 21 23 33 34 35 29
897 23 31 35 40 58 46 26 27 25 31 35 29
898 23 42 35 20 75 103 24 31 36 30 35 29
899 23 37 35 39 137 17 26 23 32 37 35 29
900 23 32 25 11 97 36 25 21 29 4 35 29
901 23 30 31 41 54 48 27 33 28 35 36 29
902 23 41 40 21 125 1 23 26 33 16 35 29
903 23 46 49 23 102 9 27 42 27 22 35 29
904 23 32 35 21 102 4 23 32 29 9 35 29
905 23 44 47 28 172 48 28 25 28 21 35 29
906 23 30 31 16 125 58 22 17 28 2 35 29
907 23 46 41 18 68 48 27 24 25 22 34 29
908 23 28 17 37 84 1 25 31 23 25 35 29
909 23 25 14 27 53 1 23 27 26 21 35 29
910 23 31 29 40 103 55 18 32 26 28 35 29
911 23 42 42 49 144 1 31 36 33 45 36 29
912 23 31 31 33 169 13 23 34 24 14 35 29
913 23 42 48 33 131 73 30 34 34 41 36 29
914 23 40 34 31 96 3 31 1 39 35 35 29
915 23 44 49 27 85 112 27 23 35 19 35 29
916 23 33 35 27 100 51 27 20 34 19 35 29
917 23 35 42 29 228 77 24 25 28 20 35 29
918 23 31 38 36 159 117 16 31 27 12 35 29
919 23 39 35 20 112 50 21 30 27 12 35 29
920 23 30 28 37 92 25 28 40 34 36 36 29
921 23 36 38 41 51 1 24 27 30 38 36 29
922 23 33 38 35 100 105 28 30 31 22 35 29
923 23 37 33 25 142 70 24 28 25 19 35 29
924 23 30 24 31 127 29 21 1 29 12 35 29
925 23 27 28 38 102 66 19 18 30 11 35 29
926 23 26 33 30 114 21 24 26 24 7 35 29
927 23 27 27 44 68 1 21 1 21 14 35 29
928 23 43 39 24 122 73 23 37 33 27 35 29
929 23 27 26 27 96 24 23 25 29 22 35 29
930 23 27 24 35 129 58 27 13 23 10 35 29
931 23 31 26 32 67 33 19 32 25 27 35 29
932 23 28 36 46 92 26 24 40 26 18 35 29
933 23 30 31 29 161 18 25 23 34 9 35 29
934 23 39 44 26 111 29 26 26 31 26 35 29
935 23 28 29 34 60 27 27 21 29 9 35 29
936 23 33 31 36 122 1 23 37 29 36 35 29
937 23 38 50 46 66 33 28 34 35 35 36 29
938 23 35 33 25 80 77 24 39 35 18 35 29
939 23 37 29 23 73 1 23 33 29 24 35 29
940 23 30 21 11 225 1 24 22 24 1 35 29
941 23 34 45 47 69 19 20 29 24 19 35 29
942 23 27 20 14 93 49 21 23 36 11 35 29
943 23 34 27 15 79 1 22 34 40 12 35 29
944 23 20 25 52 51 18 28 26 33 22 35 29
945 23 35 40 44 62 1 25 17 23 16 35 29
946 23 41 41 29 74 110 17 22 23 24 35 29
947 23 48 31 13 123 13 25 21 25 28 35 29
948 23 30 33 20 92 22 24 22 27 17 35 29
949 23 28 23 30 52 1 25 25 26 19 35 29
950 23 28 27 15 72 15 20 16 25 1 35 29
951 23 37 37 37 67 34 31 24 29 33 36 29
952 23 27 26 32 148 1 24 34 33 27 35 29
953 23 41 33 3 71 24 27 17 27 27 35 29
954 23 30 29 38 146 26 24 20 37 30 35 29
955 23 37 32 39 75 35 25 30 25 33 36 29
956 23 31 21 16 93 5 21 18 27 21 35 29
957 23 28 33 24 190 22 20 19 27 4 35 29
958 23 37 27 25 103 17 23 31 32 37 35 29
959 23 32 33 42 160 1 26 29 27 33 35 29
960 23 33 33 18 86 23 25 27 30 17 35 29
961 23 37 26 15 89 72 24 22 29 32 36 29
962 23 20 18 39 332 4 19 8 23 16 35 29
963 23 40 43 21 153 1 19 31 25 23 35 29
964 23 34 29 14 133 24 20 21 30 16 35 29
965 23 15 17 36 247 43 17 28 26 6 35 29
966 23 38 22 1 184 42 20 16 31 6 35 29
967 23 25 23 16 143 25 21 31 23 5 35 29
968 23 44 33 13 69 55 28 30 24 27 35 29
969 23 34 32 15 55 53 18 26 28 15 35 29
970 23 23 34 42 66 1 23 37 31 17 35 29
971 23 41 25 15 82 1 25 22 20 24 35 29
972 23 40 40 34 60 53 24 27 28 24 35 29
973 23 41 45 31 83 106 26 39 24 35 35 29
974 23 25 28 35 110 1 24 29 30 27 35 29
975 23 25 34 39 82 78 17 1 31 1 35 29
976 23 33 25 36 129 26 23 28 29 22 35 29
977 23 41 32 14 69 49 28 21 26 21 35 29
978 23 47 46 14 84 10 26 24 33 28 35 29
979 23 29 34 41 115 38 23 27 25 12 35 29
980 23 27 39 31 151 57 24 31 29 17 35 29
981 23 34 42 43 58 1 26 27 31 25 35 29
982 23 34 33 45 151 1 25 35 26 36 35 29
983 23 43 39 38 122 57 28 24 25 31 36 29
984 23 32 40 45 59 54 24 29 27 39 36 29
985 23 33 42 28 67 1 27 38 33 32 35 29
986 23 33 33 30 76 36 26 40 29 29 36 29
987 23 33 25 41 85 21 24 29 21 46 35 29
988 23 34 24 26 62 7 24 35 22 39 35 29
989 23 22 21 24 199 1 25 25 23 21 35 29
990 23 24 24 16 140 18 24 29 35 17 35 29
991 23 33 35 45 68 1 25 35 34 38 35 29
992 23 26 34 61 44 36 25 32 23 33 35 29
993 23 31 32 39 72 1 21 30 30 36 36 29
994 23 39 26 18 55 51 24 20 29 14 35 29
995 23 37 34 31 154 1 21 24 30 8 35 29
996 23 40 38 26 62 1 26 25 29 30 35 29
997 23 28 28 17 105 71 21 26 31 1 35 29
998 23 40 31 28 57 61 24 39 30 29 35 29
999 23 32 34 36 118 2 24 17 21 20 35 29
1000 23 32 45 46 61 105 23 36 30 18 35 29
