1 1777555564 3559 389 3675 3656 3592 3635 3636 3604 4061 4061 4061 4061 4061 4061 4061 4061
2 1777555564 3559 389 3674 3655 3593 3635 3635 3603 4063 4063 4062 4062 4062 4062 4062 4062
3 1777555564 3559 389 3675 3656 3593 3635 3635 3604 4063 4063 4062 4062 4062 4062 4062 4062
4 1777555564 3559 389 3675 3656 3592 3635 3635 3603 4063 4063 4062 4062 4062 4062 4062 4062
5 1777555564 3560 390 3676 3657 3594 3636 3636 3604 4063 4063 4062 4062 4062 4062 4062 4062
6 1777555564 3559 389 3676 3657 3593 3635 3636 3604 4061 4061 4061 4061 4061 4061 4061 4061
7 1777555564 3559 389 3675 3656 3593 3635 3636 3603 4061 4061 4061 4061 4061 4061 4061 4061
8 1777555564 3559 389 3674 3657 3592 3635 3635 3603 4061 4061 4061 4061 4061 4061 4061 4061
9 1777555564 3559 389 3675 3657 3594 3635 3636 3604 4063 4061 4061 4061 4061 4061 4061 4061
10 1777555564 3559 389 3676 3657 3593 3636 3636 3603 4061 4061 4061 4061 4061 4061 4061 4061
