1 1777277614 3544 3689 387 3639 3577 3618 3618 3586 4061 4061 4061 4061 4061 4061 4061 4061
2 1777277614 3546 3690 387 3640 3578 3620 3620 3588 4063 4062 4062 4062 4062 4062 4062 4062
3 1777277614 3546 3690 387 3640 3578 3620 3620 3588 4063 4063 4062 4062 4062 4062 4062 4062
4 1777277614 3545 3689 387 3639 3577 3619 3620 3587 4063 4062 4062 4062 4062 4062 4062 4062
5 1777277614 3546 3691 387 3640 3578 3620 3620 3588 4061 4061 4061 4061 4061 4061 4061 4061
6 1777277614 3545 3690 387 3639 3577 3619 3619 3587 4063 4061 4061 4061 4061 4061 4061 4061
7 1777277614 3546 3690 387 3640 3578 3620 3621 3588 4061 4061 4060 4060 4060 4060 4060 4060
8 1777277614 3546 3691 387 3640 3579 3620 3620 3588 4061 4060 4060 4060 4060 4060 4060 4060
9 1777277614 3546 3690 387 3639 3577 3620 3619 3587 4061 4061 4060 4060 4060 4060 4060 4060
10 1777277614 3546 3691 387 3640 3578 3620 3620 3588 4061 4061 4061 4061 4061 4061 4061 4061
11 1777277614 3545 3689 387 3639 3577 3619 3619 3587 4061 4061 4060 4060 4060 4060 4060 4060
12 1777277614 3545 3690 387 3640 3578 3619 3620 3588 4063 4061 4061 4061 4061 4061 4061 4061
13 1777277614 3545 3689 388 3639 3577 3619 3619 3588 4061 4061 4061 4061 4061 4061 4061 4061
14 1777277614 3547 3691 387 3641 3579 3621 3621 3589 4061 4061 4061 4061 4061 4061 4061 4061
15 1777277614 3546 3691 387 3641 3578 3620 3620 3588 4061 4061 4061 4061 4061 4061 4061 4061
16 1777277614 3545 3690 387 3640 3578 3620 3620 3588 4061 4061 4061 4061 4061 4061 4061 4061
17 1777277614 3546 3691 387 3640 3578 3620 3620 3589 4061 4061 4061 4061 4061 4061 4061 4061
18 1777277614 3546 3691 387 3640 3578 3620 3620 3588 4061 4061 4061 4061 4061 4061 4061 4061
19 1777277614 3547 3691 387 3640 3578 3621 3621 3589 4061 4061 4061 4061 4061 4061 4061 4061
20 1777277614 3546 3690 387 3640 3578 3621 3620 3588 4061 4061 4061 4061 4061 4061 4061 4061
21 1777277614 3546 3690 387 3640 3579 3621 3621 3588 4063 4063 4062 4062 4062 4062 4062 4062
22 1777277614 3545 3690 387 3640 3577 3619 3619 3587 4061 4061 4061 4061 4061 4061 4061 4061
23 1777277614 3546 3690 387 3641 3578 3620 3620 3588 4061 4061 4061 4061 4061 4061 4061 4061
24 1777277614 3545 3690 387 3640 3578 3620 3620 3588 4061 4061 4061 4061 4061 4061 4061 4061
25 1777277614 3547 3691 387 3641 3579 3621 3621 3589 4061 4061 4061 4061 4061 4061 4061 4061
26 1777277614 3546 3691 387 3641 3578 3620 3620 3588 4061 4061 4060 4060 4060 4060 4060 4060
27 1777277614 3546 3690 387 3640 3578 3620 3620 3588 4061 4061 4061 4061 4061 4061 4061 4061
28 1777277614 3546 3690 387 3640 3578 3620 3621 3589 4063 4063 4062 4062 4062 4062 4062 4062
29 1777277614 3546 3690 386 3639 3578 3620 3620 3588 4063 4061 4061 4061 4061 4061 4061 4061
30 1777277614 3545 3689 387 3639 3578 3620 3619 3587 4061 4061 4061 4061 4061 4061 4061 4061
31 1777277614 3546 3690 386 3639 3578 3620 3620 3588 4063 4063 4062 4062 4062 4062 4062 4062
32 1777277615 3546 3689 387 3640 3577 3619 3619 3587 4061 4061 4060 4060 4060 4060 4060 4060
33 1777277615 3546 3691 387 3640 3578 3620 3620 3588 4061 4061 4061 4061 4061 4061 4061 4061
34 1777277615 3547 3691 387 3641 3579 3620 3621 3589 4061 4061 4060 4060 4060 4060 4060 4060
35 1777277615 3546 3691 387 3641 3579 3621 3621 3588 4061 4061 4060 4060 4060 4060 4060 4060
36 1777277615 3546 3690 387 3641 3579 3621 3620 3588 4063 4061 4061 4061 4061 4061 4061 4061
37 1777277623 3545 3690 387 3640 3578 3620 3619 3587 4061 4061 4060 4060 4060 4060 4060 4060
38 1777277623 3545 3690 386 3640 3578 3620 3620 3588 4063 4063 4062 4062 4062 4062 4062 4062
39 1777277623 3545 3690 387 3640 3578 3619 3620 3587 4061 4061 4061 4061 4061 4061 4061 4061
40 1777277623 3546 3690 387 3639 3577 3619 3619 3587 4061 4061 4061 4061 4061 4061 4061 4061
41 1777277623 3546 3691 387 3640 3578 3620 3619 3588 4061 4061 4061 4061 4061 4061 4061 4061
42 1777277623 3545 3690 387 3640 3578 3620 3620 3588 4063 4062 4062 4062 4062 4062 4062 4062
43 1777277623 3546 3690 387 3640 3578 3620 3620 3588 4061 4061 4061 4061 4061 4061 4061 4061
44 1777277623 3546 3690 388 3640 3578 3620 3620 3588 4061 4061 4061 4061 4061 4061 4061 4061
45 1777277623 3545 3690 387 3639 3578 3619 3619 3587 4061 4061 4061 4061 4061 4061 4061 4061
46 1777277623 3547 3691 387 3641 3579 3620 3620 3589 4061 4061 4061 4061 4061 4061 4061 4061
47 1777277623 3546 3691 387 3640 3578 3620 3620 3588 4063 4063 4062 4062 4062 4062 4062 4062
48 1777277623 3546 3690 387 3640 3579 3620 3620 3588 4063 4063 4062 4062 4062 4062 4062 4062
49 1777277623 3545 3690 387 3640 3578 3619 3619 3587 4063 4063 4062 4062 4062 4062 4062 4062
50 1777277623 3546 3690 387 3640 3578 3620 3620 3588 4061 4061 4060 4060 4060 4060 4060 4060
51 1777277623 3546 3690 387 3640 3578 3620 3620 3588 4063 4063 4062 4062 4062 4062 4062 4062
52 1777277623 3546 3690 387 3640 3578 3620 3620 3588 4061 4061 4061 4061 4061 4061 4061 4061
53 1777277623 3547 3691 387 3641 3579 3621 3621 3589 4061 4061 4061 4061 4061 4061 4061 4061
54 1777277623 3546 3691 387 3640 3578 3621 3620 3588 4061 4061 4060 4060 4060 4060 4060 4060
55 1777277623 3546 3690 387 3640 3578 3620 3619 3588 4063 4061 4061 4061 4061 4061 4061 4061
56 1777277623 3546 3690 387 3639 3579 3620 3621 3588 4061 4061 4061 4061 4061 4061 4061 4061
57 1777277623 3548 3691 387 3641 3579 3621 3621 3589 4063 4062 4062 4062 4062 4062 4062 4062
58 1777277623 3546 3690 388 3640 3578 3620 3620 3588 4061 4061 4061 4061 4061 4061 4061 4061
59 1777277623 3548 3692 387 3642 3580 3622 3622 3590 4061 4061 4061 4061 4061 4061 4061 4061
60 1777277623 3546 3691 387 3640 3579 3620 3620 3588 4061 4061 4061 4061 4061 4061 4061 4061
61 1777277623 3547 3691 387 3641 3578 3620 3620 3588 4061 4061 4061 4061 4061 4061 4061 4061
62 1777277623 3546 3691 387 3641 3579 3621 3621 3588 4061 4061 4061 4061 4061 4061 4061 4061
63 1777277623 3546 3691 387 3640 3579 3620 3620 3589 4063 4063 4062 4062 4062 4062 4062 4062
64 1777277623 3547 3691 387 3642 3579 3621 3621 3589 4063 4062 4062 4062 4062 4062 4062 4062
65 1777277623 3547 3691 387 3642 3579 3621 3621 3588 4063 4063 4062 4062 4062 4062 4062 4062
66 1777277623 3546 3690 386 3640 3578 3620 3620 3588 4061 4061 4061 4061 4061 4061 4061 4061
67 1777277623 3547 3692 387 3642 3580 3621 3621 3589 4063 4061 4061 4061 4061 4061 4061 4061
68 1777277623 3547 3691 387 3641 3579 3621 3621 3589 4063 4063 4062 4062 4062 4062 4062 4062
69 1777277623 3547 3691 387 3641 3579 3621 3621 3589 4063 4061 4061 4061 4061 4061 4061 4061
70 1777277623 3547 3691 387 3641 3579 3621 3621 3588 4061 4061 4061 4061 4061 4061 4061 4061
71 1777277623 3546 3691 387 3640 3578 3620 3621 3588 4063 4062 4062 4062 4062 4062 4062 4062
72 1777277623 3547 3691 387 3641 3579 3621 3621 3589 4061 4061 4060 4060 4060 4060 4060 4060
73 1777277623 3547 3692 387 3641 3579 3621 3621 3589 4061 4061 4061 4061 4061 4061 4061 4061
74 1777277623 3547 3691 387 3641 3579 3621 3621 3590 4063 4063 4062 4062 4062 4062 4062 4062
75 1777277623 3548 3692 387 3642 3580 3621 3621 3589 4063 4063 4062 4062 4062 4062 4062 4062
76 1777277623 3547 3692 388 3641 3579 3621 3621 3589 4061 4061 4061 4061 4061 4061 4061 4061
77 1777277623 3547 3691 387 3641 3578 3620 3621 3588 4063 4063 4062 4062 4062 4062 4062 4062
78 1777277623 3548 3692 387 3641 3580 3622 3622 3590 4061 4061 4061 4061 4061 4061 4061 4061
79 1777277623 3546 3691 387 3640 3579 3621 3621 3589 4063 4063 4062 4062 4062 4062 4062 4062
80 1777277623 3548 3691 388 3641 3579 3621 3621 3590 4061 4061 4061 4061 4061 4061 4061 4061
81 1777277623 3548 3693 387 3642 3579 3622 3621 3590 4061 4061 4061 4061 4061 4061 4061 4061
82 1777277623 3546 3691 387 3641 3578 3621 3621 3589 4061 4061 4061 4061 4061 4061 4061 4061
83 1777277631 3545 3690 388 3640 3578 3620 3620 3587 4063 4063 4062 4062 4062 4062 4062 4062
84 1777277631 3546 3690 387 3641 3578 3620 3621 3589 4061 4060 4060 4060 4060 4060 4060 4060
85 1777277631 3546 3691 387 3641 3579 3620 3620 3589 4063 4063 4062 4062 4062 4062 4062 4062
86 1777277631 3546 3691 387 3640 3578 3621 3621 3589 4061 4061 4061 4061 4061 4061 4061 4061
87 1777277631 3547 3691 387 3641 3579 3620 3620 3589 4061 4061 4061 4061 4061 4061 4061 4061
88 1777277631 3546 3691 387 3640 3578 3621 3620 3589 4063 4063 4062 4062 4062 4062 4062 4062
89 1777277631 3546 3691 387 3641 3579 3621 3621 3589 4061 4061 4061 4061 4061 4061 4061 4061
90 1777277631 3548 3692 387 3642 3580 3621 3621 3589 4063 4062 4062 4062 4062 4062 4062 4062
91 1777277631 3546 3690 388 3640 3578 3620 3621 3588 4061 4060 4060 4060 4060 4060 4060 4060
92 1777277631 3546 3691 387 3640 3579 3620 3620 3589 4061 4061 4061 4061 4061 4061 4061 4061
93 1777277631 3547 3691 387 3641 3579 3621 3621 3589 4063 4061 4061 4061 4061 4061 4061 4061
94 1777277631 3546 3690 387 3640 3578 3620 3620 3588 4063 4063 4062 4062 4062 4062 4062 4062
95 1777277631 3546 3691 388 3641 3579 3621 3621 3589 4061 4061 4061 4061 4061 4061 4061 4061
96 1777277631 3547 3691 387 3642 3580 3622 3622 3590 4063 4063 4062 4062 4062 4062 4062 4062
97 1777277631 3546 3690 388 3640 3578 3620 3620 3588 4063 4062 4062 4062 4062 4062 4062 4062
98 1777277631 3547 3691 387 3641 3579 3620 3621 3589 4063 4063 4062 4062 4062 4062 4062 4062
99 1777277631 3546 3690 388 3640 3578 3621 3621 3589 4063 4063 4062 4062 4062 4062 4062 4062
100 1777277631 3546 3691 387 3640 3578 3621 3620 3588 4063 4063 4062 4062 4062 4062 4062 4062
101 1777277631 3547 3692 388 3641 3579 3621 3621 3589 4063 4062 4062 4062 4062 4062 4062 4062
102 1777277631 3546 3690 388 3640 3578 3620 3620 3588 4063 4063 4062 4062 4062 4062 4062 4062
103 1777277631 3547 3692 388 3641 3579 3621 3621 3589 4063 4063 4062 4062 4062 4062 4062 4062
104 1777277631 3547 3691 388 3640 3578 3620 3621 3589 4061 4061 4061 4061 4061 4061 4061 4061
105 1777277631 3548 3691 390 3641 3579 3621 3621 3589 4061 4061 4061 4061 4061 4061 4061 4061
106 1777277631 3546 3690 389 3640 3578 3620 3621 3588 4061 4061 4060 4060 4060 4060 4060 4060
107 1777277631 3547 3691 388 3641 3579 3621 3621 3589 4063 4062 4062 4062 4062 4062 4062 4062
108 1777277631 3548 3692 387 3642 3579 3621 3622 3590 4061 4061 4061 4061 4061 4061 4061 4061
109 1777277631 3547 3691 387 3640 3578 3621 3621 3589 4061 4061 4061 4061 4061 4061 4061 4061
110 1777277632 3547 3691 388 3640 3579 3621 3621 3589 4061 4061 4061 4061 4061 4061 4061 4061
111 1777277632 3547 3692 388 3641 3579 3621 3621 3589 4061 4061 4061 4061 4061 4061 4061 4061
112 1777277632 3547 3692 387 3642 3579 3622 3622 3590 4063 4063 4062 4062 4062 4062 4062 4062
113 1777277632 3548 3692 388 3641 3579 3621 3621 3589 4061 4061 4061 4061 4061 4061 4061 4061
114 1777277632 3547 3691 387 3641 3579 3621 3621 3589 4061 4061 4060 4060 4060 4060 4060 4060
115 1777277632 3546 3691 388 3640 3579 3620 3621 3589 4061 4061 4061 4061 4061 4061 4061 4061
116 1777277632 3547 3692 387 3641 3579 3621 3621 3589 4063 4063 4062 4062 4062 4062 4062 4062
117 1777277632 3548 3692 388 3641 3580 3622 3622 3590 4063 4063 4062 4062 4062 4062 4062 4062
118 1777277632 3547 3691 388 3640 3579 3621 3622 3589 4063 4063 4062 4062 4062 4062 4062 4062
119 1777277632 3547 3691 388 3641 3579 3621 3621 3589 4061 4061 4061 4061 4061 4061 4061 4061
120 1777277632 3547 3691 387 3641 3579 3621 3622 3589 4061 4061 4061 4061 4061 4061 4061 4061
121 1777277632 3547 3691 388 3641 3580 3622 3622 3590 4061 4061 4061 4061 4061 4061 4061 4061
122 1777277632 3547 3691 387 3641 3579 3621 3621 3589 4061 4061 4061 4061 4061 4061 4061 4061
123 1777277632 3548 3692 388 3642 3580 3622 3621 3589 4063 4062 4062 4062 4062 4062 4062 4062
124 1777277632 3548 3692 387 3642 3580 3622 3622 3590 4063 4063 4062 4062 4062 4062 4062 4062
125 1777277632 3547 3691 388 3641 3579 3621 3621 3589 4063 4063 4062 4062 4062 4062 4062 4062
126 1777277632 3547 3691 388 3641 3579 3621 3621 3589 4063 4062 4062 4062 4062 4062 4062 4062
127 1777277632 3547 3691 388 3641 3579 3621 3621 3589 4063 4063 4062 4062 4062 4062 4062 4062
128 1777277632 3547 3691 388 3641 3579 3621 3621 3589 4063 4063 4062 4062 4062 4062 4062 4062
129 1777277632 3547 3692 388 3641 3579 3621 3621 3589 4061 4061 4061 4061 4061 4061 4061 4061
130 1777277632 3547 3692 388 3642 3580 3622 3622 3590 4061 4061 4061 4061 4061 4061 4061 4061
131 1777277632 3548 3692 388 3642 3580 3621 3621 3589 4061 4061 4060 4060 4060 4060 4060 4060
132 1777277632 3548 3693 387 3642 3580 3623 3622 3591 4061 4061 4061 4061 4061 4061 4061 4061
133 1777277632 3546 3690 388 3640 3579 3621 3621 3589 4061 4061 4061 4061 4061 4061 4061 4061
134 1777277632 3547 3691 388 3640 3579 3621 3621 3589 4061 4061 4060 4060 4060 4060 4060 4060
135 1777277632 3547 3692 388 3641 3579 3621 3621 3589 4063 4063 4062 4062 4062 4062 4062 4062
136 1777277632 3548 3691 388 3642 3579 3622 3622 3590 4061 4061 4061 4061 4061 4061 4061 4061
137 1777277632 3548 3692 387 3642 3580 3622 3622 3590 4061 4061 4061 4061 4061 4061 4061 4061
138 1777277632 3548 3692 388 3642 3580 3622 3622 3590 4061 4061 4061 4061 4061 4061 4061 4061
139 1777277632 3547 3692 388 3642 3579 3621 3621 3590 4063 4063 4062 4062 4062 4062 4062 4062
140 1777277632 3546 3691 387 3641 3579 3621 3620 3589 4063 4063 4062 4062 4062 4062 4062 4062
141 1777277632 3547 3692 388 3641 3579 3621 3621 3589 4063 4063 4062 4062 4062 4062 4062 4062
142 1777277632 3547 3692 388 3641 3579 3621 3621 3589 4061 4061 4061 4061 4061 4061 4061 4061
143 1777277632 3547 3692 388 3641 3579 3621 3621 3590 4063 4062 4062 4062 4062 4062 4062 4062
144 1777277632 3547 3691 388 3641 3579 3621 3621 3590 4063 4062 4062 4062 4062 4062 4062 4062
145 1777277632 3547 3692 388 3641 3580 3621 3622 3590 4061 4061 4061 4061 4061 4061 4061 4061
146 1777277632 3548 3692 388 3642 3580 3623 3623 3590 4061 4061 4061 4061 4061 4061 4061 4061
147 1777277632 3547 3691 388 3641 3579 3622 3621 3589 4061 4061 4060 4060 4060 4060 4060 4060
148 1777277632 3547 3692 387 3642 3579 3621 3622 3589 4061 4061 4060 4060 4060 4060 4060 4060
149 1777277632 3548 3693 387 3641 3580 3622 3622 3590 4061 4061 4061 4061 4061 4061 4061 4061
150 1777277632 3547 3692 388 3642 3580 3622 3622 3590 4061 4061 4060 4060 4060 4060 4060 4060
151 1777277632 3547 3691 388 3641 3580 3622 3622 3590 4061 4061 4060 4060 4060 4060 4060 4060
152 1777277632 3547 3691 387 3641 3579 3622 3622 3590 4061 4061 4061 4061 4061 4061 4061 4061
153 1777277632 3547 3692 388 3641 3579 3621 3621 3590 4063 4062 4062 4062 4062 4062 4062 4062
154 1777277632 3547 3692 387 3642 3580 3621 3622 3590 4061 4060 4060 4060 4060 4060 4060 4060
155 1777277632 3547 3692 388 3642 3580 3622 3622 3590 4063 4063 4062 4062 4062 4062 4062 4062
156 1777277632 3548 3692 388 3642 3580 3622 3622 3591 4061 4061 4061 4061 4061 4061 4061 4061
157 1777277632 3547 3692 388 3641 3579 3621 3621 3589 4061 4061 4060 4060 4060 4060 4060 4060
158 1777277632 3549 3693 388 3643 3581 3622 3622 3590 4063 4063 4062 4062 4062 4062 4062 4062
159 1777277632 3548 3692 388 3642 3580 3622 3621 3590 4063 4062 4062 4062 4062 4062 4062 4062
160 1777277632 3549 3693 388 3642 3581 3623 3623 3591 4061 4061 4061 4061 4061 4061 4061 4061
161 1777277632 3548 3692 388 3641 3580 3622 3622 3590 4061 4061 4060 4060 4060 4060 4060 4060
162 1777277632 3547 3691 388 3641 3579 3621 3621 3590 4061 4061 4060 4060 4060 4060 4060 4060
163 1777277632 3548 3692 388 3642 3580 3622 3622 3590 4061 4061 4061 4061 4061 4061 4061 4061
164 1777277632 3547 3692 388 3642 3579 3621 3621 3590 4061 4061 4061 4061 4061 4061 4061 4061
165 1777277632 3548 3692 388 3642 3580 3622 3622 3590 4061 4061 4061 4061 4061 4061 4061 4061
166 1777277632 3548 3693 388 3642 3580 3622 3622 3590 4061 4061 4061 4061 4061 4061 4061 4061
167 1777277632 3546 3691 388 3640 3579 3621 3621 3589 4061 4061 4061 4061 4061 4061 4061 4061
168 1777277632 3548 3693 387 3642 3581 3623 3623 3591 4063 4063 4062 4062 4062 4062 4062 4062
169 1777277632 3548 3692 388 3642 3580 3622 3622 3591 4061 4061 4061 4061 4061 4061 4061 4061
170 1777277632 3548 3692 389 3642 3580 3623 3623 3590 4063 4063 4062 4062 4062 4062 4062 4062
171 1777277632 3548 3692 388 3642 3579 3621 3622 3590 4061 4061 4061 4061 4061 4061 4061 4061
172 1777277632 3548 3692 388 3642 3580 3622 3622 3590 4063 4063 4062 4062 4062 4062 4062 4062
173 1777277632 3547 3691 388 3641 3579 3621 3622 3589 4061 4061 4061 4061 4061 4061 4061 4061
174 1777277632 3548 3693 388 3642 3580 3622 3622 3590 4061 4061 4061 4061 4061 4061 4061 4061
175 1777277632 3547 3692 388 3642 3580 3622 3622 3590 4063 4063 4062 4062 4062 4062 4062 4062
176 1777277632 3548 3693 388 3642 3580 3622 3623 3590 4063 4063 4063 4063 4063 4063 4063 4063
177 1777277632 3548 3692 388 3641 3580 3622 3622 3590 4061 4061 4060 4060 4060 4060 4060 4060
178 1777277632 3547 3692 388 3642 3581 3622 3623 3590 4063 4063 4062 4062 4062 4062 4062 4062
179 1777277632 3548 3692 388 3641 3580 3622 3622 3590 4061 4061 4061 4061 4061 4061 4061 4061
180 1777277632 3548 3693 388 3642 3580 3622 3622 3591 4061 4061 4060 4060 4060 4060 4060 4060
181 1777277632 3549 3693 388 3643 3581 3623 3623 3591 4061 4061 4061 4061 4061 4061 4061 4061
182 1777277633 3548 3692 388 3640 3580 3622 3622 3590 4061 4061 4061 4061 4061 4061 4061 4061
183 1777277633 3547 3691 388 3641 3579 3622 3622 3590 4061 4060 4060 4060 4060 4060 4060 4060
184 1777277633 3548 3692 388 3642 3580 3622 3622 3590 4061 4061 4061 4061 4061 4061 4061 4061
185 1777277633 3548 3692 389 3643 3581 3623 3623 3591 4061 4061 4061 4061 4061 4061 4061 4061
186 1777277633 3548 3693 388 3642 3580 3623 3622 3591 4061 4061 4060 4060 4060 4060 4060 4060
187 1777277633 3547 3691 388 3641 3579 3620 3620 3588 4063 4062 4062 4062 4062 4062 4062 4062
188 1777277633 3548 3692 388 3642 3580 3622 3622 3590 4061 4061 4061 4061 4061 4061 4061 4061
189 1777277633 3548 3692 388 3641 3579 3622 3622 3590 4063 4061 4061 4061 4061 4061 4061 4061
190 1777277633 3548 3692 389 3642 3580 3622 3622 3590 4063 4063 4062 4062 4062 4062 4062 4062
191 1777277633 3548 3692 388 3641 3579 3622 3622 3590 4063 4063 4062 4062 4062 4062 4062 4062
192 1777277633 3548 3693 388 3642 3581 3622 3623 3591 4063 4063 4062 4062 4062 4062 4062 4062
193 1777277633 3548 3693 388 3642 3581 3622 3622 3590 4061 4061 4060 4060 4060 4060 4060 4060
194 1777277633 3549 3693 388 3643 3581 3623 3623 3591 4061 4061 4061 4061 4061 4061 4061 4061
195 1777277633 3548 3692 388 3642 3580 3622 3622 3590 4061 4061 4061 4061 4061 4061 4061 4061
196 1777277633 3548 3692 388 3642 3580 3622 3623 3590 4063 4063 4062 4062 4062 4062 4062 4062
197 1777277633 3549 3693 389 3641 3580 3622 3622 3590 4061 4061 4061 4061 4061 4061 4061 4061
198 1777277633 3549 3693 388 3642 3581 3623 3623 3591 4063 4063 4062 4062 4062 4062 4062 4062
199 1777277633 3548 3692 388 3642 3580 3622 3623 3591 4063 4063 4062 4062 4062 4062 4062 4062
200 1777277633 3547 3691 389 3641 3579 3622 3622 3590 4061 4061 4060 4060 4060 4060 4060 4060
201 1777277633 3548 3692 388 3642 3580 3623 3622 3590 4063 4063 4062 4062 4062 4062 4062 4062
202 1777277633 3548 3692 388 3641 3580 3621 3621 3589 4061 4061 4060 4060 4060 4060 4060 4060
203 1777277633 3547 3692 388 3641 3579 3622 3622 3590 4061 4061 4060 4060 4060 4060 4060 4060
204 1777277633 3548 3692 388 3642 3580 3622 3622 3589 4061 4061 4060 4060 4060 4060 4060 4060
205 1777277633 3548 3693 388 3642 3581 3622 3623 3591 4061 4061 4061 4061 4061 4061 4061 4061
206 1777277633 3548 3693 388 3642 3580 3622 3623 3591 4063 4063 4062 4062 4062 4062 4062 4062
207 1777277633 3549 3693 388 3642 3580 3622 3623 3591 4059 4059 4058 4058 4058 4058 4058 4058
208 1777277633 3547 3691 388 3641 3579 3621 3621 3589 4061 4061 4061 4061 4061 4061 4061 4061
209 1777277633 3548 3692 388 3642 3580 3623 3622 3591 4061 4061 4061 4061 4061 4061 4061 4061
210 1777277633 3548 3693 388 3642 3580 3622 3622 3590 4061 4061 4061 4061 4061 4061 4061 4061
211 1777277633 3548 3693 388 3642 3580 3622 3622 3590 4061 4061 4061 4061 4061 4061 4061 4061
212 1777277633 3547 3692 388 3642 3580 3622 3622 3590 4061 4061 4061 4061 4061 4061 4061 4061
213 1777277633 3548 3693 388 3641 3580 3623 3622 3590 4063 4061 4061 4061 4061 4061 4061 4061
214 1777277633 3548 3692 388 3642 3580 3622 3622 3590 4063 4063 4062 4062 4062 4062 4062 4062
215 1777277633 3548 3692 388 3642 3580 3622 3622 3590 4063 4063 4062 4062 4062 4062 4062 4062
216 1777277633 3549 3692 388 3642 3581 3622 3622 3591 4063 4063 4062 4062 4062 4062 4062 4062
217 1777277633 3548 3692 388 3641 3580 3622 3622 3590 4061 4061 4061 4061 4061 4061 4061 4061
218 1777277633 3548 3693 388 3642 3580 3622 3622 3590 4061 4061 4060 4060 4060 4060 4060 4060
219 1777277633 3548 3692 388 3642 3580 3622 3622 3590 4061 4061 4061 4061 4061 4061 4061 4061
220 1777277633 3549 3694 388 3642 3580 3622 3622 3591 4063 4062 4062 4062 4062 4062 4062 4062
221 1777277633 3548 3693 388 3642 3580 3622 3622 3590 4061 4061 4061 4061 4061 4061 4061 4061
222 1777277633 3548 3692 388 3641 3579 3621 3621 3589 4057 4057 4057 4057 4057 4057 4057 4057
223 1777277633 3548 3692 388 3642 3580 3622 3622 3591 4063 4063 4062 4062 4062 4062 4062 4062
224 1777277633 3548 3692 389 3642 3580 3622 3622 3591 4061 4061 4061 4061 4061 4061 4061 4061
225 1777277633 3548 3693 388 3643 3581 3622 3622 3591 4063 4063 4062 4062 4062 4062 4062 4062
226 1777277633 3548 3693 389 3643 3581 3622 3622 3590 4063 4062 4062 4062 4062 4062 4062 4062
227 1777277633 3547 3692 388 3641 3579 3621 3621 3589 4063 4063 4062 4062 4062 4062 4062 4062
228 1777277633 3548 3693 388 3642 3580 3623 3623 3591 4063 4063 4062 4062 4062 4062 4062 4062
229 1777277633 3548 3692 388 3643 3581 3622 3622 3590 4061 4061 4061 4061 4061 4061 4061 4061
230 1777277633 3548 3692 388 3642 3580 3622 3622 3590 4061 4061 4061 4061 4061 4061 4061 4061
231 1777277633 3547 3692 388 3642 3580 3621 3622 3590 4061 4061 4061 4061 4061 4061 4061 4061
232 1777277633 3547 3691 389 3641 3579 3621 3622 3590 4061 4061 4060 4060 4060 4060 4060 4060
233 1777277633 3549 3694 390 3643 3580 3623 3623 3591 4061 4060 4060 4060 4060 4060 4060 4060
234 1777277633 3548 3692 389 3642 3580 3622 3622 3590 4063 4063 4062 4062 4062 4062 4062 4062
235 1777277633 3548 3693 389 3643 3580 3623 3623 3591 4061 4060 4060 4060 4060 4060 4060 4060
236 1777277633 3548 3693 389 3642 3581 1721 3622 3591 4063 4063 4062 4062 4062 4062 4062 4062
237 1777277633 3548 3692 388 3641 3580 3622 3622 3590 4061 4061 4061 4061 4061 4061 4061 4061
238 1777277633 3548 3693 389 3643 3581 3623 3623 3591 4061 4061 4061 4061 4061 4061 4061 4061
239 1777277633 3546 3690 386 3640 3579 3620 3621 3589 4063 4061 4061 4061 4061 4061 4061 4061
240 1777277633 3547 3690 387 3640 3578 3620 3620 3588 4063 4063 4062 4062 4062 4062 4062 4062
241 1777277633 3546 3691 387 3640 3578 3620 3620 3588 4061 4061 4061 4061 4061 4061 4061 4061
242 1777277633 3546 3691 387 3640 3578 3621 3621 3589 4059 4059 4059 4059 4059 4059 4059 4059
243 1777277633 3545 3690 387 3640 3578 3620 3620 3588 4061 4061 4061 4061 4061 4061 4061 4061
244 1777277633 3546 3691 387 3640 3578 3620 3620 3588 4061 4059 4059 4059 4059 4059 4059 4059
245 1777277633 3546 3690 386 3640 3578 3620 3620 3588 4061 4061 4060 4060 4060 4060 4060 4060
246 1777277633 3545 3689 387 3640 3578 3619 3619 3587 4061 4061 4061 4061 4061 4061 4061 4061
247 1777277633 3547 3691 387 3639 3579 3620 3621 3589 4061 4061 4060 4060 4060 4060 4060 4060
248 1777277633 3545 3690 387 3638 3577 3619 3619 3588 4061 4061 4061 4061 4061 4061 4061 4061
249 1777277633 3546 3691 386 3641 3579 3621 3620 3589 4061 4061 4061 4061 4061 4061 4061 4061
250 1777277633 3547 3691 387 3640 3578 3621 3621 3588 4059 4059 4058 4058 4058 4058 4058 4058
251 1777277633 3547 3691 387 3640 3578 3620 3620 3589 4063 4062 4062 4062 4062 4062 4062 4062
252 1777277634 3546 3691 387 3641 3579 3621 3621 3589 4061 4061 4061 4061 4061 4061 4061 4061
253 1777277634 3547 3692 386 3641 3580 3621 3621 3589 4063 4063 4062 4062 4062 4062 4062 4062
254 1777277634 3547 3691 387 3640 3579 3621 3622 3590 4061 4061 4061 4061 4061 4061 4061 4061
255 1777277634 3547 3692 386 3641 3579 3621 3621 3590 4061 4061 4061 4061 4061 4061 4061 4061
256 1777277634 3546 3691 387 3640 3578 3620 3620 3588 4063 4063 4062 4062 4062 4062 4062 4062
257 1777277634 3546 3690 386 3640 3578 3620 3620 3588 4063 4063 4062 4062 4062 4062 4062 4062
258 1777277634 3546 3690 387 3640 3578 3620 3620 3588 4061 4061 4061 4061 4061 4061 4061 4061
259 1777277634 3547 3690 387 3640 3578 3620 3621 3588 4061 4061 4061 4061 4061 4061 4061 4061
260 1777277634 3547 3691 387 3640 3578 3620 3620 3588 4063 4063 4062 4062 4062 4062 4062 4062
261 1777277634 3546 3691 387 3641 3579 3621 3621 3589 4061 4061 4060 4060 4060 4060 4060 4060
262 1777277634 3547 3692 387 3640 3579 3621 3621 3589 4061 4061 4061 4061 4061 4061 4061 4061
263 1777277634 3546 3689 387 3639 3577 3619 3619 3587 4061 4061 4060 4060 4060 4060 4060 4060
264 1777277634 3548 3692 386 3642 3580 3622 3622 3589 4063 4063 4062 4062 4062 4062 4062 4062
265 1777277634 3547 3691 387 3641 3579 3621 3621 3589 4061 4061 4060 4060 4060 4060 4060 4060
266 1777277634 3546 3690 387 3640 3578 3620 3620 3588 4063 4061 4061 4061 4061 4061 4061 4061
267 1777277634 3547 3691 388 3641 3579 3620 3620 3589 4061 4061 4061 4061 4061 4061 4061 4061
268 1777277634 3546 3690 387 3640 3578 3620 3620 3588 4061 4061 4061 4061 4061 4061 4061 4061
269 1777277634 3547 3691 387 3641 3579 3621 3621 3589 4063 4063 4062 4062 4062 4062 4062 4062
270 1777277634 3547 3691 387 3640 3578 3620 3620 3588 4063 4063 4062 4062 4062 4062 4062 4062
271 1777277634 3547 3691 387 3641 3579 3621 3621 3590 4061 4061 4060 4060 4060 4060 4060 4060
272 1777277634 3546 3691 387 3641 3578 3620 3620 3589 4061 4061 4060 4060 4060 4060 4060 4060
273 1777277634 3547 3691 387 3641 3578 3620 3621 3589 4063 4063 4062 4062 4062 4062 4062 4062
274 1777277634 3546 3690 387 3640 3578 3620 3620 3588 4061 4061 4061 4061 4061 4061 4061 4061
275 1777277634 3548 3692 387 3642 3580 3622 3622 3589 4061 4061 4061 4061 4061 4061 4061 4061
276 1777277634 3547 3691 386 3641 3579 3621 3621 3589 4063 4062 4062 4062 4062 4062 4062 4062
277 1777277634 3547 3690 386 3640 3579 3621 3620 3588 4063 4061 4061 4061 4061 4061 4061 4061
278 1777277634 3546 3690 387 3640 3578 3620 3620 3588 4061 4061 4061 4061 4061 4061 4061 4061
279 1777277634 3547 3692 387 3641 3579 3621 3621 3589 4063 4063 4062 4062 4062 4062 4062 4062
280 1777277634 3546 3691 387 3641 3578 3620 3621 3589 4061 4061 4061 4061 4061 4061 4061 4061
281 1777277634 3547 3691 387 3641 3578 3621 3621 3588 4061 4061 4061 4061 4061 4061 4061 4061
282 1777277634 3547 3691 387 3642 3579 3621 3621 3589 4061 4061 4061 4061 4061 4061 4061 4061
283 1777277634 3547 3691 387 3641 3579 3621 3621 3589 4063 4063 4062 4062 4062 4062 4062 4062
284 1777277634 3546 3691 387 3640 3579 3620 3620 3588 4061 4061 4061 4061 4061 4061 4061 4061
285 1777277634 3546 3690 387 3640 3578 3620 3621 3589 4061 4061 4061 4061 4061 4061 4061 4061
286 1777277634 3548 3692 387 3642 3579 3621 3621 3589 4063 4063 4062 4062 4062 4062 4062 4062
287 1777277634 3547 3691 387 3641 3579 3620 3620 3588 4063 4063 4062 4062 4062 4062 4062 4062
288 1777277634 3547 3691 387 3641 3579 3621 3621 3589 4061 4061 4061 4061 4061 4061 4061 4061
289 1777277634 3547 3691 386 3641 3579 3622 3621 3589 4063 4063 4062 4062 4062 4062 4062 4062
290 1777277634 3547 3692 386 3642 3580 3622 3622 3589 4061 4061 4061 4061 4061 4061 4061 4061
291 1777277634 3546 3691 387 3639 3578 3620 3620 3588 4061 4061 4061 4061 4061 4061 4061 4061
292 1777277634 3546 3691 387 3641 3579 3621 3620 3588 4063 4061 4061 4061 4061 4061 4061 4061
293 1777277634 3548 3692 387 3641 3580 3622 3622 3590 4063 4063 4062 4062 4062 4062 4062 4062
294 1777277634 3546 3691 387 3640 3578 3620 3621 3589 4063 4063 4062 4062 4062 4062 4062 4062
295 1777277634 3547 3691 387 3640 3579 3621 3621 3588 4063 4063 4062 4062 4062 4062 4062 4062
296 1777277634 3546 3690 387 3640 3578 3620 3620 3589 4061 4061 4060 4060 4060 4060 4060 4060
297 1777277634 3547 3691 387 3641 3580 3622 3622 3590 4061 4061 4061 4061 4061 4061 4061 4061
298 1777277634 3546 3691 387 3640 3579 3621 3621 3588 4061 4061 4060 4060 4060 4060 4060 4060
299 1777277634 3548 3691 388 3641 3579 3621 3621 3589 4061 4061 4061 4061 4061 4061 4061 4061
300 1777277634 3546 3691 387 3640 3579 3621 3621 3589 4061 4061 4061 4061 4061 4061 4061 4061
301 1777277634 3547 3692 386 3641 3579 3621 3621 3589 4061 4061 4061 4061 4061 4061 4061 4061
302 1777277634 3547 3692 387 3642 3580 3621 3621 3589 4063 4061 4061 4061 4061 4061 4061 4061
303 1777277634 3547 3691 387 3641 3579 3622 3621 3589 4061 4061 4060 4060 4060 4060 4060 4060
304 1777277634 3547 3691 387 3641 3579 3621 3621 3589 4063 4062 4062 4062 4062 4062 4062 4062
305 1777277634 3546 3690 387 3641 3578 3620 3620 3588 4061 4061 4061 4061 4061 4061 4061 4061
306 1777277634 3547 3691 387 3642 3579 3621 3621 3590 4063 4063 4062 4062 4062 4062 4062 4062
307 1777277634 3547 3692 388 3641 3579 3621 3622 3590 4063 4063 4062 4062 4062 4062 4062 4062
308 1777277634 3547 3691 387 3641 3579 3621 3620 3589 4061 4061 4061 4061 4061 4061 4061 4061
309 1777277634 3548 3692 387 3641 3579 3622 3621 3589 4063 4061 4061 4061 4061 4061 4061 4061
310 1777277634 3547 3691 387 3640 3579 3621 3621 3589 4063 4063 4062 4062 4062 4062 4062 4062
311 1777277634 3547 3691 388 3639 3579 3621 3621 3589 4061 4060 4060 4060 4060 4060 4060 4060
312 1777277634 3547 3691 387 3640 3578 3620 3620 3588 4063 4063 4062 4062 4062 4062 4062 4062
313 1777277634 3546 3690 387 3640 3579 3620 3620 3589 4063 4063 4062 4062 4062 4062 4062 4062
314 1777277635 3548 3692 387 3642 3580 3622 3622 3590 4061 4061 4061 4061 4061 4061 4061 4061
315 1777277635 3548 3692 387 3642 3580 3622 3622 3590 4061 4061 4061 4061 4061 4061 4061 4061
316 1777277635 3547 3691 387 3641 3579 3621 3621 3589 4061 4061 4060 4060 4060 4060 4060 4060
317 1777277635 3547 3691 388 3641 3579 3621 3621 3589 4063 4063 4062 4062 4062 4062 4062 4062
318 1777277635 3547 3691 387 3641 3579 3620 3621 3589 4061 4061 4060 4060 4060 4060 4060 4060
319 1777277635 3547 3691 387 3641 3579 3620 3621 3589 4061 4061 4060 4060 4060 4060 4060 4060
320 1777277635 3547 3691 388 3641 3579 3621 3621 3589 4061 4061 4061 4061 4061 4061 4061 4061
321 1777277635 3547 3692 387 3641 3579 3621 3621 3590 4061 4061 4061 4061 4061 4061 4061 4061
322 1777277635 3547 3691 387 3642 3579 3622 3621 3590 4063 4062 4062 4062 4062 4062 4062 4062
323 1777277635 3547 3691 388 3640 3578 3620 3620 3589 4063 4061 4061 4061 4061 4061 4061 4061
324 1777277635 3548 3692 387 3642 3579 3622 3622 3590 4061 4061 4061 4061 4061 4061 4061 4061
325 1777277635 3547 3692 387 3641 3579 3622 3622 3589 4061 4061 4060 4060 4060 4060 4060 4060
326 1777277635 3547 3692 387 3640 3579 3621 3621 3589 4063 4063 4062 4062 4062 4062 4062 4062
327 1777277635 3547 3691 387 3641 3579 3621 3620 3589 4061 4060 4060 4060 4060 4060 4060 4060
328 1777277635 3547 3691 387 3642 3579 3621 3622 3589 4063 4061 4061 4061 4061 4061 4061 4061
329 1777277635 3547 3691 387 3641 3578 3621 3621 3589 4061 4061 4060 4060 4060 4060 4060 4060
330 1777277635 3547 3692 388 3641 3579 3621 3621 3589 4063 4063 4062 4062 4062 4062 4062 4062
331 1777277635 3548 3692 388 3641 3580 3622 3621 3590 4063 4063 4062 4062 4062 4062 4062 4062
332 1777277635 3547 3691 387 3641 3579 3621 3621 3589 4061 4061 4061 4061 4061 4061 4061 4061
333 1777277635 3548 3693 387 3642 3580 3622 3623 3590 4063 4063 4062 4062 4062 4062 4062 4062
334 1777277635 3547 3692 386 3642 3580 3621 3621 3589 4061 4061 4060 4060 4060 4060 4060 4060
335 1777277635 3547 3692 387 3642 3580 3622 3622 3590 4063 4063 4062 4062 4062 4062 4062 4062
336 1777277635 3548 3692 387 3642 3580 3622 3622 3590 4061 4061 4061 4061 4061 4061 4061 4061
337 1777277635 3546 3690 388 3641 3578 3621 3621 3589 4063 4061 4061 4061 4061 4061 4061 4061
338 1777277635 3548 3692 387 3642 3579 3621 3622 3589 4063 4061 4061 4061 4061 4061 4061 4061
339 1777277635 3546 3691 387 3641 3580 3621 3621 3589 4061 4061 4060 4060 4060 4060 4060 4060
340 1777277635 3547 3692 387 3641 3579 3621 3622 3589 4061 4061 4061 4061 4061 4061 4061 4061
341 1777277635 3547 3692 387 3641 3580 3622 3622 3590 4061 4061 4061 4061 4061 4061 4061 4061
342 1777277635 3547 3692 388 3640 3580 3621 3622 3590 4061 4061 4061 4061 4061 4061 4061 4061
343 1777277635 3547 3692 387 3642 3580 3622 3622 3590 4063 4063 4062 4062 4062 4062 4062 4062
344 1777277635 3547 3691 387 3641 3579 3621 3621 3589 4063 4063 4062 4062 4062 4062 4062 4062
345 1777277635 3547 3691 388 3641 3579 3621 3621 3589 4061 4061 4061 4061 4061 4061 4061 4061
346 1777277635 3548 3693 387 3641 3580 3621 3622 3590 4059 4059 4059 4059 4059 4059 4059 4059
347 1777277635 3547 3692 388 3641 3579 3621 3621 3590 4063 4063 4062 4062 4062 4062 4062 4062
348 1777277635 3547 3691 387 3642 3580 3622 3621 3589 4061 4061 4060 4060 4060 4060 4060 4060
349 1777277635 3548 3692 387 3641 3579 3621 3621 3589 4061 4061 4061 4061 4061 4061 4061 4061
350 1777277635 3547 3692 388 3642 3580 3622 3622 3590 4061 4061 4061 4061 4061 4061 4061 4061
351 1777277635 3547 3691 388 3642 3579 3621 3621 3589 4061 4061 4061 4061 4061 4061 4061 4061
352 1777277643 3546 3690 388 3639 3578 3620 3620 3588 4063 4063 4062 4062 4062 4062 4062 4062
353 1777277643 3546 3691 387 3640 3578 3620 3620 3588 4061 4061 4061 4061 4061 4061 4061 4061
354 1777277643 3547 3692 386 3641 3579 3621 3621 3589 4061 4061 4061 4061 4061 4061 4061 4061
355 1777277643 3546 3691 387 3640 3578 3620 3620 3589 4063 4063 4062 4062 4062 4062 4062 4062
356 1777277643 3546 3691 387 3641 3578 3620 3620 3588 4063 4063 4062 4062 4062 4062 4062 4062
357 1777277643 3547 3691 387 3640 3579 3621 3620 3588 4061 4061 4061 4061 4061 4061 4061 4061
358 1777277643 3547 3691 387 3641 3578 3620 3620 3589 4061 4061 4061 4061 4061 4061 4061 4061
359 1777277643 3547 3691 387 3642 3579 3621 3621 3589 4061 4061 4061 4061 4061 4061 4061 4061
360 1777277643 3547 3691 390 3640 3579 3621 3621 3589 4061 4061 4061 4061 4061 4061 4061 4061
361 1777277643 3547 3691 389 3641 3579 3621 3621 3589 4063 4063 4062 4062 4062 4062 4062 4062
362 1777277643 3546 3690 388 3640 3578 3620 3620 3588 4063 4063 4062 4062 4062 4062 4062 4062
363 1777277643 3547 3691 387 3641 3579 3620 3621 3589 4063 4063 4062 4062 4062 4062 4062 4062
364 1777277643 3546 3691 388 3640 3578 3620 3621 3589 4061 4061 4061 4061 4061 4061 4061 4061
365 1777277643 3547 3692 387 3641 3579 3621 3621 3590 4061 4061 4061 4061 4061 4061 4061 4061
366 1777277643 3547 3692 387 3641 3579 3622 3622 3589 4063 4062 4062 4062 4062 4062 4062 4062
367 1777277643 3547 3691 387 3641 3579 3621 3621 3589 4061 4061 4061 4061 4061 4061 4061 4061
368 1777277643 3546 3691 388 3641 3578 3620 3621 3589 4063 4062 4062 4062 4062 4062 4062 4062
369 1777277643 3547 3691 388 3640 3578 3620 3620 3588 4063 4063 4062 4062 4062 4062 4062 4062
370 1777277643 3547 3691 388 3641 3579 3621 3621 3589 4063 4063 4062 4062 4062 4062 4062 4062
371 1777277643 3548 3692 387 3641 3579 3621 3621 3589 4061 4061 4060 4060 4060 4060 4060 4060
372 1777277643 3547 3692 387 3641 3579 3621 3621 3589 4061 4061 4061 4061 4061 4061 4061 4061
373 1777277643 3547 3692 388 3640 3579 3621 3621 3589 4063 4062 4062 4062 4062 4062 4062 4062
374 1777277643 3547 3691 388 3641 3579 3621 3621 3589 4061 4061 4061 4061 4061 4061 4061 4061
375 1777277643 3547 3692 387 3642 3579 3621 3621 3589 4061 4061 4061 4061 4061 4061 4061 4061
376 1777277643 3547 3692 388 3641 3580 3621 3621 3590 4061 4061 4061 4061 4061 4061 4061 4061
377 1777277643 3547 3691 389 3642 3579 3621 3621 3589 4063 4063 4062 4062 4062 4062 4062 4062
378 1777277643 3547 3691 388 3642 3579 3621 3621 3589 4063 4061 4061 4061 4061 4061 4061 4061
379 1777277643 3547 3691 387 3641 3579 3621 3621 3589 4061 4061 4060 4060 4060 4060 4060 4060
380 1777277643 3547 3692 388 3641 3579 3622 3621 3590 4061 4061 4061 4061 4061 4061 4061 4061
381 1777277643 3548 3692 388 3642 3579 3622 3622 3590 4063 4063 4062 4062 4062 4062 4062 4062
382 1777277643 3547 3691 388 3641 3579 3621 3621 3589 4061 4061 4061 4061 4061 4061 4061 4061
383 1777277643 3547 3691 387 3641 3579 3621 3621 3589 4061 4061 4061 4061 4061 4061 4061 4061
384 1777277643 3545 3690 388 3640 3578 3620 3620 3588 4063 4063 4062 4062 4062 4062 4062 4062
385 1777277643 3547 3691 389 3640 3579 3621 3621 3589 4061 4061 4061 4061 4061 4061 4061 4061
386 1777277643 3547 3691 388 3641 3579 3621 3621 3589 4063 4062 4062 4062 4062 4062 4062 4062
387 1777277643 3547 3691 387 3641 3579 3621 3621 3589 4061 4061 4061 4061 4061 4061 4061 4061
388 1777277643 3547 3692 388 3641 3580 3621 3622 3589 4063 4063 4062 4062 4062 4062 4062 4062
389 1777277644 3547 3691 387 3640 3579 3621 3621 3589 4061 4061 4061 4061 4061 4061 4061 4061
390 1777277644 3547 3692 388 3642 3580 3621 3622 3589 4063 4063 4062 4062 4062 4062 4062 4062
391 1777277644 3547 3691 388 3642 3579 3622 3621 3589 4061 4061 4061 4061 4061 4061 4061 4061
392 1777277644 3548 3692 388 3642 3580 3622 3622 3590 4063 4063 4062 4062 4062 4062 4062 4062
393 1777277644 3547 3692 387 3641 3579 3621 3621 3589 4061 4061 4060 4060 4060 4060 4060 4060
394 1777277644 3547 3692 388 3642 3579 3621 3622 3590 4061 4061 4061 4061 4061 4061 4061 4061
395 1777277644 3548 3692 387 3642 3580 3622 3622 3590 4061 4061 4060 4060 4060 4060 4060 4060
396 1777277644 3547 3692 388 3642 3579 3622 3622 3590 4061 4061 4061 4061 4061 4061 4061 4061
397 1777277644 3547 3692 388 3641 3579 3621 3622 3590 4061 4061 4061 4061 4061 4061 4061 4061
398 1777277644 3548 3693 388 3643 3580 3622 3622 3590 4061 4061 4061 4061 4061 4061 4061 4061
399 1777277644 3547 3691 387 3641 3579 3621 3621 3590 4061 4061 4061 4061 4061 4061 4061 4061
400 1777277644 3548 3692 388 3642 3581 3623 3622 3590 4061 4061 4061 4061 4061 4061 4061 4061
401 1777277644 3548 3692 388 3642 3580 3622 3622 3590 4063 4062 4062 4062 4062 4062 4062 4062
402 1777277644 3548 3692 388 3642 3581 3622 3622 3590 4063 4063 4062 4062 4062 4062 4062 4062
403 1777277644 3546 3690 387 3640 3578 3620 3620 3588 4063 4063 4062 4062 4062 4062 4062 4062
404 1777277644 3546 3691 387 3641 3579 3621 3621 3589 4061 4061 4061 4061 4061 4061 4061 4061
405 1777277644 3548 3692 388 3640 3580 3622 3622 3590 4061 4061 4061 4061 4061 4061 4061 4061
406 1777277644 3548 3692 388 3642 3579 3621 3622 3589 4063 4063 4062 4062 4062 4062 4062 4062
407 1777277644 3549 3694 388 3642 3581 3622 3622 1693 4061 4061 4061 4061 4061 4061 4061 4061
408 1777277644 3547 3691 388 3641 3580 3622 3622 3590 4063 4063 4062 4062 4062 4062 4062 4062
409 1777277644 3547 3691 389 3641 3579 3622 3622 3590 4063 4063 4062 4062 4062 4062 4062 4062
410 1777277644 3546 3691 388 3640 3579 3621 3621 3589 4061 4061 4061 4061 4061 4061 4061 4061
411 1777277644 3547 3691 388 3641 3579 3621 3621 3589 4063 4061 4061 4061 4061 4061 4061 4061
412 1777277644 3548 3691 388 3641 3579 3621 3622 3590 4061 4061 4061 4061 4061 4061 4061 4061
413 1777277644 3547 3691 388 3641 3579 3621 3621 3589 4063 4063 4062 4062 4062 4062 4062 4062
414 1777277644 3548 3692 388 3641 3579 3621 3621 3590 4063 4063 4062 4062 4062 4062 4062 4062
415 1777277644 3547 3691 387 3642 3580 3621 3621 3589 4063 4063 4062 4062 4062 4062 4062 4062
416 1777277644 3547 3691 388 3641 3579 3621 3622 3590 4061 4061 4061 4061 4061 4061 4061 4061
417 1777277644 3547 3692 388 3642 3579 3622 3622 3590 4061 4061 4061 4061 4061 4061 4061 4061
418 1777277644 3547 3691 388 3641 3579 3621 3621 3589 4063 4062 4062 4062 4062 4062 4062 4062
419 1777277644 3547 3692 388 3642 3579 3622 3622 3590 4061 4060 4060 4060 4060 4060 4060 4060
420 1777277644 3547 3692 388 3641 3580 3622 3622 3590 4061 4061 4061 4061 4061 4061 4061 4061
421 1777277644 3547 3691 388 3641 3579 3621 3621 3589 4061 4061 4061 4061 4061 4061 4061 4061
422 1777277644 3548 3692 388 3642 3580 3622 3622 3590 4063 4063 4062 4062 4062 4062 4062 4062
423 1777277644 3548 3692 388 3642 3579 3622 3621 3590 4063 4063 4062 4062 4062 4062 4062 4062
424 1777277644 3547 3692 388 3641 3580 3621 3621 3590 4061 4061 4061 4061 4061 4061 4061 4061
425 1777277644 3548 3692 389 3642 3580 3622 3622 3590 4061 4061 4060 4060 4060 4060 4060 4060
426 1777277644 3546 3691 388 3641 3579 3621 3621 3589 4061 4061 4061 4061 4061 4061 4061 4061
427 1777277644 3548 3691 388 3641 3579 3622 3621 3590 4063 4061 4061 4061 4061 4061 4061 4061
428 1777277644 3548 3692 388 3642 3580 3622 3622 3590 4061 4061 4061 4061 4061 4061 4061 4061
429 1777277644 3547 3692 388 3642 3580 3622 3622 3590 4063 4063 4062 4062 4062 4062 4062 4062
430 1777277644 3548 3692 388 3641 3579 3622 3622 3590 4061 4061 4061 4061 4061 4061 4061 4061
431 1777277644 3547 3691 388 3641 3579 3622 3621 3589 4061 4061 4061 4061 4061 4061 4061 4061
432 1777277644 3548 3692 388 3642 3580 3623 3622 3590 4061 4061 4061 4061 4061 4061 4061 4061
433 1777277644 3548 3693 388 3642 3580 3622 3622 3590 4061 4061 4061 4061 4061 4061 4061 4061
434 1777277644 3548 3692 388 3642 3580 3622 3622 3590 4063 4063 4062 4062 4062 4062 4062 4062
435 1777277644 3547 3692 388 3642 3579 3621 3622 3590 4063 4062 4062 4062 4062 4062 4062 4062
436 1777277644 3548 3692 388 3641 3581 3622 3622 3590 4063 4062 4062 4062 4062 4062 4062 4062
437 1777277644 3547 3691 388 3640 3579 3621 3621 3590 4063 4063 4062 4062 4062 4062 4062 4062
438 1777277644 3548 3693 388 3642 3580 3622 3622 3589 4061 4061 4060 4060 4060 4060 4060 4060
439 1777277644 3547 3692 387 3642 3580 3622 3622 3590 4061 4061 4061 4061 4061 4061 4061 4061
440 1777277644 3547 3692 388 3641 3579 3622 3622 3590 4063 4063 4062 4062 4062 4062 4062 4062
441 1777277644 3548 3692 388 3642 3580 3622 3622 3590 4061 4061 4061 4061 4061 4061 4061 4061
442 1777277644 3548 3692 388 3642 3580 3622 3622 3591 4063 4063 4062 4062 4062 4062 4062 4062
443 1777277644 3548 3692 388 3642 3580 3623 3623 3590 4059 4059 4059 4059 4059 4059 4059 4059
444 1777277644 3548 3692 388 3642 3580 3622 3622 3590 4061 4061 4061 4061 4061 4061 4061 4061
445 1777277644 3547 3692 388 3641 3579 3621 3622 3590 4063 4063 4062 4062 4062 4062 4062 4062
446 1777277644 3547 3692 388 3642 3580 3622 3622 3590 4061 4061 4061 4061 4061 4061 4061 4061
447 1777277644 3548 3693 388 3642 3581 3622 3623 3591 4061 4061 4061 4061 4061 4061 4061 4061
448 1777277644 3548 3692 388 3642 3581 3622 3622 3591 4061 4061 4061 4061 4061 4061 4061 4061
449 1777277644 3549 3693 388 3643 3582 3623 3623 3592 4061 4061 4061 4061 4061 4061 4061 4061
450 1777277644 3548 3692 388 3642 3580 3622 3622 3590 4061 4061 4061 4061 4061 4061 4061 4061
451 1777277644 3547 3692 387 3642 3580 3622 3622 3590 4061 4061 4061 4061 4061 4061 4061 4061
452 1777277644 3548 3693 387 3643 3581 3622 3622 3590 4061 4061 4060 4060 4060 4060 4060 4060
453 1777277644 3548 3692 388 3642 3580 3622 3622 3590 4063 4063 4062 4062 4062 4062 4062 4062
454 1777277644 3548 3692 388 3642 3580 3623 3623 3591 4061 4061 4061 4061 4061 4061 4061 4061
455 1777277645 3549 3693 388 3643 3581 3623 3623 3591 4061 4061 4061 4061 4061 4061 4061 4061
456 1777277645 3548 3693 388 3642 3580 3622 3622 3590 4057 4057 4057 4057 4057 4057 4057 4057
457 1777277645 3547 3692 389 3642 3580 3623 3622 3590 4061 4061 4060 4060 4060 4060 4060 4060
458 1777277645 3548 3693 388 3642 3580 3622 3622 3590 4061 4061 4061 4061 4061 4061 4061 4061
459 1777277645 3547 3692 388 3642 3580 3621 3622 3590 4061 4061 4061 4061 4061 4061 4061 4061
460 1777277645 3548 3693 388 3642 3580 3622 3622 3590 4063 4062 4062 4062 4062 4062 4062 4062
461 1777277645 3548 3692 388 3642 3580 3622 3623 3590 4061 4061 4061 4061 4061 4061 4061 4061
462 1777277645 3547 3691 388 3641 3580 3622 3622 3589 4061 4061 4061 4061 4061 4061 4061 4061
463 1777277645 3548 3693 388 3642 3580 3621 3622 3590 4060 4061 4060 4060 4060 4060 4060 4060
464 1777277645 3548 3692 388 3643 3581 3622 3623 3590 4063 4061 4061 4061 4061 4061 4061 4061
465 1777277645 3549 3693 389 3644 3581 3623 3623 3592 4061 4061 4061 4061 4061 4061 4061 4061
466 1777277645 3548 3692 388 3642 3580 3621 3622 3590 4063 4063 4062 4062 4062 4062 4062 4062
467 1777277645 3548 3692 388 3642 3580 3622 3623 3590 4063 4063 4062 4062 4062 4062 4062 4062
468 1777277645 3548 3692 388 3641 3580 3622 3623 3590 4063 4063 4062 4062 4062 4062 4062 4062
469 1777277645 3549 3693 388 3643 3581 3623 3623 3591 4063 4062 4062 4062 4062 4062 4062 4062
470 1777277645 3548 3693 388 3642 3580 3622 3622 3591 4061 4061 4061 4061 4061 4061 4061 4061
471 1777277645 3548 3692 387 3642 3579 3621 3622 3589 4061 4061 4060 4060 4060 4060 4060 4060
472 1777277645 3549 3693 388 3642 3580 3622 3621 3590 4061 4061 4061 4061 4061 4061 4061 4061
473 1777277645 3548 3693 389 3642 3580 3622 3622 3590 4061 4061 4061 4061 4061 4061 4061 4061
474 1777277645 3548 3692 388 3642 3580 3622 3622 3591 4063 4063 4062 4062 4062 4062 4062 4062
475 1777277645 3548 3692 388 3642 3580 3622 3623 3591 4061 4061 4061 4061 4061 4061 4061 4061
476 1777277645 3549 3693 388 3643 3581 3623 3623 3591 4063 4062 4062 4062 4062 4062 4062 4062
477 1777277645 3547 3692 389 3642 3580 3622 3622 3590 4061 4060 4060 4060 4060 4060 4060 4060
478 1777277645 3548 3693 388 3643 3580 3623 3622 3590 4061 4061 4060 4060 4060 4060 4060 4060
479 1777277645 3549 3693 388 3642 3580 3623 3623 3591 4063 4063 4062 4062 4062 4062 4062 4062
480 1777277645 3548 3692 388 3642 3580 3622 3622 3590 4061 4061 4060 4060 4060 4060 4060 4060
481 1777277645 3549 3694 388 3643 3581 3623 3623 3591 4063 4063 4062 4062 4062 4062 4062 4062
482 1777277645 3549 3693 388 3643 3581 3623 3623 3591 4061 4061 4060 4060 4060 4060 4060 4060
483 1777277645 3549 3693 388 3642 3580 3622 3623 3590 4063 4062 4062 4062 4062 4062 4062 4062
484 1777277645 3549 3693 388 3643 3581 3623 3623 3591 4063 4061 4061 4061 4061 4061 4061 4061
485 1777277645 3549 3693 389 3642 3580 3623 3622 3590 4063 4062 4062 4062 4062 4062 4062 4062
486 1777277645 3548 3692 388 3642 3580 3622 3623 3590 4061 4061 4061 4061 4061 4061 4061 4061
487 1777277645 3548 3693 389 3642 3580 3622 3623 3591 4061 4061 4060 4060 4060 4060 4060 4060
488 1777277645 3548 3693 390 3643 3581 3624 3623 3591 4063 4063 4062 4062 4062 4062 4062 4062
489 1777277645 3548 3692 389 3642 3580 3622 3622 3591 4063 4062 4062 4062 4062 4062 4062 4062
490 1777277645 3548 3692 388 3642 3580 3622 3622 3590 4063 4063 4062 4062 4062 4062 4062 4062
491 1777277645 3548 3692 388 3642 3580 3622 3623 3590 4061 4061 4060 4060 4060 4060 4060 4060
492 1777277645 3549 3694 388 3643 3581 3623 3623 3591 4061 4061 4061 4061 4061 4061 4061 4061
493 1777277645 3548 3693 389 3642 3581 3622 3623 3591 4063 4063 4062 4062 4062 4062 4062 4062
494 1777277645 3546 3690 386 3640 3578 3620 3620 3588 4061 4061 4061 4061 4061 4061 4061 4061
495 1777277645 3547 3691 386 3640 3579 3621 3621 3589 4063 4063 4062 4062 4062 4062 4062 4062
496 1777277645 3546 3691 386 3640 3578 3620 3621 3588 4061 4061 4061 4061 4061 4061 4061 4061
497 1777277645 3547 3691 387 3641 3579 3621 1384 3589 4061 4061 4061 4061 4061 4061 4061 4061
498 1777277645 3547 3692 387 3641 3580 3621 3621 3589 4061 4061 4060 4060 4060 4060 4060 4060
499 1777277645 3546 3691 387 3641 3579 3620 3621 3588 4063 4061 4061 4061 4061 4061 4061 4061
500 1777277645 3547 3691 387 3641 3578 3621 3621 3589 4061 4061 4061 4061 4061 4061 4061 4061
501 1777277645 3546 3691 386 3640 3579 3621 3621 3589 4061 4061 4061 4061 4061 4061 4061 4061
502 1777277645 3547 3691 387 3641 3579 3621 3621 3589 4061 4061 4060 4060 4060 4060 4060 4060
503 1777277645 3547 3691 387 3641 3579 3621 3621 3588 4061 4061 4061 4061 4061 4061 4061 4061
504 1777277645 3546 3690 386 3641 3579 3620 3621 3589 4063 4062 4062 4062 4062 4062 4062 4062
505 1777277645 3546 3691 387 3640 3579 3621 3620 3589 4063 4061 4061 4061 4061 4061 4061 4061
506 1777277645 3547 3690 387 3641 3578 3620 3620 3589 4063 4063 4062 4062 4062 4062 4062 4062
507 1777277645 3546 3690 387 3640 3578 3619 3619 3587 4061 4061 4061 4061 4061 4061 4061 4061
508 1777277645 3548 3692 387 3641 3580 3622 3622 3590 4063 4063 4062 4062 4062 4062 4062 4062
509 1777277645 3547 3691 387 3640 3579 3621 3621 3588 4061 4061 4060 4060 4060 4060 4060 4060
510 1777277645 3546 3691 387 3641 3579 3620 3620 3589 4061 4061 4060 4060 4060 4060 4060 4060
511 1777277645 3547 3691 387 3640 3578 3620 3620 3588 4063 4063 4062 4062 4062 4062 4062 4062
512 1777277645 3546 3690 387 3640 3578 3620 3620 3588 4063 4063 4062 4062 4062 4062 4062 4062
513 1777277645 3547 3692 386 3641 3579 3620 3621 3588 4061 4061 4061 4061 4061 4061 4061 4061
514 1777277645 3546 3690 387 3640 3578 3620 3620 3588 4063 4062 4062 4062 4062 4062 4062 4062
515 1777277645 3546 3691 387 3640 3578 3620 3621 3589 4061 4061 4061 4061 4061 4061 4061 4061
516 1777277645 3546 3691 387 3641 3578 3621 3621 3589 4063 4063 4062 4062 4062 4062 4062 4062
517 1777277645 3546 3691 386 3640 3579 3621 3621 3589 4063 4063 4062 4062 4062 4062 4062 4062
518 1777277645 3546 3691 387 3640 3579 3620 3620 3589 4061 4061 4061 4061 4061 4061 4061 4061
519 1777277645 3547 3692 386 3642 3579 3621 3621 3590 4063 4063 4062 4062 4062 4062 4062 4062
520 1777277645 3546 3691 386 3641 3579 3621 3621 3589 4063 4062 4062 4062 4062 4062 4062 4062
521 1777277645 3547 3691 387 3641 3579 3621 3621 3589 4061 4060 4060 4060 4060 4060 4060 4060
522 1777277645 3546 3690 386 3640 3579 3620 3620 3588 4061 4061 4061 4061 4061 4061 4061 4061
523 1777277645 3547 3691 387 3642 3579 3621 3621 3589 4061 4061 4060 4060 4060 4060 4060 4060
524 1777277645 3547 3691 387 3641 3579 3621 3621 3589 4061 4061 4061 4061 4061 4061 4061 4061
525 1777277645 3546 3690 387 3640 3578 3620 3620 3588 4063 4063 4062 4062 4062 4062 4062 4062
526 1777277645 3546 3691 387 3640 3578 3620 3620 3588 4063 4062 4062 4062 4062 4062 4062 4062
527 1777277645 3548 3692 387 3642 3579 3621 3621 3590 4061 4061 4061 4061 4061 4061 4061 4061
528 1777277645 3546 3690 387 3640 3578 3620 3620 3588 4063 4063 4062 4062 4062 4062 4062 4062
529 1777277645 3547 3691 387 3642 3580 3621 3621 3590 4063 4063 4062 4062 4062 4062 4062 4062
530 1777277645 3547 3691 387 3641 3579 3620 3621 3589 4061 4060 4060 4060 4060 4060 4060 4060
531 1777277646 3547 3691 387 3641 3579 3621 3621 3589 4063 4063 4062 4062 4062 4062 4062 4062
532 1777277646 3547 3691 387 3641 3578 3621 3621 3589 4061 4061 4061 4061 4061 4061 4061 4061
533 1777277646 3546 3691 387 3640 3579 3621 3621 3589 4061 4061 4061 4061 4061 4061 4061 4061
534 1777277646 3547 3691 388 3641 3579 3622 3622 3590 4063 4063 4062 4062 4062 4062 4062 4062
535 1777277646 3547 3690 387 3640 3578 3621 3621 3589 4061 4061 4061 4061 4061 4061 4061 4061
536 1777277646 3547 3692 386 3641 3579 3621 3620 3588 4063 4062 4062 4062 4062 4062 4062 4062
537 1777277646 3547 3691 387 3641 3579 3621 3622 3589 4059 4059 4058 4058 4058 4058 4058 4058
538 1777277646 3547 3691 388 3641 3579 3621 3621 3589 4063 4063 4062 4062 4062 4062 4062 4062
539 1777277646 3546 3691 387 3640 3578 3621 3621 3589 4063 4063 4062 4062 4062 4062 4062 4062
540 1777277646 3546 3691 387 3640 3579 3620 3621 3589 4061 4061 4061 4061 4061 4061 4061 4061
541 1777277646 3546 3690 387 3640 3578 3620 3620 3588 4061 4061 4061 4061 4061 4061 4061 4061
542 1777277646 3547 3691 387 3641 3579 3621 3621 3589 4063 4063 4062 4062 4062 4062 4062 4062
543 1777277646 3547 3691 387 3641 3579 3621 3621 3589 4061 4061 4061 4061 4061 4061 4061 4061
544 1777277646 3547 3691 386 3641 3579 3621 3621 3589 4063 4063 4062 4062 4062 4062 4062 4062
545 1777277646 3546 3691 387 3640 3578 3621 3621 3589 4061 4061 4061 4061 4061 4061 4061 4061
546 1777277646 3547 3692 387 3641 3580 3622 3622 3590 4061 4061 4061 4061 4061 4061 4061 4061
547 1777277646 3547 3691 387 3642 3580 3622 3622 3589 4061 4061 4060 4060 4060 4060 4060 4060
548 1777277646 3547 3691 387 3641 3579 3621 3621 3589 4061 4061 4061 4061 4061 4061 4061 4061
549 1777277646 3547 3691 387 3641 3579 3621 3621 3589 4063 4063 4062 4062 4062 4062 4062 4062
550 1777277646 3547 3691 387 3641 3579 3621 3622 3590 4061 4061 4061 4061 4061 4061 4061 4061
551 1777277646 3547 3692 387 3642 3580 3622 3622 3590 4063 4063 4062 4062 4062 4062 4062 4062
552 1777277646 3546 3691 387 3641 3579 3620 3621 3588 4061 4061 4061 4061 4061 4061 4061 4061
553 1777277646 3547 3692 387 3641 3579 3621 3621 3589 4061 4061 4060 4060 4060 4060 4060 4060
554 1777277646 3547 3691 388 3641 3579 3621 3621 3589 4063 4063 4062 4062 4062 4062 4062 4062
555 1777277646 3547 3691 387 3642 3579 3621 3621 3590 4061 4061 4060 4060 4060 4060 4060 4060
556 1777277646 3547 3692 386 3641 3579 3621 3621 3589 4061 4061 4061 4061 4061 4061 4061 4061
557 1777277646 3547 3691 387 3642 3579 3621 3621 3588 4061 4061 4061 4061 4061 4061 4061 4061
558 1777277646 3548 3692 387 3642 3580 3622 3622 3590 4061 4061 4060 4060 4060 4060 4060 4060
559 1777277646 3547 3692 387 3642 3579 3621 3621 3589 4063 4063 4062 4062 4062 4062 4062 4062
560 1777277646 3547 3692 387 3641 3579 3621 3621 3590 4063 4063 4062 4062 4062 4062 4062 4062
561 1777277646 3547 3691 387 3641 3579 3621 3621 3589 4063 4063 4062 4062 4062 4062 4062 4062
562 1777277646 3547 3692 387 3641 3579 3621 3621 3590 4061 4061 4060 4060 4060 4060 4060 4060
563 1777277646 3547 3692 387 3642 3579 3621 3621 3589 4061 4061 4061 4061 4061 4061 4061 4061
564 1777277646 3547 3691 388 3641 3579 3621 3621 3590 4061 4061 4060 4060 4060 4060 4060 4060
565 1777277646 3547 3691 387 3640 3579 3621 3621 3589 4061 4061 4061 4061 4061 4061 4061 4061
566 1777277646 3547 3691 388 3641 3579 3621 3621 3590 4061 4061 4061 4061 4061 4061 4061 4061
567 1777277646 3547 3692 387 3641 3579 3622 3621 3589 4061 4061 4060 4060 4060 4060 4060 4060
568 1777277646 3546 3691 386 3641 3578 3621 3621 3589 4063 4063 4062 4062 4062 4062 4062 4062
569 1777277646 3547 3691 387 3641 3579 3621 3621 3589 4061 4060 4060 4060 4060 4060 4060 4060
570 1777277646 3548 3692 387 3642 3580 3622 3622 3590 4061 4061 4061 4061 4061 4061 4061 4061
571 1777277646 3546 3690 387 3641 3579 3620 3620 3588 4063 4063 4062 4062 4062 4062 4062 4062
572 1777277646 3547 3692 387 3641 3580 3622 3622 3589 4061 4061 4060 4060 4060 4060 4060 4060
573 1777277646 3547 3691 387 3640 3579 3621 3621 3589 4061 4061 4061 4061 4061 4061 4061 4061
574 1777277646 3547 3691 387 3641 3580 3622 3622 3590 4061 4061 4061 4061 4061 4061 4061 4061
575 1777277646 3546 3691 387 3640 3579 3620 3621 3588 4061 4061 4061 4061 4061 4061 4061 4061
576 1777277646 3548 3692 387 3642 3580 3622 3622 3590 4061 4061 4061 4061 4061 4061 4061 4061
577 1777277646 3547 3691 387 3641 3579 3621 3621 3589 4063 4063 4062 4062 4062 4062 4062 4062
578 1777277646 3548 3692 387 3641 3580 3622 3622 3590 4063 4063 4062 4062 4062 4062 4062 4062
579 1777277646 3547 3691 387 3641 3579 3621 3621 3589 4061 4061 4061 4061 4061 4061 4061 4061
580 1777277646 3548 3691 387 3641 3579 3621 3621 3589 4061 4061 4061 4061 4061 4061 4061 4061
581 1777277646 3547 3691 388 3640 3579 3622 3622 3590 4061 4061 4061 4061 4061 4061 4061 4061
582 1777277646 3547 3692 387 3641 3579 3621 3621 3589 4061 4061 4061 4061 4061 4061 4061 4061
583 1777277646 3548 3693 387 3642 3580 3622 3622 3590 4061 4061 4061 4061 4061 4061 4061 4061
584 1777277646 3548 3691 387 3641 3580 3621 3621 3589 4061 4061 4060 4060 4060 4060 4060 4060
585 1777277646 3547 3692 387 3642 3580 3622 3622 3590 4061 4061 4060 4060 4060 4060 4060 4060
586 1777277646 3547 3692 388 3642 3580 3622 3622 3590 4061 4061 4061 4061 4061 4061 4061 4061
587 1777277646 3547 3692 387 3642 3580 3622 3622 3590 4061 4061 4061 4061 4061 4061 4061 4061
588 1777277646 3547 3691 387 3641 3580 3622 3621 3589 4063 4062 4062 4062 4062 4062 4062 4062
589 1777277646 3547 3692 387 3642 3580 3621 3622 3589 4063 4063 4062 4062 4062 4062 4062 4062
590 1777277646 3547 3692 387 3641 3580 3622 3622 3589 4063 4063 4062 4062 4062 4062 4062 4062
591 1777277646 3547 3692 387 3642 3580 3621 3622 3590 4061 4061 4061 4061 4061 4061 4061 4061
592 1777277646 3546 3691 387 3641 3579 3621 3621 3589 4061 4061 4061 4061 4061 4061 4061 4061
593 1777277646 3548 3692 387 3642 3580 3621 3621 3590 4061 4061 4061 4061 4061 4061 4061 4061
594 1777277646 3548 3692 387 3641 3580 3621 3621 3590 4061 4061 4061 4061 4061 4061 4061 4061
595 1777277646 3547 3692 387 3642 3580 3622 3621 3590 4063 4063 4062 4062 4062 4062 4062 4062
596 1777277646 3548 3692 387 3641 3580 3622 3622 3590 4063 4063 4062 4062 4062 4062 4062 4062
597 1777277646 3547 3692 387 3640 3580 3622 3622 3590 4063 4062 4062 4062 4062 4062 4062 4062
598 1777277646 3547 3691 387 3641 3580 3621 3622 3589 4063 4063 4062 4062 4062 4062 4062 4062
599 1777277646 3549 3693 387 3643 3581 3623 3623 1668 4061 4061 4060 4060 4060 4060 4060 4060
600 1777277646 3546 3691 387 3641 3579 3621 3620 3589 4061 4060 4060 4060 4060 4060 4060 4060
601 1777277646 3548 3692 387 3642 3580 3621 3622 3590 4063 4063 4062 4062 4062 4062 4062 4062
602 1777277646 3548 3692 388 3642 3579 3621 3622 3589 4063 4062 4062 4062 4062 4062 4062 4062
603 1777277646 3547 3692 387 3641 3579 3621 3622 3589 4063 4063 4062 4062 4062 4062 4062 4062
604 1777277647 3548 3692 387 3642 3580 3622 3622 3589 4063 4063 4062 4062 4062 4062 4062 4062
605 1777277647 3547 3691 387 3641 3579 3621 3621 3589 4061 4061 4061 4061 4061 4061 4061 4061
606 1777277647 3547 3692 387 3641 3580 3621 3622 3590 4061 4061 4061 4061 4061 4061 4061 4061
607 1777277647 3547 3691 387 3642 3579 3621 3622 3590 4063 4063 4062 4062 4062 4062 4062 4062
608 1777277647 3548 3692 387 3642 3580 3622 3622 3590 4061 4061 4061 4061 4061 4061 4061 4061
609 1777277647 3547 3692 387 3642 3580 3622 3621 3590 4061 4061 4061 4061 4061 4061 4061 4061
610 1777277647 3548 3692 388 3642 3580 3621 3622 3590 4063 4063 4062 4062 4062 4062 4062 4062
611 1777277647 3548 3692 388 3642 3580 3622 3622 3591 4063 4063 4062 4062 4062 4062 4062 4062
612 1777277647 3547 3691 388 3641 3579 3621 3622 3590 4063 4061 4061 4061 4061 4061 4061 4061
613 1777277647 3547 3691 388 3640 3580 3621 3621 3589 4061 4061 4060 4060 4060 4060 4060 4060
614 1777277647 3547 3691 387 3641 3579 3621 3621 3589 4063 4063 4062 4062 4062 4062 4062 4062
615 1777277647 3548 3692 387 3642 3580 3622 3623 3591 4061 4061 4061 4061 4061 4061 4061 4061
616 1777277647 3548 3692 387 3642 3580 3622 3622 3590 4061 4060 4060 4060 4060 4060 4060 4060
617 1777277647 3548 3692 389 3643 3580 3622 3622 3590 4061 4061 4061 4061 4061 4061 4061 4061
618 1777277647 3546 3691 388 3640 3579 3621 3621 3588 4063 4063 4062 4062 4062 4062 4062 4062
619 1777277647 3548 3692 387 3642 3580 3622 3621 3590 4061 4061 4060 4060 4060 4060 4060 4060
620 1777277647 3547 3692 387 3642 3580 3622 3622 3590 4061 4061 4061 4061 4061 4061 4061 4061
621 1777277647 3547 3692 387 3641 3580 3622 3622 3589 4063 4063 4062 4062 4062 4062 4062 4062
622 1777277647 3547 3692 387 3641 3579 3621 3621 3589 4061 4061 4061 4061 4061 4061 4061 4061
623 1777277647 3547 3691 387 3641 3579 3621 3621 3589 4061 4061 4061 4061 4061 4061 4061 4061
624 1777277647 3547 3692 387 3641 3579 3621 3621 3589 4061 4061 4061 4061 4061 4061 4061 4061
625 1777277647 3547 3692 388 3642 3580 3621 3622 3590 4063 4061 4061 4061 4061 4061 4061 4061
626 1777277647 3548 3693 388 3642 3580 3622 3622 3590 4061 4061 4061 4061 4061 4061 4061 4061
627 1777277647 3547 3692 388 3642 3580 3621 3622 3590 4061 4061 4061 4061 4061 4061 4061 4061
628 1777277647 3548 3692 387 3641 3580 3622 3622 3590 4061 4061 4061 4061 4061 4061 4061 4061
629 1777277647 3547 3692 387 3642 3580 3622 3622 3590 4061 4061 4060 4060 4060 4060 4060 4060
630 1777277647 3548 3693 387 3642 3580 3622 3622 3590 4063 4063 4062 4062 4062 4062 4062 4062
631 1777277647 3547 3692 387 3642 3580 3622 3622 3589 4061 4061 4061 4061 4061 4061 4061 4061
632 1777277647 3547 3692 388 3641 3579 3621 3622 3590 4061 4061 4060 4060 4060 4060 4060 4060
633 1777277647 3548 3693 387 3642 3580 3622 3622 3590 4061 4060 4060 4060 4060 4060 4060 4060
634 1777277647 3548 3692 388 3643 3581 3622 3623 3591 4061 4061 4061 4061 4061 4061 4061 4061
635 1777277647 3548 3692 387 3642 3580 3622 3622 3590 4061 4060 4060 4060 4060 4060 4060 4060
636 1777277647 3549 3693 388 3642 3581 3622 1408 3590 4063 4061 4061 4061 4061 4061 4061 4061
637 1777277647 3549 3693 387 3643 3581 3623 3623 3591 4063 4063 4062 4062 4062 4062 4062 4062
638 1777277647 3548 3693 388 3643 3580 3622 1390 3589 4063 4063 4062 4062 4062 4062 4062 4062
639 1777277647 3548 3692 387 3642 3580 3622 3622 3590 4061 4061 4061 4061 4061 4061 4061 4061
640 1777277647 3547 3692 388 3642 3580 3622 3622 3590 4061 4061 4061 4061 4061 4061 4061 4061
641 1777277647 3548 3692 388 3642 3580 3622 3622 3590 4061 4061 4061 4061 4061 4061 4061 4061
642 1777277647 3549 3693 388 3643 3581 3623 3623 3591 4063 4063 4062 4062 4062 4062 4062 4062
643 1777277647 3548 3692 388 3641 3580 3621 3622 3590 4063 4063 4062 4062 4062 4062 4062 4062
644 1777277647 3548 3692 388 3641 3580 3622 3622 3590 4063 4063 4062 4062 4062 4062 4062 4062
645 1777277647 3547 3692 387 3642 3580 3622 3622 3590 4063 4063 4062 4062 4062 4062 4062 4062
646 1777277647 3548 3692 388 3642 3580 3622 3622 3590 4061 4061 4061 4061 4061 4061 4061 4061
647 1777277647 3547 3691 387 3642 3579 3621 3621 3589 4061 4061 4061 4061 4061 4061 4061 4061
648 1777277647 3548 3692 388 3642 3580 3622 3622 3590 4061 4061 4061 4061 4061 4061 4061 4061
649 1777277647 3548 3692 387 3642 3580 3622 3622 3590 4063 4063 4062 4062 4062 4062 4062 4062
650 1777277647 3548 3692 388 3642 3580 3623 3623 3590 4063 4063 4062 4062 4062 4062 4062 4062
651 1777277647 3548 3693 387 3642 3581 3623 3622 3591 4063 4061 4061 4061 4061 4061 4061 4061
652 1777277647 3547 3692 387 3642 3580 3622 3622 3590 4061 4061 4060 4060 4060 4060 4060 4060
653 1777277647 3547 3691 387 3642 3579 3621 3622 3589 4063 4062 4062 4062 4062 4062 4062 4062
654 1777277647 3548 3692 388 3642 3580 3622 3622 3590 4063 4061 4061 4061 4061 4061 4061 4061
655 1777277647 3548 3693 388 3642 3580 3622 3622 3590 4061 4061 4060 4060 4060 4060 4060 4060
656 1777277647 3548 3692 388 3642 3580 3622 3622 3590 4061 4061 4061 4061 4061 4061 4061 4061
657 1777277647 3547 3691 387 3642 3579 3622 3622 3590 4063 4063 4062 4062 4062 4062 4062 4062
658 1777277647 3547 3691 388 3641 3579 3621 3621 3589 4063 4063 4062 4062 4062 4062 4062 4062
659 1777277647 3547 3691 388 3642 3580 3622 3622 3590 4061 4061 4061 4061 4061 4061 4061 4061
660 1777277647 3549 3693 387 3642 3580 3622 3622 3591 4063 4063 4062 4062 4062 4062 4062 4062
661 1777277647 3547 3691 388 3641 3579 3621 3621 3589 4061 4060 4060 4060 4060 4060 4060 4060
662 1777277647 3548 3692 388 3642 3580 3622 3622 3590 4061 4061 4060 4060 4060 4060 4060 4060
663 1777277647 3548 3692 387 3642 3580 3623 3622 3591 4061 4060 4060 4060 4060 4060 4060 4060
664 1777277647 3548 3693 388 3643 3580 3622 3623 3590 4063 4063 4062 4062 4062 4062 4062 4062
665 1777277647 3547 3692 388 3641 3580 3622 3621 3590 4061 4061 4060 4060 4060 4060 4060 4060
666 1777277647 3548 3692 388 3642 3580 3622 3622 3589 4063 4063 4062 4062 4062 4062 4062 4062
667 1777277647 3548 3692 387 3642 3580 3622 3622 3590 4063 4063 4062 4062 4062 4062 4062 4062
668 1777277647 3549 3693 388 3642 3580 3622 3622 3590 4061 4061 4060 4060 4060 4060 4060 4060
669 1777277648 3549 3693 388 3643 3581 3623 3622 3590 4063 4063 4062 4062 4062 4062 4062 4062
670 1777277648 3549 3693 388 3642 3581 3622 3622 3590 4063 4063 4062 4062 4062 4062 4062 4062
671 1777277648 3547 3691 387 3641 3579 3621 3621 3589 4061 4061 4061 4061 4061 4061 4061 4061
672 1777277648 3548 3693 388 3643 3580 3622 3623 3591 4061 4061 4061 4061 4061 4061 4061 4061
673 1777277648 3548 3692 388 3641 3579 3621 3622 3590 4063 4063 4062 4062 4062 4062 4062 4062
674 1777277648 3549 3693 388 3643 3580 3623 3623 3591 4061 4061 4061 4061 4061 4061 4061 4061
675 1777277648 3548 3693 388 3642 3580 3622 3623 3591 4061 4061 4061 4061 4061 4061 4061 4061
676 1777277648 3547 3691 388 3641 3579 3622 3621 3589 4063 4063 4062 4062 4062 4062 4062 4062
677 1777277648 3547 3692 388 3641 3579 3622 3622 3590 4063 4063 4062 4062 4062 4062 4062 4062
678 1777277648 3548 3693 388 3643 3580 3622 3622 3590 4063 4063 4062 4062 4062 4062 4062 4062
679 1777277648 3548 3693 388 3642 3581 3623 3623 3591 4061 4061 4060 4060 4060 4060 4060 4060
680 1777277648 3547 3692 388 3642 3579 3622 3622 3590 4063 4063 4062 4062 4062 4062 4062 4062
681 1777277648 3549 3693 389 3643 3581 3622 3622 3591 4061 4061 4061 4061 4061 4061 4061 4061
682 1777277648 3549 3693 388 3642 3580 3623 3623 3591 4061 4061 4061 4061 4061 4061 4061 4061
683 1777277656 3546 3691 388 3641 3579 3621 3621 3588 4061 4061 4061 4061 4061 4061 4061 4061
684 1777277656 3546 3690 388 3640 3578 3620 3620 3588 4059 4059 4059 4059 4059 4059 4059 4059
685 1777277656 3548 3692 388 3642 3580 3622 3622 3590 4061 4061 4061 4061 4061 4061 4061 4061
686 1777277656 3547 3691 388 3641 3579 3621 3621 3589 4063 4063 4062 4062 4062 4062 4062 4062
687 1777277656 3546 3690 389 3641 3578 3620 3620 3589 4063 4063 4062 4062 4062 4062 4062 4062
688 1777277656 3547 3691 388 3641 3579 3621 3621 3589 4061 4061 4061 4061 4061 4061 4061 4061
689 1777277656 3547 3692 388 3641 3579 3622 3621 3590 4061 4061 4061 4061 4061 4061 4061 4061
690 1777277656 3548 3692 388 3642 3580 3622 3622 3590 4061 4061 4061 4061 4061 4061 4061 4061
691 1777277656 3547 3692 388 3641 3580 3622 3622 3590 4063 4061 4061 4061 4061 4061 4061 4061
692 1777277656 3548 3692 388 3640 3580 3621 3622 3590 4059 4058 4058 4058 4058 4058 4058 4058
693 1777277656 3547 3692 388 3642 3579 3622 3622 3590 4063 4063 4062 4062 4062 4062 4062 4062
694 1777277656 3547 3692 388 3642 3579 3622 3621 3590 4061 4061 4061 4061 4061 4061 4061 4061
695 1777277656 3546 3691 388 3641 3578 3621 3621 3589 4063 4063 4062 4062 4062 4062 4062 4062
696 1777277656 3548 3693 388 3642 3580 3622 3622 3590 4061 4061 4061 4061 4061 4061 4061 4061
697 1777277656 3548 3692 388 3643 3580 3622 3622 3590 4061 4061 4061 4061 4061 4061 4061 4061
698 1777277656 3548 3692 388 3642 3580 3622 3622 3591 4063 4063 4062 4062 4062 4062 4062 4062
699 1777277656 3547 3691 388 3641 3580 3621 3622 3590 4061 4061 4061 4061 4061 4061 4061 4061
700 1777277656 3548 3692 388 3642 3580 3622 3622 3590 4061 4061 4061 4061 4061 4061 4061 4061
701 1777277656 3548 3692 388 3643 3580 3622 3622 3590 4061 4061 4061 4061 4061 4061 4061 4061
702 1777277656 3548 3692 388 3642 3580 3622 3623 3591 4063 4061 4061 4061 4061 4061 4061 4061
703 1777277656 3548 3692 388 3641 3580 3622 3622 3590 4061 4061 4061 4061 4061 4061 4061 4061
704 1777277656 3548 3693 388 3642 3580 3622 3622 3590 4063 4062 4062 4062 4062 4062 4062 4062
705 1777277656 3548 3692 388 3643 3580 3622 3621 3590 4061 4061 4060 4060 4060 4060 4060 4060
706 1777277656 3548 3692 388 3642 3580 3622 3622 3590 4063 4062 4062 4062 4062 4062 4062 4062
707 1777277656 3548 3692 388 3641 3580 3622 3622 3590 4061 4061 4061 4061 4061 4061 4061 4061
708 1777277656 3547 3691 388 3642 3579 3621 3622 3590 4061 4061 4061 4061 4061 4061 4061 4061
709 1777277656 3548 3693 388 3642 3580 3622 3622 3591 4061 4061 4061 4061 4061 4061 4061 4061
710 1777277656 3548 3692 388 3642 3579 3622 3622 3590 4063 4062 4062 4062 4062 4062 4062 4062
711 1777277656 3548 3692 388 3643 3581 3622 3622 3590 4063 4063 4062 4062 4062 4062 4062 4062
712 1777277656 3548 3692 389 3642 3580 3622 3622 3590 4061 4061 4061 4061 4061 4061 4061 4061
713 1777277656 3548 3693 388 3643 3580 3622 3622 3590 4061 4061 4061 4061 4061 4061 4061 4061
714 1777277656 3548 3692 388 3642 3580 3622 3622 3590 4063 4063 4062 4062 4062 4062 4062 4062
715 1777277656 3548 3693 388 3642 3580 3622 3623 3590 4061 4061 4060 4060 4060 4060 4060 4060
716 1777277656 3547 3692 388 3642 3580 3621 3622 3589 4063 4061 4061 4061 4061 4061 4061 4061
717 1777277656 3548 3693 388 3642 3580 3623 3623 3590 4061 4061 4061 4061 4061 4061 4061 4061
718 1777277656 3548 3692 388 3642 3580 3622 3622 3589 4063 4063 4062 4062 4062 4062 4062 4062
719 1777277656 3549 3693 388 3642 3580 3622 3622 3591 4063 4063 4062 4062 4062 4062 4062 4062
720 1777277656 3547 3691 389 3641 3579 3621 3621 3590 4061 4061 4060 4060 4060 4060 4060 4060
721 1777277656 3548 3693 388 3643 3580 3623 3622 3590 4063 4063 4062 4062 4062 4062 4062 4062
722 1777277656 3548 3692 388 3642 3580 3622 3622 3590 4061 4061 4060 4060 4060 4060 4060 4060
723 1777277656 3548 3692 388 3641 3580 3622 3622 3590 4061 4061 4060 4060 4060 4060 4060 4060
724 1777277656 3548 3693 389 3642 3581 3623 3623 3591 4061 4061 4061 4061 4061 4061 4061 4061
725 1777277656 3548 3692 388 3642 3580 3623 3622 3590 4063 4063 4062 4062 4062 4062 4062 4062
726 1777277656 3547 3692 388 3642 3580 3622 3622 3590 4061 4061 4061 4061 4061 4061 4061 4061
727 1777277656 3548 3692 388 3642 3580 3622 3622 3590 4063 4063 4062 4062 4062 4062 4062 4062
728 1777277656 3548 3693 389 3642 3580 3622 3623 3591 4063 4062 4062 4062 4062 4062 4062 4062
729 1777277656 3548 3693 388 3642 3580 3623 3622 3591 4063 4063 4062 4062 4062 4062 4062 4062
730 1777277656 3547 3692 388 3642 3580 3622 3622 3590 4061 4061 4061 4061 4061 4061 4061 4061
731 1777277656 3548 3692 388 3641 3580 3622 3622 3590 4063 4063 4062 4062 4062 4062 4062 4062
732 1777277656 3548 3692 388 3642 3580 3621 3622 3590 4061 4061 4061 4061 4061 4061 4061 4061
733 1777277656 3548 3692 388 3642 3580 3622 3622 3590 4061 4061 4061 4061 4061 4061 4061 4061
734 1777277656 3548 3693 389 3642 3580 3622 3622 3590 4061 4060 4060 4060 4060 4060 4060 4060
735 1777277656 3549 3693 388 3643 3581 3623 3623 3591 4061 4061 4061 4061 4061 4061 4061 4061
736 1777277656 3548 3693 389 3643 3581 3622 3623 3591 4061 4061 4061 4061 4061 4061 4061 4061
737 1777277656 3548 3692 388 3643 3581 3623 3623 3591 4061 4061 4061 4061 4061 4061 4061 4061
738 1777277656 3549 3693 389 3642 3580 3623 3622 3591 4063 4061 4061 4061 4061 4061 4061 4061
739 1777277656 3549 3693 388 3643 3581 3623 1430 3591 4061 4061 4060 4060 4060 4060 4060 4060
740 1777277656 3548 3693 389 3642 3580 3622 3622 3591 4061 4061 4060 4060 4060 4060 4060 4060
741 1777277657 3549 3694 388 3643 3580 3623 3623 3591 4061 4061 4061 4061 4061 4061 4061 4061
742 1777277657 3549 3693 388 3642 3581 3623 3623 3591 4061 4061 4061 4061 4061 4061 4061 4061
743 1777277657 3548 3692 390 3641 3580 3622 3622 3590 4061 4061 4060 4060 4060 4060 4060 4060
744 1777277657 3547 3692 389 3642 3580 3621 3622 3590 4063 4063 4062 4062 4062 4062 4062 4062
745 1777277657 3548 3692 388 3642 3580 3622 3622 3590 4063 4062 4062 4062 4062 4062 4062 4062
746 1777277657 3548 3692 388 3642 3580 3622 3622 3590 4059 4059 4059 4059 4059 4059 4059 4059
747 1777277657 3549 3694 388 3643 3580 3623 3623 3590 4061 4061 4061 4061 4061 4061 4061 4061
748 1777277657 3548 3693 388 3642 3581 3623 3623 3590 4061 4061 4060 4060 4060 4060 4060 4060
749 1777277657 3545 3689 387 3639 3578 3620 3620 3588 4061 4061 4061 4061 4061 4061 4061 4061
750 1777277657 3546 3691 387 3640 3578 3621 3621 3588 4063 4061 4061 4061 4061 4061 4061 4061
751 1777277657 3546 3690 386 3641 3578 3620 3620 3588 4063 4063 4062 4062 4062 4062 4062 4062
752 1777277657 3547 3691 387 3641 3579 3620 3621 3589 4061 4061 4061 4061 4061 4061 4061 4061
753 1777277657 3547 3691 386 3641 3579 3621 3621 3589 4061 4061 4061 4061 4061 4061 4061 4061
754 1777277657 3547 3691 387 3640 3579 3620 3620 3589 4061 4061 4061 4061 4061 4061 4061 4061
755 1777277657 3547 3690 386 3641 3578 3620 3620 3588 4063 4061 4061 4061 4061 4061 4061 4061
756 1777277657 3546 3690 386 3640 3578 3621 3621 3589 4061 4061 4061 4061 4061 4061 4061 4061
757 1777277657 3547 3692 386 3641 3579 3620 3621 3589 4061 4061 4061 4061 4061 4061 4061 4061
758 1777277657 3546 3690 387 3640 3578 3620 3620 3589 4061 4061 4061 4061 4061 4061 4061 4061
759 1777277657 3546 3691 387 3641 3578 3620 3621 3589 4061 4061 4061 4061 4061 4061 4061 4061
760 1777277657 3547 3691 387 3640 3579 3621 3621 3589 4061 4061 4061 4061 4061 4061 4061 4061
761 1777277657 3547 3691 388 3641 3578 3620 3620 3589 4061 4061 4061 4061 4061 4061 4061 4061
762 1777277657 3547 3691 387 3641 3578 3621 3620 3589 4063 4062 4062 4062 4062 4062 4062 4062
763 1777277657 3547 3691 387 3640 3579 3621 3621 3589 4061 4061 4061 4061 4061 4061 4061 4061
764 1777277657 3546 3690 387 3640 3578 3620 3620 3588 4063 4061 4061 4061 4061 4061 4061 4061
765 1777277657 3546 3690 386 3641 3579 3620 3620 3589 4061 4061 4061 4061 4061 4061 4061 4061
766 1777277657 3546 3691 386 3641 3579 3620 3621 3589 4063 4061 4061 4061 4061 4061 4061 4061
767 1777277657 3548 3693 386 3642 3580 1705 3621 3590 4061 4061 4060 4060 4060 4060 4060 4060
768 1777277657 3547 3691 387 3641 3579 3621 3621 3589 4061 4061 4061 4061 4061 4061 4061 4061
769 1777277657 3546 3691 386 3640 3579 3620 3620 3588 4061 4061 4061 4061 4061 4061 4061 4061
770 1777277657 3547 3691 387 3641 3579 3621 3621 3589 4061 4061 4060 4060 4060 4060 4060 4060
771 1777277657 3547 3691 387 3641 3579 3621 3621 3589 4063 4063 4062 4062 4062 4062 4062 4062
772 1777277657 3547 3691 387 3640 3579 3621 3621 3589 4063 4062 4062 4062 4062 4062 4062 4062
773 1777277657 3547 3691 386 3641 3579 3620 3621 3589 4063 4063 4062 4062 4062 4062 4062 4062
774 1777277657 3547 3691 387 3641 3579 3621 3622 3589 4061 4060 4060 4060 4060 4060 4060 4060
775 1777277657 3547 3690 387 3641 3578 3620 3620 3588 4061 4061 4061 4061 4061 4061 4061 4061
776 1777277657 3547 3691 387 3641 3579 3621 3621 3589 4063 4063 4062 4062 4062 4062 4062 4062
777 1777277657 3547 3692 386 3641 3579 3621 3621 3589 4061 4061 4061 4061 4061 4061 4061 4061
778 1777277657 3547 3692 387 3642 3579 3621 3621 3590 4063 4063 4062 4062 4062 4062 4062 4062
779 1777277657 3546 3690 386 3640 3578 3620 3620 3588 4061 4061 4061 4061 4061 4061 4061 4061
780 1777277657 3546 3690 387 3639 3577 3619 3620 3588 4061 4061 4061 4061 4061 4061 4061 4061
781 1777277657 3547 3692 387 3642 3580 3622 3622 3590 4063 4062 4062 4062 4062 4062 4062 4062
782 1777277657 3547 3691 387 3641 3579 3621 3621 3589 4061 4061 4061 4061 4061 4061 4061 4061
783 1777277657 3547 3690 387 3640 3578 3620 3620 3589 4061 4061 4061 4061 4061 4061 4061 4061
784 1777277657 3546 3690 387 3640 3578 3620 3621 3588 4061 4061 4061 4061 4061 4061 4061 4061
785 1777277657 3547 3691 387 3641 3579 3621 3620 3589 4063 4063 4062 4062 4062 4062 4062 4062
786 1777277657 3547 3691 387 3641 3579 3620 3621 3589 4061 4061 4060 4060 4060 4060 4060 4060
787 1777277657 3546 3691 387 3641 3579 3621 3621 3589 4061 4061 4060 4060 4060 4060 4060 4060
788 1777277657 3546 3691 387 3640 3579 3621 3621 3589 4061 4061 4060 4060 4060 4060 4060 4060
789 1777277657 3546 3691 387 3641 3579 3621 3621 3589 4061 4061 4061 4061 4061 4061 4061 4061
790 1777277657 3546 3690 387 3640 3578 3620 3621 3588 4061 4061 4061 4061 4061 4061 4061 4061
791 1777277657 3547 3692 387 3641 3579 3621 3621 3589 4061 4061 4061 4061 4061 4061 4061 4061
792 1777277657 3547 3691 387 3641 3579 3621 3621 3589 4063 4063 4062 4062 4062 4062 4062 4062
793 1777277657 3548 3692 388 3641 3579 3621 3621 3589 4061 4061 4061 4061 4061 4061 4061 4061
794 1777277657 3548 3693 387 3642 3580 3622 3622 3590 4061 4061 4060 4060 4060 4060 4060 4060
795 1777277657 3547 3691 386 3641 3579 3621 3621 3589 4061 4061 4061 4061 4061 4061 4061 4061
796 1777277657 3547 3691 386 3640 3578 3621 3620 3589 4063 4063 4062 4062 4062 4062 4062 4062
797 1777277657 3547 3691 387 3641 3579 3621 3620 3589 4063 4063 4062 4062 4062 4062 4062 4062
798 1777277657 3547 3691 387 3642 3579 3621 3621 3589 4063 4063 4062 4062 4062 4062 4062 4062
799 1777277657 336 363 386 3643 306 3621 3623 3591 4061 4061 4061 4061 4061 4061 4061 4061
800 1777277657 3547 3691 387 3641 3579 3621 3621 3589 4061 4061 4060 4060 4060 4060 4060 4060
801 1777277657 3547 3692 387 3642 3580 3622 3622 3590 4061 4061 4061 4061 4061 4061 4061 4061
802 1777277657 3546 3690 387 3640 3578 3620 3620 3588 4063 4063 4062 4062 4062 4062 4062 4062
803 1777277657 3547 3691 387 3641 3579 3621 3621 3589 4061 4061 4061 4061 4061 4061 4061 4061
804 1777277657 3548 3693 387 3642 3580 3622 3622 3590 4061 4061 4061 4061 4061 4061 4061 4061
805 1777277657 3547 3692 387 3642 3579 3621 3621 3589 4063 4063 4062 4062 4062 4062 4062 4062
806 1777277657 3548 3692 387 3642 3580 3622 3622 3590 4061 4061 4061 4061 4061 4061 4061 4061
807 1777277657 3546 3691 387 3641 3579 3621 3621 3589 4061 4061 4061 4061 4061 4061 4061 4061
808 1777277657 3547 3692 389 3641 3579 3621 3622 3589 4061 4061 4061 4061 4061 4061 4061 4061
809 1777277657 3547 3691 388 3641 3579 3621 3621 3590 4061 4061 4061 4061 4061 4061 4061 4061
810 1777277657 3546 3691 387 3641 3579 3621 3621 3588 4063 4063 4062 4062 4062 4062 4062 4062
811 1777277657 3547 3691 387 3641 3579 3621 3622 3590 4061 4061 4060 4060 4060 4060 4060 4060
812 1777277657 3547 3691 387 3641 3579 3621 3621 3589 4061 4061 4061 4061 4061 4061 4061 4061
813 1777277657 3548 3692 386 3642 3580 3622 3622 3590 4061 4061 4061 4061 4061 4061 4061 4061
814 1777277657 3547 3691 387 3641 3579 3621 3621 3589 4063 4063 4062 4062 4062 4062 4062 4062
815 1777277657 3547 3692 388 3641 3580 3621 3621 3590 4061 4061 4061 4061 4061 4061 4061 4061
816 1777277657 3547 3691 387 3641 3579 3621 3621 3589 4061 4061 4061 4061 4061 4061 4061 4061
817 1777277658 3548 3692 387 3642 3580 3621 3622 3589 4061 4061 4061 4061 4061 4061 4061 4061
818 1777277658 3547 3691 387 3641 3579 3621 3621 3589 4061 4061 4061 4061 4061 4061 4061 4061
819 1777277658 3547 3692 387 3641 3579 3621 3621 3589 4061 4061 4061 4061 4061 4061 4061 4061
820 1777277658 3547 3691 387 3640 3579 3621 3621 3589 4061 4061 4061 4061 4061 4061 4061 4061
821 1777277658 3548 3692 387 3643 3580 3623 3622 3590 4061 4061 4061 4061 4061 4061 4061 4061
822 1777277658 3548 3692 387 3642 3580 3622 3622 3590 4063 4063 4062 4062 4062 4062 4062 4062
823 1777277658 3547 3691 388 3641 3578 3621 3620 3589 4061 4061 4061 4061 4061 4061 4061 4061
824 1777277658 3547 3692 387 3641 3579 3621 3622 3590 4063 4063 4062 4062 4062 4062 4062 4062
825 1777277658 3548 3692 388 3642 3581 3622 3623 3591 4063 4063 4062 4062 4062 4062 4062 4062
826 1777277658 3547 3691 387 3641 3579 3621 3622 3589 4061 4061 4061 4061 4061 4061 4061 4061
827 1777277658 3547 3691 388 3641 3579 3622 3621 3589 4061 4061 4061 4061 4061 4061 4061 4061
828 1777277658 3546 3691 387 3641 3579 3621 3621 3590 4063 4061 4061 4061 4061 4061 4061 4061
829 1777277658 3548 3692 387 3642 3579 3622 3622 3590 4061 4061 4060 4060 4060 4060 4060 4060
830 1777277658 3547 3692 387 3642 3580 3621 3622 3589 4061 4061 4061 4061 4061 4061 4061 4061
831 1777277658 3547 3692 387 3641 3579 3620 3621 3589 4061 4061 4061 4061 4061 4061 4061 4061
832 1777277658 3546 3691 387 3640 3579 3620 3621 3588 4061 4061 4060 4060 4060 4060 4060 4060
833 1777277658 3547 3692 388 3641 3579 3621 3622 3590 4061 4061 4061 4061 4061 4061 4061 4061
834 1777277666 3545 3690 387 3639 3577 3619 3619 3587 4061 4061 4061 4061 4061 4061 4061 4061
835 1777277666 3546 3690 387 3640 3578 3620 3621 3589 4063 4061 4061 4061 4061 4061 4061 4061
836 1777277666 3547 3691 387 3641 3579 3621 3621 3589 4061 4061 4061 4061 4061 4061 4061 4061
837 1777277666 3547 3691 387 3641 3579 3621 3621 3589 4061 4061 4061 4061 4061 4061 4061 4061
838 1777277666 3547 3691 387 3641 3579 3621 3621 3590 4063 4063 4062 4062 4062 4062 4062 4062
839 1777277666 3546 3690 387 3640 3578 3621 3621 3589 4061 4061 4061 4061 4061 4061 4061 4061
840 1777277666 3547 3692 388 3641 3579 3620 3621 3589 4063 4063 4062 4062 4062 4062 4062 4062
841 1777277666 3546 3690 387 3640 3578 3620 3620 3588 4061 4061 4060 4060 4060 4060 4060 4060
842 1777277666 3547 3691 386 3641 3578 3620 3620 3588 4061 4061 4061 4061 4061 4061 4061 4061
843 1777277666 3546 3690 387 3640 3579 3621 3620 3588 4061 4061 4061 4061 4061 4061 4061 4061
844 1777277666 3547 3691 388 3641 3579 3621 3620 3588 4061 4061 4061 4061 4061 4061 4061 4061
845 1777277666 3547 3691 387 3640 3579 3620 3620 3588 4061 4061 4061 4061 4061 4061 4061 4061
846 1777277666 3546 3690 388 3640 3578 3621 3621 3589 4063 4063 4062 4062 4062 4062 4062 4062
847 1777277666 3546 3690 387 3640 3578 3620 3620 3588 4061 4061 4061 4061 4061 4061 4061 4061
848 1777277666 3546 3691 388 3640 3578 3620 3620 3589 4063 4063 4062 4062 4062 4062 4062 4062
849 1777277666 3547 3691 387 3640 3579 3621 3621 3589 4061 4061 4061 4061 4061 4061 4061 4061
850 1777277666 3546 3691 387 3641 3578 3620 3620 3589 4063 4063 4062 4062 4062 4062 4062 4062
851 1777277666 3547 3691 387 3640 3579 3621 3621 3589 4061 4061 4061 4061 4061 4061 4061 4061
852 1777277666 3548 3692 387 3642 3579 3622 3622 3590 4061 4061 4061 4061 4061 4061 4061 4061
853 1777277666 3546 3690 387 3641 3579 3621 3621 3589 4063 4063 4062 4062 4062 4062 4062 4062
854 1777277666 3547 3691 388 3641 3579 3621 3621 3589 4059 4059 4058 4058 4058 4058 4058 4058
855 1777277666 3547 3691 388 3640 3579 3621 3621 3589 4061 4061 4061 4061 4061 4061 4061 4061
856 1777277666 3547 3692 388 3641 3580 3622 3622 3590 4061 4061 4060 4060 4060 4060 4060 4060
857 1777277666 3547 3692 387 3642 3580 3621 3622 3590 4061 4061 4060 4060 4060 4060 4060 4060
858 1777277666 3547 3691 387 3641 3579 3621 3621 3589 4061 4061 4061 4061 4061 4061 4061 4061
859 1777277666 3547 3692 387 3641 3580 3621 3621 3590 4059 4059 4059 4059 4059 4059 4059 4059
860 1777277666 3547 3691 387 3641 3579 3620 3621 3589 4061 4061 4061 4061 4061 4061 4061 4061
861 1777277666 3547 3692 387 3642 3580 3621 3621 3589 4061 4061 4060 4060 4060 4060 4060 4060
862 1777277666 3548 3692 388 3642 3580 3623 3622 3590 4063 4063 4062 4062 4062 4062 4062 4062
863 1777277666 3547 3691 387 3642 3579 3621 3621 3589 4063 4063 4062 4062 4062 4062 4062 4062
864 1777277666 3547 3692 388 3642 3580 3621 3621 3590 4061 4061 4061 4061 4061 4061 4061 4061
865 1777277666 3547 3692 387 3642 3580 3621 3621 3590 4061 4061 4061 4061 4061 4061 4061 4061
866 1777277666 3547 3692 387 3641 3580 3622 3622 3590 4063 4063 4062 4062 4062 4062 4062 4062
867 1777277666 3547 3692 388 3641 3579 3621 3622 3590 4061 4061 4060 4060 4060 4060 4060 4060
868 1777277666 3548 3692 387 3641 3579 3622 3622 3589 98 4061 4061 4061 4061 4061 4061 4061
869 1777277666 3547 3691 387 3641 3579 3622 3621 3589 4061 4060 4060 4060 4060 4060 4060 4060
870 1777277666 3547 3691 390 3641 3579 3621 3621 3589 4063 4061 4061 4061 4061 4061 4061 4061
871 1777277666 3547 3691 389 3641 3579 3621 3621 3589 4061 4061 4061 4061 4061 4061 4061 4061
872 1777277666 3548 3693 388 3642 3580 3622 3622 3590 4063 4063 4062 4062 4062 4062 4062 4062
873 1777277674 3546 3690 388 3640 3578 3620 3620 3588 4061 4061 4061 4061 4061 4061 4061 4061
874 1777277674 3546 3691 387 3640 3578 3620 3620 3588 4063 4063 4062 4062 4062 4062 4062 4062
875 1777277674 3547 3692 387 3641 3579 3621 3621 3589 4061 4061 4061 4061 4061 4061 4061 4061
876 1777277674 3547 3691 388 3641 3579 3621 3621 3589 4063 4061 4061 4061 4061 4061 4061 4061
877 1777277674 3547 3692 388 3642 3579 3622 3621 3589 4061 4061 4061 4061 4061 4061 4061 4061
878 1777277674 3547 3691 387 3641 3579 3621 3621 3589 4063 4063 4062 4062 4062 4062 4062 4062
879 1777277674 3547 3692 388 3641 3579 3621 3621 3589 4061 4061 4060 4060 4060 4060 4060 4060
880 1777277674 3547 3691 387 3640 3579 3620 3621 3589 4061 4061 4060 4060 4060 4060 4060 4060
881 1777277674 3546 3690 388 3640 3579 3620 3621 3589 4061 4061 4060 4060 4060 4060 4060 4060
882 1777277674 3548 3692 388 3640 3580 3621 3621 3590 4061 4061 4061 4061 4061 4061 4061 4061
883 1777277674 3547 3691 388 3641 3580 3621 3622 3590 4063 4063 4062 4062 4062 4062 4062 4062
884 1777277674 3547 3691 387 3640 3579 3620 3621 3589 4061 4061 4061 4061 4061 4061 4061 4061
885 1777277674 3547 3691 388 3641 3579 3621 3621 3589 4061 4061 4061 4061 4061 4061 4061 4061
886 1777277674 3547 3691 388 3641 3579 3621 3621 3589 4063 4063 4062 4062 4062 4062 4062 4062
887 1777277674 3547 3691 388 3641 3579 3621 3621 3589 4061 4061 4061 4061 4061 4061 4061 4061
888 1777277674 3548 3692 388 3642 3580 3622 3622 3590 4063 4063 4062 4062 4062 4062 4062 4062
889 1777277674 3547 3691 387 3641 3579 3620 3621 3589 4061 4061 4061 4061 4061 4061 4061 4061
890 1777277674 3547 3691 388 3641 3579 3621 3621 3589 4063 4063 4062 4062 4062 4062 4062 4062
891 1777277674 3548 3692 388 3641 3580 3621 3622 3590 4061 4060 4060 4060 4060 4060 4060 4060
892 1777277674 3547 3691 387 3641 3579 3621 3621 3589 4063 4062 4062 4062 4062 4062 4062 4062
893 1777277674 3547 3692 388 3641 3580 3622 3621 3589 4061 4060 4060 4060 4060 4060 4060 4060
894 1777277682 3546 3691 388 3640 3578 3620 3621 3588 4063 4062 4062 4062 4062 4062 4062 4062
895 1777277682 3547 3691 387 3641 3579 3621 3621 3589 4061 4061 4060 4060 4060 4060 4060 4060
896 1777277682 3546 3691 387 3641 3578 3621 3621 3589 4063 4063 4062 4062 4062 4062 4062 4062
897 1777277682 3547 3692 388 3641 3579 3622 3621 3590 4063 4061 4061 4061 4061 4061 4061 4061
898 1777277682 3547 3691 388 3640 3578 3620 3620 3588 4061 4061 4061 4061 4061 4061 4061 4061
899 1777277682 3546 3691 388 3641 3579 3621 3621 3589 4061 4061 4061 4061 4061 4061 4061 4061
900 1777277682 3547 3691 388 3641 3578 3621 3621 3589 4063 4063 4062 4062 4062 4062 4062 4062
901 1777277682 3547 3691 388 3642 3579 3621 3621 3589 4063 4062 4062 4062 4062 4062 4062 4062
902 1777277682 3547 3692 388 3642 3580 3622 3622 3590 4063 4063 4062 4062 4062 4062 4062 4062
903 1777277682 3547 3691 387 3641 3579 3621 3621 3589 4063 4063 4062 4062 4062 4062 4062 4062
904 1777277682 3547 3691 388 3641 3579 3620 3621 3589 4061 4061 4061 4061 4061 4061 4061 4061
905 1777277683 3547 3692 388 3642 3580 3622 3622 3590 4061 4061 4061 4061 4061 4061 4061 4061
906 1777277683 3547 3691 388 3641 3579 3621 3621 3589 4063 4062 4062 4062 4062 4062 4062 4062
907 1777277683 3547 3691 388 3642 3579 3621 3621 3590 4063 4063 4062 4062 4062 4062 4062 4062
908 1777277683 3548 3692 388 3642 3579 3622 3622 3590 4063 4061 4061 4061 4061 4061 4061 4061
909 1777277683 3547 3691 388 3641 3580 3621 3621 3589 4061 4061 4061 4061 4061 4061 4061 4061
910 1777277683 3547 3692 387 3641 3579 3622 3621 3589 4061 4061 4061 4061 4061 4061 4061 4061
911 1777277683 3547 3691 388 3641 3578 3620 3620 3589 4063 4063 4062 4062 4062 4062 4062 4062
912 1777277691 3546 3690 388 3640 3578 3620 3620 3588 4063 4063 4062 4062 4062 4062 4062 4062
913 1777277691 3547 3691 388 3641 3580 3621 3622 3590 4061 4061 4060 4060 4060 4060 4060 4060
914 1777277691 3546 3691 388 3640 3579 3620 3620 3588 4061 4061 4061 4061 4061 4061 4061 4061
915 1777277691 3547 3692 387 3641 3579 3622 3622 3589 4063 4063 4062 4062 4062 4062 4062 4062
916 1777277691 3547 3691 388 3640 3578 3620 3620 3588 4061 4061 4061 4061 4061 4061 4061 4061
917 1777277691 3547 3692 388 3642 3580 3623 3622 3591 4061 4061 4060 4060 4060 4060 4060 4060
918 1777277691 3548 3692 387 3642 3580 3622 3622 3590 4063 4061 4061 4061 4061 4061 4061 4061
919 1777277691 3547 3692 388 3641 3579 3622 3621 3590 4063 4061 4061 4061 4061 4061 4061 4061
920 1777277691 3546 3691 388 3640 3579 3621 3621 3589 4061 4061 4061 4061 4061 4061 4061 4061
921 1777277691 3547 3691 388 3641 3579 3622 3622 3590 4061 4061 4060 4060 4060 4060 4060 4060
922 1777277691 3547 3691 388 3641 3579 3621 3621 3589 4061 4061 4061 4061 4061 4061 4061 4061
923 1777277691 3548 3692 388 3641 3579 3621 3621 3589 4061 4061 4061 4061 4061 4061 4061 4061
924 1777277691 3548 3692 388 3641 3580 3621 3622 3589 4061 4061 4061 4061 4061 4061 4061 4061
925 1777277691 3547 3692 388 3642 3580 3621 3621 3589 4061 4061 4061 4061 4061 4061 4061 4061
926 1777277691 3547 3692 388 3641 3579 3621 3622 3589 4061 4061 4061 4061 4061 4061 4061 4061
927 1777277691 3548 3692 388 3641 3579 3622 3621 3590 4063 4061 4061 4061 4061 4061 4061 4061
928 1777277691 3548 3692 388 3642 3580 3622 3622 3590 4063 4061 4061 4061 4061 4061 4061 4061
929 1777277691 3547 3691 388 3641 3579 3621 3621 3589 4061 4061 4060 4060 4060 4060 4060 4060
930 1777277691 3548 3692 388 3642 3580 3622 3622 3591 4063 4063 4062 4062 4062 4062 4062 4062
931 1777277691 3547 3691 388 3641 3579 3622 3621 3589 4063 4062 4062 4062 4062 4062 4062 4062
932 1777277691 3548 3692 389 3643 3581 3622 3622 3591 4061 4060 4060 4060 4060 4060 4060 4060
933 1777277691 3548 3692 388 3642 3580 3623 3622 3590 4063 4063 4062 4062 4062 4062 4062 4062
934 1777277691 3547 3691 388 3641 3579 3621 3622 3590 4063 4061 4061 4061 4061 4061 4061 4061
935 1777277691 3548 3692 388 3641 3580 3621 3621 3590 4063 4063 4062 4062 4062 4062 4062 4062
936 1777277691 3548 3692 388 3642 3580 3622 3622 3590 4061 4061 4061 4061 4061 4061 4061 4061
937 1777277691 3547 3692 388 3641 3579 3621 3621 3590 4061 4061 4061 4061 4061 4061 4061 4061
938 1777277691 3547 3691 387 3641 3579 3621 3621 3589 4061 4061 4061 4061 4061 4061 4061 4061
939 1777277691 3549 3694 388 3643 3581 3623 3623 3591 4061 4061 4061 4061 4061 4061 4061 4061
940 1777277691 3547 3691 387 3641 3579 3621 3621 3589 4063 4063 4062 4062 4062 4062 4062 4062
941 1777277691 3547 3692 388 3641 3579 3621 3622 3589 4061 4061 4061 4061 4061 4061 4061 4061
942 1777277691 3547 3692 388 3642 3580 3622 3622 3589 4063 4063 4062 4062 4062 4062 4062 4062
943 1777277691 3548 3692 388 3641 3580 3622 3622 3590 4061 4061 4061 4061 4061 4061 4061 4061
944 1777277691 3548 3692 388 3642 3580 3622 3622 3590 4061 4061 4061 4061 4061 4061 4061 4061
945 1777277691 3548 3693 388 3642 3581 3622 3623 3590 4061 4061 4061 4061 4061 4061 4061 4061
946 1777277691 3547 3692 388 3642 3580 3622 3622 3590 4063 4063 4062 4062 4062 4062 4062 4062
947 1777277691 3548 3693 388 3642 3580 3623 3623 3591 4061 4061 4060 4060 4060 4060 4060 4060
948 1777277691 3548 3693 388 3642 3580 3622 3622 3590 4063 4063 4062 4062 4062 4062 4062 4062
949 1777277691 3547 3692 388 3641 3579 3622 3622 3590 4063 4061 4061 4061 4061 4061 4061 4061
950 1777277691 3548 3691 388 3642 3580 3622 3621 3589 4061 4061 4061 4061 4061 4061 4061 4061
951 1777277691 3548 3693 388 3643 3580 3622 3622 3590 4061 4061 4061 4061 4061 4061 4061 4061
952 1777277691 3548 3693 388 3642 3580 3622 3622 3590 4063 4063 4062 4062 4062 4062 4062 4062
953 1777277691 3548 3692 388 3641 3580 3622 3622 3590 4063 4063 4062 4062 4062 4062 4062 4062
954 1777277691 3547 3692 388 3642 3580 3622 3623 3590 4063 4063 4062 4062 4062 4062 4062 4062
955 1777277691 3548 3693 388 3642 3581 3623 3623 3591 4063 4061 4061 4061 4061 4061 4061 4061
956 1777277691 3547 3692 389 3642 3579 3621 3621 3590 4063 4063 4062 4062 4062 4062 4062 4062
957 1777277691 3548 3692 388 3643 3581 3622 3622 3590 4061 4061 4060 4060 4060 4060 4060 4060
958 1777277691 3548 3693 388 3642 3581 3623 1399 3590 4061 4061 4061 4061 4061 4061 4061 4061
959 1777277691 3548 3692 388 3641 3580 3622 3622 3590 4061 4061 4061 4061 4061 4061 4061 4061
960 1777277691 3549 3693 388 3642 3580 3622 3623 3591 4063 4061 4061 4061 4061 4061 4061 4061
961 1777277691 3548 3692 388 3642 3580 3622 3622 3590 4061 4061 4061 4061 4061 4061 4061 4061
962 1777277691 3547 3692 388 3642 3579 3621 3621 3589 4061 4061 4061 4061 4061 4061 4061 4061
963 1777277691 3548 3692 388 3641 3579 3622 3622 3590 4061 4061 4061 4061 4061 4061 4061 4061
964 1777277691 3548 3692 389 3642 3580 3622 3622 3590 4061 4061 4061 4061 4061 4061 4061 4061
965 1777277691 3548 3693 388 3643 3581 3623 3623 3591 4063 4061 4061 4061 4061 4061 4061 4061
966 1777277691 3549 3693 388 3643 3581 3623 3623 3591 4063 4063 4062 4062 4062 4062 4062 4062
967 1777277691 3549 3693 388 3643 3581 3623 3623 3591 4061 4061 4061 4061 4061 4061 4061 4061
968 1777277691 3549 3693 389 3642 3580 3622 3622 3590 4061 4061 4060 4060 4060 4060 4060 4060
969 1777277691 3548 3692 388 3642 3580 3622 3622 3591 4061 4061 4061 4061 4061 4061 4061 4061
970 1777277691 3548 3693 388 3642 3580 3622 3622 3590 4061 4061 4061 4061 4061 4061 4061 4061
971 1777277691 3549 3692 388 3643 3580 3622 3622 3590 4061 4061 4061 4061 4061 4061 4061 4061
972 1777277691 3549 3694 388 3644 3581 3623 3623 3592 4061 4061 4060 4060 4060 4060 4060 4060
973 1777277691 3549 3694 388 3643 3582 3624 3623 3592 4061 4061 4061 4061 4061 4061 4061 4061
974 1777277691 3548 3693 388 3642 3580 3623 3623 3590 4063 4063 4062 4062 4062 4062 4062 4062
975 1777277691 3548 3693 388 3643 3580 3623 3623 3590 4063 4063 4062 4062 4062 4062 4062 4062
976 1777277691 3549 3693 388 3643 3581 3622 3623 3591 4061 4061 4060 4060 4060 4060 4060 4060
977 1777277691 3547 3692 388 3642 3580 3622 3622 3590 4061 4061 4061 4061 4061 4061 4061 4061
978 1777277691 3548 3693 387 3642 3580 3623 3622 3590 4063 4063 4062 4062 4062 4062 4062 4062
979 1777277691 3548 3692 388 3642 3580 3622 3623 3591 4063 4063 4062 4062 4062 4062 4062 4062
980 1777277691 3549 3693 388 3644 3582 3623 3623 3592 4063 4061 4061 4061 4061 4061 4061 4061
981 1777277691 3549 3694 388 3643 3581 3623 3623 3591 4061 4061 4061 4061 4061 4061 4061 4061
982 1777277691 3548 3692 388 3642 3581 3623 3623 3591 4061 4061 4061 4061 4061 4061 4061 4061
983 1777277691 3548 3692 388 3642 3580 3622 3622 3590 4061 4061 4061 4061 4061 4061 4061 4061
984 1777277691 3549 3693 388 3643 3581 3622 3622 3590 4061 4061 4061 4061 4061 4061 4061 4061
985 1777277691 3549 3693 388 3643 3581 3622 3623 3590 4063 4063 4062 4062 4062 4062 4062 4062
986 1777277691 3548 3693 388 3643 3581 3623 3622 3591 4061 4060 4060 4060 4060 4060 4060 4060
987 1777277692 3548 3692 388 3642 3580 3622 3622 3590 4061 4061 4061 4061 4061 4061 4061 4061
988 1777277692 3548 3693 389 3642 3581 3623 3622 3591 4061 4061 4061 4061 4061 4061 4061 4061
989 1777277692 3549 3692 388 3643 3581 3623 3623 3591 4063 4063 4062 4062 4062 4062 4062 4062
990 1777277692 3549 3693 388 3642 3581 3623 3623 3591 4061 4061 4061 4061 4061 4061 4061 4061
991 1777277692 3550 3694 388 3644 3582 3624 3624 3592 4061 4061 4061 4061 4061 4061 4061 4061
992 1777277692 3548 3692 388 3642 3580 3622 3621 3589 4063 4063 4062 4062 4062 4062 4062 4062
993 1777277692 3548 3692 388 3643 3580 3622 3623 3591 4061 4061 4061 4061 4061 4061 4061 4061
994 1777277692 3548 3693 388 3642 3580 3622 3622 3590 4061 4061 4061 4061 4061 4061 4061 4061
995 1777277692 3548 3693 388 3643 3581 3623 3623 3591 4063 4063 4062 4062 4062 4062 4062 4062
996 1777277692 3549 3693 389 3643 3581 3623 3623 3591 4061 4061 4061 4061 4061 4061 4061 4061
997 1777277692 3548 3692 389 3642 3580 3623 3623 3591 4063 4063 4062 4062 4062 4062 4062 4062
998 1777277692 3549 3694 389 3643 3581 3623 3623 3591 4061 4061 4061 4061 4061 4061 4061 4061
999 1777277692 3548 3693 389 3643 3581 3622 3623 3591 4061 4061 4061 4061 4061 4061 4061 4061
1000 1777277692 3549 3694 388 3644 3581 3623 3623 3591 4061 4061 4061 4061 4061 4061 4061 4061
