1 1777280560 3546 3692 386 3641 3579 3621 3621 3589 4063 4063 4063 4063 4063 4063 4063 4063
2 1777280560 3548 3693 386 3643 3581 3622 3622 3591 4063 4063 4063 4063 4063 4063 4063 4063
3 1777280560 3547 3692 386 3641 3580 3621 3621 3590 4063 4063 4063 4063 4063 4063 4063 4063
4 1777280560 3548 3692 387 3642 3580 3622 3622 3590 4063 4063 4062 4062 4062 4062 4062 4062
5 1777280560 3547 3692 386 3641 3579 3621 3621 3589 4063 4063 4062 4062 4062 4062 4062 4062
6 1777280560 3548 3692 386 3642 3581 3623 3623 3591 4065 4063 4063 4063 4063 4063 4063 4063
7 1777280560 3547 3691 386 3641 3579 3621 3621 3589 4063 4063 4062 4062 4062 4062 4062 4062
8 1777280560 3548 3693 387 3642 3580 3623 3623 3591 4063 4063 4062 4062 4062 4062 4062 4062
9 1777280560 3547 3692 386 3641 3580 3622 3622 3590 4063 4062 4062 4062 4062 4062 4062 4062
10 1777280560 3548 3692 387 3642 3580 3621 3621 3589 4065 4063 4063 4063 4063 4063 4063 4063
11 1777280560 3548 3693 387 3642 3580 3622 3622 3591 4063 4063 4062 4062 4062 4062 4062 4062
12 1777280560 3549 3694 387 3643 3581 3623 3623 3591 4063 4063 4062 4062 4062 4062 4062 4062
13 1777280560 3549 3693 386 3642 3580 3622 3622 3590 4061 4061 4061 4061 4061 4061 4061 4061
14 1777280560 3548 3692 386 3642 3580 3622 3622 3590 4063 4063 4063 4063 4063 4063 4063 4063
15 1777280560 3548 3692 386 3642 3580 3622 3623 3591 4063 4063 4063 4063 4063 4063 4063 4063
16 1777280560 3549 3693 387 3642 3580 3623 3623 3591 4063 4063 4062 4062 4062 4062 4062 4062
17 1777280560 3548 3692 386 3642 3580 3622 3622 3590 4063 4063 4063 4063 4063 4063 4063 4063
18 1777280560 3549 3693 386 3642 3580 3622 3622 3590 4063 4062 4062 4062 4062 4062 4062 4062
19 1777280560 3548 3692 387 3642 3580 3622 3622 3591 4063 4063 4063 4063 4063 4063 4063 4063
20 1777280560 3550 3694 387 3644 3582 3624 3624 3592 4063 4063 4063 4063 4063 4063 4063 4063
21 1777280560 3548 3693 386 3643 3581 3623 3623 3591 4063 4062 4062 4062 4062 4062 4062 4062
22 1777280560 3552 3697 386 3647 3585 3626 3627 3594 4063 4063 4062 4062 4062 4062 4062 4062
23 1777280560 3550 3694 386 3644 3582 3623 3623 3591 4063 4063 4063 4063 4063 4063 4063 4063
24 1777280560 3549 3693 386 3643 3581 3623 3623 3591 4063 4063 4062 4062 4062 4062 4062 4062
25 1777280560 3547 3692 387 3641 3580 3622 3623 3590 4063 4062 4062 4062 4062 4062 4062 4062
26 1777280560 3548 3692 387 3642 3580 3622 3622 3590 4061 4061 4061 4061 4061 4061 4061 4061
27 1777280560 3548 3693 386 3643 3580 3623 3623 3591 4063 4063 4063 4063 4063 4063 4063 4063
28 1777280560 3548 3693 387 3642 3580 3622 3623 3590 4063 4062 4062 4062 4062 4062 4062 4062
29 1777280560 3548 3693 386 3642 3580 3622 3622 3590 4063 4063 4063 4063 4063 4063 4063 4063
30 1777280560 3549 3693 387 3643 3581 3623 3623 3591 4063 4063 4063 4063 4063 4063 4063 4063
31 1777280568 3547 3691 386 3641 3579 3620 3621 3589 4063 4063 4063 4063 4063 4063 4063 4063
32 1777280568 3549 3693 386 3642 3580 3622 3623 3591 4061 4061 4061 4061 4061 4061 4061 4061
33 1777280568 3547 3692 387 3641 3579 3621 3622 3590 4063 4063 4063 4063 4063 4063 4063 4063
34 1777280568 3548 3692 387 3641 3579 3621 3621 3589 4063 4063 4062 4062 4062 4062 4062 4062
35 1777280568 3548 3692 387 3642 3580 3621 3622 3590 4059 4059 4059 4059 4059 4059 4059 4059
36 1777280568 3548 3692 386 3641 3580 3622 3622 3590 4063 4063 4063 4063 4063 4063 4063 4063
37 1777280568 3549 3693 387 3643 3581 3623 3623 3591 4063 4063 4063 4063 4063 4063 4063 4063
38 1777280568 3548 3692 387 3642 3580 3622 3622 3590 4063 4063 4063 4063 4063 4063 4063 4063
39 1777280568 3548 3693 387 3642 3581 3623 3623 3591 4063 4063 4063 4063 4063 4063 4063 4063
40 1777280568 3548 3692 386 3642 3580 3622 3622 3590 4061 4061 4061 4061 4061 4061 4061 4061
41 1777280568 3547 3691 387 3641 3579 3622 3622 3590 4063 4063 4063 4063 4063 4063 4063 4063
42 1777280568 3547 3692 388 3641 3579 3621 3622 3590 4063 4062 4062 4062 4062 4062 4062 4062
43 1777280568 3548 3692 387 3642 3580 3622 3623 3591 4065 4063 4063 4063 4063 4063 4063 4063
44 1777280568 3548 3693 386 3641 3580 3622 3622 3590 4063 4063 4063 4063 4063 4063 4063 4063
45 1777280568 3548 3693 387 3643 3581 3623 3623 3591 4063 4063 4062 4062 4062 4062 4062 4062
46 1777280568 3549 3693 387 3643 3581 3623 3623 3591 4061 4061 4061 4061 4061 4061 4061 4061
47 1777280568 3548 3692 387 3642 3580 3622 3622 3590 4063 4063 4063 4063 4063 4063 4063 4063
48 1777280568 3549 3692 386 3643 3580 3622 3623 3591 4063 4063 4062 4062 4062 4062 4062 4062
49 1777280568 3547 3692 387 3642 3580 3621 3622 3589 4061 4061 4061 4061 4061 4061 4061 4061
50 1777280568 3548 3692 387 3642 3580 3622 3622 3590 4063 4063 4062 4062 4062 4062 4062 4062
51 1777280568 3548 3693 387 3642 3580 3622 3622 3590 4063 4063 4062 4062 4062 4062 4062 4062
52 1777280568 3548 3692 387 3641 3580 3622 3622 3590 4063 4063 4062 4062 4062 4062 4062 4062
53 1777280568 3548 3693 387 3643 3581 3622 3622 3591 4063 4063 4062 4062 4062 4062 4062 4062
54 1777280568 3549 3693 387 3643 3581 3623 3622 3590 4063 4063 4062 4062 4062 4062 4062 4062
55 1777280568 3548 3693 387 3642 3580 3623 3623 3590 4061 4061 4061 4061 4061 4061 4061 4061
56 1777280568 3548 3692 386 3642 3580 3622 3622 3590 4063 4062 4062 4062 4062 4062 4062 4062
57 1777280568 3548 3693 387 3642 3580 3622 3622 3590 4065 4063 4063 4063 4063 4063 4063 4063
58 1777280568 3548 3693 388 3642 3580 3622 3622 3591 4063 4063 4062 4062 4062 4062 4062 4062
59 1777280568 3548 3693 387 3642 3581 3622 3623 3591 4063 4062 4062 4062 4062 4062 4062 4062
60 1777280568 3549 3693 386 3643 3581 3623 3623 3591 4063 4063 4063 4063 4063 4063 4063 4063
61 1777280568 3549 3693 387 3642 3580 3623 3622 3590 4063 4063 4062 4062 4062 4062 4062 4062
62 1777280568 3548 3692 387 3643 3581 3623 3623 3591 4063 4063 4063 4063 4063 4063 4063 4063
63 1777280568 3548 3693 387 3642 3581 3622 3623 3591 4061 4061 4061 4061 4061 4061 4061 4061
64 1777280568 3548 3693 386 3642 3580 3622 3622 3590 4063 4063 4063 4063 4063 4063 4063 4063
65 1777280568 3548 3692 387 3642 3581 3622 3622 3590 4063 4062 4062 4062 4062 4062 4062 4062
66 1777280568 3547 3692 387 3642 3580 3622 3622 3590 4061 4061 4061 4061 4061 4061 4061 4061
67 1777280568 3548 3693 387 3642 3580 3623 3623 3591 4063 4063 4063 4063 4063 4063 4063 4063
68 1777280568 3548 3692 387 3641 3580 3622 3622 3591 4063 4063 4063 4063 4063 4063 4063 4063
69 1777280568 3548 3693 387 3640 3580 3622 3623 3591 4061 4061 4061 4061 4061 4061 4061 4061
70 1777280568 3548 3693 387 3643 3580 3622 3623 3591 4063 4063 4062 4062 4062 4062 4062 4062
71 1777280568 3549 224 386 354 3580 3623 3624 3592 4061 4061 4061 4061 4061 4061 4061 4061
72 1777280568 3548 3692 386 3642 3580 3622 3622 3590 4063 4063 4063 4063 4063 4063 4063 4063
73 1777280568 3549 3694 387 3643 3581 3622 3623 3591 4065 4063 4063 4063 4063 4063 4063 4063
74 1777280568 3548 3692 387 3642 3580 3622 3622 3590 4063 4063 4062 4062 4062 4062 4062 4062
75 1777280568 3549 3693 387 3642 3581 3623 3623 3591 4063 4063 4062 4062 4062 4062 4062 4062
76 1777280568 3549 3693 387 3643 3581 3623 3624 3591 4063 4063 4062 4062 4062 4062 4062 4062
77 1777280568 3548 3693 387 3642 3580 3622 3622 3590 4063 4063 4062 4062 4062 4062 4062 4062
78 1777280568 3548 3692 387 3642 3581 3622 3623 3591 4063 4063 4062 4062 4062 4062 4062 4062
79 1777280568 3549 3694 387 3643 3582 3624 3624 3592 4063 4063 4062 4062 4062 4062 4062 4062
80 1777280569 3548 3692 387 3642 3580 3622 3622 3590 4063 4063 4062 4062 4062 4062 4062 4062
81 1777280569 3549 3693 387 3643 3581 3623 3623 3591 4061 4061 4061 4061 4061 4061 4061 4061
82 1777280569 3549 3694 386 3643 3581 3622 3622 3591 4063 4063 4062 4062 4062 4062 4062 4062
83 1777280569 3550 3694 387 3644 3581 3624 3623 3591 4063 4063 4063 4063 4063 4063 4063 4063
84 1777280569 3548 3693 386 3642 3580 3622 3622 3591 4061 4061 4061 4061 4061 4061 4061 4061
85 1777280569 3548 3693 387 3643 3580 3623 3622 3591 4063 4063 4062 4062 4062 4062 4062 4062
86 1777280569 3549 3694 387 3643 3582 3623 3623 3591 4063 4063 4062 4062 4062 4062 4062 4062
87 1777280569 3548 3693 387 3642 3581 3622 3623 3591 4061 4061 4061 4061 4061 4061 4061 4061
88 1777280569 3549 3693 387 3643 3581 3623 3623 3591 4063 4063 4063 4063 4063 4063 4063 4063
89 1777280569 3549 3693 387 3643 3580 3622 3622 3590 4063 4063 4063 4063 4063 4063 4063 4063
90 1777280569 3549 3693 388 3643 3581 3623 3624 3592 4063 4062 4062 4062 4062 4062 4062 4062
91 1777280569 3548 3692 387 3642 3580 3622 3623 3590 4063 4063 4062 4062 4062 4062 4062 4062
92 1777280569 3549 3693 387 3643 3581 3623 3623 3591 4063 4063 4063 4063 4063 4063 4063 4063
93 1777280569 3549 3693 387 3642 3581 3622 3623 3591 4061 4061 4061 4061 4061 4061 4061 4061
94 1777280569 3549 3693 388 3643 3581 3623 3623 3591 4063 4063 4063 4063 4063 4063 4063 4063
95 1777280569 3548 3693 387 3643 3580 3622 3623 3591 4063 4063 4063 4063 4063 4063 4063 4063
96 1777280569 3549 3693 387 3643 3581 3623 3623 3591 4061 4061 4061 4061 4061 4061 4061 4061
97 1777280569 3549 3693 387 3643 3581 3623 3623 3591 4063 4063 4062 4062 4062 4062 4062 4062
98 1777280569 3549 3693 387 3643 3580 3622 3622 3590 4063 4063 4062 4062 4062 4062 4062 4062
99 1777280569 3549 3694 387 3642 3581 3623 3623 3592 4063 4063 4062 4062 4062 4062 4062 4062
100 1777280569 3549 3693 387 3643 3581 3623 3623 3592 4063 4063 4063 4063 4063 4063 4063 4063
101 1777280569 3548 3692 387 3642 3580 3622 3622 3591 4061 4061 4061 4061 4061 4061 4061 4061
102 1777280569 3549 3693 388 3643 3581 3623 3623 3592 4063 4063 4062 4062 4062 4062 4062 4062
103 1777280569 3549 3694 387 3643 3582 3623 3623 3591 4063 4063 4062 4062 4062 4062 4062 4062
104 1777280569 3549 3693 387 3643 3581 3623 3624 3591 4061 4061 4061 4061 4061 4061 4061 4061
105 1777280569 3549 3693 387 3642 3581 3623 3624 3591 4063 4063 4062 4062 4062 4062 4062 4062
106 1777280569 3548 3693 388 3642 3580 3623 3622 3591 4063 4063 4062 4062 4062 4062 4062 4062
107 1777280569 3549 3694 387 3642 3581 3623 3623 3591 4063 4063 4062 4062 4062 4062 4062 4062
108 1777280569 3550 3694 387 3644 3582 3623 3624 3591 4063 4063 4063 4063 4063 4063 4063 4063
109 1777280569 3549 3693 387 3642 3580 3622 3623 3591 4061 4061 4061 4061 4061 4061 4061 4061
110 1777280569 3548 3693 387 3643 3581 3623 3623 3591 4061 4061 4061 4061 4061 4061 4061 4061
111 1777280569 3550 3694 387 3644 3582 3623 3624 3592 4063 4063 4063 4063 4063 4063 4063 4063
112 1777280569 3549 3694 387 3643 3582 3624 3624 3592 4063 4063 4062 4062 4062 4062 4062 4062
113 1777280569 3549 3693 387 3643 3581 3624 3623 3591 4063 4063 4062 4062 4062 4062 4062 4062
114 1777280569 3549 3694 388 3643 3582 3624 3624 3592 4061 4061 4061 4061 4061 4061 4061 4061
115 1777280569 3548 3693 387 3642 3581 3623 3623 3591 4061 4061 4061 4061 4061 4061 4061 4061
116 1777280569 3549 3693 386 3643 3581 3623 3623 3591 4063 4063 4062 4062 4062 4062 4062 4062
117 1777280569 3549 3693 387 3643 3581 3623 3623 3592 4063 4063 4062 4062 4062 4062 4062 4062
118 1777280569 3549 3694 388 3643 3581 3624 3623 3591 4063 4063 4063 4063 4063 4063 4063 4063
119 1777280569 3549 3693 387 3642 3581 3622 3623 3591 4063 4063 4062 4062 4062 4062 4062 4062
120 1777280569 3548 3693 390 3643 3581 3623 3623 3591 4063 4063 4062 4062 4062 4062 4062 4062
121 1777280569 3549 3693 389 3643 3581 3622 3623 3592 4063 4063 4063 4063 4063 4063 4063 4063
122 1777280569 3549 3693 388 3643 3581 3623 3623 3591 4063 4062 4062 4062 4062 4062 4062 4062
123 1777280569 3550 3695 387 3644 3582 3624 3625 3592 4061 4061 4060 4060 4060 4060 4060 4060
124 1777280569 3549 3694 387 3643 3582 3623 3623 3592 4063 4063 4062 4062 4062 4062 4062 4062
125 1777280569 3548 3693 387 3643 3581 3623 3623 3591 4063 4063 4062 4062 4062 4062 4062 4062
126 1777280569 3550 3694 387 3644 3581 3624 3624 3592 4063 4063 4063 4063 4063 4063 4063 4063
127 1777280569 3549 3693 387 3643 3581 3623 3623 3591 4063 4063 4062 4062 4062 4062 4062 4062
128 1777280569 3550 3694 388 3644 3582 3623 3623 3592 4063 4063 4063 4063 4063 4063 4063 4063
129 1777280569 3549 3693 387 3643 3581 3623 3624 3592 4063 4063 4062 4062 4062 4062 4062 4062
130 1777280569 3549 3693 388 3643 3581 3623 3623 3591 4063 4063 4062 4062 4062 4062 4062 4062
131 1777280569 3548 3693 387 3642 3581 3622 3623 3591 4061 4061 4061 4061 4061 4061 4061 4061
132 1777280569 3549 3694 388 3644 3582 3624 3624 3592 4063 4063 4063 4063 4063 4063 4063 4063
133 1777280569 3550 3695 387 3644 3583 3624 3624 3592 4063 4063 4063 4063 4063 4063 4063 4063
134 1777280569 3550 3694 387 3643 3581 3624 3623 3591 4063 4063 4062 4062 4062 4062 4062 4062
135 1777280569 3548 3692 388 3642 3580 3623 3623 3591 4063 4063 4063 4063 4063 4063 4063 4063
136 1777280569 3548 3693 387 3643 3581 3623 3623 3591 4063 4063 4063 4063 4063 4063 4063 4063
137 1777280569 3549 3693 387 3642 3580 3623 3622 3591 4063 4063 4063 4063 4063 4063 4063 4063
138 1777280569 3548 3693 388 3643 3581 3623 3623 3591 4063 4063 4063 4063 4063 4063 4063 4063
139 1777280569 3549 3694 387 3644 3582 3624 88 3590 4063 4063 4062 4062 4062 4062 4062 4062
140 1777280569 3550 3694 387 3643 3581 3624 3623 3592 4063 4063 4062 4062 4062 4062 4062 4062
141 1777280569 3549 3695 387 3644 3581 3624 3624 3592 4063 4063 4062 4062 4062 4062 4062 4062
142 1777280569 3549 3693 388 3643 3581 3624 3623 3591 4063 4063 4062 4062 4062 4062 4062 4062
143 1777280569 3550 3695 387 3644 3582 3624 3623 3591 4063 4063 4062 4062 4062 4062 4062 4062
144 1777280569 3550 3694 387 3644 3582 3624 3624 3592 4063 4063 4062 4062 4062 4062 4062 4062
145 1777280569 3550 3694 387 3644 3582 3624 3624 3592 4063 4063 4062 4062 4062 4062 4062 4062
146 1777280569 3549 3695 388 3644 3582 3624 3624 3592 4063 4063 4063 4063 4063 4063 4063 4063
147 1777280569 3550 3694 387 3643 3582 3624 3623 3592 4063 4063 4063 4063 4063 4063 4063 4063
148 1777280569 3550 3694 387 3644 3582 3624 3624 3592 4061 4061 4061 4061 4061 4061 4061 4061
149 1777280569 3550 3695 387 3644 3583 3624 3624 3592 4063 4063 4062 4062 4062 4062 4062 4062
150 1777280570 3549 3693 388 3643 3581 3623 3623 3591 4063 4063 4062 4062 4062 4062 4062 4062
151 1777280570 3549 3693 387 3643 3581 3623 3624 3591 4063 4063 4062 4062 4062 4062 4062 4062
152 1777280570 3550 3694 388 3644 3582 3624 3624 3592 4063 4063 4062 4062 4062 4062 4062 4062
153 1777280570 3549 3694 388 3643 3581 3623 3623 3591 4063 4063 4063 4063 4063 4063 4063 4063
154 1777280570 3549 3694 388 3643 3582 3624 3624 3592 4063 4063 4063 4063 4063 4063 4063 4063
155 1777280570 3549 3693 388 3643 3581 3623 3624 3591 4063 4063 4063 4063 4063 4063 4063 4063
156 1777280570 3550 3694 388 3644 3581 3623 3624 3592 4063 4063 4062 4062 4062 4062 4062 4062
157 1777280570 3549 3694 388 3643 3581 3623 3623 3592 4063 4063 4062 4062 4062 4062 4062 4062
158 1777280570 3549 3693 388 3643 3581 3623 3623 3591 4063 4063 4063 4063 4063 4063 4063 4063
159 1777280570 3549 3694 387 3643 3581 3623 3623 3592 4063 4063 4063 4063 4063 4063 4063 4063
160 1777280570 3550 3694 387 3644 3581 3623 3623 3592 4063 4063 4063 4063 4063 4063 4063 4063
161 1777280570 3550 3694 387 3644 3582 3624 3625 3592 4063 4063 4063 4063 4063 4063 4063 4063
162 1777280570 3550 3694 388 3643 3582 3624 3624 3592 4063 4063 4062 4062 4062 4062 4062 4062
163 1777280570 3550 3694 387 3644 3582 3624 3624 3592 4061 4061 4061 4061 4061 4061 4061 4061
164 1777280570 3550 3694 387 3644 3582 3624 3624 3592 4063 4063 4062 4062 4062 4062 4062 4062
165 1777280570 3549 3694 388 3643 3581 3623 3624 3592 4063 4063 4062 4062 4062 4062 4062 4062
166 1777280570 3549 3693 387 3643 3581 3623 3624 3592 4063 4063 4063 4063 4063 4063 4063 4063
167 1777280578 3548 3692 388 3642 3580 3622 3622 3590 4063 4063 4063 4063 4063 4063 4063 4063
168 1777280578 3548 3693 388 3642 3580 3622 3623 3590 4065 4063 4063 4063 4063 4063 4063 4063
169 1777280578 3549 3693 388 3643 3581 3623 3623 3591 4063 4062 4062 4062 4062 4062 4062 4062
170 1777280578 3548 3692 387 3642 3580 3622 3622 3590 4063 4063 4063 4063 4063 4063 4063 4063
171 1777280578 3549 3694 388 3643 3582 3624 3624 3592 4063 4063 4062 4062 4062 4062 4062 4062
172 1777280578 3549 3693 387 3643 3581 3623 3623 3591 4065 4063 4063 4063 4063 4063 4063 4063
173 1777280578 3549 3694 388 3643 3581 3623 3623 3591 4063 4063 4062 4062 4062 4062 4062 4062
174 1777280578 3549 3693 388 3643 3581 3623 3623 3591 4063 4063 4062 4062 4062 4062 4062 4062
175 1777280578 3549 3693 388 3643 3581 3623 3623 3591 4061 4061 4061 4061 4061 4061 4061 4061
176 1777280578 3549 3693 387 3644 3581 3624 3623 3592 4063 4063 4063 4063 4063 4063 4063 4063
177 1777280578 3549 3693 388 3643 3581 3623 3624 3591 4063 4063 4062 4062 4062 4062 4062 4062
178 1777280578 3548 3693 388 3642 3581 3623 3623 3591 4063 4063 4062 4062 4062 4062 4062 4062
179 1777280578 3548 3693 387 3642 3581 3622 3623 3590 4063 4063 4063 4063 4063 4063 4063 4063
180 1777280578 3549 3694 388 3644 3581 3623 3623 3591 4061 4061 4061 4061 4061 4061 4061 4061
181 1777280578 3549 3694 388 3643 3582 3624 3623 3592 4063 4063 4062 4062 4062 4062 4062 4062
182 1777280578 3549 3694 387 3644 3582 3624 3624 3592 4063 4063 4062 4062 4062 4062 4062 4062
183 1777280578 3548 3692 388 3641 3580 3622 3623 3591 4063 4063 4063 4063 4063 4063 4063 4063
184 1777280578 3549 3693 389 3643 3581 3624 3623 3591 4063 4063 4063 4063 4063 4063 4063 4063
185 1777280578 3548 3693 388 3643 3581 3623 3623 3591 4063 4063 4062 4062 4062 4062 4062 4062
186 1777280578 3549 3694 388 3644 3582 3624 3625 3592 4063 4063 4062 4062 4062 4062 4062 4062
187 1777280578 3549 3694 388 3645 3582 3624 3624 3592 4063 4063 4062 4062 4062 4062 4062 4062
188 1777280578 3550 3694 388 3644 3581 3624 3624 3591 4063 4063 4062 4062 4062 4062 4062 4062
189 1777280578 3550 3694 387 3644 3582 3624 3624 3592 4063 4063 4062 4062 4062 4062 4062 4062
190 1777280578 3549 3694 388 3643 3582 3624 3624 3592 4063 4063 4062 4062 4062 4062 4062 4062
191 1777280578 3549 3694 388 3644 3582 3624 3624 3592 4063 4063 4063 4063 4063 4063 4063 4063
192 1777280578 3549 3694 388 3644 3582 3624 3624 3592 4063 4063 4062 4062 4062 4062 4062 4062
193 1777280578 3548 3693 388 3643 3581 3623 3623 3591 4063 4061 4061 4061 4061 4061 4061 4061
194 1777280578 3549 3693 387 3642 3580 3623 3623 3591 4063 4063 4063 4063 4063 4063 4063 4063
195 1777280578 3550 3694 388 3643 3582 3623 3624 3592 4061 4061 4061 4061 4061 4061 4061 4061
196 1777280578 3549 3694 387 3644 3581 3624 3624 3592 4063 4062 4062 4062 4062 4062 4062 4062
197 1777280578 3549 3693 388 3643 3582 3624 3624 3592 4065 4063 4063 4063 4063 4063 4063 4063
198 1777280578 3549 3694 388 3643 3581 3623 3624 3592 4063 4063 4062 4062 4062 4062 4062 4062
199 1777280578 3549 3694 388 3643 3581 3623 3623 3591 4065 4063 4063 4063 4063 4063 4063 4063
200 1777280578 3549 3694 388 3643 3581 3623 3624 3592 4063 4063 4062 4062 4062 4062 4062 4062
201 1777280586 3548 3693 388 3642 3581 3623 3623 3591 4061 4061 4061 4061 4061 4061 4061 4061
202 1777280586 3549 3693 387 3643 3581 3623 3623 3591 4061 4061 4061 4061 4061 4061 4061 4061
203 1777280586 3550 3694 388 3644 3582 3624 3624 3592 4063 4063 4063 4063 4063 4063 4063 4063
204 1777280586 3549 3694 388 3643 3581 3623 3624 3592 4063 4063 4062 4062 4062 4062 4062 4062
205 1777280586 3549 3693 388 3643 3581 3623 3623 3592 4063 4063 4063 4063 4063 4063 4063 4063
206 1777280586 3549 3694 388 3643 3582 3624 3624 3592 4063 4063 4062 4062 4062 4062 4062 4062
207 1777280586 3549 3694 388 3643 3581 3623 3623 3591 4063 4063 4063 4063 4063 4063 4063 4063
208 1777280586 3549 3693 388 3643 3581 3623 3623 3591 4063 4063 4062 4062 4062 4062 4062 4062
209 1777280586 3550 3694 388 3643 3581 3624 3624 3592 4063 4063 4062 4062 4062 4062 4062 4062
210 1777280586 3550 3695 388 3644 3583 3625 3625 3593 4063 4062 4062 4062 4062 4062 4062 4062
211 1777280586 3549 3693 388 3644 3581 3624 3624 3592 4063 4063 4062 4062 4062 4062 4062 4062
212 1777280586 3550 3694 388 3643 3581 3624 3624 3592 4061 4061 4061 4061 4061 4061 4061 4061
213 1777280586 3551 3694 388 3644 3582 3624 3624 3592 4063 4063 4062 4062 4062 4062 4062 4062
214 1777280586 3550 3695 388 3644 3582 3624 3625 3593 4063 4063 4062 4062 4062 4062 4062 4062
215 1777280586 3550 3694 389 3644 3582 3624 3624 3592 4063 4063 4063 4063 4063 4063 4063 4063
216 1777280586 3549 3693 388 3643 3582 3624 3624 3592 4061 4061 4061 4061 4061 4061 4061 4061
217 1777280586 3550 3694 388 3643 3582 3624 3624 3592 4061 4061 4061 4061 4061 4061 4061 4061
218 1777280586 3550 3694 388 3643 3582 3624 3624 3593 4063 4063 4062 4062 4062 4062 4062 4062
219 1777280586 3549 3693 388 3643 3581 3623 3623 3591 4063 4063 4062 4062 4062 4062 4062 4062
220 1777280586 3549 3693 388 3643 3582 3624 3624 3592 4063 4063 4062 4062 4062 4062 4062 4062
221 1777280586 3550 3694 388 3643 3582 3624 3624 3592 4061 4060 4060 4060 4060 4060 4060 4060
222 1777280586 3550 3694 388 3644 3582 3624 3624 3592 4063 4063 4062 4062 4062 4062 4062 4062
223 1777280586 3550 3695 388 3644 3582 3624 3624 3592 4063 4063 4062 4062 4062 4062 4062 4062
224 1777280586 3550 3694 388 3643 3582 3624 3624 3592 4063 4063 4062 4062 4062 4062 4062 4062
225 1777280586 3550 3695 388 3644 3582 3625 3624 3592 4063 4063 4063 4063 4063 4063 4063 4063
226 1777280586 3550 3694 388 3644 3582 3624 3624 3592 4059 4059 4059 4059 4059 4059 4059 4059
227 1777280586 3550 3695 387 3644 3582 3624 3624 3592 4061 4061 4061 4061 4061 4061 4061 4061
228 1777280586 3549 3693 388 3643 3581 3623 3623 3591 4063 4063 4062 4062 4062 4062 4062 4062
229 1777280586 3549 3693 388 3643 3581 3623 3623 3591 4061 4061 4061 4061 4061 4061 4061 4061
230 1777280586 3550 3694 388 3643 3581 3623 3624 3592 4061 4061 4061 4061 4061 4061 4061 4061
231 1777280586 3549 3694 389 3643 3581 3623 3624 3592 4063 4063 4062 4062 4062 4062 4062 4062
232 1777280586 3550 3694 388 3643 3582 3624 3624 3592 4063 4063 4062 4062 4062 4062 4062 4062
233 1777280586 3549 3694 389 3644 3582 3624 3624 3592 4063 4063 4063 4063 4063 4063 4063 4063
234 1777280586 3550 3694 388 3643 3582 3624 3624 3592 4063 4063 4063 4063 4063 4063 4063 4063
235 1777280586 3549 3693 388 3643 3581 3624 3624 3592 4063 4063 4063 4063 4063 4063 4063 4063
236 1777280586 3549 3693 388 3643 3582 3624 3624 3592 4063 4063 4063 4063 4063 4063 4063 4063
237 1777280586 3549 3694 388 3643 3581 3623 3623 3591 4063 4063 4062 4062 4062 4062 4062 4062
238 1777280586 3550 3694 388 3644 3582 3624 3624 3592 4063 4063 4062 4062 4062 4062 4062 4062
239 1777280586 3550 3694 389 3643 3581 3624 3624 3592 4061 4061 4061 4061 4061 4061 4061 4061
240 1777280586 3550 3694 388 3643 3581 3624 3624 3592 4063 4063 4063 4063 4063 4063 4063 4063
241 1777280586 3549 3693 387 3642 3582 3623 3623 3591 4063 4063 4062 4062 4062 4062 4062 4062
242 1777280586 3549 3694 388 3644 3582 3624 3624 3593 4061 4061 4061 4061 4061 4061 4061 4061
243 1777280586 3550 3694 388 3644 3582 3624 3624 3592 4063 4063 4063 4063 4063 4063 4063 4063
244 1777280586 3550 3694 388 3644 3582 3624 3624 3592 4063 4063 4062 4062 4062 4062 4062 4062
245 1777280586 3549 3693 389 3643 3581 3623 3624 3592 4063 4063 4062 4062 4062 4062 4062 4062
246 1777280586 3550 3694 388 3644 3582 3625 3624 3592 4061 4061 4061 4061 4061 4061 4061 4061
247 1777280586 3550 3695 389 3644 3582 3624 3625 3593 4063 4063 4062 4062 4062 4062 4062 4062
248 1777280586 3550 3695 388 3644 3582 3624 3624 3592 4063 4062 4062 4062 4062 4062 4062 4062
249 1777280586 3550 3695 388 3644 3582 3624 3624 3592 4063 4063 4063 4063 4063 4063 4063 4063
250 1777280586 3549 3694 388 3643 3582 3624 3624 3592 4061 4061 4061 4061 4061 4061 4061 4061
251 1777280586 3550 3695 388 3644 3582 3625 3624 3592 4063 4063 4063 4063 4063 4063 4063 4063
252 1777280586 3548 3692 387 3641 3580 3622 3623 3590 4063 4063 4063 4063 4063 4063 4063 4063
253 1777280586 3549 3693 386 3642 3581 3623 3623 3591 4061 4060 4060 4060 4060 4060 4060 4060
254 1777280587 3548 3693 386 3642 3580 3622 3623 3590 4063 4063 4063 4063 4063 4063 4063 4063
255 1777280587 3548 3693 386 3642 3580 3622 3622 3590 4063 4063 4063 4063 4063 4063 4063 4063
256 1777280587 3548 3692 387 3642 3580 3622 3622 3590 4063 4063 4062 4062 4062 4062 4062 4062
257 1777280587 3549 3693 387 3642 3581 3623 3622 3591 4063 4061 4061 4061 4061 4061 4061 4061
258 1777280587 3548 3693 386 3641 3580 3623 3623 3591 4063 4062 4062 4062 4062 4062 4062 4062
259 1777280587 3548 3692 387 3640 3580 3622 3622 3590 4065 4063 4063 4063 4063 4063 4063 4063
260 1777280587 3548 3692 387 3642 3580 3622 3622 3590 4063 4063 4062 4062 4062 4062 4062 4062
261 1777280594 3548 3692 387 3641 3579 3621 3622 3590 4063 4063 4062 4062 4062 4062 4062 4062
262 1777280594 3547 3691 386 3641 3579 3621 3621 3590 4063 4063 4062 4062 4062 4062 4062 4062
263 1777280594 3547 3692 386 3641 3579 3621 3621 3589 4063 4063 4062 4062 4062 4062 4062 4062
264 1777280594 3547 3692 387 3642 3579 3621 3622 3590 4061 4061 4061 4061 4061 4061 4061 4061
265 1777280595 3547 3692 387 3641 3579 3622 3621 3590 4061 4061 4061 4061 4061 4061 4061 4061
266 1777280595 3548 3692 387 3642 3580 3622 3622 3590 4063 4063 4063 4063 4063 4063 4063 4063
267 1777280595 3548 3692 386 3641 3579 3622 3622 3589 4061 4061 4061 4061 4061 4061 4061 4061
268 1777280595 3547 3691 387 3641 3579 3621 3621 3589 4061 4061 4060 4060 4060 4060 4060 4060
269 1777280595 3548 3692 386 3641 3579 3621 3622 3590 4063 4063 4063 4063 4063 4063 4063 4063
270 1777280595 3548 3693 387 3642 3580 3622 3622 3590 4063 4063 4062 4062 4062 4062 4062 4062
271 1777280595 3548 3692 386 3642 3579 3622 3622 3590 4063 4063 4062 4062 4062 4062 4062 4062
272 1777280595 3547 3691 387 3641 3579 3621 3622 3590 4063 4063 4062 4062 4062 4062 4062 4062
273 1777280595 3548 3693 386 3641 3580 3622 3622 3591 4063 4063 4063 4063 4063 4063 4063 4063
274 1777280595 3548 3692 386 3642 3580 3622 3622 3590 4063 4063 4063 4063 4063 4063 4063 4063
275 1777280595 3548 3693 387 3642 3580 3622 3623 3590 4061 4061 4061 4061 4061 4061 4061 4061
276 1777280595 3548 3692 387 3642 3580 3622 3622 3590 4063 4063 4063 4063 4063 4063 4063 4063
277 1777280595 3548 3692 386 3642 3580 3622 3622 3590 4063 4063 4063 4063 4063 4063 4063 4063
278 1777280595 3548 3692 387 3642 3580 3622 3622 3590 4061 4061 4061 4061 4061 4061 4061 4061
279 1777280595 3548 3692 388 3642 3580 3621 3622 3590 4061 4061 4061 4061 4061 4061 4061 4061
280 1777280595 3547 3691 387 3641 3579 3622 3622 3590 4063 4063 4062 4062 4062 4062 4062 4062
281 1777280595 3549 3693 387 3643 3580 3623 3622 3591 4063 4063 4062 4062 4062 4062 4062 4062
282 1777280595 3549 3693 386 3643 3581 3623 3623 3591 4063 4063 4062 4062 4062 4062 4062 4062
283 1777280595 3548 3692 387 3642 3580 3622 3622 3590 4063 4063 4063 4063 4063 4063 4063 4063
284 1777280595 3549 3693 387 3642 3580 3622 3622 3590 4063 4063 4062 4062 4062 4062 4062 4062
285 1777280595 3548 3693 386 3642 3581 3622 3622 3590 4061 4061 4061 4061 4061 4061 4061 4061
286 1777280595 3548 3693 387 3642 3580 3622 3622 3590 4063 4063 4063 4063 4063 4063 4063 4063
287 1777280595 3548 3692 386 3642 3580 3622 3623 3590 4063 4063 4062 4062 4062 4062 4062 4062
288 1777280595 3548 3692 387 3642 3580 3622 3623 3591 4063 4063 4063 4063 4063 4063 4063 4063
289 1777280595 3547 3692 386 3641 3579 3622 3622 3590 4063 4063 4063 4063 4063 4063 4063 4063
290 1777280595 3548 3693 387 3642 3580 3623 3622 3590 4063 4063 4062 4062 4062 4062 4062 4062
291 1777280595 3548 3692 387 3642 3581 3622 3623 3591 4063 4063 4062 4062 4062 4062 4062 4062
292 1777280595 3547 3692 386 3642 3580 3622 3622 3590 4061 4061 4061 4061 4061 4061 4061 4061
293 1777280595 3549 3694 386 3643 3581 3623 3623 3592 4063 4063 4063 4063 4063 4063 4063 4063
294 1777280595 3548 3693 387 3642 3580 3622 3622 3590 4061 4061 4061 4061 4061 4061 4061 4061
295 1777280595 3549 3693 388 3643 3580 3623 3623 3591 4061 4061 4061 4061 4061 4061 4061 4061
296 1777280595 3547 3692 387 3641 3579 3621 3622 3589 4061 4061 4061 4061 4061 4061 4061 4061
297 1777280595 3547 3691 387 3641 3579 3621 3622 3590 4063 4063 4062 4062 4062 4062 4062 4062
298 1777280595 3548 3692 387 3642 3580 3622 3622 3590 4063 4063 4063 4063 4063 4063 4063 4063
299 1777280595 3548 3693 386 3643 3581 3623 3623 3591 4063 4063 4063 4063 4063 4063 4063 4063
300 1777280595 3549 3693 387 3643 3580 3623 3623 3591 4063 4063 4063 4063 4063 4063 4063 4063
301 1777280595 3548 3692 387 3641 3580 3622 3622 3590 4061 4061 4061 4061 4061 4061 4061 4061
302 1777280595 3548 3693 386 3643 3581 3623 3623 3591 4063 4063 4063 4063 4063 4063 4063 4063
303 1777280595 3548 3693 386 3643 3580 3623 3622 3590 4063 4063 4063 4063 4063 4063 4063 4063
304 1777280595 3548 3692 387 3641 3580 3622 3622 3590 4063 4062 4062 4062 4062 4062 4062 4062
305 1777280595 3550 3694 387 3643 3581 3623 3623 3592 4063 4063 4062 4062 4062 4062 4062 4062
306 1777280595 3548 3693 387 3643 3580 3622 3622 3590 4061 4061 4061 4061 4061 4061 4061 4061
307 1777280595 3549 3694 387 3643 3581 3623 3623 3591 4063 4063 4063 4063 4063 4063 4063 4063
308 1777280595 3548 3693 386 3642 3580 3622 3622 3591 4063 4063 4062 4062 4062 4062 4062 4062
309 1777280595 3549 3693 386 3643 3581 3623 3623 3591 4063 4063 4063 4063 4063 4063 4063 4063
310 1777280595 3548 3693 387 3642 3580 3622 3622 3591 4063 4062 4062 4062 4062 4062 4062 4062
311 1777280595 3548 3693 388 3642 3580 3623 3622 3591 4063 4063 4063 4063 4063 4063 4063 4063
312 1777280595 3548 3693 387 3642 3581 3623 3623 3591 4063 4063 4062 4062 4062 4062 4062 4062
313 1777280595 3549 3693 387 3642 3580 3623 3623 3591 4063 4063 4063 4063 4063 4063 4063 4063
314 1777280595 3548 3693 387 3643 3581 3622 3623 3591 4063 4063 4062 4062 4062 4062 4062 4062
315 1777280595 3549 3693 387 3643 3582 3624 3624 3591 4063 4063 4062 4062 4062 4062 4062 4062
316 1777280595 3549 3693 387 3642 3581 3623 3623 3591 4063 4063 4063 4063 4063 4063 4063 4063
317 1777280595 3548 3692 387 3642 3581 3622 3623 3591 4063 4063 4062 4062 4062 4062 4062 4062
318 1777280595 3549 3693 387 3643 3580 3622 3623 3590 4063 4063 4062 4062 4062 4062 4062 4062
319 1777280595 3550 3694 387 3643 3582 3623 3623 3591 4063 4063 4062 4062 4062 4062 4062 4062
320 1777280595 3548 3694 387 3642 3581 3623 3623 3591 4061 4061 4061 4061 4061 4061 4061 4061
321 1777280595 3549 3693 387 3641 3581 3624 3624 3592 4063 4063 4062 4062 4062 4062 4062 4062
322 1777280595 3549 3694 387 3644 3582 3624 3624 3592 4063 4062 4062 4062 4062 4062 4062 4062
323 1777280595 3548 3693 386 3643 3580 3623 3623 3591 4063 4063 4062 4062 4062 4062 4062 4062
324 1777280595 3548 3693 387 3642 3581 3623 3623 3591 4063 4063 4063 4063 4063 4063 4063 4063
325 1777280595 3547 3692 388 3641 3580 3622 3622 3590 4063 4063 4063 4063 4063 4063 4063 4063
326 1777280595 3548 3693 387 3643 3581 3622 3623 3591 4063 4063 4062 4062 4062 4062 4062 4062
327 1777280595 3547 3692 388 3642 3580 3622 3623 3590 4063 4063 4062 4062 4062 4062 4062 4062
328 1777280595 3548 3692 387 3642 3580 3622 3622 3590 4063 4063 4062 4062 4062 4062 4062 4062
329 1777280595 3548 3692 387 3642 3580 3623 3622 3591 4063 4063 4062 4062 4062 4062 4062 4062
330 1777280595 3549 3693 386 3643 3581 3623 3623 3591 4063 4063 4062 4062 4062 4062 4062 4062
331 1777280595 3548 3693 387 3643 3581 3623 3623 3591 4061 4061 4061 4061 4061 4061 4061 4061
332 1777280595 3548 3693 387 3643 3581 3623 3623 3591 4063 4063 4062 4062 4062 4062 4062 4062
333 1777280595 3548 3692 387 3643 3581 3622 3623 3591 4063 4063 4063 4063 4063 4063 4063 4063
334 1777280595 3548 3693 387 3643 3580 3622 3622 3591 4063 4063 4062 4062 4062 4062 4062 4062
335 1777280595 3548 3693 386 3643 3581 3623 3623 3591 4061 4061 4061 4061 4061 4061 4061 4061
336 1777280595 3550 3694 387 3644 3582 3623 3624 3592 4063 4063 4063 4063 4063 4063 4063 4063
337 1777280595 3549 3693 387 3644 3582 3624 3624 3592 4061 4061 4061 4061 4061 4061 4061 4061
338 1777280595 3549 3693 387 3643 3581 3623 3623 3591 4063 4063 4062 4062 4062 4062 4062 4062
339 1777280595 3549 3694 387 3643 3581 3623 3623 3591 4063 4063 4062 4062 4062 4062 4062 4062
340 1777280595 3549 3694 387 3644 3582 3624 3624 3592 4063 4063 4062 4062 4062 4062 4062 4062
341 1777280596 3549 3693 387 3643 3580 3622 3623 3591 4063 4063 4062 4062 4062 4062 4062 4062
342 1777280596 3548 3692 387 3642 3580 3622 3622 3590 4063 4063 4062 4062 4062 4062 4062 4062
343 1777280596 3549 3694 388 3643 3581 3623 3623 3592 4061 4061 4061 4061 4061 4061 4061 4061
344 1777280596 3549 3693 387 3643 3581 3623 3624 3591 4061 4061 4061 4061 4061 4061 4061 4061
345 1777280596 3549 3694 387 3643 3581 3623 3623 3591 4063 4063 4063 4063 4063 4063 4063 4063
346 1777280596 3549 3693 387 3643 3581 3623 3623 3591 4063 4063 4063 4063 4063 4063 4063 4063
347 1777280596 3549 3693 387 3643 3582 3624 3624 3592 4063 4063 4062 4062 4062 4062 4062 4062
348 1777280596 3548 3692 387 3642 3581 3623 3623 3591 4061 4061 4061 4061 4061 4061 4061 4061
349 1777280596 3549 3694 387 3643 3581 3623 3624 3592 4063 4063 4062 4062 4062 4062 4062 4062
350 1777280596 3548 3693 387 3643 3581 3623 3623 3591 4063 4063 4063 4063 4063 4063 4063 4063
351 1777280596 3550 3694 387 3643 3582 3624 3624 3592 4061 4061 4061 4061 4061 4061 4061 4061
352 1777280596 3549 3694 387 3642 3581 3623 3623 3591 4061 4061 4061 4061 4061 4061 4061 4061
353 1777280596 3549 3693 387 3643 3581 3623 3623 3591 4061 4061 4061 4061 4061 4061 4061 4061
354 1777280596 3549 3694 387 3644 3581 3624 3624 3592 4063 4063 4062 4062 4062 4062 4062 4062
355 1777280596 3549 3693 387 3643 3580 3623 3623 3592 4063 4063 4062 4062 4062 4062 4062 4062
356 1777280596 3549 3693 387 3643 3581 3623 3623 3591 4063 4062 4062 4062 4062 4062 4062 4062
357 1777280596 3548 3692 388 3642 3580 3622 3623 3590 4063 4063 4063 4063 4063 4063 4063 4063
358 1777280596 3549 3694 387 3643 3581 3623 3623 3591 4063 4062 4062 4062 4062 4062 4062 4062
359 1777280596 3549 3694 388 3643 3581 3624 3624 3593 4063 4063 4062 4062 4062 4062 4062 4062
360 1777280596 3549 3694 387 3644 3582 3624 3624 3592 4063 4062 4062 4062 4062 4062 4062 4062
361 1777280596 3550 3694 387 3644 3582 3624 3624 3592 4063 4063 4062 4062 4062 4062 4062 4062
362 1777280596 3549 3694 387 3643 3581 3623 3624 3591 4063 4063 4062 4062 4062 4062 4062 4062
363 1777280596 3550 3695 387 3644 3582 3624 3625 3592 4061 4061 4061 4061 4061 4061 4061 4061
364 1777280596 3548 3693 387 3642 3581 3623 3623 3591 4063 4063 4063 4063 4063 4063 4063 4063
365 1777280596 3550 3694 387 3644 3582 3624 3624 3591 4063 4063 4062 4062 4062 4062 4062 4062
366 1777280596 3549 3694 387 3644 3582 3624 3624 3592 4061 4061 4061 4061 4061 4061 4061 4061
367 1777280604 3548 3693 387 3642 3581 3622 3623 3591 4063 4063 4063 4063 4063 4063 4063 4063
368 1777280604 3548 3692 387 3641 3580 3622 3622 3590 4061 4061 4060 4060 4060 4060 4060 4060
369 1777280604 3548 3692 387 3643 3581 3623 3623 3592 4062 4063 4062 4062 4062 4062 4062 4062
370 1777280604 3548 3692 388 3642 3580 3622 3622 3590 4061 4061 4061 4061 4061 4061 4061 4061
371 1777280604 3549 3693 387 3643 3581 3623 3623 3591 4061 4061 4061 4061 4061 4061 4061 4061
372 1777280604 3548 3693 387 3642 3580 3622 3622 3591 4061 4061 4061 4061 4061 4061 4061 4061
373 1777280604 3547 3693 389 3642 3580 3623 3622 3591 4061 4061 4061 4061 4061 4061 4061 4061
374 1777280604 3549 3693 388 3643 3581 3623 3623 3591 4063 4063 4062 4062 4062 4062 4062 4062
375 1777280604 3549 3692 387 3642 3580 3622 3622 3590 4063 4063 4063 4063 4063 4063 4063 4063
376 1777280604 3548 3693 387 3642 3581 3623 3622 3591 4063 4063 4062 4062 4062 4062 4062 4062
377 1777280604 3548 3692 388 3642 3580 3622 3622 3590 4063 4063 4063 4063 4063 4063 4063 4063
378 1777280604 3549 3693 388 3643 3581 3623 3624 3591 4063 4063 4062 4062 4062 4062 4062 4062
379 1777280604 3549 3693 387 3643 3581 3623 3623 3591 4063 4063 4062 4062 4062 4062 4062 4062
380 1777280604 3549 3693 387 3643 3581 3623 3623 3591 4063 4063 4063 4063 4063 4063 4063 4063
381 1777280604 3549 3693 387 3643 3581 3624 3624 3591 4061 4061 4061 4061 4061 4061 4061 4061
382 1777280604 3548 3692 388 3642 3580 3622 3622 3591 4063 4063 4063 4063 4063 4063 4063 4063
383 1777280604 3549 3693 387 3642 3581 3623 3624 3591 4063 4063 4062 4062 4062 4062 4062 4062
384 1777280604 3550 3694 387 3644 325 3622 3624 3592 4063 4063 4063 4063 4063 4063 4063 4063
385 1777280604 3549 3693 387 3643 3581 3623 3624 3591 4061 4061 4061 4061 4061 4061 4061 4061
386 1777280604 3548 3692 388 3641 3579 3622 3622 3590 4063 4063 4062 4062 4062 4062 4062 4062
387 1777280604 3549 3693 387 3643 3581 3623 3623 3591 4063 4063 4062 4062 4062 4062 4062 4062
388 1777280604 3549 3694 387 3643 3581 3623 3623 3591 4061 4061 4061 4061 4061 4061 4061 4061
389 1777280604 3548 3693 387 3643 3580 3622 3623 3591 4063 4063 4063 4063 4063 4063 4063 4063
390 1777280604 3549 3693 388 3643 3581 3623 3624 3591 4063 4063 4062 4062 4062 4062 4062 4062
391 1777280604 3549 3693 388 3643 3581 3623 3623 3591 4065 4063 4063 4063 4063 4063 4063 4063
392 1777280604 3550 3694 387 3645 3582 3624 3624 3592 4061 4061 4061 4061 4061 4061 4061 4061
393 1777280604 3549 3694 386 3644 3581 3624 3623 3591 4063 4063 4062 4062 4062 4062 4062 4062
394 1777280604 3549 3693 387 3643 3581 3623 3624 3591 4063 4063 4062 4062 4062 4062 4062 4062
395 1777280604 3549 3694 387 3644 3581 3623 3623 3591 4063 4063 4062 4062 4062 4062 4062 4062
396 1777280604 3549 3694 387 3643 3581 3623 3623 3592 4063 4063 4062 4062 4062 4062 4062 4062
397 1777280604 3549 3694 387 3644 3581 3624 3624 3591 4063 4063 4063 4063 4063 4063 4063 4063
398 1777280604 3549 3693 388 3643 3581 3623 3623 3591 4063 4063 4062 4062 4062 4062 4062 4062
399 1777280604 3549 3694 387 3644 3581 3623 3623 3591 4063 4063 4062 4062 4062 4062 4062 4062
400 1777280604 3549 3693 388 3643 3581 3623 3623 3591 4061 4061 4061 4061 4061 4061 4061 4061
401 1777280604 3549 3693 388 3643 3581 3623 3624 3592 4063 4063 4063 4063 4063 4063 4063 4063
402 1777280604 3549 3693 388 3643 3581 3622 3623 3591 4063 4063 4062 4062 4062 4062 4062 4062
403 1777280604 3550 3694 387 3644 3582 3624 3624 3591 4067 4063 4063 4063 4063 4063 4063 4063
404 1777280604 3548 3693 387 3643 3581 3623 3623 3591 4061 4061 4061 4061 4061 4061 4061 4061
405 1777280604 3550 3694 387 3644 3582 3624 3624 3592 4063 4063 4062 4062 4062 4062 4062 4062
406 1777280604 3549 3693 388 3643 3581 3623 3623 3591 4063 4063 4062 4062 4062 4062 4062 4062
407 1777280604 3549 3694 387 3644 3582 3624 3624 3592 4063 4063 4063 4063 4063 4063 4063 4063
408 1777280604 3549 3694 387 3643 3582 3624 3624 3592 4063 4063 4062 4062 4062 4062 4062 4062
409 1777280604 3549 3693 387 3644 3581 3623 3624 3592 4063 4063 4062 4062 4062 4062 4062 4062
410 1777280604 3549 3694 387 3643 3582 3623 3623 3591 4063 4063 4062 4062 4062 4062 4062 4062
411 1777280604 3549 3694 387 3643 3582 3624 3624 3592 4063 4063 4062 4062 4062 4062 4062 4062
412 1777280604 3550 3694 387 3643 3581 3623 3624 3592 4063 4063 4063 4063 4063 4063 4063 4063
413 1777280604 3549 3693 387 3644 3581 3623 3624 3592 4063 4063 4063 4063 4063 4063 4063 4063
414 1777280604 3549 3693 388 3643 3581 3623 3623 3591 4062 4063 4062 4062 4062 4062 4062 4062
415 1777280604 3549 3694 388 3644 3582 3624 3625 3592 4063 4063 4062 4062 4062 4062 4062 4062
416 1777280604 3549 3694 387 3644 3581 3624 3624 3592 4063 4063 4062 4062 4062 4062 4062 4062
417 1777280604 3550 3695 387 3644 3583 3625 3625 3592 4063 4063 4062 4062 4062 4062 4062 4062
418 1777280604 3549 3694 388 3643 3582 3623 3623 3592 4063 4063 4062 4062 4062 4062 4062 4062
419 1777280604 3549 3694 387 3643 3581 3624 3624 3592 4063 4063 4062 4062 4062 4062 4062 4062
420 1777280604 3549 3694 387 3644 3581 3624 3624 3592 4063 4063 4063 4063 4063 4063 4063 4063
421 1777280604 3550 3694 387 3644 3583 3624 3624 3592 4063 4063 4062 4062 4062 4062 4062 4062
422 1777280604 3550 3695 388 3644 3583 3624 3625 3592 4061 4061 4061 4061 4061 4061 4061 4061
423 1777280604 3549 3693 388 3642 3581 3624 3623 3592 4061 4061 4061 4061 4061 4061 4061 4061
424 1777280604 3549 3694 388 3643 3582 3623 3624 3592 4063 4063 4062 4062 4062 4062 4062 4062
425 1777280604 3549 3694 387 3644 3581 3624 3623 3592 4063 4063 4062 4062 4062 4062 4062 4062
426 1777280604 3549 3694 387 3643 3582 3624 3624 3592 4059 4059 4058 4058 4058 4058 4058 4058
427 1777280604 3548 3692 387 3642 3580 3623 3623 3590 4063 4063 4063 4063 4063 4063 4063 4063
428 1777280604 3549 3694 388 3644 3582 3624 3624 3592 4061 4061 4061 4061 4061 4061 4061 4061
429 1777280604 3549 3693 387 3642 3581 3623 3623 3591 4061 4061 4061 4061 4061 4061 4061 4061
430 1777280604 3549 3694 388 3643 3582 3624 3624 3592 4063 4063 4062 4062 4062 4062 4062 4062
431 1777280604 3550 3694 387 3644 3582 3624 3624 3592 4063 4063 4063 4063 4063 4063 4063 4063
432 1777280604 3549 3694 387 3644 3581 3624 3624 3592 4063 4063 4062 4062 4062 4062 4062 4062
433 1777280604 3549 3694 388 3644 3581 3623 3624 3592 4063 4063 4062 4062 4062 4062 4062 4062
434 1777280604 3549 3693 388 3643 3581 3623 3624 3591 4063 4063 4063 4063 4063 4063 4063 4063
435 1777280605 3549 3694 388 3643 3581 3623 3624 3592 4063 4063 4062 4062 4062 4062 4062 4062
436 1777280605 3548 3693 388 3643 3581 3623 3623 3591 4061 4061 4061 4061 4061 4061 4061 4061
437 1777280605 3549 3693 389 3643 3582 3623 3624 3592 4061 4061 4061 4061 4061 4061 4061 4061
438 1777280605 3549 3694 388 3643 3581 3623 3624 3592 4061 4061 4061 4061 4061 4061 4061 4061
439 1777280605 3549 3694 388 3643 3581 3623 3623 3591 4061 4061 4061 4061 4061 4061 4061 4061
440 1777280605 3548 3693 388 3643 3581 3623 3623 3591 4063 4063 4062 4062 4062 4062 4062 4062
441 1777280605 3549 3693 388 3643 3582 3624 3624 3592 4061 4060 4060 4060 4060 4060 4060 4060
442 1777280605 3551 3695 388 3644 3582 3624 3624 3592 4063 4063 4062 4062 4062 4062 4062 4062
443 1777280605 3550 3695 388 3644 3582 3624 3624 3592 4061 4061 4061 4061 4061 4061 4061 4061
444 1777280605 3550 3694 388 3643 3581 3623 3623 3591 4063 4062 4062 4062 4062 4062 4062 4062
445 1777280605 3549 3693 387 3644 3582 3624 3624 3592 4061 4061 4061 4061 4061 4061 4061 4061
446 1777280605 3549 3694 388 3643 3582 3624 3624 3592 4061 4061 4061 4061 4061 4061 4061 4061
447 1777280605 3549 3694 388 3642 3581 3623 3624 3591 4063 4063 4062 4062 4062 4062 4062 4062
448 1777280605 3548 3693 387 3641 3581 3623 3624 3592 4061 4061 4061 4061 4061 4061 4061 4061
449 1777280605 3549 3694 388 3643 3582 3624 3624 3592 4063 4063 4063 4063 4063 4063 4063 4063
450 1777280605 3549 3694 388 3643 3582 3623 3624 3591 4061 4061 4061 4061 4061 4061 4061 4061
451 1777280605 3550 3694 387 3643 3581 3623 3624 3591 4063 4063 4062 4062 4062 4062 4062 4062
452 1777280613 3549 3693 388 3643 3581 3622 3623 3591 4063 4063 4063 4063 4063 4063 4063 4063
453 1777280613 3549 3693 388 3643 3581 3623 3623 3591 4063 4063 4063 4063 4063 4063 4063 4063
454 1777280613 3549 3694 388 3643 3581 3623 3623 3591 4063 4063 4062 4062 4062 4062 4062 4062
455 1777280613 3549 3694 388 3643 3581 3623 3623 3591 4063 4063 4063 4063 4063 4063 4063 4063
456 1777280613 3549 3693 388 3643 3581 3623 3623 3591 4061 4061 4061 4061 4061 4061 4061 4061
457 1777280613 3549 3694 388 3643 3581 3623 3624 3591 4063 4063 4062 4062 4062 4062 4062 4062
458 1777280613 3549 3694 388 3643 3582 3623 3623 3591 4063 4063 4063 4063 4063 4063 4063 4063
459 1777280613 3549 3694 387 3644 3582 3623 3624 3591 4063 4063 4063 4063 4063 4063 4063 4063
460 1777280613 3549 3694 388 3644 3582 3624 3624 3591 4063 4063 4062 4062 4062 4062 4062 4062
461 1777280613 3549 3694 388 3643 3582 3624 3624 3592 4063 4063 4062 4062 4062 4062 4062 4062
462 1777280613 3549 3694 388 3644 3582 3624 3624 3593 4063 4063 4062 4062 4062 4062 4062 4062
463 1777280613 3549 3693 388 3643 3581 3623 3623 3591 4063 4063 4062 4062 4062 4062 4062 4062
464 1777280613 3549 3693 388 3644 3582 3624 3624 3591 4061 4061 4061 4061 4061 4061 4061 4061
465 1777280613 3550 3694 388 3643 3582 3625 3625 3592 4063 4063 4062 4062 4062 4062 4062 4062
466 1777280613 3551 3694 387 3644 3583 3625 3625 3592 4063 4063 4063 4063 4063 4063 4063 4063
467 1777280613 3550 3694 388 3644 3582 3623 3624 3592 4063 4063 4062 4062 4062 4062 4062 4062
468 1777280613 3550 3695 389 2403 3582 3625 3624 3592 4061 4061 4061 4061 4061 4061 4061 4061
469 1777280613 3549 3693 388 3643 3581 3623 3623 3591 4063 4063 4062 4062 4062 4062 4062 4062
470 1777280613 3549 3694 388 3643 3581 3623 3624 3592 4063 4063 4062 4062 4062 4062 4062 4062
471 1777280613 3550 3695 388 3644 3582 3624 3624 3592 4061 4061 4061 4061 4061 4061 4061 4061
472 1777280613 3549 3694 387 3644 3581 3623 3624 3591 4063 4063 4062 4062 4062 4062 4062 4062
473 1777280613 3548 3692 388 3642 3581 3623 3623 3591 4063 4063 4062 4062 4062 4062 4062 4062
474 1777280613 3550 3694 389 3643 3581 3623 3623 3591 4063 4063 4062 4062 4062 4062 4062 4062
475 1777280613 3550 3694 388 3644 3582 3624 3624 3592 4063 4062 4062 4062 4062 4062 4062 4062
476 1777280613 3549 3693 387 3644 3581 3624 3623 3591 4061 4061 4061 4061 4061 4061 4061 4061
477 1777280613 3550 3694 388 3643 3582 3625 3625 3593 4063 4063 4063 4063 4063 4063 4063 4063
478 1777280613 3549 3693 388 3642 3581 3623 3623 3591 4061 4061 4061 4061 4061 4061 4061 4061
479 1777280613 3550 3694 388 3643 3582 3624 3624 3592 4063 4063 4063 4063 4063 4063 4063 4063
480 1777280613 3550 3694 389 3643 3582 3624 3624 3592 4063 4063 4063 4063 4063 4063 4063 4063
481 1777280613 3549 3693 388 3643 3581 3623 3623 3592 4063 4063 4063 4063 4063 4063 4063 4063
482 1777280613 3549 3694 388 3643 3581 3624 3623 3591 4061 4061 4061 4061 4061 4061 4061 4061
483 1777280613 3550 3694 388 3644 3582 3624 3625 3592 4061 4061 4061 4061 4061 4061 4061 4061
484 1777280613 3550 3694 388 3643 3581 3623 3623 3592 4063 4063 4062 4062 4062 4062 4062 4062
485 1777280613 3550 3694 388 3643 3582 3624 3624 3592 4063 4061 4061 4061 4061 4061 4061 4061
486 1777280613 3550 3694 388 3644 3581 3623 3624 3592 4063 4063 4062 4062 4062 4062 4062 4062
487 1777280613 3550 3694 388 3643 3581 3623 3623 3592 4063 4063 4062 4062 4062 4062 4062 4062
488 1777280613 3550 3695 388 3644 3582 3625 3625 3593 4063 4063 4063 4063 4063 4063 4063 4063
489 1777280613 3549 3693 388 3643 3580 3623 3623 3591 4061 4061 4061 4061 4061 4061 4061 4061
490 1777280613 3551 3695 388 3644 3583 3625 3625 3593 4063 4063 4063 4063 4063 4063 4063 4063
491 1777280613 3549 3694 388 3644 3582 3624 3624 3592 4061 4061 4061 4061 4061 4061 4061 4061
492 1777280613 3550 3695 389 3644 3583 3624 3624 3592 4061 4061 4061 4061 4061 4061 4061 4061
493 1777280613 3550 3695 388 3645 3582 3625 3625 3593 4063 4063 4062 4062 4062 4062 4062 4062
494 1777280613 3550 3694 388 3644 3582 3624 3624 3592 4063 4063 4062 4062 4062 4062 4062 4062
495 1777280613 3550 3694 388 3644 3581 3624 3624 3591 4061 4061 4061 4061 4061 4061 4061 4061
496 1777280613 3550 3695 388 3644 3582 3624 3625 3593 4065 4063 4063 4063 4063 4063 4063 4063
497 1777280613 3551 3695 388 3645 3583 3625 3625 3594 4063 4063 4063 4063 4063 4063 4063 4063
498 1777280613 3551 3695 387 3645 3583 3624 3625 3592 4063 4063 4063 4063 4063 4063 4063 4063
499 1777280613 3550 3694 388 3644 3582 3624 3624 3592 4063 4063 4062 4062 4062 4062 4062 4062
500 1777280613 3550 3695 389 3644 3582 3625 3624 3593 4063 4063 4062 4062 4062 4062 4062 4062
501 1777280613 3551 3695 388 3643 3582 3624 3625 3593 4063 4063 4062 4062 4062 4062 4062 4062
502 1777280629 3550 3694 388 3644 3582 3624 3624 3592 4063 4063 4063 4063 4063 4063 4063 4063
503 1777280629 3548 3692 387 3642 3580 3622 3623 3590 4063 4063 4063 4063 4063 4063 4063 4063
504 1777280629 3547 3692 387 3642 3580 3622 3622 3590 4061 4061 4061 4061 4061 4061 4061 4061
505 1777280629 3547 3692 386 3641 3580 3621 3621 3589 4063 4063 4062 4062 4062 4062 4062 4062
506 1777280629 3547 3691 386 3641 3579 3621 3621 3588 4061 4061 4061 4061 4061 4061 4061 4061
507 1777280629 3547 3692 387 3641 3580 3621 3621 3590 4063 4063 4062 4062 4062 4062 4062 4062
508 1777280629 3548 3692 387 3642 3580 3622 3622 3590 4061 4061 4061 4061 4061 4061 4061 4061
509 1777280629 3546 3691 386 3640 3579 3620 3621 3588 4063 4062 4062 4062 4062 4062 4062 4062
510 1777280629 3548 3692 386 3640 3580 3622 3622 3590 4063 4063 4062 4062 4062 4062 4062 4062
511 1777280629 3548 3692 387 3642 3580 3622 3622 3590 4061 4061 4061 4061 4061 4061 4061 4061
512 1777280629 3547 3692 387 3641 3579 3621 3622 3590 4065 4063 4063 4063 4063 4063 4063 4063
513 1777280629 3549 3693 386 3643 3581 3622 3623 3591 4061 4061 4061 4061 4061 4061 4061 4061
514 1777280629 3547 3692 386 3641 3579 3621 3622 3589 4063 4063 4062 4062 4062 4062 4062 4062
515 1777280629 3547 3692 387 3641 3579 3621 3622 3590 4063 4063 4062 4062 4062 4062 4062 4062
516 1777280629 3548 3692 387 3642 3580 3622 3622 3590 4063 4063 4062 4062 4062 4062 4062 4062
517 1777280629 3548 3692 386 3641 3580 3622 3622 3590 4061 4061 4061 4061 4061 4061 4061 4061
518 1777280629 3548 3692 387 3642 3580 3622 3622 3590 4063 4063 4063 4063 4063 4063 4063 4063
519 1777280629 3548 3692 387 3642 3580 3622 3622 3591 4063 4063 4063 4063 4063 4063 4063 4063
520 1777280629 3547 3692 387 3642 3580 3622 3622 3590 4063 4063 4062 4062 4062 4062 4062 4062
521 1777280629 3548 3693 386 3643 3580 3623 3623 3591 4063 4063 4063 4063 4063 4063 4063 4063
522 1777280629 3547 3692 386 3641 3580 3622 3622 3589 4063 4062 4062 4062 4062 4062 4062 4062
523 1777280629 3548 3692 386 3642 3580 3622 3622 3590 4063 4063 4063 4063 4063 4063 4063 4063
524 1777280629 3548 3692 387 3642 3580 3622 3622 3590 4063 4063 4062 4062 4062 4062 4062 4062
525 1777280629 3548 3692 387 3641 3580 3622 3622 3590 4063 4063 4063 4063 4063 4063 4063 4063
526 1777280629 3548 3693 386 3643 3580 3623 3622 3590 4063 4063 4062 4062 4062 4062 4062 4062
527 1777280629 3549 3694 386 3643 3581 3623 3623 3591 4061 4061 4061 4061 4061 4061 4061 4061
528 1777280629 3549 3692 387 3642 3581 3622 3622 3590 4063 4063 4062 4062 4062 4062 4062 4062
529 1777280629 3548 3693 386 3642 3580 3622 3622 3590 4063 4063 4062 4062 4062 4062 4062 4062
530 1777280629 3548 3692 387 3643 3580 3622 3622 3590 4061 4061 4061 4061 4061 4061 4061 4061
531 1777280629 3548 3693 388 3643 3580 3623 3623 3591 4063 4063 4062 4062 4062 4062 4062 4062
532 1777280629 3548 3692 387 3642 3580 3622 3622 3591 4063 4063 4062 4062 4062 4062 4062 4062
533 1777280629 3548 3692 386 3642 3580 3622 3622 3590 4063 4063 4062 4062 4062 4062 4062 4062
534 1777280629 3548 3693 387 3642 3580 3622 3622 3590 4061 4061 4061 4061 4061 4061 4061 4061
535 1777280629 3549 3693 386 3643 3581 3623 3623 3591 4063 4063 4062 4062 4062 4062 4062 4062
536 1777280629 3549 3694 386 442 3580 3623 3624 3592 4063 4063 4062 4062 4062 4062 4062 4062
537 1777280629 3548 3692 387 3641 3579 3622 3621 3589 4063 4063 4062 4062 4062 4062 4062 4062
538 1777280629 3549 3693 387 3643 3580 3622 3622 3591 4063 4063 4063 4063 4063 4063 4063 4063
539 1777280629 3549 3693 387 3643 3581 3623 3624 3592 4063 4063 4063 4063 4063 4063 4063 4063
540 1777280629 3549 3693 387 3642 3581 3623 3623 3591 4063 4063 4062 4062 4062 4062 4062 4062
541 1777280630 3548 3694 386 3643 3580 3622 3622 3590 4063 4063 4063 4063 4063 4063 4063 4063
542 1777280630 3549 3693 387 3643 3580 3623 3623 3591 4063 4063 4062 4062 4062 4062 4062 4062
543 1777280630 3548 3693 387 3643 3581 3623 3623 3591 4063 4063 4063 4063 4063 4063 4063 4063
544 1777280630 3548 3693 387 3642 3580 3622 3622 3590 4063 4063 4062 4062 4062 4062 4062 4062
545 1777280630 3548 3693 386 3642 3581 3623 3623 3591 4063 4063 4062 4062 4062 4062 4062 4062
546 1777280630 3547 3692 387 3642 3580 3622 3622 3590 4061 4061 4061 4061 4061 4061 4061 4061
547 1777280630 3548 3693 386 3643 3581 3623 3623 3590 4061 4061 4061 4061 4061 4061 4061 4061
548 1777280630 3548 3693 387 3642 3580 3622 3623 3590 4063 4063 4062 4062 4062 4062 4062 4062
549 1777280630 3549 3693 386 3643 3581 3623 3623 3591 4063 4063 4062 4062 4062 4062 4062 4062
550 1777280630 3548 3692 387 3642 3580 3622 3622 3590 4063 4063 4063 4063 4063 4063 4063 4063
551 1777280630 3549 3693 387 3643 3581 3623 3623 3591 4061 4061 4061 4061 4061 4061 4061 4061
552 1777280630 3549 3693 387 3642 3581 3624 3623 3591 4063 4063 4063 4063 4063 4063 4063 4063
553 1777280630 3549 3693 387 3643 3582 3623 3623 3591 4061 4061 4061 4061 4061 4061 4061 4061
554 1777280630 3548 3692 386 3642 3581 3622 3622 3591 4063 4063 4063 4063 4063 4063 4063 4063
555 1777280630 3548 3693 387 3642 3580 3623 3623 3591 4063 4063 4062 4062 4062 4062 4062 4062
556 1777280630 3548 3692 387 3642 3580 3622 3623 3591 4063 4063 4062 4062 4062 4062 4062 4062
557 1777280630 3549 3693 387 3643 3581 3623 3622 3591 4063 4063 4063 4063 4063 4063 4063 4063
558 1777280630 3549 3693 387 3643 3581 3623 3623 3591 4063 4063 4062 4062 4062 4062 4062 4062
559 1777280630 3549 3693 387 3643 3581 3623 3623 3591 4063 4063 4062 4062 4062 4062 4062 4062
560 1777280630 3549 3693 387 3643 3581 3623 3623 3591 4063 4063 4062 4062 4062 4062 4062 4062
561 1777280630 3548 3693 387 3642 3580 3622 3623 3591 4063 4063 4063 4063 4063 4063 4063 4063
562 1777280630 3549 3693 386 3643 3581 3622 3622 3590 4063 4063 4062 4062 4062 4062 4062 4062
563 1777280630 3549 3694 388 3643 3582 3624 3624 3592 4063 4063 4062 4062 4062 4062 4062 4062
564 1777280630 3549 3693 387 3642 3580 3623 3623 3591 4063 4063 4062 4062 4062 4062 4062 4062
565 1777280630 3549 3693 387 3643 3581 3623 3623 3591 4063 4063 4062 4062 4062 4062 4062 4062
566 1777280630 3549 3693 387 3644 3581 3623 3623 3591 4063 4063 4062 4062 4062 4062 4062 4062
567 1777280630 3550 3694 386 3643 3581 3623 3623 3591 4063 4063 4062 4062 4062 4062 4062 4062
568 1777280630 3549 3694 387 3643 3581 3623 3623 3591 4063 4063 4062 4062 4062 4062 4062 4062
569 1777280630 3549 3694 387 3643 3581 3624 3624 3592 4061 4061 4061 4061 4061 4061 4061 4061
570 1777280630 3549 3693 387 3643 3581 3622 3623 3591 4063 4063 4062 4062 4062 4062 4062 4062
571 1777280630 3549 3693 386 3643 3581 3623 3623 3592 4063 4062 4062 4062 4062 4062 4062 4062
572 1777280630 3548 3693 387 3642 3580 3622 3623 3591 4063 4063 4062 4062 4062 4062 4062 4062
573 1777280630 3548 3693 386 3641 3581 3623 3623 3591 4063 4063 4063 4063 4063 4063 4063 4063
574 1777280630 3549 3693 386 3643 3581 3623 3622 3591 4063 4063 4062 4062 4062 4062 4062 4062
575 1777280630 3548 3693 387 3643 3581 3623 3623 3591 4063 4063 4063 4063 4063 4063 4063 4063
576 1777280630 3549 3693 387 3642 3581 3623 3623 3591 4061 4061 4061 4061 4061 4061 4061 4061
577 1777280630 3548 3693 387 3643 3581 3623 3623 3591 4063 4063 4062 4062 4062 4062 4062 4062
578 1777280630 3550 3695 387 3644 3582 3624 3624 3592 4063 4063 4062 4062 4062 4062 4062 4062
579 1777280630 3549 3694 387 3643 3581 3623 3623 3591 4063 4063 4063 4063 4063 4063 4063 4063
580 1777280630 3549 3693 387 3642 3580 3622 3622 3591 4063 4063 4062 4062 4062 4062 4062 4062
581 1777280630 3549 3694 387 3643 3582 3624 3624 3592 4061 4061 4061 4061 4061 4061 4061 4061
582 1777280630 3549 3694 387 3643 3581 3624 3624 3592 4063 4063 4062 4062 4062 4062 4062 4062
583 1777280630 3549 3694 388 3643 3582 3624 3624 3592 4063 4063 4062 4062 4062 4062 4062 4062
584 1777280630 3549 3693 387 3643 3581 3623 3623 3591 4061 4061 4061 4061 4061 4061 4061 4061
585 1777280630 3549 3693 387 3643 3581 3623 3623 3591 4063 4063 4062 4062 4062 4062 4062 4062
586 1777280630 3549 3693 387 3642 3581 3623 3623 3592 4063 4063 4062 4062 4062 4062 4062 4062
587 1777280630 3549 3693 387 3643 3581 3623 3623 3591 4063 4063 4062 4062 4062 4062 4062 4062
588 1777280630 3549 3693 387 3642 3581 3623 3623 3592 4063 4063 4062 4062 4062 4062 4062 4062
589 1777280630 3549 3694 387 3644 3582 3624 3624 3592 4063 4063 4063 4063 4063 4063 4063 4063
590 1777280630 3549 3693 386 3643 3581 3623 3623 3591 4063 4063 4062 4062 4062 4062 4062 4062
591 1777280630 3549 3694 387 3643 3581 3623 3624 3591 4061 4061 4061 4061 4061 4061 4061 4061
592 1777280630 3550 3694 387 3644 3582 3624 3624 3592 4063 4063 4063 4063 4063 4063 4063 4063
593 1777280630 3550 3694 387 3644 3582 3624 3624 3592 4061 4061 4061 4061 4061 4061 4061 4061
594 1777280630 3549 3693 387 3643 3581 3623 3623 3591 4063 4062 4062 4062 4062 4062 4062 4062
595 1777280630 3549 3694 387 3643 3581 3623 3623 3592 4063 4063 4062 4062 4062 4062 4062 4062
596 1777280630 3550 3694 387 3644 3582 3623 3623 3592 4063 4063 4063 4063 4063 4063 4063 4063
597 1777280630 3549 3693 387 3643 3582 3624 3624 3592 4063 4063 4063 4063 4063 4063 4063 4063
598 1777280630 3549 3693 388 3643 3581 3623 3624 3591 4063 4063 4062 4062 4062 4062 4062 4062
599 1777280630 3549 3693 387 3643 3581 3623 3623 3592 4063 4063 4062 4062 4062 4062 4062 4062
600 1777280630 3549 3695 387 3644 3582 3623 3624 3592 4063 4063 4062 4062 4062 4062 4062 4062
601 1777280630 3549 3693 387 3643 3581 3623 3623 3591 4063 4062 4062 4062 4062 4062 4062 4062
602 1777280630 3550 3694 387 3644 3582 3624 3624 3592 4063 4063 4063 4063 4063 4063 4063 4063
603 1777280630 3549 3693 387 3643 3580 3623 3623 3590 4063 4063 4063 4063 4063 4063 4063 4063
604 1777280630 3549 3694 387 3642 3581 3623 3624 3592 4063 4063 4062 4062 4062 4062 4062 4062
605 1777280630 3550 3694 387 3644 3581 1662 1391 3591 4063 4063 4063 4063 4063 4063 4063 4063
606 1777280630 3548 3693 387 3642 3581 3623 3623 3591 4063 4063 4062 4062 4062 4062 4062 4062
607 1777280630 3549 3693 387 3643 3581 3624 3624 3592 4063 4063 4062 4062 4062 4062 4062 4062
608 1777280630 3550 3694 387 3644 3582 3624 3624 3592 4063 4062 4062 4062 4062 4062 4062 4062
609 1777280630 3549 3693 387 3643 3581 3624 3623 3592 4063 4063 4063 4063 4063 4063 4063 4063
610 1777280630 3550 3694 387 3644 3582 3624 3624 3592 4063 4063 4062 4062 4062 4062 4062 4062
611 1777280630 3549 3694 387 3643 3581 3623 3623 3591 4063 4063 4062 4062 4062 4062 4062 4062
612 1777280631 3549 3693 387 3643 3581 3623 3623 3591 4061 4061 4061 4061 4061 4061 4061 4061
613 1777280631 3549 3694 387 3643 3582 3623 3624 3592 4061 4061 4061 4061 4061 4061 4061 4061
614 1777280631 3550 3694 386 3644 3582 3623 3624 3592 4063 4062 4062 4062 4062 4062 4062 4062
615 1777280631 3550 3695 387 3644 3582 3624 3624 3593 4063 4063 4063 4063 4063 4063 4063 4063
616 1777280631 3549 3693 387 3642 3581 3623 3623 3591 4063 4063 4062 4062 4062 4062 4062 4062
617 1777280631 3549 3694 387 3643 3581 3623 3623 3592 4063 4063 4062 4062 4062 4062 4062 4062
618 1777280631 3549 3693 388 3642 3581 3623 3623 3592 4063 4063 4062 4062 4062 4062 4062 4062
619 1777280631 3549 3693 388 3643 3581 3623 3623 3592 4063 4063 4062 4062 4062 4062 4062 4062
620 1777280631 3550 3694 387 3644 3582 3623 3623 3591 4063 4063 4062 4062 4062 4062 4062 4062
621 1777280631 3549 3694 388 3643 3582 3624 3624 3592 4063 4063 4063 4063 4063 4063 4063 4063
622 1777280631 3549 3693 387 3643 3581 3623 3623 3591 4063 4063 4062 4062 4062 4062 4062 4062
623 1777280631 3550 3693 387 3643 3581 3623 3624 3592 4063 4063 4062 4062 4062 4062 4062 4062
624 1777280631 3550 3694 387 3644 3581 3623 3624 3592 4063 4062 4062 4062 4062 4062 4062 4062
625 1777280639 3547 3692 389 3641 3580 3622 3622 3590 4063 4063 4063 4063 4063 4063 4063 4063
626 1777280639 3548 3692 388 3642 3580 3622 3622 3590 4063 4063 4062 4062 4062 4062 4062 4062
627 1777280639 3550 3694 387 3644 3582 3624 3624 3592 4063 4063 4062 4062 4062 4062 4062 4062
628 1777280639 3548 3693 387 3642 3581 3622 3622 3591 4063 4063 4062 4062 4062 4062 4062 4062
629 1777280639 3548 3693 387 3642 3581 3623 3623 3591 4063 4063 4062 4062 4062 4062 4062 4062
630 1777280639 3549 3693 388 3643 3581 3623 3623 3592 4063 4063 4062 4062 4062 4062 4062 4062
631 1777280639 3548 3693 387 3642 3581 3622 3623 3591 4063 4063 4062 4062 4062 4062 4062 4062
632 1777280639 3549 3694 388 3643 3581 3623 3623 3591 4063 4063 4062 4062 4062 4062 4062 4062
633 1777280639 3549 3693 387 3643 3581 3623 3623 3591 4063 4063 4062 4062 4062 4062 4062 4062
634 1777280639 3548 3693 388 3642 3581 3623 3623 3591 4063 4063 4062 4062 4062 4062 4062 4062
635 1777280639 3550 3694 387 3644 3582 3624 3624 3592 4063 4063 4063 4063 4063 4063 4063 4063
636 1777280639 3549 3694 387 3643 3581 3623 3624 3591 4061 4061 4061 4061 4061 4061 4061 4061
637 1777280639 3549 3693 388 3642 3581 3623 3623 3591 4063 4063 4062 4062 4062 4062 4062 4062
638 1777280639 3547 3692 387 3641 3580 3622 3622 3589 4063 4063 4062 4062 4062 4062 4062 4062
639 1777280639 3549 3693 387 3644 3582 3624 3624 3592 4061 4061 4061 4061 4061 4061 4061 4061
640 1777280639 3549 3694 388 3643 3581 3623 3624 3592 4063 4063 4062 4062 4062 4062 4062 4062
641 1777280639 3549 3694 387 3644 3581 3623 3624 3592 4063 4062 4062 4062 4062 4062 4062 4062
642 1777280639 3549 3694 388 3643 3581 3623 3624 3592 4063 4063 4062 4062 4062 4062 4062 4062
643 1777280639 3549 3694 387 3643 3581 3624 3624 3592 4061 4061 4061 4061 4061 4061 4061 4061
644 1777280639 3550 3694 388 3643 3582 3624 3624 3592 4063 4063 4063 4063 4063 4063 4063 4063
645 1777280639 3549 3694 387 3643 3582 3623 3623 3591 4063 4061 4061 4061 4061 4061 4061 4061
646 1777280639 3549 3694 388 3644 3582 3624 3624 3592 4063 4062 4062 4062 4062 4062 4062 4062
647 1777280639 3550 3695 387 3644 3582 3624 3624 3592 4063 4063 4062 4062 4062 4062 4062 4062
648 1777280639 3550 3694 388 3643 3581 3623 3623 3592 4063 4061 4061 4061 4061 4061 4061 4061
649 1777280639 3549 3694 387 3644 3581 3624 3624 3591 4063 4063 4062 4062 4062 4062 4062 4062
650 1777280639 3550 3694 388 3643 3582 3624 3624 3591 4063 4063 4062 4062 4062 4062 4062 4062
651 1777280639 3550 3694 388 3644 3582 3624 3624 3592 4063 4063 4062 4062 4062 4062 4062 4062
652 1777280639 3549 3694 387 3643 3582 3623 3623 3591 4063 4063 4062 4062 4062 4062 4062 4062
653 1777280639 3551 3695 387 3645 3582 3625 3625 3592 4063 4063 4062 4062 4062 4062 4062 4062
654 1777280639 3550 3694 388 3643 3582 3624 3624 3592 4063 4063 4063 4063 4063 4063 4063 4063
655 1777280639 3549 3693 387 3643 3581 3623 3624 3591 4063 4063 4063 4063 4063 4063 4063 4063
656 1777280639 3549 3694 388 3643 3581 3622 3623 3591 4061 4061 4060 4060 4060 4060 4060 4060
657 1777280639 3549 3694 387 3643 3581 3623 3623 3591 4063 4063 4062 4062 4062 4062 4062 4062
658 1777280639 3550 3694 388 3643 3582 3623 3624 3592 4063 4063 4063 4063 4063 4063 4063 4063
659 1777280639 3549 3694 388 3644 3581 3623 3624 3592 4065 4065 4064 4064 4064 4064 4064 4064
660 1777280639 3550 3694 387 3645 3582 3624 3625 3592 4063 4063 4062 4062 4062 4062 4062 4062
661 1777280639 3549 3693 387 3643 3581 3623 3623 3591 4063 4063 4062 4062 4062 4062 4062 4062
662 1777280639 3550 3694 388 3644 3582 3624 3625 3593 4063 4063 4063 4063 4063 4063 4063 4063
663 1777280639 3549 3694 387 3643 3581 3624 3624 3592 4063 4062 4062 4062 4062 4062 4062 4062
664 1777280639 3550 3694 388 3644 3582 3624 3624 3592 4063 4063 4062 4062 4062 4062 4062 4062
665 1777280639 3550 3694 388 3644 3582 3625 3624 3593 4063 4063 4062 4062 4062 4062 4062 4062
666 1777280639 3550 3695 387 3643 3582 3624 3624 3592 4063 4063 4062 4062 4062 4062 4062 4062
667 1777280639 3550 3694 387 3643 3582 3623 3624 3591 4063 4063 4063 4063 4063 4063 4063 4063
668 1777280639 3550 3695 387 3644 3582 3624 3624 3593 4063 4063 4062 4062 4062 4062 4062 4062
669 1777280639 3550 3694 387 3644 3582 3624 3624 3592 4063 4062 4062 4062 4062 4062 4062 4062
670 1777280639 3550 3694 388 3644 3582 3624 3624 3592 4063 4063 4062 4062 4062 4062 4062 4062
671 1777280639 3549 3694 387 3644 3582 3624 3624 3592 4063 4063 4063 4063 4063 4063 4063 4063
672 1777280639 3549 3694 388 3644 3582 3624 3624 3592 4063 4063 4062 4062 4062 4062 4062 4062
673 1777280639 3549 3695 388 3644 3582 3624 3625 3592 4063 4063 4062 4062 4062 4062 4062 4062
674 1777280639 3550 3694 388 3644 3582 3624 3624 3592 4061 4061 4061 4061 4061 4061 4061 4061
675 1777280639 3550 3694 388 3643 3582 3624 3624 3592 4063 4062 4062 4062 4062 4062 4062 4062
676 1777280639 3550 3695 388 3644 3582 3624 3624 3592 4063 4063 4062 4062 4062 4062 4062 4062
677 1777280639 3549 3694 387 3644 3581 3624 3624 3592 4063 4063 4063 4063 4063 4063 4063 4063
678 1777280639 3549 3694 388 3644 3582 3624 3624 3592 4063 4063 4062 4062 4062 4062 4062 4062
679 1777280639 3550 3694 388 3644 3582 3624 3624 3592 4063 4063 4062 4062 4062 4062 4062 4062
680 1777280639 3550 3694 388 3644 3582 3624 3624 3593 4063 4063 4063 4063 4063 4063 4063 4063
681 1777280639 3550 3695 388 3644 3583 3625 3625 3593 4061 4061 4061 4061 4061 4061 4061 4061
682 1777280639 3550 3694 388 3643 3582 3624 3624 3592 4061 4061 4061 4061 4061 4061 4061 4061
683 1777280639 3550 3695 387 3644 3583 3624 3625 3593 4063 4063 4062 4062 4062 4062 4062 4062
684 1777280639 3549 3694 388 3644 3582 3624 3624 3593 4061 4061 4061 4061 4061 4061 4061 4061
685 1777280639 3549 3694 388 3643 3581 3624 3624 3592 4063 4063 4062 4062 4062 4062 4062 4062
686 1777280639 3550 3694 388 3644 3582 3624 3624 3592 4063 4063 4062 4062 4062 4062 4062 4062
687 1777280639 3548 3693 388 3643 3581 3623 3623 3591 4063 4063 4062 4062 4062 4062 4062 4062
688 1777280639 3550 3695 388 3645 3582 3624 3624 3592 4063 4063 4062 4062 4062 4062 4062 4062
689 1777280639 3550 3694 389 3644 3582 3623 3624 3592 4063 4063 4063 4063 4063 4063 4063 4063
690 1777280639 3550 3694 388 3644 3582 3625 3624 3593 4063 4062 4062 4062 4062 4062 4062 4062
691 1777280639 3551 3695 388 3644 3582 3624 3624 3593 4061 4061 4061 4061 4061 4061 4061 4061
692 1777280639 3550 3694 388 3644 3582 3624 3624 3592 4063 4063 4062 4062 4062 4062 4062 4062
693 1777280639 3549 3693 388 3644 3582 3624 3624 3593 4063 4063 4062 4062 4062 4062 4062 4062
694 1777280639 3550 3694 388 3643 3582 3624 3624 3592 4061 4061 4061 4061 4061 4061 4061 4061
695 1777280639 3550 3695 388 3644 3582 3624 3624 3592 4063 4063 4063 4063 4063 4063 4063 4063
696 1777280639 3550 3695 388 3644 3582 3624 3624 3592 4063 4063 4062 4062 4062 4062 4062 4062
697 1777280640 3549 3694 388 3643 3581 3624 3624 3592 4063 4063 4063 4063 4063 4063 4063 4063
698 1777280640 3550 3695 387 3643 3582 3624 3625 3593 4063 4063 4062 4062 4062 4062 4062 4062
699 1777280647 3548 3693 388 3641 3581 3622 3622 3590 4061 4061 4061 4061 4061 4061 4061 4061
700 1777280647 3548 3693 388 3643 3580 3622 3623 3591 4063 4063 4063 4063 4063 4063 4063 4063
701 1777280647 3551 3695 388 3645 3583 3625 3625 3594 4063 4063 4063 4063 4063 4063 4063 4063
702 1777280647 3549 3693 388 3643 3581 3623 3623 3591 4063 4063 4063 4063 4063 4063 4063 4063
703 1777280647 3549 3693 388 3643 3581 3623 3623 3591 4061 4061 4061 4061 4061 4061 4061 4061
704 1777280647 3549 3694 389 3644 3582 3624 3625 3593 4063 4063 4062 4062 4062 4062 4062 4062
705 1777280647 3550 3695 388 3644 3583 3624 3625 3592 4063 4063 4063 4063 4063 4063 4063 4063
706 1777280647 3549 3693 388 3643 3582 3623 3624 3592 4061 4061 4061 4061 4061 4061 4061 4061
707 1777280647 3549 3694 388 3644 3582 3624 3624 3592 4063 4063 4063 4063 4063 4063 4063 4063
708 1777280648 3549 3693 388 3643 3581 3623 3624 3592 4063 4063 4063 4063 4063 4063 4063 4063
709 1777280648 3550 3694 388 3644 3582 3624 3624 3592 4063 4063 4062 4062 4062 4062 4062 4062
710 1777280648 3550 3695 388 3645 3583 3626 3625 3594 4063 4063 4062 4062 4062 4062 4062 4062
711 1777280648 3550 3694 388 3643 3582 3624 3624 3592 4063 4063 4063 4063 4063 4063 4063 4063
712 1777280648 3550 3694 388 3644 3582 3624 3624 3592 4063 4063 4062 4062 4062 4062 4062 4062
713 1777280648 3549 3694 388 3643 3581 3623 3623 3591 4061 4061 4061 4061 4061 4061 4061 4061
714 1777280648 3550 3694 388 3644 3583 3624 3624 3592 4063 4062 4062 4062 4062 4062 4062 4062
715 1777280648 3550 3694 388 3644 3582 3624 3624 3592 4061 4061 4061 4061 4061 4061 4061 4061
716 1777280648 3549 3694 387 3644 3582 3624 3624 3592 4063 4063 4062 4062 4062 4062 4062 4062
717 1777280648 3550 3695 388 3644 3582 3624 3624 3593 4063 4063 4062 4062 4062 4062 4062 4062
718 1777280648 3549 3694 387 3644 3581 3624 3624 3591 4063 4063 4062 4062 4062 4062 4062 4062
719 1777280648 3549 3694 388 3643 3582 3624 3624 3592 4063 4063 4062 4062 4062 4062 4062 4062
720 1777280648 3550 3694 389 3644 3583 3624 3625 3593 4063 4063 4062 4062 4062 4062 4062 4062
721 1777280648 3550 3694 388 3644 3582 3623 3624 3592 4063 4063 4062 4062 4062 4062 4062 4062
722 1777280648 3550 3694 388 3644 3583 3625 3624 3592 4063 4062 4062 4062 4062 4062 4062 4062
723 1777280648 3550 3694 388 3643 3582 3624 3624 3592 4063 4063 4063 4063 4063 4063 4063 4063
724 1777280648 3549 3694 388 3644 3581 3624 3624 3592 4063 4063 4062 4062 4062 4062 4062 4062
725 1777280648 3551 3695 388 3644 3583 3625 3624 3593 4062 4063 4062 4062 4062 4062 4062 4062
726 1777280648 3550 3694 388 3644 3582 3624 3624 3592 4063 4063 4063 4063 4063 4063 4063 4063
727 1777280648 3549 3694 388 3644 3582 3624 3624 3592 4061 4061 4061 4061 4061 4061 4061 4061
728 1777280648 3549 3693 388 3643 3581 3624 3624 3592 4063 4063 4062 4062 4062 4062 4062 4062
729 1777280648 3551 3695 388 3645 3583 3625 3625 3593 4063 4063 4062 4062 4062 4062 4062 4062
730 1777280648 3551 3695 388 3645 3583 3625 3625 3593 4063 4063 4062 4062 4062 4062 4062 4062
731 1777280648 3550 3694 388 3643 3582 3624 3624 3592 4065 4063 4063 4063 4063 4063 4063 4063
732 1777280648 3549 3693 388 3644 3581 3623 3624 3592 4063 4063 4062 4062 4062 4062 4062 4062
733 1777280648 3551 3695 388 3645 3583 3625 3624 3592 4063 4063 4063 4063 4063 4063 4063 4063
734 1777280648 3549 3694 388 3643 3582 3624 3624 3592 4063 4062 4062 4062 4062 4062 4062 4062
735 1777280648 3550 3696 388 3645 3582 3624 3624 3592 4063 4063 4062 4062 4062 4062 4062 4062
736 1777280648 3551 3695 389 3644 3583 3624 3625 3593 4061 4061 4061 4061 4061 4061 4061 4061
737 1777280648 3550 3694 388 3643 3582 3624 3624 3592 4063 4063 4063 4063 4063 4063 4063 4063
738 1777280648 3551 3695 388 3644 448 3622 3625 3593 4063 4063 4062 4062 4062 4062 4062 4062
739 1777280648 3550 3695 388 3644 3582 3624 3624 3592 4063 4063 4062 4062 4062 4062 4062 4062
740 1777280648 3550 3694 389 3643 3582 3624 3624 3592 4061 4061 4061 4061 4061 4061 4061 4061
741 1777280648 3550 3695 388 3644 3582 3624 3624 3592 4063 4063 4062 4062 4062 4062 4062 4062
742 1777280648 3550 3694 388 3644 3582 3624 3624 3592 4063 4063 4062 4062 4062 4062 4062 4062
743 1777280648 3550 3694 388 3644 3583 3625 3625 3593 4063 4063 4063 4063 4063 4063 4063 4063
744 1777280648 3550 3695 388 3644 3582 3624 3625 3593 4063 4063 4062 4062 4062 4062 4062 4062
745 1777280648 3549 3693 388 3643 3581 3623 3624 3592 4063 4063 4063 4063 4063 4063 4063 4063
746 1777280648 3550 3694 388 3644 3582 3625 3625 3593 4063 4063 4062 4062 4062 4062 4062 4062
747 1777280648 3550 3694 388 3644 3582 3624 3624 3592 4063 4063 4062 4062 4062 4062 4062 4062
748 1777280648 3550 3695 388 3644 3582 3625 3624 3592 4063 4063 4062 4062 4062 4062 4062 4062
749 1777280648 3550 3694 388 3644 3582 3624 3624 3592 4063 4063 4063 4063 4063 4063 4063 4063
750 1777280648 3551 3695 388 3644 3582 3624 3624 3592 4063 4063 4063 4063 4063 4063 4063 4063
751 1777280648 3550 3694 388 3644 3582 3624 3624 3592 4063 4063 4062 4062 4062 4062 4062 4062
752 1777280648 3551 3695 389 3644 3582 3624 3625 3592 4063 4063 4063 4063 4063 4063 4063 4063
753 1777280648 3549 3694 388 3643 3582 3624 3625 3592 4063 4062 4062 4062 4062 4062 4062 4062
754 1777280648 3549 3693 388 3643 3581 3622 3623 3591 4063 4063 4062 4062 4062 4062 4062 4062
755 1777280648 3550 3695 388 3645 3583 3625 3625 3592 4063 4063 4062 4062 4062 4062 4062 4062
756 1777280648 3552 3697 388 3646 3583 3625 3626 3594 4061 4061 4061 4061 4061 4061 4061 4061
757 1777280648 3548 3693 386 3643 3581 3623 3623 3591 4063 4063 4062 4062 4062 4062 4062 4062
758 1777280648 3548 3692 386 3642 3580 3622 3622 3590 4063 4062 4062 4062 4062 4062 4062 4062
759 1777280648 3548 3692 386 3641 3580 3622 3622 3590 4063 4063 4063 4063 4063 4063 4063 4063
760 1777280648 3548 3693 387 3642 3581 3623 3622 3591 4065 4063 4063 4063 4063 4063 4063 4063
761 1777280648 3549 3694 386 3643 3581 3623 3623 3591 4063 4063 4062 4062 4062 4062 4062 4062
762 1777280648 3549 3694 387 3642 3582 3623 3623 3592 4063 4063 4063 4063 4063 4063 4063 4063
763 1777280648 3548 3692 387 3641 3580 3622 3622 3590 4063 4063 4063 4063 4063 4063 4063 4063
764 1777280648 3548 3693 387 3643 3581 3623 3623 3590 4061 4061 4061 4061 4061 4061 4061 4061
765 1777280648 3548 3694 387 3643 3581 3623 3624 3592 4063 4063 4062 4062 4062 4062 4062 4062
766 1777280648 3549 3693 387 3643 3581 3623 3623 3591 4061 4061 4061 4061 4061 4061 4061 4061
767 1777280648 3548 3693 386 3643 3580 3622 3622 3590 4061 4061 4061 4061 4061 4061 4061 4061
768 1777280648 3548 3692 387 3641 3579 3622 3622 3590 4063 4063 4063 4063 4063 4063 4063 4063
769 1777280648 3548 3693 386 3643 3580 3622 3622 3590 4063 4063 4062 4062 4062 4062 4062 4062
770 1777280648 3549 3693 387 3643 3581 3623 3623 3591 4063 4062 4062 4062 4062 4062 4062 4062
771 1777280648 3548 3693 387 3642 3580 3622 3622 3590 4063 4063 4062 4062 4062 4062 4062 4062
772 1777280648 3547 3692 387 3642 3580 3621 3622 3590 4063 4063 4062 4062 4062 4062 4062 4062
773 1777280648 3548 3693 387 3643 3581 3623 3623 3591 4063 4063 4062 4062 4062 4062 4062 4062
774 1777280648 3549 3694 386 3643 3581 3624 3623 3592 4063 4063 4062 4062 4062 4062 4062 4062
775 1777280648 3549 3694 387 3643 3581 3623 3624 3591 4061 4061 4061 4061 4061 4061 4061 4061
776 1777280648 3549 3694 387 3644 3581 3624 3624 3592 4061 4061 4061 4061 4061 4061 4061 4061
777 1777280648 3548 382 386 542 3579 3624 3624 3592 4063 4063 4063 4063 4063 4063 4063 4063
778 1777280648 3548 3692 387 3642 3580 3622 3622 3590 4063 4063 4062 4062 4062 4062 4062 4062
779 1777280648 3548 3692 386 3641 3581 3622 3622 3590 4063 4063 4063 4063 4063 4063 4063 4063
780 1777280648 3548 3693 387 3642 3581 3623 3623 3591 4063 4063 4062 4062 4062 4062 4062 4062
781 1777280648 3548 3692 387 3642 3580 3622 3622 3590 4063 4063 4062 4062 4062 4062 4062 4062
782 1777280649 3548 3693 387 3642 3581 3622 3623 3591 4063 4063 4062 4062 4062 4062 4062 4062
783 1777280649 3549 3694 387 3643 3581 3623 3624 3591 4061 4061 4061 4061 4061 4061 4061 4061
784 1777280649 3548 3693 387 3642 3580 3622 3623 3591 4063 4063 4063 4063 4063 4063 4063 4063
785 1777280649 3549 3693 386 3643 3581 3623 3623 3592 4063 4063 4062 4062 4062 4062 4062 4062
786 1777280649 3548 3693 387 3642 3580 3622 3623 3591 4063 4063 4062 4062 4062 4062 4062 4062
787 1777280649 3549 3694 387 3643 3581 3623 3623 3591 4063 4063 4063 4063 4063 4063 4063 4063
788 1777280649 3550 3693 386 3644 3581 3623 3624 3591 4061 4061 4061 4061 4061 4061 4061 4061
789 1777280649 3549 3693 386 3643 3581 3622 3623 3591 4063 4063 4063 4063 4063 4063 4063 4063
790 1777280649 3549 3693 387 3643 3581 3623 3623 3591 4063 4063 4062 4062 4062 4062 4062 4062
791 1777280649 3549 3693 387 3643 3581 3623 3623 3591 4063 4063 4063 4063 4063 4063 4063 4063
792 1777280649 3549 3693 387 3642 3580 3622 3623 3591 4063 4063 4062 4062 4062 4062 4062 4062
793 1777280649 3548 3692 387 3642 3580 3623 3622 3590 4063 4063 4062 4062 4062 4062 4062 4062
794 1777280649 3549 3693 387 3642 3581 3623 3623 3592 4063 4063 4063 4063 4063 4063 4063 4063
795 1777280649 3549 3693 387 3643 3581 3623 3623 3591 4063 4063 4063 4063 4063 4063 4063 4063
796 1777280649 3548 3692 387 3640 3580 3622 3622 3590 4063 4063 4063 4063 4063 4063 4063 4063
797 1777280649 3548 3693 387 3643 3581 3623 3623 3591 4063 4063 4063 4063 4063 4063 4063 4063
798 1777280649 3549 3693 387 3643 3581 3623 3623 3591 4061 4061 4061 4061 4061 4061 4061 4061
799 1777280649 3550 3694 387 3644 3582 3624 3624 3592 4063 4062 4062 4062 4062 4062 4062 4062
800 1777280649 3548 3692 387 3642 3580 3622 3622 3590 4063 4063 4063 4063 4063 4063 4063 4063
801 1777280649 3549 3694 388 3643 3581 3624 3624 3592 4059 4059 4058 4058 4058 4058 4058 4058
802 1777280649 3548 3693 387 3642 3581 3623 3623 3591 4063 4063 4063 4063 4063 4063 4063 4063
803 1777280649 3548 3692 387 3641 3580 3622 3622 3590 4065 4063 4063 4063 4063 4063 4063 4063
804 1777280649 3549 3693 387 3642 3581 3623 3623 3591 4063 4063 4062 4062 4062 4062 4062 4062
805 1777280649 3549 3693 387 3643 3581 3623 3623 3592 4063 4063 4063 4063 4063 4063 4063 4063
806 1777280649 3549 3693 387 3642 3581 3623 3623 3591 4063 4063 4062 4062 4062 4062 4062 4062
807 1777280649 3550 3694 386 3644 3582 3624 3623 3591 4063 4063 4062 4062 4062 4062 4062 4062
808 1777280649 3548 3693 387 3643 3581 3622 3623 3591 4063 4063 4063 4063 4063 4063 4063 4063
809 1777280649 3549 3694 387 3643 3582 3623 3624 3592 4063 4063 4063 4063 4063 4063 4063 4063
810 1777280649 3550 3695 387 3644 3582 3623 3624 3592 4065 4063 4063 4063 4063 4063 4063 4063
811 1777280649 3549 3693 387 3643 3581 3623 3623 3591 4063 4063 4062 4062 4062 4062 4062 4062
812 1777280649 3549 3693 387 3644 3581 3623 3623 3591 4061 4061 4061 4061 4061 4061 4061 4061
813 1777280649 3549 3693 386 3643 3582 3624 3623 3591 4063 4063 4062 4062 4062 4062 4062 4062
814 1777280649 3549 3693 387 3643 3581 3623 3623 3591 4061 4061 4061 4061 4061 4061 4061 4061
815 1777280649 3549 3693 387 3643 3581 3623 3623 3591 4061 4061 4061 4061 4061 4061 4061 4061
816 1777280649 3549 3694 387 3643 3581 3624 3624 3592 4063 4063 4062 4062 4062 4062 4062 4062
817 1777280649 3548 3693 388 3643 3580 3622 3623 3590 4061 4061 4061 4061 4061 4061 4061 4061
818 1777280649 3548 3692 387 3642 3580 3622 3622 3590 4061 4061 4061 4061 4061 4061 4061 4061
819 1777280649 3549 3694 386 3643 3581 3623 3624 3591 4063 4063 4063 4063 4063 4063 4063 4063
820 1777280649 3549 3694 386 3643 3581 3623 3623 3591 4063 4063 4063 4063 4063 4063 4063 4063
821 1777280649 3548 3692 387 3642 3580 3622 3622 3590 4063 4063 4062 4062 4062 4062 4062 4062
822 1777280649 3549 3693 387 3643 3582 3623 3623 3591 4063 4063 4062 4062 4062 4062 4062 4062
823 1777280649 3549 3694 387 3643 3581 3624 3624 3592 4063 4063 4063 4063 4063 4063 4063 4063
824 1777280649 3549 3694 387 3643 3581 3623 3624 3591 4063 4063 4062 4062 4062 4062 4062 4062
825 1777280649 3549 3694 387 3643 3581 3623 3624 3592 4061 4061 4061 4061 4061 4061 4061 4061
826 1777280649 3549 3693 387 3642 3581 3623 3623 3592 4063 4063 4062 4062 4062 4062 4062 4062
827 1777280649 3549 3693 387 3641 3581 3623 3623 3591 4063 4063 4062 4062 4062 4062 4062 4062
828 1777280649 3549 3693 387 3643 3581 3623 3623 3591 4061 4061 4061 4061 4061 4061 4061 4061
829 1777280649 3548 3693 387 3643 3581 3623 3623 3591 4063 4063 4062 4062 4062 4062 4062 4062
830 1777280657 3548 3692 386 3642 3580 3622 3623 3591 4063 4063 4062 4062 4062 4062 4062 4062
831 1777280657 3548 3693 387 3642 3580 3622 3622 3590 4063 4063 4062 4062 4062 4062 4062 4062
832 1777280657 3549 3693 388 3643 3581 3623 3623 3591 4061 4061 4061 4061 4061 4061 4061 4061
833 1777280657 3548 3693 387 3642 3581 3623 3622 3591 4063 4063 4062 4062 4062 4062 4062 4062
834 1777280657 3549 3693 387 3643 3581 3622 3622 3590 4063 4063 4063 4063 4063 4063 4063 4063
835 1777280657 3548 3693 387 3642 3580 3623 3623 3590 4063 4063 4062 4062 4062 4062 4062 4062
836 1777280657 3548 3692 388 3642 3580 3623 3623 3590 4061 4061 4061 4061 4061 4061 4061 4061
837 1777280657 3548 3692 387 3642 3580 3622 3623 3591 4063 4063 4062 4062 4062 4062 4062 4062
838 1777280657 3548 3694 387 3643 3581 3623 3623 3591 4061 4061 4061 4061 4061 4061 4061 4061
839 1777280657 3548 3693 387 3642 3580 3623 3622 3591 4063 4062 4062 4062 4062 4062 4062 4062
840 1777280657 3549 3693 388 3643 3580 3623 3623 3591 4063 4063 4062 4062 4062 4062 4062 4062
841 1777280657 3547 3692 387 3642 3580 3622 3622 3591 4063 4063 4062 4062 4062 4062 4062 4062
842 1777280657 3547 3692 387 3641 3580 3622 3622 3590 4063 4063 4062 4062 4062 4062 4062 4062
843 1777280657 3547 3692 387 3642 3580 3621 3622 3590 4061 4061 4061 4061 4061 4061 4061 4061
844 1777280657 3549 3694 387 3643 3581 3623 3623 3592 4063 4063 4063 4063 4063 4063 4063 4063
845 1777280657 3549 3693 387 3644 3581 3623 3623 3591 4063 4063 4063 4063 4063 4063 4063 4063
846 1777280657 3548 3692 387 3642 3580 3622 3623 3590 4061 4061 4061 4061 4061 4061 4061 4061
847 1777280657 3549 3693 387 3643 3581 3623 3623 3591 4063 4063 4063 4063 4063 4063 4063 4063
848 1777280657 3549 3694 388 3643 3581 3624 3624 3592 4063 4063 4063 4063 4063 4063 4063 4063
849 1777280657 3549 3694 387 3643 3581 3623 3623 3591 4063 4063 4062 4062 4062 4062 4062 4062
850 1777280657 3548 3693 387 3642 3581 3622 3623 3591 4061 4061 4061 4061 4061 4061 4061 4061
851 1777280657 3548 3692 387 3642 3580 3622 3623 3591 4063 4063 4062 4062 4062 4062 4062 4062
852 1777280657 3548 3692 387 3642 3580 3622 3623 3590 4063 4063 4062 4062 4062 4062 4062 4062
853 1777280657 3549 3693 387 3642 3581 3623 3623 3591 4063 4063 4062 4062 4062 4062 4062 4062
854 1777280657 3549 3693 387 3643 3581 3623 3623 3591 4063 4063 4062 4062 4062 4062 4062 4062
855 1777280657 3548 3693 387 3643 3581 3623 3623 3591 4063 4063 4063 4063 4063 4063 4063 4063
856 1777280657 3549 3693 387 3643 3581 3623 3623 3591 4063 4063 4062 4062 4062 4062 4062 4062
857 1777280657 3549 3693 387 3642 3581 3623 3623 3591 4063 4063 4062 4062 4062 4062 4062 4062
858 1777280657 3549 3693 387 3643 3581 3623 3623 3591 4061 4061 4061 4061 4061 4061 4061 4061
859 1777280657 3549 3694 387 3644 3581 3624 3624 3591 4063 4063 4063 4063 4063 4063 4063 4063
860 1777280658 3549 3693 388 3643 3581 3623 3623 3592 4063 4063 4062 4062 4062 4062 4062 4062
861 1777280658 3549 3693 387 3642 3581 3623 3623 3591 4063 4063 4063 4063 4063 4063 4063 4063
862 1777280658 3548 3693 387 3642 3581 3623 3623 3591 4063 4063 4062 4062 4062 4062 4062 4062
863 1777280658 3548 3693 387 3642 3581 3623 3623 3592 4063 4063 4062 4062 4062 4062 4062 4062
864 1777280658 3549 3694 388 3643 3581 3623 3623 3591 4063 4063 4062 4062 4062 4062 4062 4062
865 1777280658 3550 3695 387 3644 3582 3624 3624 3592 4061 4061 4061 4061 4061 4061 4061 4061
866 1777280658 3550 3694 387 3644 3582 3624 3624 3592 4063 4063 4062 4062 4062 4062 4062 4062
867 1777280658 3548 3693 387 3642 3581 3623 3623 3591 4063 4063 4062 4062 4062 4062 4062 4062
868 1777280658 3548 3694 387 3643 3581 3623 3623 3591 4063 4063 4063 4063 4063 4063 4063 4063
869 1777280658 3549 3694 387 3643 3581 3623 3623 3591 4063 4063 4062 4062 4062 4062 4062 4062
870 1777280658 3549 3694 386 3644 3582 3624 3624 3592 4065 4063 4063 4063 4063 4063 4063 4063
871 1777280658 3549 3693 388 3643 3581 3623 3623 3592 4063 4063 4063 4063 4063 4063 4063 4063
872 1777280658 3549 3694 388 3643 3581 3623 3623 3591 4063 4063 4063 4063 4063 4063 4063 4063
873 1777280658 3548 3693 387 3642 3581 3623 3623 3591 4063 4061 4061 4061 4061 4061 4061 4061
874 1777280658 3549 3694 387 3644 3582 3624 3624 3592 4063 4063 4062 4062 4062 4062 4062 4062
875 1777280658 3549 3693 388 3644 3582 3624 3623 3592 4061 4061 4061 4061 4061 4061 4061 4061
876 1777280658 3550 3694 388 3643 3582 3623 3624 3592 4061 4061 4061 4061 4061 4061 4061 4061
877 1777280658 3548 3693 388 3642 3581 3622 3622 3590 4063 4063 4063 4063 4063 4063 4063 4063
878 1777280658 3549 3693 390 3642 3581 3623 3623 3591 4063 4063 4062 4062 4062 4062 4062 4062
879 1777280658 3549 3694 389 3643 3581 3623 3623 3591 4061 4061 4061 4061 4061 4061 4061 4061
880 1777280658 3549 3693 388 3643 3581 3623 3623 3592 4063 4063 4063 4063 4063 4063 4063 4063
881 1777280658 3549 3693 387 3643 3581 3623 3623 3591 4063 4063 4063 4063 4063 4063 4063 4063
882 1777280658 3549 3694 387 3643 3581 3623 3623 3591 4063 4063 4062 4062 4062 4062 4062 4062
883 1777280658 3549 3694 387 3644 3581 3624 3624 3592 4063 4063 4062 4062 4062 4062 4062 4062
884 1777280658 3549 3694 388 3643 3581 3623 3623 3591 4063 4063 4063 4063 4063 4063 4063 4063
885 1777280658 3550 3694 387 3643 3582 3624 3624 3592 4063 4063 4062 4062 4062 4062 4062 4062
886 1777280658 3550 3694 387 3644 3582 3624 3624 3591 4063 4063 4063 4063 4063 4063 4063 4063
887 1777280658 3550 3694 387 3644 3582 3623 3624 3592 4063 4063 4063 4063 4063 4063 4063 4063
888 1777280658 3550 3694 388 3643 3583 3624 3625 536 4061 4061 4061 4061 4061 4061 4061 4061
889 1777280658 3549 3694 387 3642 3582 3624 3624 3592 4063 4063 4063 4063 4063 4063 4063 4063
890 1777280658 3549 3694 387 3644 3581 3624 3624 3592 4063 4063 4062 4062 4062 4062 4062 4062
891 1777280658 3548 3693 388 3643 3581 3623 3623 3591 4063 4063 4062 4062 4062 4062 4062 4062
892 1777280658 3548 3692 388 3643 3581 3623 3623 3590 4063 4063 4062 4062 4062 4062 4062 4062
893 1777280658 3550 3694 387 3644 3581 3624 3624 3592 4063 4063 4062 4062 4062 4062 4062 4062
894 1777280658 3549 3693 388 3643 3581 3623 3623 3591 4061 4061 4061 4061 4061 4061 4061 4061
895 1777280658 3549 3694 387 3644 3581 3623 3624 3591 4063 4063 4063 4063 4063 4063 4063 4063
896 1777280658 3549 3694 388 3643 3582 3624 3624 3592 4063 4063 4063 4063 4063 4063 4063 4063
897 1777280658 3549 3694 387 3644 3581 3623 3624 3592 4063 4063 4063 4063 4063 4063 4063 4063
898 1777280658 3549 3694 387 3644 3582 3624 3624 3592 4061 4061 4060 4060 4060 4060 4060 4060
899 1777280658 3549 3694 387 3644 3582 3624 3624 3592 4063 4063 4063 4063 4063 4063 4063 4063
900 1777280658 3548 3693 388 3643 3580 3623 3623 3591 4063 4063 4062 4062 4062 4062 4062 4062
901 1777280658 3549 3694 387 3644 3582 3623 3624 3592 4063 4063 4063 4063 4063 4063 4063 4063
902 1777280658 3550 3695 387 3644 3582 3624 3624 3592 4063 4063 4062 4062 4062 4062 4062 4062
903 1777280658 3549 3693 388 3644 3582 3624 3624 3592 4063 4063 4062 4062 4062 4062 4062 4062
904 1777280658 3550 3695 388 3644 3582 3624 3625 3593 4063 4061 4061 4061 4061 4061 4061 4061
905 1777280658 3549 3693 387 3642 3581 3622 3623 3591 4063 4063 4063 4063 4063 4063 4063 4063
906 1777280658 3550 3695 387 3644 3582 3624 3625 3592 4061 4061 4061 4061 4061 4061 4061 4061
907 1777280658 3549 3693 387 3643 3581 3623 3624 3591 4061 4061 4061 4061 4061 4061 4061 4061
908 1777280658 3550 3694 387 3645 3582 3625 3624 3592 4063 4063 4062 4062 4062 4062 4062 4062
909 1777280658 3549 3693 387 3643 3581 3624 3623 3591 4063 4063 4062 4062 4062 4062 4062 4062
910 1777280658 3549 3694 388 3643 3582 3623 3624 3591 4063 4063 4063 4063 4063 4063 4063 4063
911 1777280658 3549 3694 387 3643 3581 3623 3623 3591 4063 4063 4063 4063 4063 4063 4063 4063
912 1777280658 3548 3693 388 3643 3582 3624 3624 3592 4063 4063 4063 4063 4063 4063 4063 4063
913 1777280658 3549 3693 387 3644 3582 3624 3624 3592 4063 4063 4063 4063 4063 4063 4063 4063
914 1777280658 3550 3696 387 3645 3583 3625 3625 3593 4063 4063 4062 4062 4062 4062 4062 4062
915 1777280658 3550 3694 388 3644 3582 3624 3624 3592 4063 4063 4063 4063 4063 4063 4063 4063
916 1777280658 3549 3694 388 3644 3582 3624 3624 3592 4063 4063 4063 4063 4063 4063 4063 4063
917 1777280658 3550 3695 387 3644 3582 3624 3625 3593 4063 4063 4063 4063 4063 4063 4063 4063
918 1777280658 3550 3694 388 3644 3582 3624 3624 3592 4063 4063 4063 4063 4063 4063 4063 4063
919 1777280658 3549 3694 388 3644 3582 3624 3624 3592 4063 4063 4063 4063 4063 4063 4063 4063
920 1777280658 3550 3694 388 3643 3582 3624 3624 3592 4063 4063 4062 4062 4062 4062 4062 4062
921 1777280658 3550 3694 387 3644 3582 3624 3624 3592 4063 4063 4062 4062 4062 4062 4062 4062
922 1777280658 3549 3694 388 3643 3581 3624 3624 3592 4063 4063 4062 4062 4062 4062 4062 4062
923 1777280658 3549 3693 388 3643 3581 3623 3624 3592 4063 4063 4063 4063 4063 4063 4063 4063
924 1777280658 3550 3694 388 3644 3582 3623 3623 3591 4063 4063 4062 4062 4062 4062 4062 4062
925 1777280658 3549 3694 388 3643 3581 3623 3624 3592 4063 4063 4062 4062 4062 4062 4062 4062
926 1777280658 3549 3694 388 3644 3582 3624 3624 3592 4063 4063 4062 4062 4062 4062 4062 4062
927 1777280658 3550 3695 388 410 3580 1675 3623 3592 108 4063 4062 4062 4062 4062 4062 4062
928 1777280658 3549 3694 388 3643 3581 3624 3624 3593 4063 4063 4062 4062 4062 4062 4062 4062
929 1777280658 3550 3694 388 3643 3581 3624 3623 3591 4063 4063 4063 4063 4063 4063 4063 4063
930 1777280658 3550 3694 387 3644 3582 3624 3624 3591 4063 4062 4062 4062 4062 4062 4062 4062
931 1777280658 3550 3694 388 3644 3581 3624 3624 3592 4061 4061 4061 4061 4061 4061 4061 4061
932 1777280658 3549 3694 388 3644 3582 3623 3624 3592 4063 4063 4062 4062 4062 4062 4062 4062
933 1777280658 3549 3694 387 3644 3583 3624 3625 3592 4063 4063 4062 4062 4062 4062 4062 4062
934 1777280658 3550 3694 387 3645 3582 3624 3624 3592 4063 4063 4063 4063 4063 4063 4063 4063
935 1777280658 3550 3694 388 3644 3582 3624 3624 3592 4063 4063 4063 4063 4063 4063 4063 4063
936 1777280658 3550 3695 388 3644 3583 3624 3625 3593 4063 4063 4063 4063 4063 4063 4063 4063
937 1777280658 3550 3694 388 3644 3581 3624 3624 3592 4063 4063 4063 4063 4063 4063 4063 4063
938 1777280659 3549 3694 387 3643 3582 3623 3624 3592 4061 4061 4061 4061 4061 4061 4061 4061
939 1777280659 3549 3693 387 3644 3581 3624 3624 3593 4061 4061 4061 4061 4061 4061 4061 4061
940 1777280659 3549 3694 388 3643 3581 3624 3624 3592 4063 4062 4062 4062 4062 4062 4062 4062
941 1777280659 3549 3694 387 3644 3582 3624 3624 3591 4063 4063 4062 4062 4062 4062 4062 4062
942 1777280659 3550 3695 388 3644 3582 3625 3625 3593 4063 4063 4063 4063 4063 4063 4063 4063
943 1777280659 3549 3694 389 3644 3582 3624 3624 3592 4061 4061 4061 4061 4061 4061 4061 4061
944 1777280659 3550 3694 388 3644 3582 3624 3624 3592 4063 4063 4063 4063 4063 4063 4063 4063
945 1777280659 3549 3694 388 3644 3582 3624 3624 3592 4063 4063 4062 4062 4062 4062 4062 4062
946 1777280659 3549 3694 388 3644 3582 3624 3624 3592 4061 4061 4061 4061 4061 4061 4061 4061
947 1777280659 3551 3695 388 3644 3583 3625 3625 3593 4063 4063 4062 4062 4062 4062 4062 4062
948 1777280659 3549 3694 388 3643 3581 3624 3624 3592 4063 4063 4063 4063 4063 4063 4063 4063
949 1777280659 3550 3695 387 3644 3583 3625 3624 3593 4063 4063 4062 4062 4062 4062 4062 4062
950 1777280659 3550 3694 388 3644 3582 3624 3624 3592 4063 4063 4062 4062 4062 4062 4062 4062
951 1777280659 3549 3693 388 3643 3581 3623 3623 3591 4063 4063 4062 4062 4062 4062 4062 4062
952 1777280659 3549 3694 388 3643 3582 3623 3624 3592 4063 4063 4063 4063 4063 4063 4063 4063
953 1777280659 3550 3695 388 3644 3582 3624 3625 3593 4063 4063 4062 4062 4062 4062 4062 4062
954 1777280659 3549 3694 388 3644 3582 3624 3624 3592 4061 4061 4061 4061 4061 4061 4061 4061
955 1777280659 3550 3695 388 3644 3583 3625 3625 3593 4063 4063 4063 4063 4063 4063 4063 4063
956 1777280659 3549 3694 388 3643 3582 3624 3624 3592 4063 4063 4063 4063 4063 4063 4063 4063
957 1777280659 3550 3695 388 3645 3583 3624 3625 3592 4061 4061 4061 4061 4061 4061 4061 4061
958 1777280659 3550 3694 388 3643 3582 3624 3624 3592 4063 4062 4062 4062 4062 4062 4062 4062
959 1777280659 3550 3694 389 3644 3582 3624 3624 3592 4061 4061 4061 4061 4061 4061 4061 4061
960 1777280659 3549 3693 388 3643 3581 3623 3623 3591 4063 4063 4063 4063 4063 4063 4063 4063
961 1777280659 3550 3695 388 3644 3582 3624 3625 3592 4063 4063 4063 4063 4063 4063 4063 4063
962 1777280659 3550 3694 388 3644 3582 3624 3625 3593 4063 4063 4063 4063 4063 4063 4063 4063
963 1777280659 3551 3695 388 3644 3583 3625 3625 3593 4063 4062 4062 4062 4062 4062 4062 4062
964 1777280659 3549 3694 388 3643 3581 3624 3624 3591 4063 4063 4062 4062 4062 4062 4062 4062
965 1777280659 3550 3695 388 3644 3582 3624 3624 3592 4061 4061 4061 4061 4061 4061 4061 4061
966 1777280659 3550 3695 388 3644 3582 3624 3624 3593 4063 4063 4063 4063 4063 4063 4063 4063
967 1777280659 3550 3695 388 3644 3583 3625 3625 3593 4063 4063 4062 4062 4062 4062 4062 4062
968 1777280659 3550 3695 388 3643 3582 3624 3624 3592 4063 4063 4062 4062 4062 4062 4062 4062
969 1777280659 3549 3694 388 3644 3582 3624 3624 3592 4061 4061 4061 4061 4061 4061 4061 4061
970 1777280659 3550 3694 388 3644 3582 3624 3625 3593 4063 4063 4063 4063 4063 4063 4063 4063
971 1777280659 3550 3695 388 3645 3582 3625 3625 3593 4063 4062 4062 4062 4062 4062 4062 4062
972 1777280659 3550 3694 388 3644 3582 3624 3625 3593 4061 4061 4061 4061 4061 4061 4061 4061
973 1777280659 3550 3695 388 3644 3583 3624 3624 3592 4065 4063 4063 4063 4063 4063 4063 4063
974 1777280659 3549 3694 388 3644 3582 3624 3624 3592 4063 4063 4063 4063 4063 4063 4063 4063
975 1777280659 3551 3695 389 3644 3582 3624 3624 3593 4063 4063 4063 4063 4063 4063 4063 4063
976 1777280659 3550 3695 388 3645 3583 3625 3625 3593 4063 4063 4062 4062 4062 4062 4062 4062
977 1777280659 3550 3695 388 3644 3582 3624 3624 3592 4063 4062 4062 4062 4062 4062 4062 4062
978 1777280659 3551 3696 388 3645 3583 3625 3625 3593 4063 4063 4062 4062 4062 4062 4062 4062
979 1777280659 3551 3695 388 3645 3583 3625 3626 3593 4063 4063 4063 4063 4063 4063 4063 4063
980 1777280659 3549 3694 388 3643 3581 3624 3624 3592 4061 4061 4061 4061 4061 4061 4061 4061
981 1777280659 3549 3694 389 3644 3582 3624 3625 3593 4063 4063 4063 4063 4063 4063 4063 4063
982 1777280659 3551 3695 388 3645 3583 3625 3625 3593 4063 4063 4063 4063 4063 4063 4063 4063
983 1777280659 3550 3695 388 3644 3583 3625 3625 3593 4063 4063 4063 4063 4063 4063 4063 4063
984 1777280659 3550 3695 388 3645 3583 3624 3625 3593 4063 4063 4063 4063 4063 4063 4063 4063
985 1777280659 3550 3695 388 3644 3582 3624 3624 3592 4063 4063 4062 4062 4062 4062 4062 4062
986 1777280659 3551 3695 388 3644 3583 3625 3625 3593 4063 4063 4062 4062 4062 4062 4062 4062
987 1777280659 3549 3694 388 3644 3582 3624 3624 3592 4063 4063 4062 4062 4062 4062 4062 4062
988 1777280659 3549 3694 388 3643 3582 3624 3624 3592 4063 4063 4062 4062 4062 4062 4062 4062
989 1777280659 3550 3695 388 3644 3582 3625 3624 3593 4063 4063 4062 4062 4062 4062 4062 4062
990 1777280659 3550 3695 388 3644 3583 3624 3625 3593 4061 4061 4061 4061 4061 4061 4061 4061
991 1777280659 3550 3695 388 3644 3582 3624 3624 3592 4063 4063 4062 4062 4062 4062 4062 4062
992 1777280659 3550 3695 388 3644 3583 3625 3625 3592 4063 4063 4062 4062 4062 4062 4062 4062
993 1777280659 3550 3694 388 3644 3582 3625 3625 3593 4063 4063 4062 4062 4062 4062 4062 4062
994 1777280659 3551 3695 388 3645 3582 3624 3624 3593 4063 4063 4062 4062 4062 4062 4062 4062
995 1777280659 3550 3694 389 3644 3582 3625 3625 3593 4065 4063 4063 4063 4063 4063 4063 4063
996 1777280659 3550 3695 388 3644 3582 3625 3625 3593 4059 4059 4059 4059 4059 4059 4059 4059
997 1777280659 3550 3695 388 3644 3582 3624 3624 3592 4063 4063 4062 4062 4062 4062 4062 4062
998 1777280659 3550 3694 388 3644 3582 3624 3624 3592 4063 4063 4062 4062 4062 4062 4062 4062
999 1777280659 3549 3694 389 3644 3583 3625 3625 3593 4061 4061 4061 4061 4061 4061 4061 4061
1000 1777280659 3550 3695 388 3644 3582 3624 3624 3592 4063 4063 4063 4063 4063 4063 4063 4063
