1 1777282909 3548 3693 3665 379 3579 3622 3622 3590 4063 4063 4062 4062 4062 4062 4062 4062
2 1777282909 3549 3694 3666 378 3580 3623 3623 3591 4063 4063 4062 4062 4062 4062 4062 4062
3 1777282909 3549 3693 3665 379 3580 3623 3623 3591 4063 4063 4062 4062 4062 4062 4062 4062
4 1777282909 3547 3692 3664 379 3578 3622 3622 3590 4063 4063 4062 4062 4062 4062 4062 4062
5 1777282909 3547 3692 3664 381 3578 3621 3621 3590 4061 4061 4061 4061 4061 4061 4061 4061
6 1777282909 3548 3693 3665 380 3579 3623 3623 3592 4063 4063 4062 4062 4062 4062 4062 4062
7 1777282909 3549 3693 3665 379 3578 3623 3623 3591 4061 4061 4061 4061 4061 4061 4061 4061
8 1777282909 3549 3694 3666 379 3580 3623 3624 3592 4063 4063 4062 4062 4062 4062 4062 4062
9 1777282909 3549 3694 3666 378 3580 3624 3623 3591 4063 4063 4062 4062 4062 4062 4062 4062
10 1777282909 3549 3693 3665 379 3579 3623 3623 3591 4061 4061 4061 4061 4061 4061 4061 4061
11 1777282909 3547 3692 3664 379 3578 3622 3622 3591 4063 4063 4062 4062 4062 4062 4062 4062
12 1777282910 3548 3693 3665 379 3579 3623 3623 3591 4061 4061 4060 4060 4060 4060 4060 4060
13 1777282910 3548 3693 3665 379 3579 3622 3623 3591 4063 4063 4062 4062 4062 4062 4062 4062
14 1777282910 3548 3693 3665 379 3579 3623 3623 3591 4063 4063 4063 4063 4063 4063 4063 4063
15 1777282910 3549 3694 3666 379 3580 3623 3624 3592 4063 4063 4062 4062 4062 4062 4062 4062
16 1777282910 3548 3693 3665 379 3579 3623 3623 3591 4061 4061 4061 4061 4061 4061 4061 4061
17 1777282910 3549 3693 3665 379 3579 3623 3622 3591 4063 4063 4062 4062 4062 4062 4062 4062
18 1777282910 3548 3693 3665 379 3579 3623 3623 3591 4063 4063 4063 4063 4063 4063 4063 4063
19 1777282910 3549 3693 3665 379 3579 3623 3622 3591 4063 4063 4063 4063 4063 4063 4063 4063
20 1777282910 3548 3693 3665 379 3579 3622 3623 3591 4061 4061 4061 4061 4061 4061 4061 4061
21 1777282910 3548 3693 3665 379 3579 3623 3623 3591 4063 4063 4062 4062 4062 4062 4062 4062
22 1777282910 3549 3694 3666 379 3579 3623 3624 3592 4063 4063 4062 4062 4062 4062 4062 4062
23 1777282910 3549 3694 3665 379 3579 3623 3623 3591 4063 4063 4062 4062 4062 4062 4062 4062
24 1777282910 3549 3693 3665 379 3579 3622 3623 3591 4063 4063 4062 4062 4062 4062 4062 4062
25 1777282910 3548 3693 3664 379 3578 3622 3623 3591 4063 4062 4062 4062 4062 4062 4062 4062
26 1777282910 3549 3693 3666 379 3579 3623 3623 3591 4063 4063 4062 4062 4062 4062 4062 4062
27 1777282910 3549 3693 3665 379 3579 3623 3623 3591 4061 4061 4060 4060 4060 4060 4060 4060
28 1777282910 3548 3692 3665 379 3579 3622 3622 3591 4061 4061 4061 4061 4061 4061 4061 4061
29 1777282910 3550 3694 3666 380 3580 3624 3624 3592 4063 4063 4063 4063 4063 4063 4063 4063
30 1777282910 3549 3693 3665 380 3580 3623 3624 3592 4061 4061 4061 4061 4061 4061 4061 4061
31 1777282910 3548 3693 3665 379 3579 3623 3623 3591 4057 4057 4057 4057 4057 4057 4057 4057
32 1777282910 3549 3694 3666 379 3580 3624 3624 3592 4063 4063 4062 4062 4062 4062 4062 4062
33 1777282910 3549 3693 3665 379 3580 3623 3623 3591 4061 4061 4061 4061 4061 4061 4061 4061
34 1777282910 3549 3694 3665 379 3579 3623 3624 3592 4063 4063 4062 4062 4062 4062 4062 4062
35 1777282910 3549 3693 3666 379 3580 3623 3623 3591 4061 4061 4061 4061 4061 4061 4061 4061
36 1777282910 3549 3693 3665 379 3580 3624 3624 3592 4061 4061 4061 4061 4061 4061 4061 4061
37 1777282910 3549 3693 3665 381 3579 3623 3623 3592 4061 4061 4061 4061 4061 4061 4061 4061
38 1777282910 3549 3693 3666 379 3579 3624 3623 3592 4061 4061 4061 4061 4061 4061 4061 4061
39 1777282910 3548 3693 3665 379 3578 3623 3623 3591 4061 4061 4061 4061 4061 4061 4061 4061
40 1777282910 3548 3693 3665 379 3580 3623 3623 3591 4063 4063 4062 4062 4062 4062 4062 4062
41 1777282910 3549 3694 3666 379 3580 3624 3624 3592 4063 4063 4062 4062 4062 4062 4062 4062
42 1777282910 3548 3693 3665 379 3579 3622 3622 3591 4063 4063 4062 4062 4062 4062 4062 4062
43 1777282910 3549 3694 3666 379 3580 3623 3623 3592 4061 4061 4061 4061 4061 4061 4061 4061
44 1777282910 3550 3694 3666 379 3580 3624 3624 3592 4063 4063 4062 4062 4062 4062 4062 4062
45 1777282910 3549 3693 3666 379 3579 3623 3624 3591 4063 4062 4062 4062 4062 4062 4062 4062
46 1777282910 3549 3694 3665 379 3579 3623 3623 3591 4063 4063 4062 4062 4062 4062 4062 4062
47 1777282910 3550 3694 3667 379 3580 3624 3624 3592 4063 4063 4062 4062 4062 4062 4062 4062
48 1777282910 3549 3694 3666 379 3579 3623 3624 3591 4063 4063 4062 4062 4062 4062 4062 4062
49 1777282910 3549 3694 3666 379 3580 3623 3624 3592 4063 4063 4062 4062 4062 4062 4062 4062
50 1777282910 3549 3694 3666 380 3580 3624 3624 3592 4063 4063 4062 4062 4062 4062 4062 4062
51 1777282910 3549 3693 3665 379 3579 3622 3623 3591 4061 4061 4061 4061 4061 4061 4061 4061
52 1777282910 3550 3694 3666 379 3580 3624 3624 3592 4063 4063 4062 4062 4062 4062 4062 4062
53 1777282910 3550 3695 3667 379 3580 3624 3624 3592 4063 4063 4062 4062 4062 4062 4062 4062
54 1777282910 3548 3693 3665 380 3579 3623 3624 3591 4063 4063 4062 4062 4062 4062 4062 4062
55 1777282910 3549 3694 3666 379 3580 3623 3624 3591 4063 4063 4062 4062 4062 4062 4062 4062
56 1777282910 3549 3694 3666 380 3580 3624 3624 3591 4063 4063 4063 4063 4063 4063 4063 4063
57 1777282910 3550 3695 3666 379 3580 3624 3624 3592 4063 4063 4062 4062 4062 4062 4062 4062
58 1777282910 3549 3694 3666 378 3579 3623 3624 3592 4059 4059 4059 4059 4059 4059 4059 4059
59 1777282910 3548 3693 3665 379 3579 3623 3623 3591 4063 4063 4062 4062 4062 4062 4062 4062
60 1777282910 3550 3694 3666 379 3580 3624 3624 3592 4063 4061 4061 4061 4061 4061 4061 4061
61 1777282910 3550 3694 3666 379 3580 3624 3625 3592 4063 4063 4062 4062 4062 4062 4062 4062
62 1777282910 3550 3694 3667 379 3580 3624 3624 3592 4061 4061 4061 4061 4061 4061 4061 4061
63 1777282910 3549 3694 3665 379 3580 3624 3624 3592 4063 4063 4062 4062 4062 4062 4062 4062
64 1777282910 3549 3694 3665 379 3580 3623 3623 3592 4063 4063 4062 4062 4062 4062 4062 4062
65 1777282910 3550 3695 3666 379 3580 3624 3624 3592 4059 4059 4059 4059 4059 4059 4059 4059
66 1777282910 3549 3694 3665 379 3580 3624 3624 3593 4061 4061 4061 4061 4061 4061 4061 4061
67 1777282910 3549 3694 3666 379 3580 3624 3624 3592 4063 4063 4062 4062 4062 4062 4062 4062
68 1777282910 3549 3693 3666 379 3580 3624 3624 3592 4063 4063 4063 4063 4063 4063 4063 4063
69 1777282910 3550 3694 3666 381 3580 3624 3624 3592 4063 4063 4062 4062 4062 4062 4062 4062
70 1777282910 3549 3694 3666 380 3579 3623 3624 3592 4061 4061 4061 4061 4061 4061 4061 4061
71 1777282910 3550 3695 3666 379 3580 3624 3624 3592 4061 4061 4061 4061 4061 4061 4061 4061
72 1777282910 3549 3693 3666 380 3580 3624 3624 3592 4063 4063 4062 4062 4062 4062 4062 4062
73 1777282910 3549 3693 3665 379 3580 3623 3624 3592 4063 4063 4062 4062 4062 4062 4062 4062
74 1777282910 3550 3694 3666 380 3581 3624 3624 3593 4063 4063 4062 4062 4062 4062 4062 4062
75 1777282910 3549 3693 3665 380 3579 3623 3623 3592 4061 4059 4059 4059 4059 4059 4059 4059
76 1777282910 3550 3694 3666 380 3580 3623 3624 3592 4063 4063 4062 4062 4062 4062 4062 4062
77 1777282910 3549 3693 3665 380 3579 3623 3623 3592 4063 4062 4062 4062 4062 4062 4062 4062
78 1777282910 3549 3694 3665 380 3579 3623 3624 3592 4063 4063 4062 4062 4062 4062 4062 4062
79 1777282910 3549 3694 3666 379 3580 3624 3624 3592 4063 4063 4062 4062 4062 4062 4062 4062
80 1777282910 3549 3694 3666 379 3580 3624 3624 3591 4063 4063 4062 4062 4062 4062 4062 4062
81 1777282910 3548 3693 3665 380 3580 3623 3623 3591 4061 4061 4061 4061 4061 4061 4061 4061
82 1777282910 3550 3695 3667 379 3580 3625 3625 3592 4063 4063 4062 4062 4062 4062 4062 4062
83 1777282910 3549 3694 3666 379 3580 3623 3624 3592 4059 4059 4059 4059 4059 4059 4059 4059
84 1777282910 3549 3694 3666 379 3581 3624 3624 3592 4063 4063 4062 4062 4062 4062 4062 4062
85 1777282910 3549 3694 3666 379 3580 3624 3624 3592 4061 4061 4061 4061 4061 4061 4061 4061
86 1777282910 3549 3694 3666 380 3580 3624 3624 3592 4063 4063 4062 4062 4062 4062 4062 4062
87 1777282910 3549 3694 3666 379 3580 3623 3624 3591 4061 4061 4061 4061 4061 4061 4061 4061
88 1777282910 3549 3694 3666 380 3579 3623 3624 3592 4063 4063 4062 4062 4062 4062 4062 4062
89 1777282910 3548 3693 3665 379 3580 3623 3623 3591 4063 4063 4063 4063 4063 4063 4063 4063
90 1777282911 3550 3694 3666 379 3580 3624 3624 3592 4063 4063 4062 4062 4062 4062 4062 4062
91 1777282911 3551 3695 3668 380 3581 3625 3625 3593 4063 4063 4062 4062 4062 4062 4062 4062
92 1777282911 3550 3694 3666 379 3581 3625 3625 3593 4063 4062 4062 4062 4062 4062 4062 4062
93 1777282911 3550 3694 3666 379 3581 3624 3625 3593 4061 4061 4061 4061 4061 4061 4061 4061
94 1777282911 3549 3693 3666 380 3579 3624 3624 3592 4063 4063 4062 4062 4062 4062 4062 4062
95 1777282911 3550 3695 3667 379 3581 3624 3625 3592 4061 4061 4060 4060 4060 4060 4060 4060
96 1777282911 3550 3694 3666 380 3581 3624 3624 3592 4061 4061 4061 4061 4061 4061 4061 4061
97 1777282911 3549 3693 3666 380 3579 3623 3623 3591 4063 4063 4063 4063 4063 4063 4063 4063
98 1777282911 3550 3694 3666 380 3579 3623 3624 3592 4061 4061 4061 4061 4061 4061 4061 4061
99 1777282911 3549 3693 3665 380 3580 3624 3623 3592 4061 4061 4061 4061 4061 4061 4061 4061
100 1777282911 3550 3695 3667 380 3581 3625 3625 3593 4063 4063 4063 4063 4063 4063 4063 4063
101 1777282911 3549 3694 3666 381 3580 3624 3624 3592 4063 4063 4062 4062 4062 4062 4062 4062
102 1777282911 3550 3694 3667 380 3580 3624 3624 3592 4063 4063 4063 4063 4063 4063 4063 4063
103 1777282911 3549 3694 3666 380 3580 3623 3624 3592 4063 4063 4062 4062 4062 4062 4062 4062
104 1777282911 3549 3694 3666 380 3581 3624 3625 3593 4061 4061 4061 4061 4061 4061 4061 4061
105 1777282911 3550 3695 3667 379 3581 3625 3625 3593 4063 4063 4062 4062 4062 4062 4062 4062
106 1777282911 3550 3693 3666 380 3580 3624 3624 3592 4061 4061 4061 4061 4061 4061 4061 4061
107 1777282911 3550 3694 3666 380 3580 3624 3624 3593 4063 4063 4063 4063 4063 4063 4063 4063
108 1777282911 3549 3694 3666 380 3581 3624 3625 3592 4063 4063 4063 4063 4063 4063 4063 4063
109 1777282911 3549 3694 3666 379 3580 3624 3624 3592 4061 4061 4061 4061 4061 4061 4061 4061
110 1777282911 3549 3693 3666 379 3579 3623 3624 3592 4061 4061 4061 4061 4061 4061 4061 4061
111 1777282911 3549 3695 3666 380 3580 3624 3625 3593 4063 4063 4062 4062 4062 4062 4062 4062
112 1777282911 3550 3694 3667 380 3581 3624 3624 3593 4061 4061 4060 4060 4060 4060 4060 4060
113 1777282911 3550 3694 3666 380 3581 3624 3625 3593 4063 4063 4062 4062 4062 4062 4062 4062
114 1777282911 3549 3694 3666 380 3581 3624 3624 3592 4063 4063 4062 4062 4062 4062 4062 4062
115 1777282911 3550 3694 3666 380 3580 3624 3624 3592 4061 4061 4061 4061 4061 4061 4061 4061
116 1777282911 3550 3694 3666 380 3581 3625 3625 3593 4061 4061 4061 4061 4061 4061 4061 4061
117 1777282911 3550 3695 3667 380 3580 3624 3625 3593 4063 4063 4062 4062 4062 4062 4062 4062
118 1777282911 3550 3695 3667 380 3580 3624 3624 3593 4063 4063 4062 4062 4062 4062 4062 4062
119 1777282911 3549 3694 3666 380 3580 3624 3623 3592 4063 4063 4062 4062 4062 4062 4062 4062
120 1777282911 3550 3694 3666 380 3581 3625 3625 3593 4061 4061 4061 4061 4061 4061 4061 4061
121 1777282911 3549 3693 3666 380 3580 3624 3624 3592 4063 4063 4062 4062 4062 4062 4062 4062
122 1777282911 3550 3694 3667 380 3580 3624 3624 3592 4061 4061 4061 4061 4061 4061 4061 4061
123 1777282911 3550 3695 3667 379 3581 3624 3625 3593 4063 4063 4063 4063 4063 4063 4063 4063
124 1777282911 3550 3695 3667 379 3581 3624 3624 3592 4061 4061 4061 4061 4061 4061 4061 4061
125 1777282911 3549 3694 3665 380 3580 3623 3624 3592 4063 4063 4062 4062 4062 4062 4062 4062
126 1777282911 3550 3694 3666 380 3580 3624 3624 3593 4061 4061 4061 4061 4061 4061 4061 4061
127 1777282911 3550 3695 3667 380 3580 3624 3624 3593 4061 4061 4061 4061 4061 4061 4061 4061
128 1777282919 3549 3693 3666 380 3579 3622 3623 3591 4061 4061 4060 4060 4060 4060 4060 4060
129 1777282919 3546 3691 3663 377 3577 3621 3621 3589 4061 4061 4061 4061 4061 4061 4061 4061
130 1777282919 3547 3692 3664 378 3578 3622 3622 3590 4061 4061 4061 4061 4061 4061 4061 4061
131 1777282919 3546 3691 3663 378 3577 3620 3621 3589 4061 4061 4060 4060 4060 4060 4060 4060
132 1777282919 3548 3693 3664 377 3578 3622 3622 3590 4063 4063 4062 4062 4062 4062 4062 4062
133 1777282919 3547 3691 3663 380 3577 3621 3621 3589 4061 4061 4061 4061 4061 4061 4061 4061
134 1777282919 3547 3692 3664 379 3578 3622 3622 3590 4061 4061 4060 4060 4060 4060 4060 4060
135 1777282919 3546 3691 3664 378 3577 3621 3621 3589 4063 4063 4062 4062 4062 4062 4062 4062
136 1777282919 3548 3692 3664 378 3576 3622 3623 3590 4063 4063 4063 4063 4063 4063 4063 4063
137 1777282919 3547 3692 3664 378 3579 3622 3622 3590 4063 4063 4062 4062 4062 4062 4062 4062
138 1777282919 3548 3692 3664 379 3578 3622 3622 3590 4063 4063 4062 4062 4062 4062 4062 4062
139 1777282919 3548 3692 3664 378 3578 3622 3622 3590 4061 4061 4061 4061 4061 4061 4061 4061
140 1777282919 3547 3691 3664 378 3578 3622 3622 3590 4061 4061 4061 4061 4061 4061 4061 4061
141 1777282919 3548 3692 3664 378 3578 3622 3622 3590 4063 4062 4062 4062 4062 4062 4062 4062
142 1777282919 3548 3692 3665 378 3578 3622 3623 3590 4061 4061 4061 4061 4061 4061 4061 4061
143 1777282919 3548 3693 3665 378 3579 3623 3622 3591 4061 4061 4061 4061 4061 4061 4061 4061
144 1777282919 3546 3691 3663 378 3577 3621 3621 3589 4063 4063 4063 4063 4063 4063 4063 4063
145 1777282919 3548 3693 3665 378 3579 3623 3623 3591 4063 4062 4062 4062 4062 4062 4062 4062
146 1777282919 3547 3691 3663 378 3578 3621 3622 3590 4061 4061 4061 4061 4061 4061 4061 4061
147 1777282919 3548 3693 3665 378 3579 3623 3622 3591 4063 4063 4062 4062 4062 4062 4062 4062
148 1777282919 3548 3692 3664 379 3578 3622 3622 3590 4061 4061 4061 4061 4061 4061 4061 4061
149 1777282919 3547 3691 3664 378 3578 3621 3621 3589 4063 4063 4062 4062 4062 4062 4062 4062
150 1777282919 3547 3692 3664 378 3578 3622 3622 3590 4061 4061 4061 4061 4061 4061 4061 4061
151 1777282919 3548 3693 3665 378 3579 3623 3623 3590 4061 4061 4060 4060 4060 4060 4060 4060
152 1777282919 3549 3693 3665 378 3579 3623 3623 3591 4063 4063 4062 4062 4062 4062 4062 4062
153 1777282919 3548 3693 3664 378 3579 3622 3623 3591 4061 4061 4061 4061 4061 4061 4061 4061
154 1777282919 3548 3693 3665 378 3578 3622 3623 3590 4063 4063 4062 4062 4062 4062 4062 4062
155 1777282919 3548 3693 3665 378 3580 3622 3622 3591 4061 4061 4061 4061 4061 4061 4061 4061
156 1777282919 3548 3692 3665 378 3578 3622 3623 3591 4061 4061 4061 4061 4061 4061 4061 4061
157 1777282919 3548 3692 3665 378 3579 3622 3623 3591 4063 4063 4063 4063 4063 4063 4063 4063
158 1777282919 3548 3693 3665 379 3578 3622 3623 3590 4063 4063 4062 4062 4062 4062 4062 4062
159 1777282919 3547 3692 3664 378 3579 3622 3622 3590 4063 4063 4062 4062 4062 4062 4062 4062
160 1777282919 3548 3692 3664 378 3578 3622 3622 3590 4063 4063 4063 4063 4063 4063 4063 4063
161 1777282919 3548 3692 3664 378 3578 3622 3622 3590 4063 4063 4062 4062 4062 4062 4062 4062
162 1777282919 3548 3692 3664 379 3578 3622 3622 3590 4061 4061 4061 4061 4061 4061 4061 4061
163 1777282919 3548 3692 3664 378 3579 3622 3623 3591 4063 4061 4061 4061 4061 4061 4061 4061
164 1777282919 3547 3692 3663 378 3578 3622 3622 3590 4063 4063 4062 4062 4062 4062 4062 4062
165 1777282919 3549 3693 3665 378 3579 3622 3623 3591 4061 4061 4061 4061 4061 4061 4061 4061
166 1777282919 3549 3692 3665 379 3578 3623 3623 3591 4063 4063 4062 4062 4062 4062 4062 4062
167 1777282919 3548 3693 3664 378 3579 3622 3622 3591 4063 4063 4062 4062 4062 4062 4062 4062
168 1777282919 3549 3693 3665 378 3580 3623 3623 3591 4063 4063 4062 4062 4062 4062 4062 4062
169 1777282919 3548 3693 3665 378 3579 3623 3623 3591 4063 4063 4062 4062 4062 4062 4062 4062
170 1777282919 3548 3692 3664 379 3578 3622 3622 3590 4063 4063 4062 4062 4062 4062 4062 4062
171 1777282919 3547 3692 3664 378 3578 3622 3622 3590 4061 4061 4061 4061 4061 4061 4061 4061
172 1777282919 3548 3693 3664 378 3578 3622 3622 3590 4063 4062 4062 4062 4062 4062 4062 4062
173 1777282919 3548 3692 3664 378 3579 3622 3622 3590 4063 4062 4062 4062 4062 4062 4062 4062
174 1777282919 3548 3693 3665 379 3578 3623 3623 3591 4063 4063 4062 4062 4062 4062 4062 4062
175 1777282919 3548 3692 3664 378 3577 3621 3622 3589 4061 4061 4061 4061 4061 4061 4061 4061
176 1777282919 3549 3693 3665 378 3580 3623 3623 3591 4063 4063 4063 4063 4063 4063 4063 4063
177 1777282919 3548 3693 3665 378 3579 3623 3623 3591 4061 4061 4061 4061 4061 4061 4061 4061
178 1777282919 3548 3692 3665 378 3579 3623 3623 3591 4063 4063 4062 4062 4062 4062 4062 4062
179 1777282919 3548 3693 3664 378 3579 3623 3623 3591 4061 4061 4061 4061 4061 4061 4061 4061
180 1777282919 3548 3693 3665 378 3580 3623 3623 3591 4063 4063 4062 4062 4062 4062 4062 4062
181 1777282920 3548 3693 3664 379 3579 3622 3622 3591 4061 4061 4061 4061 4061 4061 4061 4061
182 1777282920 3548 3692 3664 379 3578 3622 3623 3590 4061 4061 4061 4061 4061 4061 4061 4061
183 1777282920 3548 3692 3665 378 3579 3622 3623 3591 4061 4061 4061 4061 4061 4061 4061 4061
184 1777282920 3549 3693 3666 378 3580 3623 3624 3592 4061 4061 4061 4061 4061 4061 4061 4061
185 1777282920 3548 3693 3664 378 3579 3622 3623 3591 4063 4063 4062 4062 4062 4062 4062 4062
186 1777282920 3548 3693 3665 378 3579 3623 3623 3591 4063 4063 4062 4062 4062 4062 4062 4062
187 1777282920 3549 3693 3665 379 3579 3623 3623 3591 4063 4063 4062 4062 4062 4062 4062 4062
188 1777282920 3548 3693 3665 378 3579 3622 3623 3591 4061 4061 4061 4061 4061 4061 4061 4061
189 1777282920 3547 3692 3664 379 3578 3621 3622 3590 4061 4061 4060 4060 4060 4060 4060 4060
190 1777282920 3549 3693 3665 379 3580 3623 3623 3591 4063 4063 4062 4062 4062 4062 4062 4062
191 1777282920 3548 3693 3664 379 3579 3622 3623 3590 4061 4061 4061 4061 4061 4061 4061 4061
192 1777282920 3548 3693 3665 379 3579 3623 3623 3591 4063 4063 4062 4062 4062 4062 4062 4062
193 1777282920 3549 3693 3665 379 3579 3623 3623 3591 4061 4061 4061 4061 4061 4061 4061 4061
194 1777282920 3548 3693 3665 379 3579 3623 3623 3591 4063 4062 4062 4062 4062 4062 4062 4062
195 1777282920 3548 3693 3666 378 3579 3623 3624 3591 4063 4063 4062 4062 4062 4062 4062 4062
196 1777282920 3548 3693 3664 379 3579 3622 3623 3591 4063 4062 4062 4062 4062 4062 4062 4062
197 1777282920 3548 3692 3664 380 3578 3622 3623 3591 4061 4061 4061 4061 4061 4061 4061 4061
198 1777282920 3548 3692 3664 379 3578 3622 3622 3590 4063 4063 4062 4062 4062 4062 4062 4062
199 1777282920 3548 3693 3664 378 3577 3622 3622 3590 4059 4059 4059 4059 4059 4059 4059 4059
200 1777282920 3549 3692 3665 378 3579 3623 3623 3591 4063 4063 4062 4062 4062 4062 4062 4062
201 1777282920 3548 3692 3664 379 3578 3622 3623 3591 4061 4061 4061 4061 4061 4061 4061 4061
202 1777282920 3548 3693 3665 379 3578 3622 3622 3590 4061 4061 4061 4061 4061 4061 4061 4061
203 1777282920 3549 3693 3665 378 3579 3623 3624 3592 4063 4063 4062 4062 4062 4062 4062 4062
204 1777282920 3548 3692 3664 378 3578 3622 3622 3590 4063 4063 4062 4062 4062 4062 4062 4062
205 1777282920 3548 3693 3665 378 3579 3623 3623 3591 4063 4063 4062 4062 4062 4062 4062 4062
206 1777282920 3549 3693 3665 379 3579 3623 3623 3591 4061 4061 4061 4061 4061 4061 4061 4061
207 1777282920 3549 3693 3665 379 3579 3622 3622 3591 4061 4061 4061 4061 4061 4061 4061 4061
208 1777282920 3548 3693 3665 378 3579 3623 3623 3591 4063 4062 4062 4062 4062 4062 4062 4062
209 1777282920 3550 3694 3666 378 3580 3624 3624 3592 4063 4063 4062 4062 4062 4062 4062 4062
210 1777282920 3548 3693 3665 379 3579 3623 3623 3591 4061 4061 4061 4061 4061 4061 4061 4061
211 1777282920 3548 3693 3665 379 3579 3623 3623 3591 4059 4059 4059 4059 4059 4059 4059 4059
212 1777282920 3549 3693 3665 379 3579 3623 3623 3592 4061 4061 4061 4061 4061 4061 4061 4061
213 1777282920 3549 3694 3666 379 3579 3623 3623 3592 4063 4063 4062 4062 4062 4062 4062 4062
214 1777282920 3549 3693 3665 379 3578 3623 3623 3591 4063 4063 4063 4063 4063 4063 4063 4063
215 1777282920 3549 3693 3666 379 3579 3623 3623 3591 4061 4061 4061 4061 4061 4061 4061 4061
216 1777282920 3548 3693 3665 379 3579 3623 3623 3591 4063 4063 4062 4062 4062 4062 4062 4062
217 1777282920 3548 3693 3665 379 3579 3623 3622 3591 4063 4063 4062 4062 4062 4062 4062 4062
218 1777282920 3548 3693 3665 378 3579 3623 3623 3591 4063 4063 4062 4062 4062 4062 4062 4062
219 1777282920 3549 3694 3666 378 3581 3624 3624 3592 4061 4061 4061 4061 4061 4061 4061 4061
220 1777282920 3548 3693 3665 378 3579 3623 3623 3591 4063 4063 4062 4062 4062 4062 4062 4062
221 1777282920 3549 3693 3665 378 3579 3623 3623 3591 4063 4063 4062 4062 4062 4062 4062 4062
222 1777282920 3549 3693 3665 379 3579 3623 3623 3591 4061 4061 4061 4061 4061 4061 4061 4061
223 1777282920 3550 3694 3667 379 3580 3624 3624 3592 4063 4063 4062 4062 4062 4062 4062 4062
224 1777282920 3548 3692 3665 379 3579 3622 3623 3591 4063 4063 4062 4062 4062 4062 4062 4062
225 1777282920 3549 3693 3664 379 3579 3623 3623 3591 4063 4062 4062 4062 4062 4062 4062 4062
226 1777282920 3549 3694 3665 379 3580 3623 3624 3592 4063 4063 4062 4062 4062 4062 4062 4062
227 1777282920 3549 3693 3666 378 3580 3623 3623 3591 4063 4063 4062 4062 4062 4062 4062 4062
228 1777282920 3548 3693 3665 379 3579 3623 3623 3591 4063 4063 4062 4062 4062 4062 4062 4062
229 1777282920 3549 3693 3665 379 3579 3623 3624 3592 4063 4063 4062 4062 4062 4062 4062 4062
230 1777282920 3549 3694 3666 379 3580 3624 3624 3591 4063 4063 4062 4062 4062 4062 4062 4062
231 1777282920 3549 3694 3666 379 3579 3623 3623 3591 4063 4063 4062 4062 4062 4062 4062 4062
232 1777282920 3549 3694 3666 378 3580 3623 3623 3592 4061 4061 4061 4061 4061 4061 4061 4061
233 1777282920 3549 3693 3665 379 3579 3623 3624 3592 4063 4063 4063 4063 4063 4063 4063 4063
234 1777282920 3549 3693 3665 379 3579 3623 3623 3591 4063 4063 4062 4062 4062 4062 4062 4062
235 1777282920 3549 3693 3665 379 3580 3623 3623 3592 4063 4063 4062 4062 4062 4062 4062 4062
236 1777282920 3549 3693 3665 379 3580 3623 3623 3591 4063 4063 4062 4062 4062 4062 4062 4062
237 1777282920 3548 3693 3665 379 3579 3622 3623 3591 4063 4063 4062 4062 4062 4062 4062 4062
238 1777282920 3549 3693 3665 379 3580 3623 3623 3591 4061 4061 4061 4061 4061 4061 4061 4061
239 1777282920 3549 3694 3665 378 3579 3623 3623 3591 4063 4063 4062 4062 4062 4062 4062 4062
240 1777282920 3550 3694 3666 379 3580 3623 3624 3592 4063 4063 4062 4062 4062 4062 4062 4062
241 1777282920 3549 3693 3665 379 3579 3623 3623 3591 4063 4063 4062 4062 4062 4062 4062 4062
242 1777282920 3549 3693 3665 379 3579 3622 3622 3591 4059 4059 4059 4059 4059 4059 4059 4059
243 1777282920 3549 3694 3666 379 3580 3624 3624 3592 4061 4061 4061 4061 4061 4061 4061 4061
244 1777282920 3548 3693 3665 379 3579 3622 3623 3591 4063 4063 4062 4062 4062 4062 4062 4062
245 1777282920 3549 3694 3666 379 3581 3624 3624 3592 4063 4063 4062 4062 4062 4062 4062 4062
246 1777282920 3549 3694 3666 379 3580 3623 3623 3592 4061 4061 4061 4061 4061 4061 4061 4061
247 1777282920 3549 3694 3666 379 3580 3624 3624 3592 4063 4063 4062 4062 4062 4062 4062 4062
248 1777282920 3548 3692 3664 379 3579 3622 3622 3591 4063 4063 4062 4062 4062 4062 4062 4062
249 1777282920 3549 3693 3665 379 3579 3623 3623 3591 4061 4061 4061 4061 4061 4061 4061 4061
250 1777282920 3549 3694 3666 379 3581 3624 3624 3592 4063 4062 4062 4062 4062 4062 4062 4062
251 1777282920 3549 3693 3665 378 3579 3623 3623 3591 4063 4063 4062 4062 4062 4062 4062 4062
252 1777282920 3549 3694 3666 379 3580 3623 3623 3592 4063 4062 4062 4062 4062 4062 4062 4062
253 1777282920 3548 3693 3665 378 3579 3623 3623 3591 4063 4063 4062 4062 4062 4062 4062 4062
254 1777282920 3549 3694 3666 379 3580 3623 3624 3592 4063 4063 4062 4062 4062 4062 4062 4062
255 1777282920 3549 3694 3666 379 3580 3623 3624 3592 4063 4063 4062 4062 4062 4062 4062 4062
256 1777282920 3549 3693 3665 379 3579 3623 3623 3591 4063 4063 4062 4062 4062 4062 4062 4062
257 1777282920 3549 3694 3666 379 3580 3624 3625 3592 4063 4061 4061 4061 4061 4061 4061 4061
258 1777282921 3549 3693 3665 379 3580 3623 3623 3591 4063 4063 4062 4062 4062 4062 4062 4062
259 1777282921 3550 3694 3666 379 3580 3624 3624 3592 4063 4062 4062 4062 4062 4062 4062 4062
260 1777282921 3550 3694 3666 381 3580 3623 3624 3592 4063 4062 4062 4062 4062 4062 4062 4062
261 1777282921 3549 3694 3665 380 3579 3623 3624 3592 4063 4063 4062 4062 4062 4062 4062 4062
262 1777282921 3549 3693 3665 379 3578 3623 3623 3592 4063 4063 4062 4062 4062 4062 4062 4062
263 1777282921 3549 3693 3665 379 3580 3623 3623 3591 4063 4063 4062 4062 4062 4062 4062 4062
264 1777282921 3549 3693 3665 379 3579 3623 3623 3591 4063 4063 4062 4062 4062 4062 4062 4062
265 1777282921 3549 3693 3665 379 3579 3623 3623 3591 4061 4061 4061 4061 4061 4061 4061 4061
266 1777282921 3549 3693 3665 379 3579 3623 3623 3591 4061 4061 4061 4061 4061 4061 4061 4061
267 1777282921 3549 3693 3665 378 3580 3623 3624 3592 4063 4063 4062 4062 4062 4062 4062 4062
268 1777282921 3549 3693 3665 379 3579 3623 3623 3591 4063 4061 4061 4061 4061 4061 4061 4061
269 1777282921 3548 3693 3664 380 3579 3622 3623 3591 4063 4062 4062 4062 4062 4062 4062 4062
270 1777282921 3549 3693 3665 379 3580 3623 3623 3591 4063 4063 4062 4062 4062 4062 4062 4062
271 1777282921 3550 3694 3666 379 3580 3624 3624 3592 4063 4063 4062 4062 4062 4062 4062 4062
272 1777282921 3549 3693 3665 379 3579 3623 3623 3592 4063 4063 4062 4062 4062 4062 4062 4062
273 1777282921 3549 3694 3666 379 3580 3624 3624 3592 4061 4061 4061 4061 4061 4061 4061 4061
274 1777282921 3549 3694 3666 379 3580 3624 3624 3592 4061 4061 4061 4061 4061 4061 4061 4061
275 1777282921 3550 3694 3666 379 3580 3624 3624 3592 4063 4063 4062 4062 4062 4062 4062 4062
276 1777282921 3549 3693 3666 379 3580 3623 3623 3591 4061 4061 4061 4061 4061 4061 4061 4061
277 1777282921 3549 3694 3666 380 3579 3624 3624 3592 4063 4063 4062 4062 4062 4062 4062 4062
278 1777282921 3549 3693 3665 379 3578 3623 3623 3591 4063 4063 4062 4062 4062 4062 4062 4062
279 1777282921 3549 3694 3666 380 3580 3624 3624 3592 4063 4063 4062 4062 4062 4062 4062 4062
280 1777282921 3550 3694 3666 378 3581 3624 3624 3592 4063 4063 4063 4063 4063 4063 4063 4063
281 1777282921 3548 3693 3665 379 3579 3623 3624 3592 4063 4063 4062 4062 4062 4062 4062 4062
282 1777282921 3549 3693 3665 379 3579 3623 3623 3591 4063 4063 4062 4062 4062 4062 4062 4062
283 1777282921 3549 3694 3666 379 3580 3624 3624 3592 4063 4063 4063 4063 4063 4063 4063 4063
284 1777282921 3549 3693 3666 379 3580 3624 3624 3592 4061 4061 4061 4061 4061 4061 4061 4061
285 1777282921 3549 3694 3667 379 3580 3624 3624 3592 4061 4061 4061 4061 4061 4061 4061 4061
286 1777282921 3548 3692 3665 380 3578 3622 3623 3591 4061 4061 4061 4061 4061 4061 4061 4061
287 1777282921 3549 3693 3665 379 3579 3623 3623 3591 4063 4063 4062 4062 4062 4062 4062 4062
288 1777282921 3549 3693 3665 379 3580 3623 3623 3591 4063 4063 4063 4063 4063 4063 4063 4063
289 1777282921 3549 3694 3666 379 3580 3623 3624 3592 4063 4063 4063 4063 4063 4063 4063 4063
290 1777282921 3550 3694 3666 379 3580 3624 3624 3592 4063 4063 4062 4062 4062 4062 4062 4062
291 1777282921 3549 3694 3666 379 3580 3623 3623 3592 4063 4063 4062 4062 4062 4062 4062 4062
292 1777282921 3549 3693 3665 379 3580 3623 3623 3591 4063 4063 4062 4062 4062 4062 4062 4062
293 1777282921 3550 3694 3666 380 3579 3624 3624 3593 4063 4063 4062 4062 4062 4062 4062 4062
294 1777282921 3550 3694 3666 379 3580 3624 3624 3593 4063 4062 4062 4062 4062 4062 4062 4062
295 1777282921 3549 3694 3666 379 3580 3624 3624 3592 4063 4063 4063 4063 4063 4063 4063 4063
296 1777282921 3550 3694 3666 379 3580 3623 3624 3592 4063 4063 4062 4062 4062 4062 4062 4062
297 1777282921 3549 3694 3666 380 3579 3623 3624 3592 4059 4059 4058 4058 4058 4058 4058 4058
298 1777282921 3548 3693 3665 379 3579 3622 3623 3591 4063 4062 4062 4062 4062 4062 4062 4062
299 1777282921 3550 3694 3666 379 3580 3624 3624 3592 4063 4063 4062 4062 4062 4062 4062 4062
300 1777282921 3549 3693 3665 379 3579 3623 3623 3591 4061 4061 4061 4061 4061 4061 4061 4061
301 1777282921 3549 3694 3666 379 3579 3623 3624 3592 4063 4063 4062 4062 4062 4062 4062 4062
302 1777282921 3549 3694 3666 379 3580 3623 3624 3591 4063 4063 4062 4062 4062 4062 4062 4062
303 1777282921 3548 3693 3665 379 3579 3623 3624 3592 4061 4061 4061 4061 4061 4061 4061 4061
304 1777282921 3550 3694 3666 379 3580 3624 3624 3592 4061 4061 4061 4061 4061 4061 4061 4061
305 1777282921 3549 3694 3666 379 3580 3624 3624 3592 4063 4063 4062 4062 4062 4062 4062 4062
306 1777282921 3550 3694 3666 379 3580 3623 3624 3592 4063 4063 4062 4062 4062 4062 4062 4062
307 1777282921 3549 3694 3666 378 3580 3624 3624 3592 4061 4061 4061 4061 4061 4061 4061 4061
308 1777282921 3549 3694 3666 379 3580 3623 3624 3591 4063 4063 4062 4062 4062 4062 4062 4062
309 1777282921 3549 3693 3666 380 3579 3623 3624 3592 4061 4061 4061 4061 4061 4061 4061 4061
310 1777282921 3549 3694 3666 379 3580 3623 3624 3592 4061 4061 4061 4061 4061 4061 4061 4061
311 1777282921 3549 3693 3666 379 3580 3624 3624 3592 4063 4063 4062 4062 4062 4062 4062 4062
312 1777282921 3550 3695 3667 379 3580 3625 3625 3593 4063 4062 4062 4062 4062 4062 4062 4062
313 1777282921 3549 3694 3666 379 3580 3624 3624 3592 4063 4063 4062 4062 4062 4062 4062 4062
314 1777282921 3549 3694 3666 379 3580 3623 3624 3592 4063 4063 4062 4062 4062 4062 4062 4062
315 1777282921 3549 3693 3665 379 3579 3623 3623 3591 4061 4061 4061 4061 4061 4061 4061 4061
316 1777282921 3550 3694 3667 379 3580 3624 3624 3593 4063 4063 4062 4062 4062 4062 4062 4062
317 1777282921 3549 3693 3665 380 3579 3623 3624 3591 4061 4061 4061 4061 4061 4061 4061 4061
318 1777282921 3549 3693 3666 379 3580 3623 3623 3591 4061 4061 4061 4061 4061 4061 4061 4061
319 1777282921 3550 3695 3666 380 3581 3625 3625 3593 4063 4063 4062 4062 4062 4062 4062 4062
320 1777282921 3550 3694 3666 379 3580 3624 3624 3592 4063 4063 4062 4062 4062 4062 4062 4062
321 1777282921 3551 3696 3667 380 3581 3624 3625 3593 4061 4061 4061 4061 4061 4061 4061 4061
322 1777282921 3551 3695 3667 379 3581 3624 3625 3593 4061 4061 4061 4061 4061 4061 4061 4061
323 1777282921 3550 3694 3667 379 3581 3625 3624 3592 4061 4061 4061 4061 4061 4061 4061 4061
324 1777282921 3549 3693 3665 379 3580 3623 3624 3592 4063 4062 4062 4062 4062 4062 4062 4062
325 1777282921 3550 3694 3666 380 3579 3623 3624 3592 4061 4061 4061 4061 4061 4061 4061 4061
326 1777282921 3550 3694 3667 380 3580 3624 3625 3593 4061 4061 4061 4061 4061 4061 4061 4061
327 1777282921 3550 3695 3667 379 3581 3624 3625 3593 4063 4063 4062 4062 4062 4062 4062 4062
328 1777282921 3550 3694 3666 380 3581 3624 3625 3593 4063 4063 4062 4062 4062 4062 4062 4062
329 1777282921 3549 3694 3665 379 3580 3624 3624 3592 4063 4061 4061 4061 4061 4061 4061 4061
330 1777282921 3549 3694 3666 379 3580 3624 3624 3592 4063 4063 4062 4062 4062 4062 4062 4062
331 1777282921 3549 3693 3665 379 3580 3623 3623 3591 4063 4063 4063 4063 4063 4063 4063 4063
332 1777282921 3549 3694 3666 379 3580 3624 3624 3592 4061 4061 4061 4061 4061 4061 4061 4061
333 1777282921 3551 3696 3667 379 3581 3625 3625 3593 4063 4063 4062 4062 4062 4062 4062 4062
334 1777282921 3550 3695 3666 379 3580 3624 3624 3592 4061 4061 4061 4061 4061 4061 4061 4061
335 1777282921 3550 3694 3666 379 3579 3624 3624 3592 4063 4063 4062 4062 4062 4062 4062 4062
336 1777282921 3550 3695 3666 379 3581 3624 3625 3593 4063 4063 4062 4062 4062 4062 4062 4062
337 1777282922 3550 3694 3666 379 3580 3624 3624 3592 4063 4063 4062 4062 4062 4062 4062 4062
338 1777282922 3551 3695 3667 379 3581 3624 3625 3592 4063 4063 4062 4062 4062 4062 4062 4062
339 1777282922 3550 3695 3667 379 3581 3624 3624 3593 4063 4063 4062 4062 4062 4062 4062 4062
340 1777282922 3550 3695 3667 379 3580 3624 3625 3592 4063 4063 4062 4062 4062 4062 4062 4062
341 1777282922 3550 3695 3667 380 3581 3624 3624 3592 4061 4061 4061 4061 4061 4061 4061 4061
342 1777282922 3550 3694 3666 379 3580 3624 3625 3592 4063 4062 4062 4062 4062 4062 4062 4062
343 1777282922 3550 3694 3666 380 3581 3624 3624 3593 4063 4063 4063 4063 4063 4063 4063 4063
344 1777282922 3550 3695 3666 379 3580 3624 3623 3592 4063 4063 4062 4062 4062 4062 4062 4062
345 1777282922 3550 3695 3667 379 3581 3625 3625 3593 4063 4063 4062 4062 4062 4062 4062 4062
346 1777282922 3549 3694 3666 379 3580 3623 3623 3592 4063 4063 4062 4062 4062 4062 4062 4062
347 1777282922 3550 3694 3666 380 3581 3624 3624 3593 4061 4061 4061 4061 4061 4061 4061 4061
348 1777282922 3550 3694 3666 380 3580 3624 3624 3592 4063 4063 4063 4063 4063 4063 4063 4063
349 1777282922 3549 3693 3666 380 3580 3624 3624 3591 4059 4059 4059 4059 4059 4059 4059 4059
350 1777282922 3550 3694 3666 379 3580 3624 3624 3592 4063 4062 4062 4062 4062 4062 4062 4062
351 1777282922 3550 3695 3667 379 3581 3624 3624 3593 4061 4061 4061 4061 4061 4061 4061 4061
352 1777282922 3549 3694 3666 379 3580 3624 3624 3592 4063 4063 4062 4062 4062 4062 4062 4062
353 1777282922 3549 3694 3666 380 3580 3624 3624 3592 4063 4063 4062 4062 4062 4062 4062 4062
354 1777282922 3551 3695 3667 379 3580 3624 3624 3592 4063 4063 4063 4063 4063 4063 4063 4063
355 1777282922 3550 3695 3667 380 3581 3625 3625 3592 4063 4061 4061 4061 4061 4061 4061 4061
356 1777282922 3549 3693 3665 381 3580 3624 3624 3592 4063 4063 4062 4062 4062 4062 4062 4062
357 1777282922 3550 3695 3667 380 3581 3624 3625 3593 4061 4061 4061 4061 4061 4061 4061 4061
358 1777282922 3550 3695 3667 379 334 3622 3625 3594 4061 4061 4061 4061 4061 4061 4061 4061
359 1777282922 3550 3694 3666 380 3580 3624 3625 3592 4063 4063 4063 4063 4063 4063 4063 4063
360 1777282922 3550 3695 3666 379 3580 3624 3624 3593 4063 4063 4062 4062 4062 4062 4062 4062
361 1777282922 3549 3694 3666 380 3580 3624 3624 3592 4063 4063 4063 4063 4063 4063 4063 4063
362 1777282922 3549 3694 3666 379 3580 3624 3624 3591 4063 4063 4062 4062 4062 4062 4062 4062
363 1777282922 3550 3694 3666 379 3581 3624 3625 3592 4061 4061 4061 4061 4061 4061 4061 4061
364 1777282922 3550 3695 3667 379 3580 3624 3624 3592 4063 4063 4062 4062 4062 4062 4062 4062
365 1777282922 3550 3694 3666 380 3581 3624 3625 3593 4063 4062 4062 4062 4062 4062 4062 4062
366 1777282922 364 3693 359 379 3580 3625 3625 3593 4063 4063 4062 4062 4062 4062 4062 4062
367 1777282922 3550 3695 3667 379 3581 3624 3624 3592 4061 4060 4060 4060 4060 4060 4060 4060
368 1777282922 3551 3695 3667 380 3581 3625 3625 3593 4063 4063 4062 4062 4062 4062 4062 4062
369 1777282922 3550 3694 3667 380 3581 3624 3624 3592 4063 4063 4062 4062 4062 4062 4062 4062
370 1777282922 3550 3695 3666 379 3581 3624 3625 3593 4061 4061 4061 4061 4061 4061 4061 4061
371 1777282922 3550 3694 3667 379 3581 3624 3624 3592 4063 4063 4062 4062 4062 4062 4062 4062
372 1777282922 3549 3695 3667 379 3580 3624 3624 3592 4061 4061 4061 4061 4061 4061 4061 4061
373 1777282922 3550 3695 3667 380 3581 3625 3624 3592 4061 4061 4061 4061 4061 4061 4061 4061
374 1777282922 3549 3694 3666 380 3580 3624 3625 3593 4063 4063 4062 4062 4062 4062 4062 4062
375 1777282922 3550 3695 3667 379 3581 3625 3625 3593 4061 4061 4061 4061 4061 4061 4061 4061
376 1777282922 3550 3694 3666 380 3580 3624 3624 3593 4063 4061 4061 4061 4061 4061 4061 4061
377 1777282922 3551 3695 3667 380 3581 3624 3625 3593 4063 4063 4062 4062 4062 4062 4062 4062
378 1777282922 3551 3695 3667 380 3581 3625 3625 3593 4061 4061 4061 4061 4061 4061 4061 4061
379 1777282922 3550 3694 3667 380 3581 3625 3625 3593 4063 4063 4062 4062 4062 4062 4062 4062
380 1777282922 3550 3694 3665 380 3580 3624 3624 3592 4063 4063 4062 4062 4062 4062 4062 4062
381 1777282922 3550 3695 3667 380 3581 3625 3624 3593 4065 4063 4063 4063 4063 4063 4063 4063
382 1777282922 3550 3694 3666 380 3580 3625 3625 3593 4061 4061 4061 4061 4061 4061 4061 4061
383 1777282922 3550 3694 3666 380 3580 3624 3624 3592 4063 4063 4062 4062 4062 4062 4062 4062
384 1777282922 3550 3695 3667 380 3581 3624 3625 3593 4063 4063 4063 4063 4063 4063 4063 4063
385 1777282922 3548 3692 3664 378 3579 3622 3623 3591 4063 4063 4062 4062 4062 4062 4062 4062
386 1777282922 3547 3692 3664 378 3578 3622 3622 3590 4061 4061 4061 4061 4061 4061 4061 4061
387 1777282922 3548 3692 3664 378 3579 3622 3622 3590 4061 4061 4061 4061 4061 4061 4061 4061
388 1777282922 3548 3692 3664 378 3578 3622 3622 3590 4063 4062 4062 4062 4062 4062 4062 4062
389 1777282922 3548 3693 3665 378 3579 3623 3623 3591 4063 4063 4062 4062 4062 4062 4062 4062
390 1777282922 3548 3693 3665 379 3578 3623 3623 3591 4063 4063 4062 4062 4062 4062 4062 4062
391 1777282922 3548 3692 3664 378 3577 3622 3623 3590 4061 4061 4061 4061 4061 4061 4061 4061
392 1777282922 3549 3693 3665 378 3579 3622 3623 3591 4063 4063 4062 4062 4062 4062 4062 4062
393 1777282922 3549 3693 3665 378 3579 3623 3623 3591 4059 4059 4059 4059 4059 4059 4059 4059
394 1777282922 3549 3693 3665 378 3579 3623 3624 3591 4063 4061 4061 4061 4061 4061 4061 4061
395 1777282922 3549 3693 3665 378 3579 3623 3623 3591 4061 4061 4061 4061 4061 4061 4061 4061
396 1777282922 3548 3693 3665 378 3578 3622 3622 3591 4063 4062 4062 4062 4062 4062 4062 4062
397 1777282922 3548 3692 3665 378 3579 3622 3623 3590 4061 4061 4061 4061 4061 4061 4061 4061
398 1777282922 3548 3692 3664 378 3578 3623 3623 3591 4063 4063 4062 4062 4062 4062 4062 4062
399 1777282922 3549 3693 3666 378 3579 3624 3624 3591 4061 4061 4061 4061 4061 4061 4061 4061
400 1777282922 3548 3692 3664 379 3579 3623 3623 3591 4061 4061 4061 4061 4061 4061 4061 4061
401 1777282922 3549 3693 3665 378 3579 3622 3623 3591 4063 4063 4062 4062 4062 4062 4062 4062
402 1777282922 3548 3693 3665 378 3579 3623 3623 3591 4063 4062 4062 4062 4062 4062 4062 4062
403 1777282922 3549 3693 3665 378 3579 3622 3623 3591 4061 4061 4061 4061 4061 4061 4061 4061
404 1777282922 3549 3693 3666 378 3580 3624 3624 3591 4061 4061 4061 4061 4061 4061 4061 4061
405 1777282922 3548 3692 3664 377 3578 3622 3622 3590 4063 4063 4062 4062 4062 4062 4062 4062
406 1777282922 3549 3694 3665 378 3578 3622 3623 3591 4063 4063 4062 4062 4062 4062 4062 4062
407 1777282922 3549 3694 3665 378 3579 3623 3623 3592 4063 4062 4062 4062 4062 4062 4062 4062
408 1777282922 3549 3693 3665 378 3579 3623 3623 3591 4063 4063 4062 4062 4062 4062 4062 4062
409 1777282922 3549 3692 3665 378 3579 3622 3623 3591 4063 4063 4062 4062 4062 4062 4062 4062
410 1777282922 3549 3693 3665 379 3580 3623 3623 3591 4061 4061 4061 4061 4061 4061 4061 4061
411 1777282922 3549 3694 3666 378 3580 3624 3623 3591 4063 4063 4062 4062 4062 4062 4062 4062
412 1777282923 3548 3693 3665 378 3579 3623 3623 3591 4063 4063 4062 4062 4062 4062 4062 4062
413 1777282923 3550 3694 3666 378 3580 3624 3624 3592 4063 4063 4062 4062 4062 4062 4062 4062
414 1777282923 3549 3694 3665 378 3580 3623 3623 3592 4063 4063 4062 4062 4062 4062 4062 4062
415 1777282930 3548 3692 3664 378 3578 3621 3622 3590 4061 4061 4061 4061 4061 4061 4061 4061
416 1777282930 3548 3692 3664 378 3579 3622 3623 3590 4061 4061 4061 4061 4061 4061 4061 4061
417 1777282930 3547 3691 3664 379 3578 3622 3622 3591 4063 4063 4062 4062 4062 4062 4062 4062
418 1777282930 3547 3691 3664 378 3578 3622 3622 3590 4061 4061 4061 4061 4061 4061 4061 4061
419 1777282930 3547 3692 3664 378 3578 3621 3622 3589 4063 4063 4062 4062 4062 4062 4062 4062
420 1777282930 3547 3691 3663 378 3578 3621 3621 3589 4063 4063 4062 4062 4062 4062 4062 4062
421 1777282930 3548 3692 3664 379 3578 3622 3622 3590 4061 4061 4061 4061 4061 4061 4061 4061
422 1777282930 3548 3693 3664 378 3577 3622 3622 3590 4063 4063 4062 4062 4062 4062 4062 4062
423 1777282930 3548 3693 3665 378 3579 3623 3623 3590 4063 4063 4062 4062 4062 4062 4062 4062
424 1777282930 3547 3692 3664 378 3578 3622 3622 3591 4061 4061 4061 4061 4061 4061 4061 4061
425 1777282930 3548 3693 3665 379 3580 3623 3623 3591 4063 4063 4062 4062 4062 4062 4062 4062
426 1777282930 3548 3692 3664 378 3579 3622 3622 3590 4063 4062 4062 4062 4062 4062 4062 4062
427 1777282931 3548 3692 3664 379 3578 3621 3622 3590 4063 4063 4063 4063 4063 4063 4063 4063
428 1777282931 3548 3693 3664 378 3579 3622 3622 3590 4063 4063 4062 4062 4062 4062 4062 4062
429 1777282931 3548 3693 3664 379 3578 3622 3623 3590 4063 4063 4062 4062 4062 4062 4062 4062
430 1777282931 3548 3692 3664 378 3578 3622 3622 3590 4061 4061 4061 4061 4061 4061 4061 4061
431 1777282931 3548 3692 3665 378 3578 3622 3622 3590 4063 4063 4062 4062 4062 4062 4062 4062
432 1777282931 3548 3693 3665 378 3579 3623 3623 3591 4061 4061 4061 4061 4061 4061 4061 4061
433 1777282931 3549 3693 3665 378 3579 3623 3623 3591 4063 4063 4062 4062 4062 4062 4062 4062
434 1777282931 3549 3693 3665 378 3579 3622 3623 3591 4063 4063 4062 4062 4062 4062 4062 4062
435 1777282931 3548 3693 3664 378 3578 3622 3622 3590 4061 4061 4061 4061 4061 4061 4061 4061
436 1777282931 3549 3693 3665 379 3579 3623 3623 3590 4063 4063 4062 4062 4062 4062 4062 4062
437 1777282931 3548 3692 3664 379 3578 3622 3622 3590 4063 4063 4062 4062 4062 4062 4062 4062
438 1777282931 3547 3692 3663 378 3577 3621 3622 3590 4061 4061 4061 4061 4061 4061 4061 4061
439 1777282931 3547 3691 3664 378 3578 3621 3622 3590 4063 4063 4062 4062 4062 4062 4062 4062
440 1777282931 3549 3694 3665 378 3579 3623 3623 3592 4063 4063 4062 4062 4062 4062 4062 4062
441 1777282931 3549 3693 3665 379 3580 3623 3623 3591 4063 4063 4062 4062 4062 4062 4062 4062
442 1777282931 3548 3693 3665 378 3579 3623 3623 3591 4061 4061 4061 4061 4061 4061 4061 4061
443 1777282931 3548 3693 3665 378 3579 3623 3622 3591 4063 4063 4062 4062 4062 4062 4062 4062
444 1777282931 3549 3693 3665 378 3579 3623 3622 3590 4063 4063 4063 4063 4063 4063 4063 4063
445 1777282931 3549 3693 3665 379 3580 3623 3623 3591 4063 4062 4062 4062 4062 4062 4062 4062
446 1777282931 3548 3692 3664 378 3579 3622 3623 3590 4063 4063 4062 4062 4062 4062 4062 4062
447 1777282931 3549 3693 3666 379 3580 3623 3623 3592 4061 4061 4061 4061 4061 4061 4061 4061
448 1777282931 3549 3693 3665 378 3579 3622 3623 3591 4063 4063 4062 4062 4062 4062 4062 4062
449 1777282931 3548 3693 3665 378 3579 3623 3624 3591 4063 4062 4062 4062 4062 4062 4062 4062
450 1777282931 3549 3693 3665 378 3579 3623 3623 3591 4061 4061 4061 4061 4061 4061 4061 4061
451 1777282931 3547 3692 3664 378 3578 3622 3622 3590 4063 4063 4063 4063 4063 4063 4063 4063
452 1777282931 3549 3692 3665 380 3579 3623 3623 3591 4061 4061 4061 4061 4061 4061 4061 4061
453 1777282931 3547 3692 3664 379 3578 3622 3623 3591 4063 4063 4062 4062 4062 4062 4062 4062
454 1777282931 3548 3693 3665 378 3577 3622 3623 3590 4063 4063 4062 4062 4062 4062 4062 4062
455 1777282931 3549 3693 3666 378 3579 3623 3623 3591 4063 4063 4062 4062 4062 4062 4062 4062
456 1777282931 3549 3693 3665 378 3579 3623 3623 3591 4061 4061 4061 4061 4061 4061 4061 4061
457 1777282931 3549 3693 3665 379 3579 3623 3623 3591 4063 4062 4062 4062 4062 4062 4062 4062
458 1777282931 3548 3692 3665 378 3579 3623 3623 3591 4061 4061 4060 4060 4060 4060 4060 4060
459 1777282931 3549 3694 3666 379 3580 3624 3623 3592 4061 4061 4061 4061 4061 4061 4061 4061
460 1777282931 3549 3694 3666 378 3579 3624 3624 3591 4063 4063 4062 4062 4062 4062 4062 4062
461 1777282931 3548 3692 3664 379 3578 3622 3623 3590 4063 4063 4063 4063 4063 4063 4063 4063
462 1777282931 3549 3693 3665 378 3579 3623 3623 3591 4063 4063 4062 4062 4062 4062 4062 4062
463 1777282931 3549 3694 3666 378 3580 3624 3624 3591 4061 4061 4061 4061 4061 4061 4061 4061
464 1777282931 3549 3693 3665 378 3579 3623 3623 3592 4063 4063 4063 4063 4063 4063 4063 4063
465 1777282931 3548 3693 3665 379 3578 3622 3623 3591 4063 4063 4062 4062 4062 4062 4062 4062
466 1777282931 3549 3693 3665 378 3579 3623 3623 3591 4063 4063 4062 4062 4062 4062 4062 4062
467 1777282931 3549 3694 3666 379 3580 3624 3624 3592 4063 4062 4062 4062 4062 4062 4062 4062
468 1777282931 3548 3693 3665 380 3579 3623 3623 3591 4063 4061 4061 4061 4061 4061 4061 4061
469 1777282931 3549 3693 3665 379 3578 3623 3623 3591 4063 4063 4062 4062 4062 4062 4062 4062
470 1777282931 3550 3694 3666 379 3579 3623 3623 3591 4063 4063 4062 4062 4062 4062 4062 4062
471 1777282931 3549 3693 3665 379 3580 3624 3624 3592 4061 4061 4061 4061 4061 4061 4061 4061
472 1777282931 3549 3693 3665 378 3579 3623 3623 3592 4063 4062 4062 4062 4062 4062 4062 4062
473 1777282931 3549 3694 3666 379 3580 3623 3623 3592 4063 4063 4062 4062 4062 4062 4062 4062
474 1777282931 3548 3693 3665 379 3579 3623 3623 3591 4063 4063 4062 4062 4062 4062 4062 4062
475 1777282931 3549 3693 3666 379 3580 3623 3624 3591 4061 4061 4061 4061 4061 4061 4061 4061
476 1777282931 3549 3693 3666 379 3580 3623 3623 3591 4063 4062 4062 4062 4062 4062 4062 4062
477 1777282931 3549 3693 3665 379 3579 3623 3623 3591 4061 4061 4061 4061 4061 4061 4061 4061
478 1777282931 3548 3692 3664 378 3579 3622 3622 3590 4063 4063 4062 4062 4062 4062 4062 4062
479 1777282931 3549 3694 3666 378 3580 3623 3624 3591 4063 4063 4062 4062 4062 4062 4062 4062
480 1777282931 3549 3694 3666 378 3579 3623 3623 3591 4063 4063 4062 4062 4062 4062 4062 4062
481 1777282931 3549 3694 3665 379 3579 3623 3623 3591 4063 4063 4062 4062 4062 4062 4062 4062
482 1777282931 3549 3693 3665 378 3579 3623 3623 3591 4061 4061 4061 4061 4061 4061 4061 4061
483 1777282931 3550 3695 3667 379 3580 3624 3625 3592 4063 4063 4062 4062 4062 4062 4062 4062
484 1777282931 3549 3693 3665 380 3579 3623 3623 3591 4063 4063 4063 4063 4063 4063 4063 4063
485 1777282931 3550 3694 3667 379 3581 3625 3625 3593 4061 4061 4061 4061 4061 4061 4061 4061
486 1777282931 3549 3693 3666 379 3579 3623 3623 3592 4063 4063 4062 4062 4062 4062 4062 4062
487 1777282931 3550 3694 3666 379 3580 3624 3624 3592 4063 4063 4062 4062 4062 4062 4062 4062
488 1777282931 3550 3694 3666 378 3579 3623 3623 3591 4061 4061 4061 4061 4061 4061 4061 4061
489 1777282931 3550 3694 3665 379 3580 3623 3623 3592 4061 4061 4061 4061 4061 4061 4061 4061
490 1777282931 3549 3694 3666 379 3580 3624 3624 3592 4061 4061 4061 4061 4061 4061 4061 4061
491 1777282931 3549 3693 3665 378 3580 3623 3623 3592 4061 4061 4061 4061 4061 4061 4061 4061
492 1777282931 3549 3693 3665 378 3579 3623 3623 3591 4063 4063 4062 4062 4062 4062 4062 4062
493 1777282931 3549 3693 3666 379 3580 3623 3623 3591 4061 4061 4061 4061 4061 4061 4061 4061
494 1777282931 3549 3694 3666 379 3580 3624 3624 3592 4063 4063 4062 4062 4062 4062 4062 4062
495 1777282931 3549 3693 3665 378 3579 3623 3623 3591 4061 4061 4061 4061 4061 4061 4061 4061
496 1777282931 3550 3694 3666 379 3580 3624 3624 3592 4063 4063 4062 4062 4062 4062 4062 4062
497 1777282931 3548 3693 3665 379 3580 3623 3623 3591 4063 4063 4062 4062 4062 4062 4062 4062
498 1777282931 3549 3693 3666 378 3580 3623 3623 3591 4063 4063 4062 4062 4062 4062 4062 4062
499 1777282931 3549 3694 3666 379 3580 3623 3624 3591 4063 4063 4062 4062 4062 4062 4062 4062
500 1777282931 3550 3694 3666 379 3580 3624 3624 3592 4063 4063 4063 4063 4063 4063 4063 4063
501 1777282931 3550 3694 3666 379 3580 3623 3624 3592 4061 4061 4061 4061 4061 4061 4061 4061
502 1777282931 3549 3694 3666 378 3579 3623 3623 3591 4061 4061 4061 4061 4061 4061 4061 4061
503 1777282931 3549 3693 3665 379 3579 3622 3623 3591 4061 4061 4061 4061 4061 4061 4061 4061
504 1777282931 3550 3694 3666 379 3579 3623 3624 3591 4063 4063 4063 4063 4063 4063 4063 4063
505 1777282931 3550 3694 3666 379 3580 3624 3624 3592 4063 4062 4062 4062 4062 4062 4062 4062
506 1777282931 3550 3694 3666 378 3580 3623 3623 3592 4063 4063 4062 4062 4062 4062 4062 4062
507 1777282931 3549 3693 3665 379 3579 3622 3623 3591 4061 4061 4061 4061 4061 4061 4061 4061
508 1777282931 3549 3693 3665 379 3579 3622 3623 3591 4061 4061 4061 4061 4061 4061 4061 4061
509 1777282931 3550 3694 3666 379 3580 3624 3624 3591 4063 4063 4062 4062 4062 4062 4062 4062
510 1777282931 3548 3693 3665 379 3580 3623 3623 3591 4063 4063 4062 4062 4062 4062 4062 4062
511 1777282931 3549 3694 3666 379 3580 3623 3624 3592 4063 4063 4063 4063 4063 4063 4063 4063
512 1777282931 3549 3694 3666 379 3580 3623 3624 3591 4061 4061 4061 4061 4061 4061 4061 4061
513 1777282932 3549 3693 3665 379 3579 3622 3623 3591 4063 4063 4062 4062 4062 4062 4062 4062
514 1777282932 3550 3694 3666 379 3580 3624 3624 3591 4063 4063 4062 4062 4062 4062 4062 4062
515 1777282932 3549 3694 3666 381 3580 3624 3624 3592 4063 4063 4062 4062 4062 4062 4062 4062
516 1777282932 3550 3694 3666 380 3579 3624 3624 3592 4063 4063 4062 4062 4062 4062 4062 4062
517 1777282932 3550 3694 3666 379 3578 3624 3624 3591 4063 4063 4062 4062 4062 4062 4062 4062
518 1777282932 3549 3693 3665 379 3579 3623 3623 3592 4061 4061 4060 4060 4060 4060 4060 4060
519 1777282932 3549 3693 3666 379 3580 3624 3624 3592 4061 4061 4061 4061 4061 4061 4061 4061
520 1777282932 3549 3694 3665 380 3579 3624 3624 3591 4063 4063 4062 4062 4062 4062 4062 4062
521 1777282932 3549 3695 3667 379 3581 3625 3625 3592 4063 4063 4062 4062 4062 4062 4062 4062
522 1777282932 3549 3694 3666 379 3580 3623 3624 3592 4063 4063 4063 4063 4063 4063 4063 4063
523 1777282932 3549 3693 3665 379 3580 3623 3623 3591 4063 4063 4062 4062 4062 4062 4062 4062
524 1777282932 3549 3693 3666 379 3579 3623 3624 3591 4065 4063 4063 4063 4063 4063 4063 4063
525 1777282932 3549 3693 3665 379 3579 3623 3623 3591 4063 4063 4062 4062 4062 4062 4062 4062
526 1777282932 3549 3694 3666 379 3580 3624 3624 3592 4063 4063 4062 4062 4062 4062 4062 4062
527 1777282932 3549 3694 3666 379 3580 3623 3623 3592 4061 4061 4061 4061 4061 4061 4061 4061
528 1777282932 3548 3693 3665 379 3580 3623 3623 3591 4063 4063 4062 4062 4062 4062 4062 4062
529 1777282932 3549 3694 3666 379 3580 3624 3624 3592 4061 4061 4060 4060 4060 4060 4060 4060
530 1777282932 3549 3694 3665 379 3580 3623 3624 3592 4063 4063 4062 4062 4062 4062 4062 4062
531 1777282932 3549 3693 3666 379 3580 3623 3624 3591 4063 4063 4062 4062 4062 4062 4062 4062
532 1777282932 3549 3693 3666 379 3579 3623 3624 3592 4063 4063 4062 4062 4062 4062 4062 4062
533 1777282932 3549 3694 3666 379 3580 3624 3624 3592 4063 4063 4062 4062 4062 4062 4062 4062
534 1777282932 3550 3694 3666 379 3580 3623 3624 3592 4063 4063 4062 4062 4062 4062 4062 4062
535 1777282932 3550 3694 3667 379 3580 3624 3625 3592 4063 4063 4062 4062 4062 4062 4062 4062
536 1777282932 3549 3693 3665 379 3579 3623 3623 3591 4063 4062 4062 4062 4062 4062 4062 4062
537 1777282932 3549 3694 3666 379 3579 3623 3623 3592 4061 4061 4061 4061 4061 4061 4061 4061
538 1777282932 3549 3694 3666 379 3580 3624 3624 3592 4061 4061 4061 4061 4061 4061 4061 4061
539 1777282932 3550 3695 3667 379 3580 3624 3624 3592 4063 4063 4062 4062 4062 4062 4062 4062
540 1777282932 3550 3695 3667 379 3581 3624 3624 3593 4063 4063 4062 4062 4062 4062 4062 4062
541 1777282932 3549 3694 3666 379 3580 3624 3624 3592 4061 4061 4061 4061 4061 4061 4061 4061
542 1777282932 3549 3694 3666 379 3580 3623 3623 3591 4061 4061 4061 4061 4061 4061 4061 4061
543 1777282932 3549 3694 3666 379 3580 3623 3624 3592 4061 4061 4061 4061 4061 4061 4061 4061
544 1777282932 3549 3694 3665 379 3579 3623 3623 3591 4063 4062 4062 4062 4062 4062 4062 4062
545 1777282932 3549 3694 3666 379 3579 3623 3624 3593 4063 4063 4062 4062 4062 4062 4062 4062
546 1777282932 3550 3694 3666 379 3581 3623 3624 3592 4061 4061 4061 4061 4061 4061 4061 4061
547 1777282932 3550 3694 3666 379 3580 3624 3624 3592 4063 4063 4062 4062 4062 4062 4062 4062
548 1777282932 3550 3694 3667 380 3582 3625 3625 3593 4061 4061 4061 4061 4061 4061 4061 4061
549 1777282932 3549 3694 3666 379 3580 3623 3624 3592 4063 4063 4062 4062 4062 4062 4062 4062
550 1777282932 3550 3695 3667 379 3581 3625 3625 3593 4063 4062 4062 4062 4062 4062 4062 4062
551 1777282932 3550 3694 3666 379 3580 3624 3625 3592 4063 4063 4062 4062 4062 4062 4062 4062
552 1777282932 3549 3694 3666 379 3580 3623 3624 3592 4061 4061 4061 4061 4061 4061 4061 4061
553 1777282932 3549 3694 3666 379 3580 3624 3623 3591 4061 4061 4061 4061 4061 4061 4061 4061
554 1777282932 3550 3695 3667 379 3581 3625 3624 3593 4063 4061 4061 4061 4061 4061 4061 4061
555 1777282932 3549 3694 3666 379 3580 3624 3624 3592 4063 4063 4062 4062 4062 4062 4062 4062
556 1777282932 3549 3694 3666 379 3580 3624 3625 3592 4063 4063 4062 4062 4062 4062 4062 4062
557 1777282932 3549 3694 3667 379 3580 3624 3625 3592 4063 4063 4062 4062 4062 4062 4062 4062
558 1777282932 3549 3694 3666 379 3579 3623 3624 3591 4061 4061 4061 4061 4061 4061 4061 4061
559 1777282932 3549 3694 3666 379 3580 3625 3624 3593 4063 4063 4062 4062 4062 4062 4062 4062
560 1777282932 3550 3695 3667 379 3581 3624 3624 3592 4063 4062 4062 4062 4062 4062 4062 4062
561 1777282932 3550 3694 3666 379 3580 3624 3624 3593 4063 4063 4062 4062 4062 4062 4062 4062
562 1777282932 3550 3694 3666 379 3581 3623 3623 3592 4063 4063 4062 4062 4062 4062 4062 4062
563 1777282932 3548 3693 3665 379 3580 3623 3623 3592 4061 4061 4061 4061 4061 4061 4061 4061
564 1777282932 3549 3694 3666 379 3579 3624 3624 3592 4063 4063 4062 4062 4062 4062 4062 4062
565 1777282932 3550 3694 3667 379 3580 3624 3623 3592 4063 4063 4062 4062 4062 4062 4062 4062
566 1777282932 3550 3695 3667 379 3581 3625 3625 3593 4061 4061 4061 4061 4061 4061 4061 4061
567 1777282932 3549 3694 3666 379 3580 3624 3624 3592 4063 4063 4062 4062 4062 4062 4062 4062
568 1777282932 3549 3694 3666 379 3580 3623 3623 3591 4063 4061 4061 4061 4061 4061 4061 4061
569 1777282932 3549 3694 3665 379 3580 3623 3623 3591 4063 4063 4062 4062 4062 4062 4062 4062
570 1777282932 3550 3694 3666 380 3579 3623 3623 3591 4061 4061 4061 4061 4061 4061 4061 4061
571 1777282932 3549 3693 3665 380 3579 3623 3623 3591 4063 4063 4062 4062 4062 4062 4062 4062
572 1777282932 3550 3695 3666 380 3580 3624 3624 3592 4063 4062 4062 4062 4062 4062 4062 4062
573 1777282932 3549 3693 3666 379 3580 3624 3624 3592 4061 4061 4061 4061 4061 4061 4061 4061
574 1777282932 3550 3694 3666 379 3580 3624 3624 3592 4063 4063 4062 4062 4062 4062 4062 4062
575 1777282932 3550 3695 3666 379 3581 3624 3625 3592 4063 4063 4062 4062 4062 4062 4062 4062
576 1777282932 3550 3695 3667 380 3580 3624 3625 3592 4063 4063 4062 4062 4062 4062 4062 4062
577 1777282932 3551 3696 3667 379 3581 3625 3625 3593 4061 4061 4061 4061 4061 4061 4061 4061
578 1777282932 3549 3694 3666 380 3580 3624 3624 3593 4063 4063 4062 4062 4062 4062 4062 4062
579 1777282932 3550 3694 3666 381 3580 3624 3625 3592 4063 4063 4062 4062 4062 4062 4062 4062
580 1777282932 3549 3694 3666 380 3579 3624 3624 3593 4063 4063 4063 4063 4063 4063 4063 4063
581 1777282932 3550 3694 3667 379 3581 3625 3625 3593 4063 4063 4062 4062 4062 4062 4062 4062
582 1777282932 3550 3695 3667 379 3581 3624 3625 3593 4063 4062 4062 4062 4062 4062 4062 4062
583 1777282932 3550 3694 3666 379 3580 3624 3624 3592 4063 4063 4063 4063 4063 4063 4063 4063
584 1777282932 3550 3694 3666 380 3580 3624 3624 3592 4063 4063 4062 4062 4062 4062 4062 4062
585 1777282932 3549 3694 3666 379 3580 3624 3624 3592 4063 4061 4061 4061 4061 4061 4061 4061
586 1777282932 3550 3695 3666 379 3581 3624 3625 3593 4063 4063 4062 4062 4062 4062 4062 4062
587 1777282932 3550 3695 3667 380 3581 3625 3625 3593 4063 4063 4062 4062 4062 4062 4062 4062
588 1777282932 3549 3694 3666 380 3580 3624 3624 3592 4061 4061 4061 4061 4061 4061 4061 4061
589 1777282932 3550 3695 3667 380 3581 3625 3625 3593 4063 4063 4062 4062 4062 4062 4062 4062
590 1777282932 3550 3695 3667 379 3581 3624 3625 3593 4063 4063 4062 4062 4062 4062 4062 4062
591 1777282932 3550 3694 3666 380 3580 3624 3624 3592 4061 4061 4061 4061 4061 4061 4061 4061
592 1777282933 3551 3695 3667 379 3581 3625 3625 3593 4063 4063 4062 4062 4062 4062 4062 4062
593 1777282933 3550 3694 3667 379 3580 3624 3624 3592 4063 4063 4062 4062 4062 4062 4062 4062
594 1777282933 3551 3695 3668 380 3581 3625 3626 3594 4063 4063 4062 4062 4062 4062 4062 4062
595 1777282933 3551 3695 3667 379 3582 3625 3625 3593 4061 4061 4061 4061 4061 4061 4061 4061
596 1777282933 3550 3694 3666 380 3581 3624 3625 3592 4061 4061 4061 4061 4061 4061 4061 4061
597 1777282933 3549 3694 3666 379 3581 3625 3624 3592 4061 4061 4061 4061 4061 4061 4061 4061
598 1777282933 3550 3695 3667 380 3581 3625 3626 3594 4063 4063 4062 4062 4062 4062 4062 4062
599 1777282933 3550 3694 3666 380 3580 3624 3624 3592 4063 4063 4062 4062 4062 4062 4062 4062
600 1777282933 3550 3694 3666 379 3580 3624 3624 3593 4061 4061 4061 4061 4061 4061 4061 4061
601 1777282933 3550 3695 3666 379 3581 3624 3624 3592 4063 4063 4062 4062 4062 4062 4062 4062
602 1777282933 3550 3695 3667 379 3581 3625 3625 3593 4063 4063 4063 4063 4063 4063 4063 4063
603 1777282933 3551 3695 3668 379 3582 3625 3625 3593 4063 4063 4062 4062 4062 4062 4062 4062
604 1777282933 3550 3694 3667 380 3581 3625 3625 3593 4059 4059 4059 4059 4059 4059 4059 4059
605 1777282933 3550 3695 3667 379 3580 3624 3625 3593 4063 4063 4063 4063 4063 4063 4063 4063
606 1777282933 3549 3694 3666 380 3580 3623 3623 3591 4063 4063 4062 4062 4062 4062 4062 4062
607 1777282933 3550 3695 3667 379 3580 3624 3624 3593 4063 4063 4062 4062 4062 4062 4062 4062
608 1777282933 3549 3693 3665 380 3580 3624 3624 3592 4063 4063 4062 4062 4062 4062 4062 4062
609 1777282933 3550 3695 3667 379 3581 3624 3624 3593 4061 4061 4060 4060 4060 4060 4060 4060
610 1777282933 3550 3695 3667 379 3581 3625 3625 3594 4061 4061 4061 4061 4061 4061 4061 4061
611 1777282933 3549 3694 3666 381 3580 3624 3624 3592 4063 4063 4062 4062 4062 4062 4062 4062
612 1777282933 3550 3695 3667 380 3581 3625 3625 3593 4063 4063 4062 4062 4062 4062 4062 4062
613 1777282933 3550 3695 3667 380 3581 3625 3625 3593 4063 4062 4062 4062 4062 4062 4062 4062
614 1777282933 3551 3695 3667 380 3581 3624 3625 3592 4061 4061 4061 4061 4061 4061 4061 4061
615 1777282933 3551 3695 3668 380 3581 3625 3625 3593 4061 4061 4061 4061 4061 4061 4061 4061
616 1777282933 3549 3694 3666 380 3580 3623 3623 3592 4063 4063 4062 4062 4062 4062 4062 4062
617 1777282933 3550 3695 3667 379 3581 3624 3625 3593 4065 4063 4063 4063 4063 4063 4063 4063
618 1777282933 3550 3695 3666 380 3581 3624 3624 3592 4061 4061 4061 4061 4061 4061 4061 4061
619 1777282933 3550 3695 3667 379 3580 3624 3624 3593 4063 4063 4063 4063 4063 4063 4063 4063
620 1777282933 3551 3695 3667 380 3581 3625 3625 3593 4063 4063 4062 4062 4062 4062 4062 4062
621 1777282933 3550 3695 3667 380 3580 3625 3625 3593 4063 4062 4062 4062 4062 4062 4062 4062
622 1777282933 3551 3695 3667 380 3581 3624 3624 3593 4063 4063 4062 4062 4062 4062 4062 4062
623 1777282933 3551 3695 3667 380 3581 3624 3625 3593 4061 4061 4061 4061 4061 4061 4061 4061
624 1777282933 3550 3694 3667 380 3581 3624 3625 3592 4063 4062 4062 4062 4062 4062 4062 4062
625 1777282933 3549 3694 3666 379 3580 3625 3624 3592 4061 4061 4061 4061 4061 4061 4061 4061
626 1777282933 3549 3695 3666 380 3581 3624 3624 3592 4063 4063 4063 4063 4063 4063 4063 4063
627 1777282933 3551 3696 3668 379 3582 3625 3625 3593 4063 4063 4062 4062 4062 4062 4062 4062
628 1777282933 3550 3695 3667 380 3581 3624 3624 3592 4061 4061 4061 4061 4061 4061 4061 4061
629 1777282933 3550 3695 3667 379 3581 3624 3624 3592 4061 4061 4061 4061 4061 4061 4061 4061
630 1777282933 3550 3694 3666 380 3581 3624 3625 3593 4062 4063 4062 4062 4062 4062 4062 4062
631 1777282933 3551 3695 3667 379 3581 3625 3625 3593 4061 4061 4061 4061 4061 4061 4061 4061
632 1777282933 3551 3696 3667 379 3581 3625 3625 3593 4061 4061 4061 4061 4061 4061 4061 4061
633 1777282933 3551 3695 3667 380 3581 3625 3625 3593 4063 4063 4062 4062 4062 4062 4062 4062
634 1777282933 3550 3695 3666 380 3581 3625 3625 3593 4063 4063 4062 4062 4062 4062 4062 4062
635 1777282933 3550 3695 3668 380 3581 3625 3625 3593 4063 4063 4062 4062 4062 4062 4062 4062
636 1777282933 3552 3696 3668 380 3583 3626 3626 1708 4063 4063 4062 4062 4062 4062 4062 4062
637 1777282933 3551 3695 3667 379 3582 3625 3624 3593 4061 4061 4061 4061 4061 4061 4061 4061
638 1777282933 3551 3695 320 378 3581 1618 3625 3594 4061 4061 4061 4061 4061 4061 4061 4061
639 1777282933 3550 3695 3666 380 3580 3624 3624 3592 4061 4061 4061 4061 4061 4061 4061 4061
640 1777282933 3548 3693 3665 377 3579 3622 3623 3591 4061 4061 4061 4061 4061 4061 4061 4061
641 1777282933 3548 3693 3665 378 3580 3623 3623 3591 4063 4063 4062 4062 4062 4062 4062 4062
642 1777282933 3549 3693 3665 378 3579 3623 3623 3591 4063 4063 4062 4062 4062 4062 4062 4062
643 1777282933 3548 3692 3664 379 3578 3622 3622 3590 4063 4063 4063 4063 4063 4063 4063 4063
644 1777282933 3549 3694 3666 380 3579 3623 3623 3592 4061 4061 4061 4061 4061 4061 4061 4061
645 1777282933 3549 3693 3665 379 3578 3623 3624 3591 4061 4061 4061 4061 4061 4061 4061 4061
646 1777282933 3548 3692 3664 378 3577 3622 3622 3590 4063 4063 4063 4063 4063 4063 4063 4063
647 1777282933 3548 3692 3664 378 3576 3622 3623 3591 4063 4063 4062 4062 4062 4062 4062 4062
648 1777282933 3548 3693 3665 378 3579 3623 3623 3591 4063 4063 4062 4062 4062 4062 4062 4062
649 1777282933 3549 3693 3666 378 3579 3623 3624 3592 4061 4061 4061 4061 4061 4061 4061 4061
650 1777282933 3549 3693 3665 378 3579 3622 3623 3591 4063 4063 4062 4062 4062 4062 4062 4062
651 1777282933 3549 3693 3665 378 3579 3622 3623 3591 4063 4063 4062 4062 4062 4062 4062 4062
652 1777282933 3549 3693 3666 378 3579 3623 3623 3591 4063 4063 4062 4062 4062 4062 4062 4062
653 1777282933 3548 3693 3665 379 3579 3623 3623 3591 4063 4063 4063 4063 4063 4063 4063 4063
654 1777282933 3547 3691 3664 378 3578 3621 3622 3590 4063 4063 4062 4062 4062 4062 4062 4062
655 1777282933 3549 3693 3665 378 3579 3623 3623 3591 4063 4063 4063 4063 4063 4063 4063 4063
656 1777282933 3548 3693 3665 378 3579 3623 3623 3591 4061 4061 4061 4061 4061 4061 4061 4061
657 1777282933 3549 3693 3666 378 3579 3623 3624 3592 4061 4061 4061 4061 4061 4061 4061 4061
658 1777282933 3548 3692 3665 378 3579 3622 3622 3590 4063 4062 4062 4062 4062 4062 4062 4062
659 1777282933 3549 3693 3666 377 3580 3624 3624 3592 4063 4063 4062 4062 4062 4062 4062 4062
660 1777282933 3549 3693 3666 378 3579 3623 3623 3591 4063 4063 4062 4062 4062 4062 4062 4062
661 1777282933 3549 3693 3665 379 3579 3623 3623 3591 4063 4063 4062 4062 4062 4062 4062 4062
662 1777282933 3549 3693 3666 378 3580 3624 3624 3592 4061 4061 4061 4061 4061 4061 4061 4061
663 1777282933 3548 3693 3665 378 3579 3623 3623 3591 4063 4061 4061 4061 4061 4061 4061 4061
664 1777282933 3549 3693 3665 378 3579 3623 3623 3591 4063 4063 4062 4062 4062 4062 4062 4062
665 1777282933 3548 3692 3664 378 3578 3622 3622 3590 4061 4061 4061 4061 4061 4061 4061 4061
666 1777282933 3549 3693 3665 378 3580 3623 3624 3591 4063 4063 4062 4062 4062 4062 4062 4062
667 1777282933 3548 3692 3665 379 3579 3623 3623 3591 4061 4061 4061 4061 4061 4061 4061 4061
668 1777282933 3549 3693 3665 378 3579 3623 3623 3591 4063 4063 4062 4062 4062 4062 4062 4062
669 1777282933 3547 3692 3664 379 3578 3622 3623 3591 4061 4061 4061 4061 4061 4061 4061 4061
670 1777282933 3548 3693 3665 378 3579 3622 3623 3591 4063 4063 4062 4062 4062 4062 4062 4062
671 1777282933 3549 3694 3665 378 3580 3624 3624 3592 4063 4063 4062 4062 4062 4062 4062 4062
672 1777282933 3548 3693 3665 378 3579 3622 3623 3591 4063 4063 4062 4062 4062 4062 4062 4062
673 1777282933 3548 3693 3665 378 3579 3623 3623 3592 4061 4061 4061 4061 4061 4061 4061 4061
674 1777282941 3546 3691 3663 378 3576 3620 3621 3589 4061 4061 4061 4061 4061 4061 4061 4061
675 1777282941 3548 3692 3664 378 3578 3621 3622 3590 4063 4063 4062 4062 4062 4062 4062 4062
676 1777282941 3547 3692 3664 379 3578 3621 3622 3590 4063 4063 4062 4062 4062 4062 4062 4062
677 1777282941 3547 3691 3664 378 3577 3622 3622 3590 4063 4063 4063 4063 4063 4063 4063 4063
678 1777282941 3548 3693 3665 378 3579 3623 3623 3591 4061 4061 4061 4061 4061 4061 4061 4061
679 1777282941 3547 3692 3664 378 3578 3622 3622 3590 4063 4063 4062 4062 4062 4062 4062 4062
680 1777282941 3547 3693 3664 378 3578 3622 3622 3590 4063 4063 4062 4062 4062 4062 4062 4062
681 1777282941 3548 3692 3665 378 3579 3622 3623 3590 4063 4063 4062 4062 4062 4062 4062 4062
682 1777282941 3548 3693 3665 379 3579 3623 3623 3590 4063 4063 4062 4062 4062 4062 4062 4062
683 1777282941 3547 3692 3664 378 3578 3621 3621 3590 4063 4063 4062 4062 4062 4062 4062 4062
684 1777282941 3548 3693 3665 378 3579 3622 3623 3591 4061 4061 4061 4061 4061 4061 4061 4061
685 1777282941 3548 3692 3664 378 3579 3622 3622 3590 4063 4063 4063 4063 4063 4063 4063 4063
686 1777282941 3547 3692 3663 379 3577 3621 3622 3589 4063 4063 4062 4062 4062 4062 4062 4062
687 1777282942 3549 3693 3665 378 3579 3623 3623 3591 4061 4061 4061 4061 4061 4061 4061 4061
688 1777282942 3548 3692 3664 378 3578 3622 3622 3590 4063 4063 4063 4063 4063 4063 4063 4063
689 1777282942 3549 3693 3665 378 3580 3623 3624 3591 4061 4061 4061 4061 4061 4061 4061 4061
690 1777282942 3548 3693 3665 379 3579 3622 3623 3591 4063 4063 4062 4062 4062 4062 4062 4062
691 1777282942 3547 3692 3664 378 3579 3623 3623 3591 4061 4061 4060 4060 4060 4060 4060 4060
692 1777282942 3548 3693 3665 378 3578 3622 3622 3591 4063 4063 4063 4063 4063 4063 4063 4063
693 1777282942 3549 3693 3665 378 3579 3622 3623 3591 4061 4060 4060 4060 4060 4060 4060 4060
694 1777282942 3548 3692 3664 378 3578 3622 3622 3590 4063 4063 4062 4062 4062 4062 4062 4062
695 1777282942 3547 3692 3665 378 3579 3622 3622 3591 4061 4061 4061 4061 4061 4061 4061 4061
696 1777282942 3549 3693 3665 378 3579 3622 3623 3591 4063 4063 4062 4062 4062 4062 4062 4062
697 1777282942 3548 3692 3665 378 3579 3623 3623 3591 4061 4061 4061 4061 4061 4061 4061 4061
698 1777282942 3549 3693 3665 378 3579 3623 3622 3591 4063 4063 4062 4062 4062 4062 4062 4062
699 1777282942 3549 3693 3665 378 3579 3623 3623 3591 4063 4063 4062 4062 4062 4062 4062 4062
700 1777282942 3548 3692 3664 379 3578 3622 3623 3590 4063 4063 4062 4062 4062 4062 4062 4062
701 1777282942 3549 3693 3665 378 3579 3623 3623 3591 4061 4061 4061 4061 4061 4061 4061 4061
702 1777282942 3548 3693 3665 378 3579 3622 3623 3591 4061 4061 4061 4061 4061 4061 4061 4061
703 1777282942 3547 3692 3665 378 3579 3622 3623 3590 4061 4061 4061 4061 4061 4061 4061 4061
704 1777282942 3549 3693 3665 379 3579 3622 3623 3591 4063 4063 4062 4062 4062 4062 4062 4062
705 1777282942 3548 3693 3665 379 3578 3622 3623 3591 4063 4063 4063 4063 4063 4063 4063 4063
706 1777282942 3548 3693 3665 378 3579 3623 3623 3591 4063 4063 4062 4062 4062 4062 4062 4062
707 1777282942 3548 3692 3664 380 3579 3622 3623 3591 4061 4061 4061 4061 4061 4061 4061 4061
708 1777282942 3548 3692 3664 379 3578 3622 3622 3590 4061 4061 4061 4061 4061 4061 4061 4061
709 1777282942 3549 3693 3665 378 3579 3623 3623 3591 4063 4063 4062 4062 4062 4062 4062 4062
710 1777282942 3549 3694 3665 378 3580 3623 3624 3592 4063 4063 4062 4062 4062 4062 4062 4062
711 1777282942 3548 3692 3664 378 3578 3622 3623 3591 4063 4063 4062 4062 4062 4062 4062 4062
712 1777282942 3549 3694 3666 379 3580 3623 3623 3591 4063 4063 4062 4062 4062 4062 4062 4062
713 1777282942 3548 3692 3664 379 3577 3622 3622 3590 4061 4061 4060 4060 4060 4060 4060 4060
714 1777282942 3547 3692 3664 379 3578 3621 3622 3589 4063 4063 4063 4063 4063 4063 4063 4063
715 1777282942 3548 3692 3665 378 3579 3623 3623 3591 4061 4061 4061 4061 4061 4061 4061 4061
716 1777282942 3550 3694 3666 379 3580 3624 3624 3592 4061 4061 4060 4060 4060 4060 4060 4060
717 1777282942 3548 3693 3665 378 3580 3624 3623 3591 4061 4061 4061 4061 4061 4061 4061 4061
718 1777282942 3549 3693 3665 379 3579 3623 3623 3591 4063 4062 4062 4062 4062 4062 4062 4062
719 1777282942 3549 3693 3666 379 3579 3623 3623 3591 4061 4061 4061 4061 4061 4061 4061 4061
720 1777282942 3548 3693 3664 379 3579 3623 3623 3591 4063 4063 4062 4062 4062 4062 4062 4062
721 1777282942 3549 3694 3665 378 3579 3623 3623 3591 4065 4063 4063 4063 4063 4063 4063 4063
722 1777282942 3548 3693 3664 379 3579 3622 3622 3590 4061 4061 4060 4060 4060 4060 4060 4060
723 1777282942 3549 3693 3665 379 3579 3623 3623 3591 4061 4061 4061 4061 4061 4061 4061 4061
724 1777282942 3548 3693 3665 379 3578 3622 3623 3591 4063 4063 4062 4062 4062 4062 4062 4062
725 1777282942 3549 3694 3666 379 3579 3623 3623 3591 4063 4063 4063 4063 4063 4063 4063 4063
726 1777282942 3550 3694 3666 378 3580 3624 1401 3592 4063 4063 4063 4063 4063 4063 4063 4063
727 1777282942 3549 3694 3666 378 3580 3624 3624 3592 4063 4063 4062 4062 4062 4062 4062 4062
728 1777282942 3548 3693 3665 378 3580 3623 3623 3591 4063 4062 4062 4062 4062 4062 4062 4062
729 1777282942 3548 3693 3666 378 3579 3623 3624 3592 4063 4063 4062 4062 4062 4062 4062 4062
730 1777282942 3549 3693 3665 379 3579 3623 3623 3591 4063 4063 4062 4062 4062 4062 4062 4062
731 1777282942 3549 3694 3666 378 3580 3624 3624 3592 4063 4063 4062 4062 4062 4062 4062 4062
732 1777282942 3549 3693 3666 379 3580 3623 3623 3592 4063 4063 4062 4062 4062 4062 4062 4062
733 1777282942 3549 3693 3665 378 3579 3623 3623 3591 4063 4062 4062 4062 4062 4062 4062 4062
734 1777282942 3549 3694 3666 378 3580 3623 3624 3591 4063 4063 4062 4062 4062 4062 4062 4062
735 1777282942 3549 3694 3666 379 3580 3623 3623 3592 4061 4061 4061 4061 4061 4061 4061 4061
736 1777282942 3549 3693 3665 379 3579 3622 3623 3591 4063 4063 4062 4062 4062 4062 4062 4062
737 1777282942 3548 3692 3664 379 3578 3622 3623 3590 4059 4059 4059 4059 4059 4059 4059 4059
738 1777282942 3549 3694 3665 379 3580 3623 3623 3591 4063 4063 4062 4062 4062 4062 4062 4062
739 1777282942 3548 3692 3665 380 3579 3622 3623 3591 4061 4061 4061 4061 4061 4061 4061 4061
740 1777282942 3549 3694 3666 379 3580 3623 3623 3591 4063 4063 4062 4062 4062 4062 4062 4062
741 1777282942 3549 3693 3666 379 3579 3623 3623 3591 4063 4063 4062 4062 4062 4062 4062 4062
742 1777282942 3549 3694 3666 378 3580 3624 3624 3592 4063 4063 4062 4062 4062 4062 4062 4062
743 1777282942 3549 3694 3665 378 3580 3624 3624 3592 4063 4063 4062 4062 4062 4062 4062 4062
744 1777282942 3550 3694 3666 379 3580 3624 3624 3592 4063 4063 4062 4062 4062 4062 4062 4062
745 1777282942 3549 3694 3666 378 3581 3624 3623 3592 4063 4063 4062 4062 4062 4062 4062 4062
746 1777282942 3549 3693 3665 379 3580 3623 3623 3591 4063 4063 4062 4062 4062 4062 4062 4062
747 1777282942 3549 3693 3665 379 3579 3623 3623 3592 4063 4063 4062 4062 4062 4062 4062 4062
748 1777282942 3549 3694 3665 379 3580 3623 3624 3592 4061 4061 4061 4061 4061 4061 4061 4061
749 1777282942 3549 3694 3666 379 3580 3623 3624 3591 4061 4061 4061 4061 4061 4061 4061 4061
750 1777282942 3551 3695 3667 379 3581 3624 3625 3592 4063 4063 4062 4062 4062 4062 4062 4062
751 1777282942 3549 3693 3666 379 3580 3623 3623 3591 4063 4063 4062 4062 4062 4062 4062 4062
752 1777282942 3549 3693 3665 379 3579 3623 3623 3591 4063 4063 4062 4062 4062 4062 4062 4062
753 1777282942 3549 3694 3666 379 3580 3623 3624 3592 4063 4063 4062 4062 4062 4062 4062 4062
754 1777282942 3550 3694 3665 378 3580 3624 3624 3593 4063 4063 4062 4062 4062 4062 4062 4062
755 1777282942 3549 3693 3666 380 3579 3623 3623 3592 4061 4061 4061 4061 4061 4061 4061 4061
756 1777282942 3549 3694 3666 379 3580 3623 3624 3591 4063 4062 4062 4062 4062 4062 4062 4062
757 1777282942 3548 3693 3665 379 3579 3624 3624 3592 4063 4063 4062 4062 4062 4062 4062 4062
758 1777282942 3549 3693 3665 379 3580 3623 3623 3591 4063 4063 4062 4062 4062 4062 4062 4062
759 1777282942 3549 3694 3666 378 3580 3623 3624 3592 4063 4061 4061 4061 4061 4061 4061 4061
760 1777282942 3550 3695 3667 379 3581 3625 3625 3593 4063 4063 4063 4063 4063 4063 4063 4063
761 1777282942 3550 3694 3666 379 3580 3624 3624 3592 4061 4061 4061 4061 4061 4061 4061 4061
762 1777282942 3549 3693 3666 379 3579 3623 3623 3591 4063 4063 4062 4062 4062 4062 4062 4062
763 1777282942 3549 3693 3665 380 3579 3623 3623 3591 4063 4063 4063 4063 4063 4063 4063 4063
764 1777282942 3548 3693 3665 379 3578 3622 3623 3591 4061 4061 4061 4061 4061 4061 4061 4061
765 1777282942 3550 3694 3666 378 3580 3624 3624 3592 4063 4063 4062 4062 4062 4062 4062 4062
766 1777282942 3548 3693 3665 379 3579 3622 3623 3590 4061 4061 4061 4061 4061 4061 4061 4061
767 1777282942 3549 3693 3665 380 3579 3623 3623 3592 4063 4063 4062 4062 4062 4062 4062 4062
768 1777282942 3549 3694 3666 379 3580 3623 3624 3592 4063 4063 4062 4062 4062 4062 4062 4062
769 1777282943 3549 3694 3666 379 3580 3623 3623 3592 4063 4062 4062 4062 4062 4062 4062 4062
770 1777282943 3550 3694 3667 381 3580 3624 3624 3592 4061 4061 4061 4061 4061 4061 4061 4061
771 1777282943 3549 3693 3665 380 3579 3624 3624 3592 4063 4062 4062 4062 4062 4062 4062 4062
772 1777282943 3549 3694 3666 379 3580 3624 3624 3592 4063 4063 4062 4062 4062 4062 4062 4062
773 1777282943 3549 3694 3666 379 3579 3623 3623 3591 4063 4063 4062 4062 4062 4062 4062 4062
774 1777282943 3548 3693 3665 379 3578 3622 3623 3591 4063 4063 4062 4062 4062 4062 4062 4062
775 1777282943 3550 3695 3667 379 3581 3625 3625 3593 4061 4061 4061 4061 4061 4061 4061 4061
776 1777282943 3549 3694 3666 379 3580 3623 3624 3592 4063 4063 4062 4062 4062 4062 4062 4062
777 1777282943 3549 3693 3666 379 3580 3623 3623 3591 4061 4061 4061 4061 4061 4061 4061 4061
778 1777282943 3549 3694 3666 379 3580 3623 3624 3592 4061 4061 4061 4061 4061 4061 4061 4061
779 1777282943 3550 3694 3666 379 3579 3624 3624 3592 4061 4061 4061 4061 4061 4061 4061 4061
780 1777282943 3549 3694 3666 379 3580 3623 3623 3592 4063 4063 4062 4062 4062 4062 4062 4062
781 1777282943 3550 3694 3666 379 3580 3623 3624 3592 4063 4063 4062 4062 4062 4062 4062 4062
782 1777282943 3550 3694 3666 379 3580 3624 3624 3593 4063 4063 4062 4062 4062 4062 4062 4062
783 1777282943 3549 3693 3665 378 3579 3623 3623 3592 4063 4063 4062 4062 4062 4062 4062 4062
784 1777282943 3549 3695 3666 379 3580 3624 3625 3592 4061 4061 4061 4061 4061 4061 4061 4061
785 1777282943 3549 3694 3666 379 3580 3623 3624 3592 4063 4063 4062 4062 4062 4062 4062 4062
786 1777282943 3549 3694 3666 379 3580 3624 3624 3592 4063 4063 4062 4062 4062 4062 4062 4062
787 1777282943 3549 3694 3666 379 3581 3624 3624 3593 4061 4061 4061 4061 4061 4061 4061 4061
788 1777282943 3549 3694 3666 379 3580 3624 3624 3592 4063 4063 4062 4062 4062 4062 4062 4062
789 1777282943 3550 3694 3666 378 3581 3624 3624 3592 4061 4060 4060 4060 4060 4060 4060 4060
790 1777282943 3549 3694 3666 379 3580 3625 3625 3593 4063 4063 4062 4062 4062 4062 4062 4062
791 1777282943 3550 3694 3667 379 3580 3624 3624 3592 4063 4063 4062 4062 4062 4062 4062 4062
792 1777282943 3550 3694 3666 379 3580 3624 3624 3592 4063 4063 4062 4062 4062 4062 4062 4062
793 1777282943 3549 3694 3666 379 3580 3623 3624 3592 4061 4061 4061 4061 4061 4061 4061 4061
794 1777282943 3549 3694 3666 379 3580 3623 3624 3592 4061 4061 4061 4061 4061 4061 4061 4061
795 1777282943 3549 3693 3665 380 3579 3623 3624 3592 4063 4063 4062 4062 4062 4062 4062 4062
796 1777282943 3550 3694 3666 379 3579 3623 3623 3591 4063 4063 4062 4062 4062 4062 4062 4062
797 1777282943 3549 3694 3666 379 3580 3624 3623 3592 4065 4063 4063 4063 4063 4063 4063 4063
798 1777282943 3550 3694 3666 379 3580 3624 3625 3592 4063 4061 4061 4061 4061 4061 4061 4061
799 1777282943 3550 3694 3667 380 3581 3624 3625 3593 4061 4061 4061 4061 4061 4061 4061 4061
800 1777282943 3550 3695 3666 379 3580 3624 3624 3592 4061 4061 4061 4061 4061 4061 4061 4061
801 1777282943 3550 3694 3666 379 3580 3624 3624 3592 4061 4061 4061 4061 4061 4061 4061 4061
802 1777282943 3549 3693 3666 379 3580 3623 3624 3592 4063 4063 4062 4062 4062 4062 4062 4062
803 1777282943 3550 3694 3666 379 3579 3624 3624 3592 4063 4063 4062 4062 4062 4062 4062 4062
804 1777282943 3551 3695 3667 379 3581 3625 3625 3593 4061 4061 4061 4061 4061 4061 4061 4061
805 1777282943 3550 3694 3666 379 3580 3624 3624 3592 4063 4063 4062 4062 4062 4062 4062 4062
806 1777282943 3549 3694 3666 379 3580 3623 3624 3592 4061 4061 4061 4061 4061 4061 4061 4061
807 1777282943 3550 3694 3666 379 3580 3624 3624 3592 4063 4063 4062 4062 4062 4062 4062 4062
808 1777282943 3550 3694 3666 379 3580 3624 3624 3592 4063 4063 4062 4062 4062 4062 4062 4062
809 1777282943 3550 3695 3666 379 3581 3624 3624 3593 4061 4061 4061 4061 4061 4061 4061 4061
810 1777282943 3550 3694 3667 379 3580 3624 3625 3592 4063 4063 4062 4062 4062 4062 4062 4062
811 1777282943 3549 3693 3666 380 3579 3623 3623 3591 4063 4063 4062 4062 4062 4062 4062 4062
812 1777282943 3548 3693 3664 379 3579 3623 3623 3591 4063 4063 4062 4062 4062 4062 4062 4062
813 1777282943 3550 3695 3666 379 3581 3624 3624 3593 4063 4063 4062 4062 4062 4062 4062 4062
814 1777282943 3550 3695 3667 379 3580 3624 3625 3593 4061 4061 4061 4061 4061 4061 4061 4061
815 1777282943 3550 3695 3667 379 3581 3625 3625 3593 4061 4061 4061 4061 4061 4061 4061 4061
816 1777282943 3550 3695 3667 379 3581 3624 3624 3592 4061 4061 4061 4061 4061 4061 4061 4061
817 1777282943 3550 3695 3667 379 3581 3624 3625 3592 4061 4061 4061 4061 4061 4061 4061 4061
818 1777282943 3551 3695 3667 379 3582 3625 3625 3593 4063 4063 4062 4062 4062 4062 4062 4062
819 1777282943 3549 3694 3666 380 3580 3624 3624 3592 4063 4063 4063 4063 4063 4063 4063 4063
820 1777282943 3549 3694 3666 379 3580 3624 3624 3592 4063 4063 4062 4062 4062 4062 4062 4062
821 1777282943 3549 3694 3666 379 3580 3623 3624 3592 4063 4063 4062 4062 4062 4062 4062 4062
822 1777282943 3550 3694 3666 379 3580 3624 3624 3592 4063 4063 4062 4062 4062 4062 4062 4062
823 1777282943 3550 3694 3666 380 3580 3624 3624 3592 4063 4063 4062 4062 4062 4062 4062 4062
824 1777282943 3550 3694 3667 379 3581 3624 3624 3593 4063 4063 4062 4062 4062 4062 4062 4062
825 1777282943 3550 3695 3667 379 3580 3624 3624 3592 4061 4061 4061 4061 4061 4061 4061 4061
826 1777282943 3550 3694 3667 379 3580 3624 3624 3592 4063 4063 4062 4062 4062 4062 4062 4062
827 1777282943 3550 3694 3666 379 3581 3624 3624 3593 4063 4063 4063 4063 4063 4063 4063 4063
828 1777282943 3550 3694 3666 379 3580 3623 3625 3592 4063 4063 4062 4062 4062 4062 4062 4062
829 1777282943 3550 3695 3667 379 3581 3625 3625 3593 4063 4061 4061 4061 4061 4061 4061 4061
830 1777282943 3549 3693 3665 379 3580 3623 3624 3591 4061 4061 4061 4061 4061 4061 4061 4061
831 1777282943 3549 3694 3666 380 3580 3624 3624 3592 4063 4063 4063 4063 4063 4063 4063 4063
832 1777282943 3550 3695 3666 380 3581 3624 3625 3593 4061 4061 4061 4061 4061 4061 4061 4061
833 1777282943 3551 3695 3667 380 3581 3625 3626 3594 4061 4061 4061 4061 4061 4061 4061 4061
834 1777282943 3550 3694 3666 379 3580 3624 3624 3592 4061 4061 4061 4061 4061 4061 4061 4061
835 1777282943 3550 3694 3666 380 3579 3624 3624 3592 4063 4062 4062 4062 4062 4062 4062 4062
836 1777282943 3550 3694 3666 380 3580 3624 3625 3593 4063 4061 4061 4061 4061 4061 4061 4061
837 1777282943 3550 3695 3667 379 3581 3624 3625 3593 4063 4063 4062 4062 4062 4062 4062 4062
838 1777282943 3550 3695 3667 380 3580 3625 3625 3593 4063 4063 4062 4062 4062 4062 4062 4062
839 1777282943 3550 3695 3666 379 3581 3624 3625 3593 4063 4063 4062 4062 4062 4062 4062 4062
840 1777282943 3550 3694 3666 379 3580 3624 3624 3592 4063 4063 4062 4062 4062 4062 4062 4062
841 1777282943 3550 3695 3667 380 3581 3625 3625 3593 4063 4063 4062 4062 4062 4062 4062 4062
842 1777282943 3550 3695 3667 380 3580 3625 3624 3593 4063 4063 4062 4062 4062 4062 4062 4062
843 1777282943 3551 3695 3667 380 3581 3624 3624 3592 4063 4063 4062 4062 4062 4062 4062 4062
844 1777282943 3550 3695 3666 379 3581 3624 3625 3593 4063 4063 4063 4063 4063 4063 4063 4063
845 1777282943 3551 3695 3667 379 3582 3626 3626 3594 4061 4061 4061 4061 4061 4061 4061 4061
846 1777282943 3550 3694 3666 379 3580 3624 3624 3592 4061 4061 4061 4061 4061 4061 4061 4061
847 1777282944 3549 3694 3665 380 3580 3624 3624 3592 4063 4063 4062 4062 4062 4062 4062 4062
848 1777282944 3549 3694 3667 379 3580 3624 3625 3592 4061 4061 4060 4060 4060 4060 4060 4060
849 1777282944 3550 3695 3667 380 3580 3624 3624 3592 4063 4063 4062 4062 4062 4062 4062 4062
850 1777282944 3550 3695 3667 379 3580 3624 3624 3592 4061 4061 4061 4061 4061 4061 4061 4061
851 1777282944 3550 3695 3667 380 3581 3624 3624 3593 4063 4063 4063 4063 4063 4063 4063 4063
852 1777282944 3550 3694 3666 380 3581 3625 3625 3593 4063 4063 4062 4062 4062 4062 4062 4062
853 1777282944 3551 3695 362 378 3581 3625 3625 3592 4061 4061 4061 4061 4061 4061 4061 4061
854 1777282944 3550 3695 3666 379 3580 3625 3625 3593 4063 4063 4062 4062 4062 4062 4062 4062
855 1777282944 3550 3695 3667 380 3581 3624 3625 3593 4061 4061 4061 4061 4061 4061 4061 4061
856 1777282944 3550 3694 3667 379 3580 3624 3624 3592 4063 4063 4062 4062 4062 4062 4062 4062
857 1777282944 3550 3694 3667 380 3581 3624 3625 3593 4063 4063 4062 4062 4062 4062 4062 4062
858 1777282944 3550 3695 3667 380 3580 3625 3625 3593 4063 4063 4062 4062 4062 4062 4062 4062
859 1777282944 3550 3695 3667 380 3581 3624 3625 3593 4063 4063 4063 4063 4063 4063 4063 4063
860 1777282944 3551 3695 3667 379 3581 3625 3625 3593 4063 4063 4062 4062 4062 4062 4062 4062
861 1777282944 3549 3694 3666 380 3581 3624 3624 3593 4063 4063 4062 4062 4062 4062 4062 4062
862 1777282944 3551 3695 3667 380 3581 3624 3625 3592 4063 4062 4062 4062 4062 4062 4062 4062
863 1777282944 3549 3694 3666 380 3580 3624 3624 3592 4061 4061 4061 4061 4061 4061 4061 4061
864 1777282944 3550 3695 3666 379 3581 3624 3625 3593 4063 4063 4062 4062 4062 4062 4062 4062
865 1777282944 3551 3696 3668 379 3581 3625 3626 3594 4063 4063 4063 4063 4063 4063 4063 4063
866 1777282944 3551 3695 3667 380 3580 3625 3625 3593 4061 4061 4061 4061 4061 4061 4061 4061
867 1777282944 3550 3694 3666 380 3581 3624 3625 3593 4061 4061 4061 4061 4061 4061 4061 4061
868 1777282944 3550 3695 3667 379 3582 3625 3625 3593 4063 4063 4062 4062 4062 4062 4062 4062
869 1777282944 3550 3694 3666 380 3579 3624 3624 3592 4061 4061 4061 4061 4061 4061 4061 4061
870 1777282944 3550 3695 3667 380 3581 3625 3625 3593 4061 4061 4061 4061 4061 4061 4061 4061
871 1777282944 3539 3683 3656 380 3570 3613 3613 3581 4063 4063 4062 4062 4062 4062 4062 4062
872 1777282944 3550 3694 3667 380 3581 3624 3625 3593 4063 4063 4062 4062 4062 4062 4062 4062
873 1777282944 3550 3695 3667 380 3581 3625 3625 3593 4063 4063 4063 4063 4063 4063 4063 4063
874 1777282944 3550 3694 3667 379 3580 3624 3624 3592 4063 4062 4062 4062 4062 4062 4062 4062
875 1777282944 3550 3695 3667 380 3581 3624 3625 3593 4063 4063 4062 4062 4062 4062 4062 4062
876 1777282944 3550 3694 3667 380 3580 3624 3624 3592 4063 4063 4063 4063 4063 4063 4063 4063
877 1777282944 3550 3694 3667 379 3581 3624 3625 3593 4061 4061 4061 4061 4061 4061 4061 4061
878 1777282944 3551 3695 3667 379 3581 3625 3625 3593 4061 4061 4061 4061 4061 4061 4061 4061
879 1777282944 3551 3696 3667 380 3581 3624 3624 3592 4063 4063 4062 4062 4062 4062 4062 4062
880 1777282944 3550 3695 3666 380 3581 3624 3625 3593 4063 4063 4063 4063 4063 4063 4063 4063
881 1777282944 3550 3694 3666 380 3580 3624 3624 3592 4061 4061 4061 4061 4061 4061 4061 4061
882 1777282944 3550 3695 3667 380 3580 3625 3625 3593 4063 4063 4063 4063 4063 4063 4063 4063
883 1777282944 3550 3694 3666 380 3581 3625 3625 3592 4063 4063 4062 4062 4062 4062 4062 4062
884 1777282944 3550 3695 3667 380 3581 3625 3625 3593 4063 4063 4062 4062 4062 4062 4062 4062
885 1777282944 3550 3694 3666 380 3581 3624 3625 3593 4063 4063 4062 4062 4062 4062 4062 4062
886 1777282944 3551 3695 3667 380 3582 3625 3625 3593 4063 4063 4062 4062 4062 4062 4062 4062
887 1777282944 3550 3694 3667 380 3581 3625 3625 3593 4063 4063 4062 4062 4062 4062 4062 4062
888 1777282944 3551 3695 3667 380 3581 3624 3625 3593 4063 4063 4062 4062 4062 4062 4062 4062
889 1777282944 3551 3695 3667 380 3581 3625 3625 3593 4063 4063 4062 4062 4062 4062 4062 4062
890 1777282944 3550 3695 3667 380 3580 3624 3624 3592 4061 4061 4061 4061 4061 4061 4061 4061
891 1777282944 3551 3696 3668 380 3582 3626 3626 3595 4061 4061 4061 4061 4061 4061 4061 4061
892 1777282944 3551 3695 3667 379 3581 3625 3625 3593 4061 4061 4061 4061 4061 4061 4061 4061
893 1777282944 3550 3695 3667 379 3581 3625 3625 3593 4063 4063 4062 4062 4062 4062 4062 4062
894 1777282944 3550 3695 3667 379 3581 3624 3625 3593 4063 4063 4062 4062 4062 4062 4062 4062
895 1777282944 3549 3693 3665 378 3579 3623 3624 3592 4063 4063 4062 4062 4062 4062 4062 4062
896 1777282944 3549 3694 3665 379 3580 3623 3623 3591 4061 4061 4061 4061 4061 4061 4061 4061
897 1777282944 3548 3692 3664 378 3579 3623 3623 3591 4063 4063 4063 4063 4063 4063 4063 4063
898 1777282944 3549 3693 3665 378 3579 3623 3622 3591 4063 4063 4062 4062 4062 4062 4062 4062
899 1777282944 3548 3692 3665 378 3579 3622 3622 3590 4063 4063 4062 4062 4062 4062 4062 4062
900 1777282944 3549 3693 3666 379 3578 3623 3623 3591 4063 4062 4062 4062 4062 4062 4062 4062
901 1777282944 3548 3693 3665 378 3577 3622 3622 3591 4061 4061 4060 4060 4060 4060 4060 4060
902 1777282944 3549 3693 3666 378 3580 3623 3623 3592 4063 4063 4062 4062 4062 4062 4062 4062
903 1777282944 3548 3693 3664 378 3579 3623 3623 3591 4063 4063 4062 4062 4062 4062 4062 4062
904 1777282944 3548 3693 3665 377 3578 3622 3622 3590 4063 4063 4062 4062 4062 4062 4062 4062
905 1777282944 3548 3693 3665 378 3579 3622 3623 3591 4063 4063 4063 4063 4063 4063 4063 4063
906 1777282944 3549 3693 3665 379 3580 3623 3623 3592 4061 4061 4061 4061 4061 4061 4061 4061
907 1777282944 3549 3693 3666 378 3579 3623 3623 3591 4061 4061 4061 4061 4061 4061 4061 4061
908 1777282944 3548 3693 3665 378 3578 3622 3622 3591 4061 4061 4061 4061 4061 4061 4061 4061
909 1777282944 3549 3693 3665 378 3579 3623 3623 3591 4061 4061 4061 4061 4061 4061 4061 4061
910 1777282944 3549 3694 3666 378 3580 3623 3624 3592 4063 4063 4062 4062 4062 4062 4062 4062
911 1777282944 3548 3692 3664 378 3579 3623 3623 3591 4063 4061 4061 4061 4061 4061 4061 4061
912 1777282944 3549 3693 3665 378 3579 3623 3623 3591 4063 4063 4062 4062 4062 4062 4062 4062
913 1777282944 3549 3694 3665 378 3579 3623 3623 3591 4063 4063 4062 4062 4062 4062 4062 4062
914 1777282944 3549 3694 3666 378 3580 3623 3623 3591 4061 4061 4061 4061 4061 4061 4061 4061
915 1777282944 3549 3693 3666 378 3579 3624 3624 3592 4063 4063 4062 4062 4062 4062 4062 4062
916 1777282944 3548 3692 3664 379 3578 3622 3622 3590 4063 4063 4062 4062 4062 4062 4062 4062
917 1777282944 3549 3693 3665 378 3579 3622 3623 3591 4063 4063 4062 4062 4062 4062 4062 4062
918 1777282944 3549 3694 3666 378 3580 3623 3623 3591 4063 4063 4062 4062 4062 4062 4062 4062
919 1777282944 3549 3693 3665 378 3579 3623 3623 3591 4061 4061 4061 4061 4061 4061 4061 4061
920 1777282944 3548 3692 3664 378 3578 3622 3623 3591 4061 4061 4061 4061 4061 4061 4061 4061
921 1777282944 3550 3694 3667 378 3581 3624 3625 3592 4063 4063 4062 4062 4062 4062 4062 4062
922 1777282944 3549 3693 3666 378 3580 3623 3623 3591 4061 4061 4061 4061 4061 4061 4061 4061
923 1777282944 3549 3694 3665 378 3579 3623 3623 3591 4061 4061 4061 4061 4061 4061 4061 4061
924 1777282944 3549 3693 3665 379 3580 3623 3623 3592 4061 4061 4061 4061 4061 4061 4061 4061
925 1777282944 3549 3693 3665 378 3579 3623 3623 3591 4061 4061 4061 4061 4061 4061 4061 4061
926 1777282944 3548 3693 3665 378 3580 3623 3624 3592 4063 4063 4062 4062 4062 4062 4062 4062
927 1777282944 3550 3695 3666 378 3580 3624 3624 3592 4061 4061 4061 4061 4061 4061 4061 4061
928 1777282944 3548 3692 3664 378 3579 3623 3623 3590 4061 4061 4061 4061 4061 4061 4061 4061
929 1777282944 3549 3694 3665 378 3580 3623 3623 3591 4061 4061 4061 4061 4061 4061 4061 4061
930 1777282944 3549 3693 3665 377 3578 3622 3622 3590 4063 4063 4062 4062 4062 4062 4062 4062
931 1777282944 3548 3692 3665 379 3579 3623 3623 3591 4063 4063 4062 4062 4062 4062 4062 4062
932 1777282944 3549 3693 3665 379 3578 3623 3623 3591 4063 4063 4062 4062 4062 4062 4062 4062
933 1777282944 3549 3693 3665 378 3579 3623 3623 3592 4063 4061 4061 4061 4061 4061 4061 4061
934 1777282944 3549 3694 3666 378 3580 3623 3624 3592 4061 4061 4061 4061 4061 4061 4061 4061
935 1777282945 3548 3692 3664 378 3579 3622 3623 3591 4063 4063 4063 4063 4063 4063 4063 4063
936 1777282945 3550 3694 3666 378 3580 3623 3624 3592 4061 4061 4061 4061 4061 4061 4061 4061
937 1777282945 3548 3693 3665 378 3579 3623 3623 3591 4063 4063 4062 4062 4062 4062 4062 4062
938 1777282945 3548 3693 3665 378 3580 3623 3623 3591 4061 4061 4061 4061 4061 4061 4061 4061
939 1777282945 3549 3693 3665 379 3579 3623 3623 3591 4063 4063 4062 4062 4062 4062 4062 4062
940 1777282945 3549 3693 3665 379 3580 3623 3623 3591 4063 4063 4062 4062 4062 4062 4062 4062
941 1777282945 3550 3695 3666 378 3580 3623 3624 3592 4061 4061 4061 4061 4061 4061 4061 4061
942 1777282945 3549 3693 3666 378 3580 3623 3623 3592 4063 4063 4062 4062 4062 4062 4062 4062
943 1777282945 3549 3693 3665 379 3580 3624 3624 3592 4063 4063 4063 4063 4063 4063 4063 4063
944 1777282945 3549 3694 3666 379 3580 3624 3624 3592 4061 4061 4061 4061 4061 4061 4061 4061
945 1777282945 3548 3693 3664 378 3579 3622 3622 3591 4063 4063 4062 4062 4062 4062 4062 4062
946 1777282945 3549 3693 3665 378 3579 3623 3622 3590 4063 4063 4062 4062 4062 4062 4062 4062
947 1777282945 3549 3693 3665 379 3579 3623 3624 3591 4061 4061 4061 4061 4061 4061 4061 4061
948 1777282953 3547 3691 3663 379 3577 3621 3622 3590 4063 4063 4062 4062 4062 4062 4062 4062
949 1777282953 3548 3692 3664 378 3578 3622 3622 3590 4063 4063 4063 4063 4063 4063 4063 4063
950 1777282953 3548 3693 3665 378 3579 3622 3623 3591 4061 4061 4060 4060 4060 4060 4060 4060
951 1777282953 3549 3694 3666 378 3580 3623 3623 3591 4063 4063 4062 4062 4062 4062 4062 4062
952 1777282953 3548 3693 3664 379 3579 3622 3622 3590 4063 4063 4062 4062 4062 4062 4062 4062
953 1777282953 3548 3693 3665 379 3579 3623 3623 3591 4061 4061 4061 4061 4061 4061 4061 4061
954 1777282953 3547 3692 3664 378 3579 3622 3622 3590 4063 4063 4062 4062 4062 4062 4062 4062
955 1777282953 3547 3691 3663 379 3578 3621 3622 3589 4063 4063 4062 4062 4062 4062 4062 4062
956 1777282953 3549 3693 3665 378 3579 3623 3623 3591 4061 4061 4061 4061 4061 4061 4061 4061
957 1777282953 3547 3692 3664 379 3578 3621 3621 3589 4061 4061 4061 4061 4061 4061 4061 4061
958 1777282953 3547 3692 3664 378 3578 3622 3622 3590 4063 4063 4062 4062 4062 4062 4062 4062
959 1777282953 3548 3692 3664 379 3578 3622 3622 3590 4063 4063 4062 4062 4062 4062 4062 4062
960 1777282953 3549 3694 3665 378 3579 3623 3624 3591 4061 4061 4061 4061 4061 4061 4061 4061
961 1777282953 3548 3693 3665 378 3579 3623 3623 3591 4061 4061 4061 4061 4061 4061 4061 4061
962 1777282953 3547 3692 3664 380 3579 3623 3623 3591 4063 4063 4062 4062 4062 4062 4062 4062
963 1777282953 3548 3692 3664 379 3578 3622 3622 3590 4061 4061 4061 4061 4061 4061 4061 4061
964 1777282953 3548 3693 3665 378 3579 3623 3623 3591 4063 4062 4062 4062 4062 4062 4062 4062
965 1777282953 3549 3693 3665 378 3580 3623 3623 3591 4063 4063 4062 4062 4062 4062 4062 4062
966 1777282953 3548 3693 3665 379 3579 3623 3623 3591 4063 4063 4062 4062 4062 4062 4062 4062
967 1777282953 3549 3694 3666 378 3580 3623 3624 3592 4061 4061 4061 4061 4061 4061 4061 4061
968 1777282953 3549 3693 3666 378 3579 3623 3623 3591 4061 4061 4061 4061 4061 4061 4061 4061
969 1777282953 3548 3693 3665 378 3579 3623 3623 3591 4063 4063 4062 4062 4062 4062 4062 4062
970 1777282953 3548 3693 3665 378 3579 3623 3623 3591 4063 4063 4062 4062 4062 4062 4062 4062
971 1777282953 3549 3693 3666 379 3580 3623 3624 3592 4061 4061 4060 4060 4060 4060 4060 4060
972 1777282953 3548 3692 3664 378 3579 3622 3622 3591 4063 4063 4063 4063 4063 4063 4063 4063
973 1777282953 3549 3693 3665 378 3579 3623 3623 3591 4063 4063 4063 4063 4063 4063 4063 4063
974 1777282953 3548 3693 3665 378 3579 3623 3622 3591 4063 4063 4063 4063 4063 4063 4063 4063
975 1777282953 3549 3694 3665 379 3579 3623 3623 3591 4063 4063 4062 4062 4062 4062 4062 4062
976 1777282953 3549 3694 3665 378 3580 3624 3624 3593 4061 4061 4061 4061 4061 4061 4061 4061
977 1777282953 3550 3694 3667 379 3580 3624 3624 3592 4063 4063 4062 4062 4062 4062 4062 4062
978 1777282953 3548 3692 3665 378 3579 3622 3623 3591 4061 4061 4061 4061 4061 4061 4061 4061
979 1777282953 3549 3693 3665 379 3579 3623 3624 3592 4061 4061 4061 4061 4061 4061 4061 4061
980 1777282953 3549 3694 3666 378 3580 3623 3624 3591 4061 4061 4061 4061 4061 4061 4061 4061
981 1777282953 3549 3693 3665 378 3580 3623 3623 3591 4061 4061 4061 4061 4061 4061 4061 4061
982 1777282953 3549 3694 3666 378 3580 3624 3624 3592 4061 4061 4061 4061 4061 4061 4061 4061
983 1777282953 3548 3693 3665 379 3579 3623 3623 3591 4061 4061 4061 4061 4061 4061 4061 4061
984 1777282953 3548 3693 3665 379 3580 3623 3624 3592 4061 4060 4060 4060 4060 4060 4060 4060
985 1777282953 3550 3694 3666 378 3580 3624 3624 3592 4061 4061 4061 4061 4061 4061 4061 4061
986 1777282953 3548 3693 3665 378 3579 3623 3623 3591 4063 4062 4062 4062 4062 4062 4062 4062
987 1777282953 3549 3693 3665 379 3580 3623 3623 3591 4063 4063 4063 4063 4063 4063 4063 4063
988 1777282953 3549 3694 3666 379 3580 3623 3624 3592 4065 4063 4063 4063 4063 4063 4063 4063
989 1777282953 3549 3693 3665 379 3580 3623 3623 3591 4061 4061 4061 4061 4061 4061 4061 4061
990 1777282953 3549 3693 3665 379 3579 3623 3623 3591 4063 4063 4062 4062 4062 4062 4062 4062
991 1777282953 3549 3693 3666 378 3580 3623 3624 3592 4061 4061 4061 4061 4061 4061 4061 4061
992 1777282953 3549 3694 3666 378 3580 3624 3624 3592 4061 4061 4061 4061 4061 4061 4061 4061
993 1777282953 3549 3693 3666 379 3579 3623 3623 3591 4061 4061 4061 4061 4061 4061 4061 4061
994 1777282953 3549 3693 3665 380 3579 3623 3623 3591 4063 4063 4062 4062 4062 4062 4062 4062
995 1777282953 3549 3694 3666 379 3580 3623 3623 3591 4063 4063 4062 4062 4062 4062 4062 4062
996 1777282953 3549 3693 3665 379 3579 3623 3623 3592 4059 4059 4059 4059 4059 4059 4059 4059
997 1777282953 3548 3693 3665 379 3580 3623 3623 3591 4061 4061 4061 4061 4061 4061 4061 4061
998 1777282953 3550 3694 3667 379 3581 3624 3624 1714 4063 4063 4062 4062 4062 4062 4062 4062
999 1777282953 3549 3693 3665 379 3580 3623 3623 3591 4063 4063 4062 4062 4062 4062 4062 4062
1000 1777282953 3548 3693 3665 378 3579 3622 3623 3591 4061 4061 4061 4061 4061 4061 4061 4061
